-0.96278167	-0.95947355	-1.120458	1.0710853	-0.28391197	-0.31954864	0.62069535	0.6158462	1.7055253	1.0473564	-0.3425482	-1.1482812	-1.310453	0.8171251	-0.37674057	-1.3179405	0.5967738	0.86963975	-0.6959666	-0.64504284	-1.5350416	-1.6497765	0.4382823	1.2844995	0.7755483	0.9334795	-1.5582489	-1.0980794	1.4156282	1.0974889	-0.80024207	1.1409242	-0.8512251	-0.17994662	1.5218905	-0.68548286	0.047532666	1.0042394	-0.6240593	0.5571393	1.246031	-0.9484428	-0.96987754	-1.5910034	-0.8967491	0.41849065	-0.20276366	-1.2609868	0.84362775	0.25105047	-0.41262692	-1.8235905	-0.8170948	-1.1236628	-0.8969405	-1.236635	1.4352154	-1.4480983	-0.458726	-1.2505308	-0.9228239	0.35332793	0.43006092	-1.4532952	1.8184861	1.4787285	-0.8538368	0.98089904	0.9271214	-1.4481114	0.83189845	0.8415646	-1.5441573	-0.40717402	1.0880532	0.9155114	0.87408996	-1.3450541	-0.48943102	-0.15626857	1.1894687	-0.82052374	1.2637444	0.28945026	0.05503997	1.4844068	1.3759714	1.5540454	-0.43327427	-0.64362395	1.1392992	0.6798453	-1.6977237	1.0996077	-1.1488494	1.1596268	1.343953	0.30007058	0.9062124	-1.7445371
-1.1038297	-1.0787305	-1.000658	1.0095696	-0.87934804	-0.6272537	0.5943616	0.7298006	1.3578614	0.8854444	-0.6170218	-1.0962497	-1.186226	0.74540627	-0.82695013	-1.045592	0.9314213	0.9319415	-0.7700337	-0.8977814	-1.2132618	-1.2321059	0.74071276	0.9547326	0.777194	1.1217444	-1.2220259	-0.9915112	1.1213952	1.0638666	-1.1157191	0.9752222	-0.9585011	-0.36614555	1.2024978	-0.92893445	-0.39477208	1.1072996	-0.91801494	0.85975116	1.086033	-0.8000878	-0.8226096	-1.1546359	-0.782625	0.7754921	-0.4204	-0.8918994	1.0050746	0.679549	-0.78051215	-1.2810944	-0.76485735	-0.9035323	-0.9626732	-1.0567286	0.89900964	-1.0049976	-0.661683	-1.1827751	-1.0248303	0.72313505	0.81148535	-0.92415184	1.0232579	1.1496041	-0.97656053	1.0239247	0.94540584	-1.1295084	1.0168979	1.0845269	-1.0916015	-0.859331	0.9115421	0.731409	0.5572165	-1.1185025	-0.4059039	0.2193287	1.0860884	-0.9334298	1.02301	0.8215612	0.6885155	1.2304921	1.0991706	1.3441557	-0.5981619	-0.81341934	0.97201884	0.8102862	-1.2618277	0.9130226	-0.9389184	1.1267315	0.9619437	-0.31585333	0.9967295	-0.98547953
-0.8065168	-1.114627	-0.977837	1.1635213	-0.7593231	-1.1683757	0.50979954	0.5119153	1.4650152	0.9591361	-1.0027717	-1.1945142	-1.5272851	0.76500386	-1.0542722	-1.3160949	1.219178	0.89436984	-0.9756041	-1.0297549	-1.3476146	-1.1398191	0.922053	0.9797622	1.0496446	1.0936728	-1.1556573	-0.92864984	1.5370479	1.2159693	-1.1315023	1.3361849	-1.2674063	-0.2533511	1.1775002	-1.2756778	-0.27482414	1.0634485	-0.7987833	0.7246873	1.4451158	-1.0303296	-1.142088	-1.1037042	-0.8406453	1.1378176	-0.4178683	-0.9487959	1.3345714	0.9106458	-0.39795062	-1.342441	-0.5221093	-1.0528187	-1.2163459	-1.2445925	0.9509167	-1.4396877	-1.0479894	-0.991814	-1.0634141	0.7236233	0.5279678	-1.2136126	1.09118	1.2840945	-0.8212233	0.82541335	1.31366	-1.2816405	0.88283587	1.2002465	-1.061536	-0.87466794	0.87251705	0.6470489	0.64068735	-1.1378739	-0.6163206	-0.006362451	0.9145271	-0.61960375	1.1113935	0.7881352	0.3466412	1.1855634	1.0175322	1.2085508	-0.7106808	-0.999707	0.87917084	0.7343513	-1.3062068	1.4539537	-0.8274348	1.1675984	1.1760616	-0.047215346	1.0043396	-1.2445477
-0.8870839	-1.2015079	-0.90035784	1.0742766	-0.61012506	-0.98328847	0.51500356	0.5251622	1.4837512	0.92936516	-0.8080704	-1.2198912	-1.5296848	0.59245205	-0.84848803	-1.30825	1.0455999	0.868666	-0.8571815	-0.8708518	-1.2611568	-1.2030427	0.87141633	1.0606929	0.8204542	0.99795765	-1.3815347	-0.7798245	1.4521625	1.050261	-1.0624213	1.1556994	-1.190427	-0.07966939	1.2952303	-0.9530061	-0.05224705	1.0595043	-0.6357524	0.641015	1.3713208	-0.9853968	-0.9275105	-1.1114563	-0.6779684	0.98267585	-0.26107118	-0.9866884	1.1241196	0.7126723	-0.4637709	-1.3733392	-0.68889326	-0.9278415	-0.9615565	-1.2845709	1.0334668	-1.3067596	-0.8135048	-1.2096964	-1.0578097	0.5992726	0.5468143	-1.1474557	1.2093008	1.3433882	-0.7961864	0.75586474	1.1050098	-1.1490757	0.8440316	1.0024902	-1.0104169	-0.7581981	0.7832523	0.70467746	0.6248815	-1.1700265	-0.5261056	-0.15441537	0.89320225	-0.4707262	1.0059054	0.8489713	0.33126727	1.460672	1.0910006	1.2190751	-0.56310624	-0.7412048	1.017112	0.80497456	-1.2988219	1.3672805	-0.96998376	1.166085	1.201163	0.11241064	0.8178586	-1.2417332
-0.66323006	-1.2590399	-0.78644645	1.2525202	-0.7913641	-1.5330586	0.5030099	0.23186214	1.4628043	0.9170613	-1.0659466	-1.2802352	-1.7786982	0.5784248	-1.2235996	-1.4596514	1.2497584	0.6829962	-0.9929064	-0.99923855	-1.4653811	-1.170606	1.0875727	1.0155506	1.0560127	1.0268886	-1.2894622	-0.7004354	1.8328611	1.1968067	-0.951814	1.3438536	-1.3985999	0.039943222	1.0764842	-1.341726	-0.09543108	1.0532652	-0.683635	0.56910586	1.7284185	-1.0664077	-1.2515923	-0.95731044	-0.82782423	1.3626565	-0.34021732	-0.9127787	1.5134146	1.065554	-0.19287254	-1.3448366	-0.47586295	-1.0602669	-1.1849484	-1.3250854	1.037025	-1.7203261	-1.2000935	-0.94540864	-1.1571307	0.5880726	0.33604133	-1.4477371	1.1493133	1.4120965	-0.6033586	0.713064	1.4562577	-1.2216364	0.82798314	1.0895084	-1.0912716	-0.9346143	0.8386363	0.6801525	0.7333853	-1.1872948	-0.56567144	-0.2508389	0.73191273	-0.23884512	1.1231648	0.8582071	0.12538607	1.3380141	1.0766051	0.97210455	-0.7752171	-0.9569575	0.886978	0.74312264	-1.3140253	1.7125368	-0.921379	1.1640764	1.4095355	0.2217056	0.9041581	-1.5069963
-1.0937886	-1.4277679	-0.977449	1.4851239	-0.8719593	-0.7844918	0.30601147	0.42284262	1.8767465	0.67654485	-0.642692	-1.3033507	-1.8616133	0.4902829	-1.0959569	-1.3343093	1.1752942	0.9375551	-0.83199465	-1.0689226	-1.4650493	-1.3456157	1.0124079	0.99908274	0.8295148	1.3744947	-1.672161	-0.7957196	1.5399551	1.3090322	-1.269316	1.284713	-1.5265164	0.14798233	1.4188485	-1.1115224	0.10574536	1.4823785	-0.7537475	0.6021555	1.4956276	-0.5783338	-0.81350595	-1.0994734	-0.6346218	0.97911555	0.16205981	-0.9524393	1.3504697	0.55901134	-0.5414135	-1.3874717	-0.5101697	-1.0440538	-1.0157963	-1.5763159	1.0502697	-1.2823892	-0.676638	-1.4570568	-1.3563801	0.5923352	0.6151277	-1.1041409	0.9158137	1.6071768	-1.0001147	1.1072868	1.3709675	-1.095976	1.0646365	1.2951556	-0.9810488	-0.70988524	0.7978278	0.53643	0.230145	-1.2510855	0.174545	-0.4830809	1.0657295	-0.4623133	1.2471927	1.1649855	0.5417613	1.8485986	1.1327918	1.3955476	-0.21450274	-0.5291091	0.925824	0.60126203	-1.6029943	1.6804117	-0.8037024	1.5225749	1.3980584	0.37455463	0.9494277	-1.2361652
0.21322788	-0.99459714	-0.65543425	0.7753271	-0.444891	-2.2960162	0.7786235	-0.16383038	0.72352153	1.3124696	-1.5375355	-1.3591177	-1.6841681	0.6386399	-1.3662641	-1.6748594	1.551329	0.22870487	-1.314372	-0.99850833	-1.4990383	-0.8442562	1.1526991	1.1205597	1.45371	0.3993077	-0.7669114	-0.60073006	2.113062	1.2256222	-0.53639	1.5089138	-0.9698038	-0.043045707	0.77986723	-1.725726	-0.07085924	0.3247564	-0.41010234	0.39847532	1.9946573	-1.6722276	-1.744828	-0.8091222	-0.95369285	1.7463659	-0.9637944	-0.87180066	1.8593924	1.6325039	0.44484946	-1.4548603	-0.12609965	-0.9677584	-1.3260919	-1.1561615	1.2878659	-2.3574045	-1.9061513	-0.32059145	-0.8478886	0.5292262	-0.04051995	-1.9520296	1.5570973	1.1873642	0.12080022	0.01432553	1.634616	-1.4590563	0.29082403	1.0700438	-1.2361625	-1.1069319	1.0529435	0.8938318	1.3819648	-1.2408633	-1.610031	0.104737125	0.118577376	0.15279156	0.65484256	0.2853912	-0.55246836	0.2329527	0.9301607	0.31203607	-1.4458705	-1.5575043	1.0164509	0.9556591	-0.87447023	1.8249629	-0.8308753	0.53447044	1.4812416	0.03294341	0.7405778	-2.055546
-1.1385704	-0.81724286	-1.0619495	0.8320426	-0.90160245	-0.54760987	0.79834294	0.93166685	1.1411226	0.9808562	-0.76382285	-0.8538906	-0.890378	0.90523106	-0.7328362	-0.91328067	0.87458193	1.0915004	-0.88668174	-0.91348743	-0.9797066	-1.0682954	0.7845134	0.98446345	0.9629143	1.0011646	-1.0416944	-1.1272228	0.87573516	0.94496703	-1.0288851	0.9319591	-0.7722799	-0.90699244	1.0716372	-0.85104	-0.7914065	0.9112709	-0.98147935	0.95826983	0.83283347	-0.9153651	-0.85312843	-1.0397942	-0.8636706	0.678379	-0.79531443	-1.0419847	0.6618183	0.78407896	-0.9972119	-1.1496799	-0.9398254	-0.8987865	-0.9079897	-0.80811226	0.97705764	-0.81044364	-0.69798815	-1.1325794	-0.92346996	0.90745765	0.9831838	-0.8736775	1.1288034	1.0266411	-1.0747801	0.98906165	0.9010148	-1.0917552	0.9892748	0.89373463	-1.0466299	-0.78603077	0.91456807	0.9521451	0.7454914	-0.87011886	-0.7813418	0.79509777	0.98995113	-1.0267447	1.0088648	0.8845468	0.9442706	1.0468465	1.060797	1.1797502	-0.7470714	-0.9731156	0.97490174	0.8505269	-1.1244028	0.7250007	-0.94054604	1.0923519	0.8697604	-0.905551	1.0592272	-0.84348255
-0.47347474	-0.9233149	-0.97803754	0.6782897	-0.8668842	-1.5826519	1.0500782	0.5717788	0.83972645	1.2233582	-1.2269176	-1.0859283	-1.2202109	0.9958837	-1.1970669	-1.3149055	1.2321044	0.77717465	-1.2484255	-1.0119908	-1.28425	-0.83983713	1.055126	1.0146071	1.3140304	0.5780157	-0.7221057	-1.0365471	1.4791604	1.175647	-0.8486294	1.2666217	-0.929546	-0.6475108	0.9247796	-1.474265	-0.73976994	0.64115036	-0.9332856	0.8256691	1.4675503	-1.4464842	-1.5312672	-1.0019889	-0.99995357	1.319452	-1.0906342	-1.0913124	1.2711927	1.4315392	-0.44543287	-1.3077903	-0.65101016	-0.8867863	-1.3286883	-0.8734044	1.1199596	-1.7325681	-1.4260267	-0.67463374	-0.82224846	0.91716826	0.6965075	-1.4611683	1.289253	1.0317146	-0.5499639	0.65367097	1.1550508	-1.3099613	0.64174926	1.0528742	-1.1252075	-1.112639	1.0808917	1.0385183	1.2503769	-1.1685693	-1.6016138	0.72594583	0.5503407	-0.66793084	0.7687341	0.52355266	0.33506206	0.4786058	0.9108031	0.7861686	-1.3924569	-1.4419653	1.1432024	1.1787206	-0.8943435	1.0322775	-0.99044997	0.74067223	1.0111626	-0.6971354	1.026037	-1.4256809
0.09374272	-0.75318855	-0.65983003	0.6190618	-0.45150337	-2.0223143	1.0074344	0.16617367	0.5323812	1.2293627	-1.3783795	-1.2086565	-1.3238479	0.8334589	-1.1153867	-1.4576188	1.3180087	0.35786936	-1.3248279	-0.8224425	-1.4144442	-0.8765351	0.9262121	1.1247362	1.4144974	0.33719766	-0.6950548	-0.8426507	1.8261051	1.0481125	-0.43666446	1.3664427	-0.6808612	-0.29161423	0.72814393	-1.536832	-0.33795595	0.28284955	-0.5277353	0.42911127	1.7922055	-1.6179209	-1.7109457	-0.9753961	-1.0038682	1.5330946	-1.2348952	-0.93994176	1.5211396	1.4881122	0.128713	-1.5316521	-0.34209242	-0.98397297	-1.317694	-0.99679816	1.3564422	-2.1825106	-1.7371922	-0.31506264	-0.7709604	0.62736726	0.12202038	-1.8638312	1.7045271	0.96892303	0.01978248	0.11947695	1.4023241	-1.4165169	0.33856323	0.96276915	-1.4177516	-1.0865245	1.1804442	1.0896921	1.5152766	-1.1809824	-1.744008	0.4926503	0.20314513	-0.24259959	0.5549608	0.06162721	-0.37047312	0.06354699	0.90751565	0.41876298	-1.5795432	-1.5893693	1.0872829	0.95796794	-0.831626	1.3981736	-1.0547789	0.46650827	1.3296432	-0.26723003	0.7298759	-1.9737111
-0.52117455	-1.1044139	-0.83592904	1.1762333	-0.61922646	-1.449119	0.6780642	0.3111467	1.3608028	1.0375663	-1.0458765	-1.2667297	-1.626634	0.61515224	-0.95333993	-1.5356884	1.2096698	0.64448994	-1.032428	-0.8839953	-1.4215573	-1.1588297	0.95510566	1.0765619	0.9873383	0.88422847	-1.2092922	-0.7566182	1.7302707	1.2348136	-0.8988444	1.3530978	-1.0681051	-0.0880872	1.143251	-1.2189553	-0.12533161	0.8437757	-0.6262498	0.5578401	1.6936916	-1.1322793	-1.3343763	-1.1173874	-0.9263482	1.2075984	-0.52234215	-0.9768175	1.3836762	0.926715	-0.113246016	-1.5037012	-0.49409834	-1.1486428	-1.1387165	-1.2689201	1.2501131	-1.7571154	-1.1124378	-0.91430223	-1.0665374	0.47895038	0.28550106	-1.5164294	1.4745307	1.2970797	-0.5334157	0.5872799	1.3003652	-1.2404392	0.7039511	0.96062404	-1.285176	-0.8076251	0.9384421	0.79235715	0.96744263	-1.1935797	-0.7420103	-0.15103681	0.7233271	-0.32225826	1.1130232	0.58781725	0.016317802	1.1770467	1.0981715	0.99486774	-0.9105812	-0.95112056	0.9041175	0.75145304	-1.3244367	1.6364264	-1.0139849	0.9883871	1.4685378	0.18765311	0.9499425	-1.75733
-1.0728283	-1.0723392	-0.96917856	0.997006	-0.9150709	-0.83600223	0.7614465	0.90057766	1.2862586	0.8887817	-0.8793873	-1.032559	-1.183588	0.8222276	-0.9691248	-1.1137145	0.9797477	0.9670181	-0.9241475	-1.0019448	-1.0847453	-1.1925958	0.9394837	0.976563	0.86020225	1.0480679	-1.2160962	-0.95149124	1.1124501	1.1142937	-1.0494033	1.0061086	-1.1840094	-0.703814	1.1033487	-0.9861659	-0.6150258	1.061154	-0.96651214	0.8326561	1.0822691	-0.908874	-0.8828366	-0.99645555	-0.82604194	0.81879455	-0.6094651	-0.92381346	0.9166844	0.79607344	-0.9107374	-1.233204	-0.91216904	-1.0157192	-0.98529756	-1.1225402	0.8800951	-1.0825019	-0.73010063	-1.1686001	-1.1215819	0.8793183	0.81941503	-0.9127087	1.0326196	1.1892633	-0.9498308	0.9837097	0.9774514	-1.1082097	0.950303	0.9706372	-1.0263742	-0.8117355	0.8624886	0.83174765	0.6843962	-0.99862456	-0.7154927	0.5073395	0.9776969	-0.8856389	1.0705506	0.9519667	0.7762931	1.3391727	1.027611	1.2209287	-0.7249439	-0.8550332	0.9130244	0.82319665	-1.1063414	1.0830698	-0.9651087	1.2304239	1.0097263	-0.5745283	0.9214378	-1.0216744
-1.1166135	-1.214328	-0.93326527	1.2425528	-1.0871756	-0.8622488	0.62085587	0.791609	1.5411333	0.7647213	-0.77048516	-1.0890365	-1.4528674	0.6779772	-1.1474136	-1.1909555	1.1448517	1.0338403	-0.7700293	-1.092289	-1.2116057	-1.0746354	1.0963933	0.9113524	0.8563966	1.3304626	-1.3302495	-0.82519746	1.1945176	1.1505706	-1.2012541	1.1225966	-1.3135368	-0.55699134	1.223929	-0.9959105	-0.52649426	1.2852248	-0.95455647	0.8415086	1.1831061	-0.62731034	-0.8364528	-0.86870635	-0.8029128	0.9715923	-0.28675064	-0.85695946	1.1128818	0.7361971	-0.84360546	-1.0596293	-0.8290449	-1.0273116	-1.030359	-1.2249054	0.8960019	-1.0323108	-0.71170735	-1.2691132	-1.1475917	0.8950643	0.8411173	-0.8079175	0.7028835	1.2353797	-1.149974	1.0994143	1.114231	-0.96468496	1.0903926	1.1607001	-0.89350927	-0.92490405	0.7209176	0.60010064	0.47195208	-1.0073082	-0.2798192	0.2873647	1.0221838	-0.75407976	1.137033	1.2711815	0.9515332	1.4892119	0.95985657	1.2747576	-0.5115551	-0.7230072	0.9518653	0.7724718	-1.287378	1.3238399	-0.8001279	1.2861121	1.0756966	-0.36560568	1.0502906	-0.91720617
-0.6668725	-1.1499243	-0.8855735	1.1607745	-0.80435044	-1.3410324	0.6461108	0.43731892	1.2360214	0.98530346	-1.1154017	-1.2536243	-1.5505521	0.7656296	-1.1069049	-1.3951544	1.1584201	0.7376869	-1.0800124	-0.9949242	-1.3324411	-1.0757256	1.0156597	0.9714371	1.0234041	0.9286285	-1.1236651	-0.78205734	1.52352	1.1845863	-1.0136491	1.3330069	-1.262737	-0.25605428	1.0398062	-1.2368689	-0.33527958	0.94642484	-0.7740851	0.7013247	1.5370619	-1.131118	-1.2055453	-1.0031167	-0.8847502	1.2738539	-0.5458108	-0.8952568	1.431312	1.04464	-0.35684422	-1.2133635	-0.5489967	-0.993401	-1.1234665	-1.2318791	1.0752338	-1.5344493	-1.1374849	-0.8895387	-1.113606	0.68317974	0.48391643	-1.3166046	1.1388577	1.1973416	-0.64767164	0.7315884	1.3519565	-1.1134844	0.76139915	1.102238	-1.1348704	-1.0016353	0.89741945	0.7321003	0.87800986	-1.0708385	-0.78754956	0.13075192	0.768842	-0.47745302	1.056429	0.7842773	0.339429	1.1223127	0.99231786	0.90729284	-0.93628	-1.0187013	0.8756386	0.831627	-1.0921693	1.5320691	-0.9142711	0.97092867	1.2131269	-0.20809804	0.8900334	-1.3850198
-0.7899861	-1.2724406	-0.79072475	1.297315	-1.0009763	-1.3255231	0.5175981	0.49586675	1.4930612	0.7856475	-0.9453148	-1.2670672	-1.7719263	0.67814475	-1.310421	-1.3948692	1.2444147	0.7542456	-1.0273545	-1.1058533	-1.4451791	-0.99867773	1.2002441	0.9503645	1.1309142	1.1476604	-1.1839303	-0.7282152	1.6156915	1.1915268	-1.0753725	1.29088	-1.4877053	-0.20588145	1.0752414	-1.332197	-0.36808187	1.2140934	-0.8443888	0.66967785	1.5526361	-0.92916673	-1.1010565	-0.9324489	-0.8229863	1.3641438	-0.27273238	-0.7629967	1.5028585	0.97564566	-0.5260303	-1.1168659	-0.5576737	-1.0110588	-1.1752425	-1.424944	0.9195226	-1.3970398	-1.1471438	-1.020889	-1.159255	0.8108146	0.64358205	-1.13279	0.78503734	1.2702105	-0.81086165	0.9432682	1.4040473	-1.0504365	0.8599506	1.2163765	-0.96241444	-1.0010471	0.757345	0.6561023	0.5563832	-1.2217011	-0.45846635	-0.005751995	0.84872496	-0.42698905	1.1182057	1.1036164	0.5631673	1.2877618	0.9491357	1.0907794	-0.7237906	-0.8043667	0.8232229	0.8194006	-1.2176191	1.6741719	-0.88380784	1.1618651	1.219451	-0.19188921	0.90226907	-1.2878953
-1.2626812	-1.255184	-0.9594216	1.3623906	-0.99012935	-0.5096723	0.46894738	0.82255286	1.6784585	0.7018608	-0.44012138	-1.094714	-1.4993799	0.7088657	-0.91561073	-1.083446	0.9515002	1.0011265	-0.7240766	-0.96516037	-1.2572256	-1.2296584	0.9572089	0.91299886	0.7091301	1.355132	-1.4563553	-0.8301001	1.1311061	1.1556052	-1.1844103	0.9286069	-1.3432244	-0.3442981	1.3211408	-0.7267656	-0.33812544	1.3974125	-0.91331583	0.8146998	1.0841868	-0.46666262	-0.5762986	-0.9898152	-0.7352167	0.7289998	-0.06421735	-0.8230459	1.0764128	0.41304058	-0.9108191	-1.1554106	-0.7977157	-1.0890478	-0.8214539	-1.3773962	0.81249523	-0.86092603	-0.44978628	-1.3213457	-1.210014	0.72889525	0.86887544	-0.87435913	0.8033199	1.2856754	-1.2063104	1.260778	1.0948693	-0.9427649	1.1033562	1.1334339	-0.9470084	-0.77731264	0.74725246	0.56957954	0.33957127	-1.0732312	0.11707553	0.14675942	1.2302325	-0.7267004	1.2471044	1.2258754	0.9296993	1.7373536	1.0379153	1.4185756	-0.24289891	-0.3488901	0.8206377	0.6388707	-1.3542637	1.3553663	-0.76969725	1.4343907	1.1881961	-0.17575322	0.91789776	-0.90161353
0.20073466	-0.84477997	-0.5849097	0.74851125	-0.5867626	-2.174598	1.0092089	0.16285953	0.38781598	1.3166064	-1.6098316	-1.282796	-1.3506899	0.8794014	-1.3282716	-1.5141972	1.5074716	0.21339422	-1.4390758	-0.91182345	-1.2606882	-0.63931346	1.207841	1.0183842	1.4176788	0.23637186	-0.52626723	-0.69131464	1.8430747	1.069436	-0.43856308	1.5392011	-0.9216416	-0.35968104	0.6785905	-1.6283545	-0.5886417	0.2618551	-0.4807946	0.57005304	1.8883494	-1.7306361	-1.7895613	-0.72374403	-1.0618379	1.7581444	-1.3700274	-0.9107966	1.7545354	1.7121247	0.23708786	-1.2139264	-0.3614084	-0.8368808	-1.3988893	-1.0802574	1.2662075	-2.0441375	-1.9494185	-0.16713497	-0.7178327	0.8166226	0.0867243	-1.7269342	1.3870304	0.92443645	0.050793085	0.060223047	1.4766351	-1.261579	0.27884254	1.0053107	-1.1870356	-1.3178122	0.99709123	1.0467207	1.5900068	-1.1830921	-1.8051136	0.5715949	0.00727886	-0.101098396	0.6083029	0.37271792	-0.31627718	-0.100222915	0.75372505	0.15053204	-1.6368896	-1.6154125	0.99208313	1.121839	-0.6198672	1.6821123	-0.984813	0.28270382	1.3250823	-0.40175554	0.79745746	-1.8350998
-0.95978826	-1.0342634	-0.94046044	1.0848696	-0.8098056	-0.91225296	0.8178986	0.7355439	1.2340982	0.9346052	-0.87666047	-1.0420277	-1.2055533	0.8425026	-0.9859395	-1.173499	1.0530174	0.9014934	-0.88002336	-0.9862826	-1.1792331	-1.1226869	0.86576545	1.0818247	0.95505655	1.0505112	-1.1270216	-1.0128548	1.2540004	1.1302048	-1.0616841	1.1764799	-1.1060121	-0.6048787	1.1206753	-1.1171062	-0.57150286	1.0395956	-0.93113	0.8369883	1.1506649	-1.0258673	-1.0323027	-1.0694082	-0.95832837	0.9494924	-0.7063586	-0.97451276	1.1010742	0.9251556	-0.6996539	-1.2433547	-0.8442809	-1.0778846	-1.0171314	-1.0383421	0.9760425	-1.2525223	-0.93661225	-1.1559786	-1.0418582	0.8008391	0.7834437	-1.0678897	1.1194654	1.2079289	-0.9836337	1.0142474	1.0820179	-1.1662487	0.92123044	1.0575148	-1.0783097	-0.8828351	0.9257603	0.9952782	0.8213426	-1.0582851	-0.85312545	0.4380485	0.93939155	-0.8666456	1.108156	0.8747859	0.63742274	1.2172184	1.0605279	1.1712855	-0.8732727	-0.94586825	0.9902591	0.8574953	-1.2189393	1.0770134	-0.9568547	1.0306606	1.0395211	-0.4761696	1.02279	-1.2314698
-0.8063656	-1.1033267	-0.983967	0.9225089	-0.80164135	-1.2562821	0.8631604	0.7183845	1.038105	1.0184758	-1.0790867	-1.1923693	-1.280385	0.854406	-1.1570005	-1.2748559	1.2159333	0.86803144	-1.0808675	-0.9847314	-1.2033422	-1.0352508	1.0054954	0.97408694	1.0784535	0.96521574	-1.0727689	-0.91858435	1.3421019	1.1238579	-1.0140942	1.1989245	-1.0426247	-0.56248313	1.0490774	-1.1469183	-0.6477588	0.9050322	-0.8184316	0.83629555	1.2877014	-1.1100144	-1.21579	-0.9477513	-0.9481714	1.1929231	-0.85643727	-0.98662525	1.1782919	1.1217966	-0.6123341	-1.1675638	-0.81271905	-1.0658675	-1.1769196	-1.0873643	1.0870874	-1.3844967	-1.092765	-0.9336363	-0.9583708	0.8398584	0.6444153	-1.1000534	1.1303668	1.1811086	-0.83161455	0.7686294	1.1868238	-1.1032529	0.82584995	0.97161907	-1.016159	-1.0080636	0.9510698	0.981022	0.9302213	-1.1067891	-1.0625921	0.47931287	0.7922027	-0.7282789	0.965855	0.89275366	0.5239751	1.0198495	0.96669745	1.0169814	-1.0714247	-1.095004	1.0010812	0.9134585	-1.0695618	1.2695377	-1.017792	0.9976792	1.081274	-0.5380595	1.0349125	-1.2012763
-1.0613784	-1.0289438	-0.9595342	1.0589316	-0.9050489	-0.78066057	0.8022802	0.90702236	1.1688831	0.9816978	-0.8434236	-1.015848	-1.0438303	0.96412903	-0.82799894	-1.0488517	0.9013439	1.0198587	-0.8866074	-0.94914794	-1.1150608	-1.114029	0.90469426	1.0211841	0.9679264	1.0835568	-1.1261652	-0.9896455	1.022297	1.0088485	-0.9819129	1.028171	-0.97653055	-0.7987366	1.0462692	-0.96872044	-0.782448	1.0199873	-0.98633903	0.94815826	0.99011487	-0.87770087	-0.9110688	-1.1245046	-0.9388337	0.8007071	-0.7226495	-1.0513606	0.96121293	0.86773473	-0.9299098	-1.2165948	-0.9555763	-1.0342835	-0.9908858	-1.0342695	1.0773113	-0.97228885	-0.79104817	-1.0806333	-0.9950119	0.9221792	0.91347194	-1.0733426	1.0858815	1.1298342	-0.9386839	1.0423653	1.0269512	-1.0571523	1.0121032	0.9855418	-1.0407755	-0.9103154	1.0158969	0.88870555	0.87950826	-0.99155796	-0.73454195	0.69943094	1.051904	-0.9677344	1.0697329	0.8323657	0.86085176	1.1052647	1.083377	1.0940022	-0.8394822	-0.90139294	0.9784372	0.9190233	-1.1759734	1.0451145	-0.9671263	1.0900817	1.0096107	-0.65211856	1.0053813	-1.1553894
-0.7684078	-1.0095267	-0.85285676	1.0184667	-0.7351326	-1.1148412	0.84070116	0.6623331	1.0631849	1.0080605	-0.9807129	-1.1116254	-1.2188028	0.83551306	-0.97695243	-1.1906605	1.1056268	0.84653753	-0.934536	-0.97608376	-1.1730556	-1.1057557	0.9329494	1.0604447	1.0534556	0.91697896	-1.0645384	-0.8709012	1.2414205	1.0501814	-0.97895277	1.1168171	-1.0158671	-0.6177813	0.9911983	-1.0885918	-0.6134265	0.8679468	-0.8487652	0.8294704	1.2964073	-1.0770594	-1.0585076	-0.9856222	-0.93825245	1.0621396	-0.769314	-0.97456735	1.1578096	0.94567823	-0.66117585	-1.167538	-0.7857292	-0.98105407	-1.0096898	-1.0763875	1.0769114	-1.230432	-1.0806984	-0.88051987	-1.0267708	0.7488054	0.6717625	-1.1654937	1.1284877	1.2016811	-0.8039821	0.83125174	1.1626009	-1.0534139	0.864448	1.0385734	-1.0307069	-0.8819725	0.9241861	0.9444166	0.94831085	-1.0812564	-0.84673274	0.47548407	0.81207377	-0.66756964	0.9834457	0.84039474	0.569066	1.0734944	0.9830525	0.9100881	-0.9058061	-0.9563994	1.0038528	0.92898756	-1.061072	1.2057122	-0.9734516	0.9537368	1.1046447	-0.435752	0.91050565	-1.230254
-1.1315675	-1.0246894	-0.9379208	0.97928375	-0.8901878	-0.63916326	0.7765183	0.93946606	1.1516731	0.8440779	-0.7012405	-0.9811658	-1.0351036	0.90735114	-0.8185288	-0.96821195	0.80774045	1.0349927	-0.7411775	-0.87337977	-0.96399045	-1.1504571	0.8445187	0.99215305	0.8048628	1.0258034	-1.0876491	-0.9301552	0.9334175	0.8877889	-1.0330576	0.92719376	-0.9871472	-0.8095874	1.1194587	-0.77142304	-0.74870896	1.0795614	-0.92537284	0.842063	0.91385525	-0.8304164	-0.75664485	-1.0344298	-0.8396613	0.6952253	-0.6764761	-0.99226004	0.80551404	0.7005815	-0.9549948	-1.0956045	-0.9227653	-1.0107602	-0.8881347	-0.97950596	0.903474	-0.8404464	-0.6564607	-1.0811776	-1.0108778	0.85420984	0.8817204	-0.8396941	1.0583895	1.0506043	-1.0642221	1.0093023	0.8942173	-1.0204154	0.9760556	0.95424247	-1.0243953	-0.7509902	0.9258892	0.91846794	0.7221137	-1.005025	-0.70275587	0.69533855	1.0449793	-0.98472	1.0835599	0.9025848	0.9258479	1.2432008	1.0879198	1.1493782	-0.70939	-0.7870921	0.9574209	0.83877003	-1.1421721	0.91676646	-0.91666126	1.0945854	0.94474137	-0.7391061	0.8972848	-0.92791694
-1.0670905	-1.347097	-0.99424845	1.2881508	-0.9914423	-0.9421179	0.61430013	0.74424165	1.4572573	0.8536826	-0.77315694	-1.2328066	-1.4940307	0.80638343	-1.0758358	-1.2581614	1.0798194	0.99645984	-0.8457876	-1.0246894	-1.2508584	-1.2191213	1.0381712	0.9724984	0.95576805	1.2361401	-1.2685317	-0.8311588	1.2644519	1.1766969	-1.2043886	1.0906603	-1.3571001	-0.44265723	1.2600214	-1.09529	-0.5498052	1.2370951	-0.8739338	0.7988344	1.1778415	-0.70988643	-0.8832552	-0.94358385	-0.8334021	0.97506624	-0.40549698	-0.9102611	1.2350541	0.7634153	-0.90935194	-1.140508	-0.8797672	-1.0862776	-0.9917214	-1.3917953	0.9311374	-1.1055491	-0.85121036	-1.2736666	-1.1919051	0.877026	0.86382556	-0.9372605	0.8177399	1.3455484	-1.0227362	1.0784397	1.2068268	-0.9633919	1.0574955	1.2265209	-1.0208509	-0.98338306	0.85113615	0.651159	0.56187433	-1.1399295	-0.31702292	0.28445724	1.1259587	-0.72064507	1.1760262	1.1226355	0.91608477	1.5274106	1.0450485	1.288196	-0.5582949	-0.6490638	0.8700196	0.8200405	-1.2251734	1.435223	-0.9015813	1.2694081	1.2097157	-0.39535555	1.0026543	-1.0135245
-0.7165331	-1.2306907	-0.8262159	1.1889966	-0.89511883	-1.3465328	0.6475083	0.52420616	1.1722889	0.97645926	-1.127789	-1.1959143	-1.5051751	0.714494	-1.1943785	-1.3100178	1.2999079	0.7783988	-1.0172335	-0.9933472	-1.3128146	-0.93188614	1.115982	0.91188884	1.0506833	0.9727177	-1.0685947	-0.7480975	1.4809551	1.1133182	-1.0128441	1.2767524	-1.3371284	-0.4087732	0.95947695	-1.2195677	-0.45701617	0.9519574	-0.81756127	0.70538175	1.5041173	-1.0960381	-1.1925946	-0.89962304	-0.9207728	1.3527024	-0.62795985	-0.82776487	1.4508363	1.0370978	-0.5171691	-1.1499228	-0.72273177	-0.99342215	-1.1139657	-1.2117422	0.9657439	-1.3677455	-1.2175211	-0.8391185	-1.0527331	0.7918378	0.58320993	-1.2476803	0.96862304	1.1456102	-0.6963816	0.7920344	1.3481374	-1.0603837	0.84488106	1.1548909	-0.9810885	-1.0704606	0.8956784	0.70852023	0.7993414	-1.145673	-0.78156716	0.30606526	0.7364761	-0.5413447	0.947974	0.9421628	0.54761356	1.093222	0.93246084	0.9057787	-0.8701413	-0.9458212	0.86956125	0.84542274	-1.0226985	1.4482516	-0.88098943	0.9301724	1.1466343	-0.40925905	0.940592	-1.2647147
-0.81459975	-1.1815792	-0.85473377	1.0632801	-0.90787363	-1.1999029	0.7698223	0.6472956	1.2094095	0.9159345	-1.0606449	-1.1020117	-1.3516582	0.7862589	-1.195079	-1.1804554	1.214697	0.79043865	-1.0143063	-1.0046444	-1.1771188	-0.93306535	1.0742887	0.95455396	1.1020181	0.973888	-1.0962377	-0.80912375	1.3884686	1.1515381	-0.9973167	1.1337473	-1.2516831	-0.48547187	0.987367	-1.2371215	-0.65683967	0.9613604	-0.84148306	0.8066307	1.3683246	-0.98520404	-1.1094307	-0.9289553	-0.87716645	1.1957189	-0.67618877	-0.8453161	1.2961459	1.0733666	-0.6873419	-1.1226118	-0.6809273	-1.0133188	-1.1223385	-1.2187175	0.91634417	-1.2490995	-1.1549425	-0.9117786	-1.1134446	0.86782724	0.7154949	-1.1419029	0.9160039	1.1509243	-0.7859172	0.86986554	1.2353214	-1.0353049	0.8907237	1.125384	-0.9848466	-1.0431126	0.91175795	0.748696	0.835292	-1.0779335	-0.8645829	0.50517386	0.75627834	-0.6205134	0.9679741	0.97972524	0.6331593	1.0369176	1.0009081	0.87609875	-0.88786113	-0.9670851	0.85630023	0.8694968	-1.0428017	1.3201758	-0.94866514	0.9573977	1.18886	-0.5000618	0.8517995	-1.2013369
-0.6479548	-1.0041597	-0.80881613	1.0078394	-0.68876123	-1.1557003	0.7919416	0.604764	1.0380733	1.0509772	-0.86831474	-1.0862284	-1.312918	0.8003738	-1.0235323	-1.2708774	1.0136828	0.7762553	-0.9568538	-0.8740122	-1.267758	-1.0438466	0.9275859	1.0477796	1.0579157	0.8444373	-1.0245439	-0.88273555	1.3428138	1.0968863	-0.852969	1.1050014	-1.0619168	-0.499812	0.9760168	-1.0806341	-0.44455072	0.90098464	-0.75542283	0.7171771	1.28675	-1.0339912	-1.1480273	-1.0016983	-0.86886805	0.989811	-0.73146194	-0.9342583	1.2520682	0.99187326	-0.5448136	-1.2154185	-0.6516767	-0.96500355	-1.0184503	-1.1482323	1.127962	-1.448762	-1.0605799	-0.80520993	-0.90957856	0.7406004	0.59748346	-1.3319678	1.1855305	1.1948607	-0.65585244	0.720111	1.1096869	-1.0870459	0.7566151	1.0083617	-1.1615938	-0.8457232	0.91174185	0.9005299	0.939426	-1.0589092	-0.9439199	0.5482463	0.7283777	-0.5622598	0.96988386	0.6700642	0.4661618	0.94461477	1.0384294	0.9253639	-0.96558505	-0.8963171	0.9593254	0.87285876	-1.0560899	1.2657778	-0.91615224	0.8525758	1.1065825	-0.35470954	0.8051866	-1.4006169
-0.655271	-1.1364273	-0.858764	1.1979184	-0.8515831	-1.3125076	0.67694026	0.47046825	1.2480218	0.9079816	-0.95385444	-1.2311958	-1.5052007	0.7389942	-1.1663369	-1.3781068	1.2035606	0.7611688	-0.9685889	-1.0080837	-1.3026061	-1.075278	1.1105417	1.0005524	1.0744134	0.9921551	-1.1123909	-0.7710453	1.5403415	1.215892	-0.92707133	1.1935726	-1.2990485	-0.30156133	0.9977959	-1.1623154	-0.4029535	0.980052	-0.7593325	0.62902075	1.4908925	-1.0394716	-1.1759812	-0.8790752	-0.83276427	1.207759	-0.5216835	-0.86243904	1.4498869	1.0275557	-0.42254853	-1.2594662	-0.640317	-0.97589153	-1.0992637	-1.268306	0.9819127	-1.414272	-1.1517637	-0.90388393	-1.0638825	0.6928188	0.60441667	-1.3098849	0.9772975	1.2790005	-0.6303546	0.7559084	1.2950604	-1.0974556	0.8055204	1.1429076	-1.0720369	-1.0205808	0.8137473	0.69172436	0.7771469	-1.1830193	-0.710769	0.25698486	0.77556103	-0.41869795	0.95375973	0.84491926	0.42997548	1.0935891	0.9886919	0.9821867	-0.790212	-0.832854	0.86215234	0.7835348	-1.1325835	1.4739269	-0.84768707	1.0512681	1.2236022	-0.17959027	0.9020038	-1.3544234
-0.4558931	-1.1893003	-0.77347404	1.0871472	-0.804936	-1.7412074	0.8249175	0.43042165	1.0297946	1.124265	-1.1942788	-1.3551279	-1.6083578	0.65221405	-1.3282478	-1.4276359	1.3331839	0.6648111	-1.2347836	-1.0485896	-1.4119809	-0.9622924	1.2272974	1.0604821	1.1657277	0.831624	-1.0250297	-0.7117283	1.6750765	1.1594013	-0.8835334	1.3415391	-1.3559979	-0.43156666	0.94882965	-1.4021338	-0.44686127	0.9144929	-0.7519351	0.5925723	1.6572547	-1.1537898	-1.421148	-0.7889976	-0.93437123	1.4413962	-0.8030441	-0.79625714	1.6394298	1.2659663	-0.2540741	-1.167601	-0.5698566	-0.92249316	-1.1651593	-1.3968325	1.1185118	-1.731525	-1.4532851	-0.7171002	-1.10374	0.8260609	0.44264898	-1.514235	1.0587862	1.1488289	-0.43332824	0.5327164	1.3913938	-1.0971802	0.71307147	1.1876491	-1.0360804	-1.1705841	0.93545985	0.7714864	1.0279089	-1.2417244	-1.0009254	0.47746068	0.53541535	-0.31321505	0.8791215	0.839061	0.30866197	0.8285588	0.9389588	0.7256954	-1.0438604	-1.1126337	0.8945822	0.8587774	-1.0512013	1.7458236	-0.88287544	0.84641385	1.358771	-0.36351997	0.852244	-1.5027288
-0.5005657	-1.1343497	-0.72802514	1.1653026	-0.8473374	-1.6009047	0.73765737	0.31972522	1.1919692	0.9921404	-1.1996437	-1.2922927	-1.6461152	0.69284654	-1.2796752	-1.4747431	1.3797747	0.6868237	-1.1570044	-1.0355728	-1.4452065	-0.9167842	1.2357274	0.9407942	1.2287081	0.85389996	-1.0299262	-0.7909724	1.610097	1.2547289	-0.94957304	1.3570176	-1.3172454	-0.26692313	0.96207976	-1.3527713	-0.35689738	0.9432759	-0.70981485	0.56760925	1.5504693	-1.1224442	-1.2776597	-0.84681576	-0.8879506	1.4848138	-0.626837	-0.86048007	1.5654291	1.1594137	-0.29663265	-1.2264566	-0.5466436	-0.98950374	-1.1917057	-1.3134605	1.0411626	-1.6421992	-1.3985069	-0.8141478	-1.0401212	0.75382257	0.42805716	-1.3997133	0.96110475	1.1968585	-0.49116015	0.68255794	1.4714075	-1.1021421	0.7245926	1.155377	-1.0640769	-1.0567393	0.9017127	0.6693931	0.9294767	-1.0662401	-0.8858669	0.19875903	0.51236516	-0.24908888	0.98055816	0.8845076	0.2732914	0.9849299	0.8768396	0.8085197	-1.0157897	-1.112961	0.78992605	0.92475086	-1.0293492	1.575003	-0.8664065	0.91130155	1.3249934	-0.1767228	0.90268075	-1.484929
-0.8370666	-1.1455401	-0.924747	1.1643683	-0.8309237	-1.192108	0.7254981	0.61864233	1.2040431	0.99841356	-1.027324	-1.158568	-1.4164326	0.7802353	-1.1006863	-1.2626044	1.1463332	0.8658961	-0.9666972	-1.0407821	-1.236725	-1.0640994	1.064004	0.9750778	1.002179	1.0075649	-1.1749039	-0.8408678	1.3990904	1.1016083	-0.9985809	1.2368716	-1.2704384	-0.5504735	1.1138853	-1.182914	-0.51124775	1.0674771	-0.8408783	0.79550403	1.3113652	-1.0377028	-1.05186	-0.9217383	-0.89048004	1.1549784	-0.6568061	-0.9721068	1.2143157	0.99784994	-0.598431	-1.1707762	-0.7536351	-1.0178144	-1.0848223	-1.2465725	0.9753677	-1.3113918	-1.0202804	-1.0448388	-1.0750813	0.810013	0.7013046	-1.1140753	1.0615115	1.2350191	-0.8709193	0.89892507	1.149456	-1.0296535	0.882424	1.0936664	-1.006531	-0.9057856	0.8878261	0.7770561	0.857899	-1.0751785	-0.77609295	0.3892902	0.8899685	-0.62334305	1.0309075	0.9265566	0.579163	1.1629075	1.0376244	1.0399085	-0.9080364	-0.8975426	0.97686917	0.86052835	-1.1325728	1.3725771	-0.958635	1.1085914	1.1765453	-0.40291843	0.9274989	-1.2429771
-0.42218164	-1.1275105	-0.8916825	1.0363747	-0.85357684	-1.6104163	0.9341082	0.53502876	1.0392594	1.1551071	-1.2496909	-1.2701763	-1.3564444	0.8608013	-1.1795713	-1.4137474	1.2263676	0.65866286	-1.1838533	-1.010413	-1.3515105	-1.014029	1.1334684	1.0889347	1.225206	0.73890436	-0.9826077	-0.8151787	1.5741848	1.2071984	-0.82734525	1.3788991	-1.1962688	-0.5414817	0.94908595	-1.3853275	-0.6143652	0.82603353	-0.8010767	0.6720036	1.5083106	-1.3377423	-1.4161032	-0.96712	-1.0145448	1.3599757	-1.003154	-0.9278546	1.4366621	1.280126	-0.42511693	-1.2732519	-0.62127113	-1.0052817	-1.246435	-1.2189747	1.1556177	-1.688385	-1.4657829	-0.75225675	-1.0386109	0.8704989	0.50414675	-1.4966595	1.2521662	1.1455452	-0.5291155	0.589386	1.3433143	-1.226927	0.7218455	1.0701301	-1.1586462	-1.1719589	1.0174235	0.8777367	1.2122731	-1.1540755	-1.2866001	0.55295455	0.5942578	-0.42782837	0.8724608	0.76357335	0.30103374	0.7085999	1.0332155	0.7139827	-1.2365048	-1.246505	0.9782487	1.0111988	-0.97004163	1.5203828	-0.9994115	0.88025963	1.2886698	-0.44885844	0.9286385	-1.5454197
-0.84317285	-1.1642212	-0.8118617	1.1952412	-0.824455	-1.1748483	0.58665115	0.63303214	1.4419435	0.8755112	-0.84404516	-1.1975543	-1.5316162	0.63392234	-1.0860162	-1.3440032	1.1525898	0.8387006	-0.96273214	-0.95939994	-1.272504	-1.1164109	1.0209656	0.9945723	0.9988461	1.0920447	-1.2248861	-0.745282	1.5118268	1.077625	-0.95134354	1.2306914	-1.2877642	-0.29639962	1.092696	-1.0762904	-0.32064223	1.062722	-0.7291105	0.68887883	1.3913642	-0.85270935	-1.0419565	-0.90530115	-0.88660675	1.1468042	-0.4209731	-0.85157454	1.3445572	0.76666725	-0.5254948	-1.2591027	-0.6296401	-0.981876	-1.0173768	-1.3278962	1.006376	-1.326606	-0.94943565	-1.0116358	-1.1646206	0.73426485	0.5576992	-1.2215681	0.9543231	1.2486138	-0.7803809	0.9009259	1.228766	-1.0258934	0.8688315	1.1053503	-1.0500016	-0.90540063	0.8487156	0.64681166	0.6947444	-1.1085132	-0.46384805	0.15612698	0.8092666	-0.50496864	1.0370066	0.93142676	0.5321594	1.2757989	1.0062065	1.0771236	-0.6549939	-0.7522185	0.8251405	0.7047279	-1.228017	1.5251606	-0.86182827	1.0611401	1.2132517	-0.1747561	0.91274136	-1.3179853
-1.2789166	-1.1303512	-1.0097144	1.1064903	-1.0632238	-0.6771395	0.74365664	1.0071961	1.402756	0.85096234	-0.82939225	-1.0667311	-1.211795	0.8579377	-1.0502492	-0.983739	0.9486431	1.0466667	-0.820429	-1.0386711	-1.0046421	-1.2112337	0.91992784	0.9639185	0.7927058	1.2283162	-1.2698691	-0.9485346	1.0314274	0.99974537	-1.1961662	0.92090017	-1.2403798	-0.74175143	1.1858684	-0.8949624	-0.7561804	1.2262455	-0.97732437	0.9128219	0.9662976	-0.76735896	-0.65964186	-0.9840898	-0.7975864	0.8490444	-0.5124122	-0.92557895	0.90515655	0.740715	-1.0864704	-1.109963	-0.9571809	-1.0112219	-0.85202056	-1.1695158	0.84779334	-0.831646	-0.68858945	-1.2098218	-1.2139381	0.8632368	0.96297616	-0.8288251	0.8474754	1.1484123	-1.1096283	1.1286095	0.979306	-1.0046302	1.0577971	1.0346783	-0.94292444	-0.88893944	0.90273994	0.8472921	0.69681424	-1.0092995	-0.49652866	0.5591442	1.1429117	-0.9417565	1.1271741	1.2016939	1.0196015	1.4905169	1.0871274	1.2379707	-0.7026936	-0.74812365	0.9310644	0.91783744	-1.1356802	1.1508964	-0.9285109	1.3067161	1.0619977	-0.7528809	0.93262255	-0.8366571
-0.7651411	-1.0168086	-0.87142545	0.96405625	-0.7516357	-1.1520281	0.8760872	0.62072796	1.1324706	0.9673638	-0.88385	-1.0170628	-1.2159747	0.85213	-0.9419987	-1.219304	1.0264002	0.80417585	-0.9371198	-0.92733437	-1.2087975	-1.129456	0.9644549	0.9854119	0.9929992	0.85004556	-1.092056	-0.8533302	1.3264383	1.022892	-0.7863798	1.1018696	-1.0076407	-0.62306803	1.01183	-1.1247827	-0.55523777	0.8588381	-0.80158144	0.67540175	1.3238662	-1.006955	-1.0668008	-1.0742137	-1.0016185	1.0844018	-0.69779915	-0.951759	1.1327446	0.9490829	-0.5268493	-1.2318995	-0.7347128	-0.96862423	-1.0492953	-1.0728456	1.1499859	-1.3672493	-1.0575628	-0.8644639	-0.95999026	0.6824774	0.6800848	-1.2656575	1.2041023	1.1004264	-0.7536309	0.73770106	1.1392728	-1.0939058	0.78406304	0.9144764	-1.1032637	-0.9317795	1.0050483	0.9299617	1.0013223	-1.1524729	-0.8939062	0.5221121	0.8510572	-0.7009941	1.0204619	0.693915	0.48380384	0.9077081	0.96076745	0.9208999	-0.89187187	-0.98493665	0.979562	0.8563344	-1.0564418	1.1968346	-0.9708375	0.8948482	1.1680167	-0.43310094	0.9624534	-1.3999511
-0.9996244	-1.155677	-0.9798228	1.1250459	-0.85514295	-0.76420027	0.7646231	0.87969655	1.3057	0.8938184	-0.75201666	-1.0471945	-1.1814642	0.78317875	-0.99319273	-1.0739849	0.913953	0.9880917	-0.8924223	-1.0137146	-1.1641347	-1.1595392	0.9104236	1.0494115	0.84881866	1.1335275	-1.1805702	-0.9356116	1.1814588	1.0387802	-1.0516833	1.0138898	-1.1634879	-0.61607945	1.2091908	-0.96089685	-0.60664314	1.1352979	-0.9229277	0.8598979	1.1245953	-0.8992541	-0.840401	-1.0525793	-0.89747393	0.85622776	-0.6376795	-0.958734	1.084733	0.7067321	-0.8414961	-1.1480888	-0.9518245	-1.0769191	-0.99395424	-1.2027055	0.99480087	-1.0668391	-0.82010144	-1.1466267	-1.0434297	0.8584155	0.9077021	-1.0392566	1.0651653	1.269678	-1.0184854	1.0306098	1.0314066	-1.0727298	0.96706367	1.1053503	-1.0410936	-0.92380345	0.88016576	0.896669	0.8229761	-1.1295602	-0.64994377	0.57791036	1.1132042	-0.8973636	1.0593591	1.0419005	0.86334884	1.250789	1.1285354	1.2148396	-0.67624104	-0.7390543	0.9422423	0.8662193	-1.1957668	1.1752793	-1.0388312	1.118393	1.0632554	-0.5530421	0.9397613	-1.0939573
-0.5861778	-0.936762	-0.83555466	0.96027505	-0.8159994	-1.4479487	1.0014577	0.6392096	0.861286	1.1737889	-1.1580174	-1.095099	-1.2228973	0.90572643	-1.1795311	-1.1804672	1.2216558	0.761261	-1.1672269	-0.9831551	-1.1474907	-0.865828	1.0087513	1.0024562	1.1808785	0.69437593	-0.86046475	-0.85892487	1.3813592	1.0809171	-0.7638933	1.2397587	-1.0032924	-0.6817104	0.89151967	-1.1753778	-0.7430133	0.7049383	-0.73780054	0.8126456	1.381999	-1.2941641	-1.343012	-0.9044006	-1.016555	1.3122973	-1.0645584	-0.93313223	1.3161794	1.2205026	-0.44814786	-1.1764556	-0.69847155	-0.95498	-1.0701721	-1.0538232	1.1150721	-1.4619364	-1.3345829	-0.7516765	-0.96269846	0.810763	0.60470474	-1.3558879	1.1794969	1.0754412	-0.57838297	0.6854927	1.2515444	-1.1308261	0.74907994	0.99641263	-1.146255	-1.0657276	1.0004878	0.9282863	1.2214696	-1.0682799	-1.2516886	0.7647435	0.67159486	-0.62771803	0.9110787	0.6919487	0.511315	0.68975395	0.9846664	0.7483722	-1.1884532	-1.168028	0.9139022	1.0145049	-0.9741219	1.2586691	-0.9653462	0.787017	1.1717045	-0.6590726	0.95330966	-1.4418153
-0.9746027	-1.0329484	-0.97107446	1.1205885	-0.86929715	-0.8275168	0.83617866	0.83053416	1.3163692	1.0049841	-0.8310066	-1.0791961	-1.1803116	0.82296187	-0.9349684	-1.1082051	0.9611257	0.91427076	-0.92552286	-0.9418744	-1.1792744	-1.2465909	0.8568558	1.1082844	0.8981593	1.010308	-1.2069951	-0.9638107	1.1909108	1.0455724	-0.99897885	1.0416261	-1.0965521	-0.69613177	1.1320902	-0.91652936	-0.66138446	1.0733045	-0.92051655	0.8346587	1.168231	-0.921117	-0.94095737	-1.0978602	-0.95888966	0.84424454	-0.6749267	-1.0488346	1.0703299	0.74189967	-0.8652853	-1.266425	-0.9331602	-1.0050921	-0.9617291	-1.1226928	1.1238073	-1.1391637	-0.8529698	-1.0619657	-0.99814093	0.7595962	0.7664095	-1.1484059	1.1915016	1.2075768	-1.0191249	0.9470457	0.9996646	-1.1225966	0.97191274	1.0149658	-1.1504495	-0.8358421	0.96984726	0.9530808	0.8716354	-1.113242	-0.73391664	0.56946707	1.0302889	-0.8261814	1.1460716	0.8778702	0.74183756	1.2494537	1.1514323	1.1052899	-0.792919	-0.805211	1.029589	0.8911734	-1.2249609	1.1312484	-0.97408515	1.1015011	1.17205	-0.58323354	0.94848496	-1.2023985
-0.8632578	-1.1995707	-0.9448212	1.1635829	-0.9769349	-1.1392442	0.75531816	0.8066544	1.2493434	0.9112506	-0.9804186	-1.1492031	-1.4212998	0.8243222	-1.0776004	-1.1884315	1.0877175	0.84700495	-0.91240966	-0.9481474	-1.305925	-1.126586	1.0204228	1.0337182	0.98998064	1.0544162	-1.1445732	-0.89165854	1.332205	1.1031083	-1.027411	1.1665946	-1.2914257	-0.5656072	1.0965394	-1.0701125	-0.6149111	1.1343036	-0.88115346	0.8155877	1.3165011	-0.9169686	-1.0422057	-0.98156536	-0.8677131	1.1000426	-0.55440986	-0.8860267	1.3197439	0.9329432	-0.7209211	-1.106377	-0.7311697	-1.0490707	-1.0305859	-1.27952	1.0012373	-1.1875336	-0.9509089	-1.0541384	-1.0954887	0.83688617	0.7125753	-1.1660147	0.9779585	1.2658714	-0.90673125	0.9274111	1.256931	-1.0602727	0.9225574	1.1450099	-0.9587017	-0.9483397	0.8815753	0.7757879	0.7534293	-1.1296064	-0.683243	0.48130864	0.8700244	-0.6529939	1.057786	0.9971264	0.72229224	1.2032955	1.0460927	1.045809	-0.7746488	-0.8055663	0.8830919	0.88190675	-1.1439307	1.3810896	-0.9153201	1.0382198	1.2298374	-0.46082488	0.9093639	-1.2410585
-1.0312457	-1.0770515	-0.97038877	1.0716115	-0.95115733	-0.76933104	0.88497686	0.9281799	1.2470825	0.90000856	-0.8394323	-1.0098363	-1.1550708	0.8799672	-0.9352995	-0.96430844	0.898497	0.9584463	-0.85961956	-0.925682	-1.0370774	-1.1299009	0.9910067	0.9726543	0.9306132	1.1235396	-1.1828555	-0.92608905	0.9875186	0.96898085	-0.9736469	0.9470507	-1.0944976	-0.76546705	1.0740657	-0.89025337	-0.76547	1.1617534	-0.9108573	0.9461255	0.97117233	-0.8296132	-0.833627	-1.050165	-0.97114545	0.8501826	-0.7305397	-0.9639577	0.93669325	0.7930718	-0.9381336	-1.0207388	-0.9010036	-1.0319542	-0.84758216	-1.1105589	0.99798024	-0.9211548	-0.8322951	-1.1440006	-1.0276337	0.86761826	0.89490885	-0.9430548	0.9616253	1.1102084	-1.0579844	1.1081201	1.0302376	-0.9646421	0.97983706	0.9628427	-0.97034854	-0.8933224	0.93628544	0.82594985	0.8549557	-0.966078	-0.72664046	0.72195435	1.0163283	-0.8562058	1.0889337	1.0263425	0.9818683	1.3060204	1.0415114	1.111051	-0.79004174	-0.6752816	0.9140525	0.8663876	-1.1171997	1.1031518	-0.91947883	1.1292075	1.0467615	-0.66451997	0.93589467	-0.9902177
-0.961559	-1.2427232	-0.9679398	1.2468253	-0.82915133	-1.0917276	0.5677225	0.5702915	1.4484735	0.8500294	-0.89884233	-1.223837	-1.5353343	0.71622396	-1.0372231	-1.3160112	1.1133013	0.886768	-0.98325247	-1.0160207	-1.3386586	-1.2125181	0.9615688	1.0208348	0.9088172	1.153714	-1.3230932	-0.8687381	1.4572002	1.141875	-1.0493989	1.1615571	-1.3531109	-0.3649374	1.1645474	-1.0523407	-0.36691695	1.1308573	-0.9140064	0.719043	1.3948864	-0.86073965	-0.9538769	-1.0151047	-0.9018631	1.099767	-0.40300617	-0.91344875	1.2910563	0.88241065	-0.6102201	-1.2793105	-0.70667636	-1.0508695	-1.0020458	-1.2492892	1.0297706	-1.3254186	-0.92075247	-1.0820279	-1.1394302	0.6946681	0.6795485	-1.1794626	1.0102701	1.3924518	-0.9064704	1.0363466	1.1508461	-1.0754478	0.93256193	1.0968355	-0.9613049	-0.8420589	0.7987665	0.71033144	0.7290931	-1.1896079	-0.45620915	0.10782354	1.0093204	-0.59218067	1.067191	1.037717	0.6122411	1.4601415	1.0828799	1.1397965	-0.62417734	-0.712947	0.93803364	0.7517086	-1.2595953	1.4018506	-0.9132335	1.1909603	1.2107933	-0.19451115	0.8613261	-1.2529881
-0.36821356	-1.1056567	-0.77665555	1.1064248	-0.8540168	-1.7767539	0.866679	0.38939282	0.88272136	1.0887777	-1.3533784	-1.2913123	-1.5995169	0.8304907	-1.3771874	-1.4934453	1.4159241	0.6365097	-1.267824	-1.0532321	-1.404994	-0.82159775	1.251102	1.0211581	1.357316	0.7206936	-0.82611006	-0.6635509	1.6613853	1.1515088	-0.7866166	1.3882412	-1.2597426	-0.477144	0.8806358	-1.4965734	-0.59896284	0.7886406	-0.7004169	0.61585206	1.6595287	-1.3291019	-1.4631239	-0.83656	-1.0037354	1.6066276	-0.9253138	-0.8364303	1.5986329	1.368516	-0.30416703	-1.1632526	-0.54845566	-0.9677569	-1.2385321	-1.2806041	1.1266235	-1.7184142	-1.5500315	-0.5634988	-1.0762069	0.927932	0.49654984	-1.5430806	1.113996	1.1671509	-0.40131986	0.54541934	1.5048894	-1.150955	0.640009	1.159191	-1.1843343	-1.254189	1.0328712	0.8680627	1.230097	-1.1878083	-1.217491	0.60604453	0.5101356	-0.28960356	0.89942706	0.8094139	0.3223813	0.6491712	0.9651039	0.54021883	-1.2203428	-1.174921	1.0019444	1.0103439	-0.87399375	1.71825	-0.9467608	0.78784454	1.3894229	-0.47833374	0.8646724	-1.6567482
-0.8648195	-0.9889016	-0.93417966	1.018417	-0.7229517	-0.78603554	0.790332	0.80105954	1.139245	0.8534773	-0.74199396	-0.97666454	-1.0410888	0.8018783	-0.8863251	-0.99499875	0.8566738	0.8443886	-0.7947319	-0.8527141	-1.0477955	-1.0236337	0.8866137	0.9433866	0.83329093	0.92107934	-1.081647	-0.8998784	1.0426725	0.9609077	-0.8435704	0.9967501	-0.94890326	-0.66789514	1.0476772	-0.84852976	-0.5815117	0.87642187	-0.75275606	0.74382955	1.0961232	-0.8454244	-0.8697188	-1.0340213	-0.9079051	0.7827147	-0.576836	-0.8912019	0.91414785	0.71686006	-0.7620666	-1.0923452	-0.8208891	-1.0577588	-0.88996696	-1.0058594	0.9920914	-1.0663526	-0.71984494	-0.990593	-0.91204536	0.7380706	0.74910253	-0.96984214	1.0770618	1.0920018	-0.914533	0.87520665	0.9839857	-1.0207112	0.9134087	0.90890515	-1.0715613	-0.7371513	0.8992761	0.82364684	0.78273416	-0.9841892	-0.6695191	0.47519848	0.9647874	-0.79106915	1.0186098	0.7855397	0.6687466	1.0698568	0.985035	1.0770795	-0.7635074	-0.7519833	0.909105	0.7655734	-1.1176139	1.06006	-0.93317944	0.96690327	1.0839096	-0.41896117	0.8017357	-1.1681132
-0.950454	-1.0454446	-0.9882599	1.019948	-0.8431034	-0.94401896	0.9982935	0.8807349	1.0599066	1.0303113	-0.99261343	-1.0838941	-1.1278298	0.90652937	-0.9728083	-1.0516366	1.0390843	0.93193245	-0.9682827	-0.9937513	-1.061295	-1.0346131	1.0466573	1.0671226	1.0345778	0.9772937	-1.0672587	-0.879034	1.0825934	1.0722786	-0.91473776	1.1300452	-1.0701473	-0.86318356	1.0148004	-0.982014	-0.8387672	0.966235	-0.8814447	0.8587641	1.1697546	-0.99627626	-1.0281447	-0.9857637	-1.014966	0.98822385	-0.8358168	-0.9972579	1.0524027	0.9476749	-0.8077802	-1.0834134	-0.9467669	-1.073888	-1.0494981	-1.0746098	1.0833946	-1.118799	-0.9451823	-0.9999923	-1.0235597	0.89589596	0.8961791	-1.1595906	1.116002	1.1143018	-0.94653356	0.95759755	1.0454506	-1.0304309	0.9636961	1.0229433	-1.046975	-0.9540463	0.98351634	0.9979299	0.97011113	-1.0902594	-0.95207155	0.82102317	0.9624524	-0.84178126	1.0641191	0.9559606	0.77901024	1.0828018	1.0150706	1.0104152	-0.96960837	-0.9635777	0.95931333	0.9527906	-1.0910233	1.1865486	-0.95859176	1.0273546	1.0765902	-0.77748644	0.91490537	-1.2037256
-0.8197966	-1.1807007	-0.8848796	1.1426312	-0.8454691	-1.2431442	0.7693859	0.6446653	1.1837059	0.99991184	-1.0285915	-1.1879982	-1.4095255	0.7949251	-1.1781127	-1.2860718	1.1379348	0.78233325	-0.9816486	-0.98925674	-1.2218668	-1.0785463	1.08439	1.0017118	1.0034876	0.98652524	-1.151877	-0.7568942	1.4235104	1.0722994	-0.95775956	1.2300062	-1.2144216	-0.6000673	1.0068624	-1.1919246	-0.5455659	0.93477666	-0.76780206	0.7405921	1.4017869	-0.94831175	-1.0817212	-0.94964707	-0.91829973	1.1642743	-0.6929286	-0.952896	1.3565525	1.0073119	-0.54969835	-1.1526872	-0.7495204	-1.0027419	-1.0760741	-1.2381648	1.0584248	-1.2994215	-1.101255	-0.9688065	-1.1190996	0.8501922	0.65944254	-1.2192603	1.0295502	1.1745734	-0.74452275	0.88549185	1.1937803	-0.9845794	0.8865936	1.04608	-0.9715313	-0.9354486	0.88486755	0.8102769	0.8366302	-1.1583291	-0.78031105	0.4825448	0.83062375	-0.5946719	0.9878668	0.96450305	0.6901273	1.144425	0.9775813	0.9267658	-0.8923381	-0.9370376	0.90061504	0.86654913	-1.0345303	1.4244109	-0.9114896	0.9780143	1.2734188	-0.41924012	0.8746406	-1.2705656
-0.64055914	-1.2145071	-0.8151088	1.0888902	-0.7952993	-1.3755287	0.6651658	0.44558173	1.2496299	1.0158175	-1.1199667	-1.1991955	-1.4882058	0.6457766	-1.1285578	-1.3999896	1.2095994	0.71409523	-1.0794432	-1.0202731	-1.323762	-1.0277668	1.0647852	1.041802	1.0706503	0.9408868	-1.1539036	-0.7463505	1.5670102	1.0854566	-0.95645577	1.3070515	-1.2967429	-0.36922583	0.97832644	-1.2499937	-0.38157845	0.9821625	-0.7189836	0.5807692	1.5043789	-1.049503	-1.1828158	-0.9610364	-0.86920947	1.2548947	-0.6006391	-0.91467875	1.4010004	1.0338393	-0.30237418	-1.1717049	-0.62423503	-0.9837524	-1.0677015	-1.1959972	1.0364074	-1.4945244	-1.2507403	-0.852303	-1.0459126	0.72428596	0.48969132	-1.3604745	1.0822089	1.2947711	-0.67052954	0.6565154	1.3272059	-1.1273977	0.8376791	1.1157228	-0.97942936	-0.9534473	0.85000736	0.7157614	0.9480891	-1.1421592	-0.81374115	0.2775143	0.72187	-0.3974409	1.0511961	0.87859374	0.32283238	1.0468293	1.0390137	0.87183005	-0.86404467	-0.9732072	0.8882505	0.7739975	-1.0611566	1.6019639	-0.87122643	0.97201335	1.3483245	-0.17878583	0.91164213	-1.4024975
-0.8029967	-1.1028018	-0.9436438	1.1497062	-0.8766523	-1.0521117	0.7891633	0.7913527	1.2500317	0.9581672	-0.96923536	-1.2019043	-1.3711131	0.8469118	-1.1292751	-1.2672043	1.0463023	0.89994854	-0.96012944	-0.96155584	-1.2848333	-1.1378316	1.0136117	1.1464647	1.0076991	0.99699503	-1.2114726	-0.8772234	1.3004314	1.1136974	-0.9864128	1.1563314	-1.2507554	-0.60944974	1.0543014	-1.062988	-0.6848497	0.9882772	-0.825325	0.743007	1.250311	-1.0280015	-1.0330077	-1.0925673	-0.91265416	1.0816773	-0.715448	-1.0008178	1.2743359	0.9762373	-0.7122398	-1.2291499	-0.81456983	-0.98974776	-0.97497106	-1.2385426	1.1366948	-1.2336768	-1.0484397	-0.9973488	-1.1273668	0.85224545	0.6943033	-1.2739311	1.1042066	1.2034833	-0.8830543	0.9188686	1.2232157	-1.0694442	0.88974494	1.0994638	-1.1671451	-0.9573395	0.9870267	0.86404824	0.9397701	-1.103064	-0.79102117	0.5288608	0.91518354	-0.64038014	1.0949304	0.9670046	0.6716712	1.1292804	1.0753062	1.0314572	-0.8591522	-0.84241027	1.0567881	0.85847867	-1.1942377	1.347107	-0.9875281	1.059038	1.1888164	-0.43020073	0.86586785	-1.3068032
0.11740512	-0.97791666	-0.71807116	0.8883515	-0.7012614	-2.082093	1.0668871	0.2830099	0.5609921	1.3102947	-1.5758352	-1.3580978	-1.4434038	0.8393204	-1.3744782	-1.5975337	1.4938108	0.41661516	-1.4436045	-1.1078993	-1.43992	-0.7868703	1.3236022	1.1624407	1.4210694	0.36315787	-0.5514935	-0.6742153	1.8436682	1.1867119	-0.61362725	1.5027374	-1.099963	-0.485422	0.7236407	-1.5943353	-0.5865982	0.39128053	-0.5787055	0.5571507	1.7591907	-1.6724626	-1.7140592	-0.80345505	-1.1330357	1.7215862	-1.2836144	-0.90470815	1.749065	1.6468722	0.07473912	-1.3024654	-0.3786582	-0.9067063	-1.4459636	-1.1547153	1.3360412	-1.9822712	-1.8544663	-0.31356215	-0.92485446	0.81285566	0.20745486	-1.8055047	1.4183892	1.0570954	-0.072192095	0.19632395	1.5007021	-1.264509	0.4241169	1.0593355	-1.2475913	-1.3114276	1.101699	1.0584488	1.4659306	-1.2023768	-1.6714822	0.6952925	0.22036204	-0.18116897	0.634278	0.5190506	-0.080232695	0.124905944	0.9052867	0.32000566	-1.5358205	-1.4807723	0.99424344	1.1612816	-0.6872121	1.7303355	-0.9932936	0.43550682	1.4002578	-0.428446	0.7784912	-1.8858733
-0.42290977	-1.0446975	-0.7289154	0.96633756	-0.767187	-1.612943	0.89341795	0.42608654	0.86935025	1.094021	-1.261651	-1.2167103	-1.3918827	0.7427611	-1.2103453	-1.3622046	1.3126624	0.64358884	-1.1205049	-1.0708079	-1.184026	-0.90149593	1.1558311	0.96266896	1.1330955	0.7888672	-0.82055897	-0.77831006	1.4639785	1.1273463	-0.7753503	1.3268099	-1.1246655	-0.53536016	0.82864004	-1.3084201	-0.61949253	0.7325166	-0.69132805	0.66845757	1.4939004	-1.2420912	-1.3184252	-0.80831814	-0.9923868	1.441249	-0.9435081	-0.87331367	1.4222322	1.2135922	-0.33850482	-1.2086328	-0.5682997	-0.9562276	-1.1495528	-1.1861111	1.0809461	-1.547589	-1.4303509	-0.708978	-0.97198236	0.80536246	0.5073201	-1.3275782	1.1097254	1.085778	-0.5254176	0.5854032	1.2347056	-1.0519841	0.681591	0.9677865	-0.98178226	-1.0907475	0.90321124	0.8745961	1.08468	-1.1128407	-1.1280085	0.52321833	0.5978943	-0.42071146	0.8140861	0.8243103	0.37445584	0.7734112	0.94150263	0.6862248	-1.116814	-1.149357	0.9418544	1.0173751	-0.84920764	1.4531921	-0.88288367	0.8182197	1.1882031	-0.51004356	0.84075606	-1.415386
-0.9518871	-1.0158488	-0.9070903	1.0076574	-0.8611085	-0.8498657	0.83636683	0.8714059	1.0891236	0.88277894	-0.81994706	-0.96634257	-0.98228145	0.8259529	-0.88568646	-1.0455152	0.9182536	0.89640814	-0.8305776	-0.94858354	-1.0195855	-1.0508366	0.9403398	0.9762554	0.92518926	1.006328	-1.0817019	-0.92218447	1.0433538	0.9320393	-0.94454926	1.0308616	-0.9417309	-0.7800071	1.0517578	-0.9548251	-0.7804301	1.0014571	-0.83603466	0.90123653	0.98245275	-0.89533633	-0.88485885	-1.0633218	-0.9441703	0.8773067	-0.7501246	-0.96116966	0.92175937	0.889914	-0.7972442	-1.0998967	-0.93744165	-1.0267429	-0.92911273	-0.99259996	0.99647015	-0.99534017	-0.88035345	-1.0105815	-0.9397129	0.82248515	0.85182	-1.0146668	1.0400829	1.0981238	-0.9096149	0.96552676	0.909024	-1.0351558	0.9594463	0.9115256	-1.071206	-0.88328063	0.94356775	0.915665	0.898416	-1.014009	-0.8338535	0.72986585	0.92197275	-0.9068053	0.95073956	0.82747597	0.7793394	1.0754447	1.017818	1.086497	-0.88499594	-0.87468463	1.0140643	0.91525275	-1.089859	0.9895697	-0.99369806	1.0151199	0.951257	-0.75231886	0.95963985	-1.0237712
-0.738415	-1.1535343	-0.86703116	1.1425631	-0.80110633	-1.296363	0.7537501	0.5786059	1.2113814	0.9851179	-1.0516511	-1.2463888	-1.3975579	0.7449007	-1.137376	-1.2923025	1.2323433	0.81729764	-1.0140227	-1.0478643	-1.2361139	-1.0450479	1.1015058	1.0384858	1.0981443	1.0106248	-1.1016222	-0.83129627	1.406142	1.0996076	-1.0356164	1.294926	-1.1667238	-0.44048056	1.0236702	-1.1843102	-0.41012236	1.023083	-0.7967207	0.76775956	1.3622886	-1.0125993	-1.1303859	-0.9615999	-0.923921	1.2657725	-0.58022654	-0.935291	1.3232245	1.0274129	-0.54145074	-1.181669	-0.7211706	-1.026823	-1.1584876	-1.195777	1.0604277	-1.410567	-1.2005923	-0.9608372	-1.1072382	0.73132306	0.64846545	-1.1884847	1.0010291	1.1912016	-0.69835645	0.78655493	1.283933	-1.0934923	0.871704	1.0518754	-1.0816139	-0.9779574	0.948799	0.76532	0.8431612	-1.1118432	-0.83302957	0.37932166	0.80184203	-0.6356014	0.987527	0.8573372	0.48460382	1.0683955	0.9616287	1.0095127	-0.9347264	-0.93238306	0.8829693	0.88881624	-1.1258084	1.3658208	-0.9388294	1.0640588	1.158736	-0.40532312	0.92770135	-1.3290887
-1.0506005	-1.1525732	-0.9387233	1.1705577	-0.9260621	-0.9330197	0.82150084	0.73695284	1.3419206	0.95437586	-0.73225254	-1.150545	-1.3635131	0.83352494	-1.0911132	-1.1318209	1.122915	0.92796564	-0.8614914	-0.9919897	-1.2143872	-1.0885394	1.0926851	0.95916253	1.0059668	1.1153194	-1.1944747	-0.87608266	1.2775126	1.0650929	-1.0542136	1.0675815	-1.2277912	-0.68370193	1.0885087	-1.0074931	-0.57965773	1.1529331	-0.87443084	0.7805235	1.1935729	-0.84805167	-0.92777544	-0.99475634	-0.95981044	0.9901408	-0.5543433	-0.9960648	1.1134905	0.8065778	-0.8461727	-1.2087964	-0.8998013	-1.0374919	-1.0121042	-1.2424977	1.0318434	-1.1421953	-0.85850644	-1.1131816	-1.0914663	0.8302287	0.8446865	-1.1472988	0.94317466	1.1532184	-0.8925052	0.9784959	1.0797806	-1.0312414	0.95784336	1.0636976	-1.0964357	-0.8393426	0.89517814	0.85555744	0.8201345	-1.0775193	-0.6592809	0.5941871	1.0160648	-0.752448	1.0870693	0.9740108	0.797975	1.1727448	1.0951447	1.0923189	-0.81484294	-0.7646841	0.9730269	0.8244407	-1.1603005	1.3291206	-0.9255416	1.0755504	1.1912798	-0.5602552	0.9585937	-1.1887444
-0.8334411	-1.1500375	-0.87757844	1.1962519	-0.9078524	-1.2414486	0.8351131	0.65624565	1.2253536	0.95108104	-1.0492067	-1.2234504	-1.4047508	0.7506076	-1.2046309	-1.239717	1.1795429	0.8074897	-1.0833987	-0.98973644	-1.2703923	-1.0822641	1.1527864	1.0147368	1.0986041	1.0424751	-1.1463544	-0.82972336	1.4117976	1.0971454	-1.0208813	1.2233633	-1.2527382	-0.62052214	1.0724987	-1.1711411	-0.65881634	1.0630163	-0.80901307	0.76959014	1.3279495	-0.99683166	-1.1344815	-1.0019753	-0.9279121	1.1613529	-0.7581839	-0.98909956	1.356363	0.94730645	-0.6643656	-1.1603224	-0.75430334	-1.0090017	-1.0628059	-1.2680137	1.0335207	-1.3102717	-1.1314274	-0.9131111	-1.1020257	0.79168355	0.737435	-1.2644289	0.9750222	1.1951232	-0.8199259	0.86398536	1.2141397	-1.009924	0.9531833	1.1283727	-1.0874745	-1.0273094	0.91314614	0.87011385	0.9558607	-1.1606272	-0.8112852	0.48752153	0.83271134	-0.63965803	1.0604045	1.0006366	0.62000287	1.0738425	1.040391	0.9844851	-0.9057397	-0.94439155	0.9736628	0.91311014	-1.1439253	1.4134367	-0.90047914	1.0518181	1.2273606	-0.5178007	0.8811945	-1.2735106
-0.92243445	-1.406355	-0.84632015	1.3717589	-1.0750585	-1.3103025	0.76601434	0.6768296	1.4953294	0.92310107	-0.96615595	-1.2602814	-1.6581804	0.6834846	-1.2452556	-1.3537871	1.2597734	0.9354743	-1.0407135	-1.0363778	-1.3493352	-1.0999758	1.2740201	1.0055488	1.0214498	1.2518427	-1.3187714	-0.68580353	1.4604994	1.1393228	-1.0499092	1.1838646	-1.4033773	-0.5129729	1.181692	-1.1691661	-0.5359973	1.2694652	-0.8214303	0.7285788	1.458616	-0.88117766	-1.0951139	-0.9025185	-0.9444729	1.2988474	-0.40995163	-0.9398663	1.4051548	0.91598475	-0.6778677	-1.1250594	-0.76871234	-1.1125956	-1.0457294	-1.4682709	1.0135987	-1.3444808	-1.017056	-1.060735	-1.2662815	0.9035362	0.7793439	-1.1827538	0.88111794	1.2627947	-0.86452085	1.044758	1.3686755	-1.0413194	1.0048074	1.1951945	-0.97785825	-1.0777577	0.89665097	0.6800586	0.7335285	-1.254392	-0.46614295	0.4286455	0.9561328	-0.51282686	1.1925547	1.2433242	0.75067383	1.4445398	0.98825717	1.098707	-0.7542519	-0.65510356	0.817497	0.75764364	-1.2371482	1.5862856	-0.8716463	1.2035836	1.3314646	-0.3697159	0.9088275	-1.2295173
-0.21749659	-1.1194916	-0.7740292	1.0101798	-0.7823761	-1.886081	1.0280442	0.41362068	0.8023249	1.1958928	-1.3902754	-1.3352833	-1.5133977	0.89754844	-1.3891172	-1.5503857	1.4935198	0.5267379	-1.2981188	-1.1398404	-1.3736993	-0.8276882	1.310428	1.1552094	1.4108244	0.64923394	-0.782996	-0.66710734	1.7368526	1.1708332	-0.7745865	1.5425022	-1.255782	-0.6379206	0.78387207	-1.5016453	-0.7173713	0.6240166	-0.69611573	0.649777	1.8178154	-1.4637303	-1.5550331	-0.8943615	-1.0911927	1.6420524	-1.1662024	-0.9710549	1.7205359	1.5073117	-0.24559462	-1.2474273	-0.55046594	-1.086098	-1.2894715	-1.3213427	1.302537	-1.9196426	-1.723763	-0.48397964	-1.0506853	0.91137314	0.41849905	-1.6191348	1.2763748	1.0877119	-0.25939316	0.44768143	1.5357842	-1.2556235	0.571919	1.1756295	-1.2205468	-1.3257701	1.0212125	0.9663518	1.3423404	-1.2040111	-1.4428018	0.74678594	0.49407873	-0.2853761	0.76789325	0.7228836	0.17081177	0.42777908	0.9209043	0.45556918	-1.4479065	-1.3620714	1.0327277	1.0676508	-0.8109436	1.732827	-0.95977753	0.6951889	1.4588172	-0.49822032	0.86615217	-1.7756997
-0.39423168	-1.025663	-0.782264	0.97435546	-0.7845989	-1.7040336	1.012116	0.47707587	0.6584394	1.170563	-1.3374265	-1.1899396	-1.2210518	0.916396	-1.2116523	-1.2995842	1.2465276	0.57054543	-1.2714117	-1.0409645	-1.2518829	-0.8628749	1.1180041	1.0482289	1.2271376	0.64456654	-0.70847857	-0.71119404	1.5275823	1.0806723	-0.6928802	1.3159935	-1.0506583	-0.714919	0.7483721	-1.3327769	-0.73976815	0.6981369	-0.74551344	0.6735676	1.4450186	-1.3719499	-1.3683224	-0.82594335	-1.0483449	1.4554864	-1.1598045	-0.90986997	1.4124733	1.3118899	-0.39445478	-1.1296414	-0.6337185	-0.9086152	-1.1420118	-1.0754887	1.1467886	-1.6744027	-1.4587904	-0.5586752	-0.97109336	0.9690009	0.5070141	-1.484031	1.159942	0.9809461	-0.37163258	0.45510176	1.3204044	-1.1079376	0.6869433	0.98902494	-1.0990067	-1.1650251	1.0112016	0.9999924	1.2980906	-1.149086	-1.4282357	0.80893505	0.51058334	-0.46730244	0.76814103	0.6881297	0.37597907	0.4808618	0.9266755	0.47961548	-1.3036646	-1.2023022	0.9255958	1.042885	-0.7356404	1.357141	-1.0243208	0.6022206	1.2966969	-0.69397163	0.8338225	-1.5247747
-0.8428239	-1.0565579	-0.8027147	1.09762	-0.9190063	-1.0681524	0.736356	0.7718215	1.0527406	0.8642566	-0.99938786	-0.9940271	-1.1690902	0.799603	-1.1088378	-1.0628681	1.036623	0.7417749	-0.9327658	-0.9124395	-1.0473818	-0.93897355	1.0355604	0.8534873	0.9573666	0.9313514	-0.9498456	-0.76755077	1.1099737	0.970018	-0.8760212	1.0800333	-1.1834859	-0.70840925	0.8657755	-1.0660441	-0.7572375	1.014362	-0.8323384	0.73546994	1.1615925	-0.82423526	-0.8793607	-0.7994191	-0.9634064	1.0442084	-0.6921918	-0.79938555	1.1934737	0.9395063	-0.75329226	-0.85444224	-0.7490366	-0.9405883	-0.9792261	-1.1132511	0.8498836	-1.0688156	-1.0392947	-0.8574713	-1.0300848	0.8312315	0.7563641	-0.9401011	0.7831608	1.0437871	-0.7816099	0.84272456	1.107502	-0.85074395	0.8816182	0.9804003	-0.91202724	-0.91139007	0.77542794	0.7644018	0.85496646	-0.9738498	-0.745164	0.7052478	0.76632845	-0.6031806	0.94203424	1.0229743	0.783	1.0119538	0.9546782	0.84012944	-0.8950407	-0.85400045	0.8502373	0.80795723	-0.90058434	1.22648	-0.76270705	0.8963839	1.1173077	-0.6707627	0.7964506	-1.0405409
-0.6659507	-1.0950699	-0.87905633	1.0278077	-0.84111196	-1.3109047	0.8045313	0.67533064	1.1039537	1.034211	-1.0572973	-1.1627825	-1.296458	0.7883873	-1.1880462	-1.2499471	1.1847352	0.76846975	-1.0251036	-0.97524625	-1.2503141	-1.0456622	1.1193429	0.95030826	1.0383317	0.8817547	-0.99086183	-0.86181825	1.3419296	1.0544755	-0.88098717	1.1525985	-1.1484116	-0.6380654	0.9609155	-1.1660784	-0.6508092	0.86452085	-0.8154583	0.8158749	1.3556733	-1.1244085	-1.1404673	-0.93585795	-0.9225622	1.1915674	-0.83893085	-0.9431389	1.3397458	1.0878237	-0.57184386	-1.2255602	-0.766948	-0.9662822	-1.1158489	-1.1783673	1.0694349	-1.3554786	-1.1978823	-0.8467097	-1.0210812	0.8303427	0.71570224	-1.2370614	1.0473099	1.1324439	-0.70055866	0.78368914	1.1508232	-1.0516084	0.8071968	1.0161159	-1.052732	-0.9942154	0.9910393	0.85777617	0.9447974	-1.1278163	-0.96767324	0.58667433	0.7771176	-0.6576675	0.90594953	0.90699077	0.5814439	0.95614845	0.9604017	0.9070296	-1.0033675	-0.9587599	0.9735532	0.895788	-0.977771	1.4032793	-0.93408155	0.97769564	1.2230425	-0.54311466	0.8494981	-1.2947875
-0.6409115	-1.2645267	-0.7346615	1.232711	-0.98798895	-1.5008808	0.56206894	0.47042164	1.3155694	0.8888808	-1.1266792	-1.3246875	-1.7581253	0.6937862	-1.4123439	-1.4954864	1.3893983	0.7493888	-1.1014172	-1.0925756	-1.4481976	-0.94560754	1.2997628	1.0385665	1.2030835	0.94361365	-1.039417	-0.69477975	1.6423757	1.2321864	-1.0519298	1.4051082	-1.4678783	-0.2298884	1.0705343	-1.3673134	-0.374054	1.1182543	-0.7579318	0.6311439	1.5434399	-0.9945913	-1.177558	-0.85957956	-0.94599503	1.4573696	-0.4713849	-0.7670752	1.6450925	1.081278	-0.3993447	-1.1119435	-0.54671293	-1.0467955	-1.1931593	-1.3952774	1.0047964	-1.5005797	-1.3290175	-0.8708953	-1.1387186	0.8269605	0.62717015	-1.3214637	0.80064094	1.2685949	-0.6621586	0.7962263	1.4764695	-1.0761262	0.7738574	1.1840152	-1.0237497	-1.0826336	0.87775254	0.6162252	0.78433615	-1.1661546	-0.65317744	0.11241514	0.6790751	-0.35025156	0.9707743	1.0295087	0.42978767	1.0622824	0.90766114	0.80599934	-0.8182914	-0.8981518	0.8493138	0.91217715	-1.116226	1.718117	-0.8810507	1.0538783	1.3949188	-0.17560416	0.9285415	-1.4537902
-1.2527416	-0.87733215	-1.1412512	0.9326844	-0.9184478	-0.43276012	1.1118835	1.1331758	1.0022737	1.0733317	-0.86099356	-0.83423734	-0.6789651	1.1815163	-0.6989177	-0.84920603	0.78011376	1.0929904	-0.8596439	-0.93838507	-0.9332139	-1.1422899	0.74972534	1.137233	0.9311057	0.9908781	-1.118845	-1.1720674	0.71072537	0.9709193	-1.0450672	0.8130071	-0.66965866	-1.1700006	1.0631971	-0.75263256	-1.1067023	1.0488739	-1.1295042	1.0839292	0.61856717	-0.97780335	-0.9154772	-1.2036091	-1.0767057	0.5806407	-1.0702763	-1.1836737	0.5454678	0.7870617	-1.1903945	-1.0459455	-1.2062929	-1.1415677	-0.9186654	-0.8417431	1.0687124	-0.68779665	-0.7303519	-1.1628042	-0.89141625	0.9835397	1.1479065	-0.9226235	1.1711549	0.9348803	-1.2103593	1.1902556	0.8176642	-1.0490675	1.1134351	0.9680396	-1.1002954	-0.917627	1.1175578	1.1828951	1.0828891	-1.0353265	-1.00015	1.1293927	1.203175	-1.2677746	1.080669	0.9053642	1.0935533	1.0778897	1.090527	1.1667823	-1.0163976	-1.0334942	1.1050258	1.0003775	-1.1345191	0.47198352	-1.1415888	1.0152775	0.892923	-1.1403486	1.0981605	-0.8632348
-0.7484713	-1.3365952	-0.87780696	1.2172502	-1.0105624	-1.5779856	0.791355	0.56606567	1.247986	1.0377629	-1.1943471	-1.3473687	-1.5914563	0.7223073	-1.4078898	-1.405177	1.3846873	0.784287	-1.1921147	-1.1002738	-1.372021	-0.9095419	1.3022747	0.9871711	1.1665959	1.0165863	-1.08471	-0.744274	1.6172938	1.253052	-1.0094131	1.4134281	-1.5116075	-0.5132866	1.0658714	-1.3403939	-0.6480872	1.0763992	-0.8569088	0.7350861	1.5420654	-1.1874123	-1.2415516	-0.82166886	-0.968285	1.4764333	-0.67474353	-0.86628836	1.594534	1.2286062	-0.5429291	-1.121093	-0.700318	-1.0096	-1.2708218	-1.4151922	1.0652857	-1.5190853	-1.3631309	-0.8270668	-1.1056676	0.88529843	0.6463899	-1.2643285	0.90335417	1.260481	-0.76044655	0.8352373	1.4518925	-1.050836	0.8294106	1.1475574	-0.9930915	-1.1503251	0.91805065	0.6981964	0.90057987	-1.2059554	-0.9271085	0.4232248	0.72282356	-0.38166013	1.0417004	1.1245472	0.55677724	1.0737308	0.9292308	0.89641327	-1.0771646	-1.0474854	0.8659332	0.9186468	-1.1028432	1.6701436	-0.9225725	1.0035707	1.2825207	-0.42132202	0.8905696	-1.3817945
-1.0541553	-0.9728985	-0.9832763	1.0153548	-0.79873675	-0.59102607	0.827433	0.9442002	1.2398317	0.8347924	-0.7005868	-0.9663607	-1.1021214	0.9198328	-0.8469775	-1.004227	0.8591418	1.0082484	-0.7765184	-0.8311271	-1.0081369	-1.1915444	0.8025064	0.98700273	0.9003154	1.0286701	-1.2158957	-0.95074564	0.955437	0.9515233	-0.9791741	0.9275843	-0.95503396	-0.727122	1.1443764	-0.7985194	-0.7229314	1.1083764	-0.8981227	0.9517126	0.90579855	-0.7865258	-0.776514	-1.0832616	-0.8979048	0.7422567	-0.6076571	-0.98059696	0.9122123	0.6294707	-0.89310044	-1.1412297	-0.9454823	-1.0788654	-0.8558853	-1.0937352	0.980787	-0.90256935	-0.6719511	-1.1139749	-0.9774959	0.79509735	0.9143243	-0.8509477	0.9617776	1.1506464	-1.0260519	1.0311183	0.9574759	-0.97831523	0.98354524	0.99235725	-1.0582879	-0.78094226	0.88448757	0.8834809	0.71030825	-1.0371747	-0.6059661	0.6283664	1.1019783	-0.91384566	1.0254036	0.92801833	0.85606116	1.2451221	1.0966866	1.2046386	-0.7010938	-0.75699306	0.9659982	0.7900242	-1.1506585	0.9980784	-0.9604314	1.1357083	0.9501771	-0.6638406	0.9295672	-0.9915447
-1.0319918	-1.1424228	-0.9630245	1.1216595	-0.9680946	-0.9357961	0.7711683	0.7897429	1.3223624	0.97924584	-0.90924966	-1.1550481	-1.2498217	0.8508691	-1.0867199	-1.1264827	1.1224668	0.9415703	-0.97540784	-1.0101045	-1.1539421	-1.108438	1.0501046	1.0563037	1.0308341	1.1565299	-1.1790196	-0.9591937	1.2836711	1.0682963	-1.0374126	1.0673497	-1.1915464	-0.6339566	1.0877043	-1.0457226	-0.66162723	1.1354028	-0.9240852	0.91364616	1.2182102	-0.88266855	-0.96380943	-1.0671831	-0.9185218	0.9933576	-0.65688884	-0.9815058	1.1726335	0.86395997	-0.829462	-1.1979766	-0.8706203	-1.0948573	-1.0261835	-1.2321217	0.9796693	-1.0909575	-0.90506244	-1.1206188	-1.0802059	0.88725346	0.85631925	-1.0231209	1.056486	1.271843	-0.9914762	0.99254215	1.1176695	-1.0399632	1.0432966	1.0851021	-1.1059041	-0.890882	0.9002513	0.9283792	0.8337529	-1.1391872	-0.664662	0.5094887	0.9785402	-0.8814631	1.1528624	1.0709072	0.80025375	1.2808627	1.0409474	1.1273488	-0.77972084	-0.92070705	1.0361091	0.88216364	-1.2141591	1.2200786	-1.0031685	1.0951768	1.168491	-0.572455	1.0476714	-1.1040162
-0.567906	-1.0967114	-0.76413125	0.9929662	-0.866669	-1.3269017	0.8314685	0.5775224	0.8344881	1.0355277	-1.0766782	-1.1149576	-1.2734764	0.7797087	-1.2128782	-1.1752964	1.1707574	0.71691394	-1.0206857	-0.94910663	-1.1030318	-0.81374186	1.197911	1.0088166	1.1063676	0.7844202	-0.89657915	-0.71837384	1.3377094	1.0652026	-0.79532033	1.2312433	-1.1365813	-0.6314356	0.7918776	-1.2479419	-0.68557405	0.80073154	-0.7282046	0.7322976	1.3281696	-1.094332	-1.147538	-0.82286954	-0.993609	1.2104458	-0.9369297	-0.8152194	1.2847439	1.0742666	-0.57401454	-0.9643549	-0.67760646	-0.90631235	-1.0323951	-1.1283334	1.0533577	-1.3222584	-1.3008282	-0.7036702	-1.0092945	0.9043835	0.69783014	-1.2313615	0.97472686	1.0442237	-0.58395594	0.6747652	1.3015904	-0.9587712	0.7925333	0.9890429	-1.0237147	-1.0641642	0.9314172	0.8582116	1.0754393	-1.0093117	-0.9773211	0.7502411	0.66468275	-0.51371056	0.8664673	0.8640345	0.58142394	0.73904663	0.88323116	0.684648	-1.0777576	-1.0128874	0.8978836	0.9186436	-0.88559574	1.3441246	-0.8386901	0.7680124	1.1690637	-0.6586913	0.8304451	-1.3062606
-0.31599307	-0.9852101	-0.71960527	0.939362	-0.7838253	-1.6103495	0.9826943	0.4301894	0.7946003	1.138863	-1.3059286	-1.2300552	-1.3804612	0.72156733	-1.2284315	-1.3563199	1.270719	0.6248874	-1.186313	-1.0001711	-1.2023845	-0.81160164	1.1177584	1.0053089	1.2330006	0.6000024	-0.8356505	-0.7505272	1.4908141	1.0864089	-0.6747657	1.3256056	-1.0746121	-0.5876369	0.7489276	-1.3468878	-0.6268161	0.63922095	-0.65187335	0.6443438	1.4874762	-1.2528185	-1.3910353	-0.83483857	-1.0145988	1.3915341	-0.96883976	-0.85831887	1.397904	1.2668353	-0.2498551	-1.1169484	-0.6092557	-0.9300718	-1.1969073	-1.178353	1.1743059	-1.575361	-1.424315	-0.5534099	-0.9788784	0.77231014	0.4318544	-1.4700432	1.1672136	1.0198394	-0.36642414	0.4166583	1.3030046	-1.1205391	0.590724	0.9978852	-1.042676	-1.0947164	0.9450235	0.90184575	1.1582332	-1.0593684	-1.3009106	0.6434477	0.48845723	-0.35976282	0.7898417	0.66375005	0.28823847	0.501233	0.93976057	0.46289158	-1.2814765	-1.1720917	0.9047827	0.96697235	-0.85896105	1.500719	-0.92106116	0.63459456	1.2550758	-0.54411006	0.8164683	-1.5454774
-1.0343573	-0.99338996	-0.97826964	1.0567532	-1.0203973	-0.9021925	0.8947305	0.9427281	1.0829333	0.92829025	-0.9694685	-1.0611974	-1.0679034	0.9886879	-0.98170775	-0.9650819	1.0354942	0.99605376	-0.9818788	-1.0367368	-1.051755	-1.0871903	0.9999107	0.99784887	0.9962158	1.0850621	-1.1180217	-1.0370177	1.0084794	1.0892075	-1.0101229	1.0042428	-1.0668327	-0.9198807	1.0975066	-1.0090976	-0.8387514	1.0776873	-1.0253937	0.9603107	0.9727229	-0.9321065	-0.9248233	-0.9920596	-0.94808406	0.8570609	-0.91865516	-1.0515758	0.9587435	0.8782019	-0.9758679	-1.0937179	-1.048443	-1.070079	-1.0366472	-1.073479	0.9533275	-0.90108943	-0.923417	-1.0765265	-1.0125636	0.9106448	0.95782936	-0.9166924	0.9555825	1.0690844	-1.0202225	1.0397592	1.0058215	-1.0276434	1.0879802	1.0149883	-1.0059328	-0.99707186	1.0103824	0.95703566	0.9316628	-1.0571326	-0.78643024	0.80859214	1.1070648	-1.0051011	1.0120664	1.0859008	1.0075	1.1750802	1.0342768	1.138515	-0.85344434	-0.9053441	1.019428	1.0038973	-1.1641406	0.92637223	-0.9926675	1.1191202	0.9989533	-0.8380105	0.96996915	-0.98586744
-0.50628346	-1.1909703	-0.76027274	1.1318873	-0.87792426	-1.5710251	0.8397612	0.5054955	0.96958196	1.0715342	-1.1724086	-1.2119405	-1.5013603	0.7627008	-1.273526	-1.3708963	1.3526272	0.6278551	-1.1694484	-1.0121675	-1.3406149	-0.842745	1.2611457	1.0283939	1.2358277	0.76786834	-0.9232881	-0.682258	1.5988601	1.1564196	-0.86158013	1.304297	-1.28443	-0.4666272	0.84879166	-1.3130304	-0.5786011	0.87638956	-0.74529207	0.63464224	1.5332177	-1.1909353	-1.3237731	-0.87502176	-0.95185554	1.4526764	-0.8059995	-0.87951595	1.560004	1.2462842	-0.34768024	-1.075368	-0.5344597	-0.9544749	-1.1473415	-1.2703372	1.0861179	-1.6143539	-1.4059495	-0.7202967	-1.0244195	0.80711156	0.5541878	-1.4252182	1.090931	1.1576352	-0.5416952	0.6039721	1.3496699	-1.0406542	0.69477874	1.0713873	-1.0800593	-1.1186726	0.92533624	0.8657683	1.0604336	-1.2139909	-1.0957502	0.5811171	0.54146785	-0.34659195	0.877715	0.88177013	0.45575756	0.7923753	0.88500494	0.6385358	-1.1353648	-1.083669	0.9168596	0.8935711	-0.91214854	1.5748061	-0.87027603	0.81977856	1.3298826	-0.4389458	0.8326005	-1.4297981
-0.6463237	-1.2553197	-0.85607547	1.223155	-0.91844994	-1.5474807	0.8120843	0.58231354	1.2718232	1.0296507	-1.2540809	-1.3049959	-1.676411	0.8258427	-1.3506523	-1.5188437	1.3232338	0.7043379	-1.2191589	-1.1557605	-1.462551	-1.0623538	1.1978806	1.1491767	1.1764306	0.94227165	-1.1631355	-0.77935725	1.6927165	1.3187622	-0.946659	1.4285324	-1.3801082	-0.3858414	1.0498774	-1.419408	-0.547621	1.0296355	-0.80664325	0.7089949	1.6348244	-1.192866	-1.3335526	-1.0502778	-0.9764986	1.482369	-0.73431885	-0.91830313	1.6033008	1.2467772	-0.48699632	-1.3119853	-0.63703823	-1.0864786	-1.2740378	-1.3338784	1.11538	-1.7010604	-1.3279293	-0.9048878	-1.0873282	0.821462	0.5799971	-1.4314175	1.150351	1.2538092	-0.6350484	0.74052316	1.4663125	-1.2273513	0.82631993	1.2145844	-1.1087073	-1.1301432	1.0267307	0.832649	0.99076843	-1.2557609	-0.9864532	0.4176889	0.740626	-0.4914261	1.039456	0.96773565	0.38622308	1.0056956	1.0136921	0.82037985	-1.0428845	-1.1351868	0.9779712	0.9632569	-1.0834992	1.6250798	-1.0609094	1.0136199	1.4069495	-0.3615505	1.0010198	-1.5682003
-0.7136656	-1.1144248	-0.9159909	1.0777149	-0.91451687	-1.345662	0.9108862	0.5716963	1.0698545	0.98379123	-1.1185814	-1.1943251	-1.2694913	0.885998	-1.1879364	-1.3068234	1.2536882	0.7984063	-1.0576577	-1.0589705	-1.2734257	-0.9597532	1.0836836	1.0152905	1.0899017	0.8387553	-0.9326842	-0.8475633	1.3705583	1.180276	-0.90624815	1.3026408	-1.0990797	-0.6429094	0.9440502	-1.2287744	-0.685918	0.8552284	-0.82509714	0.8229628	1.3181834	-1.1368995	-1.2510068	-0.98622096	-0.9659062	1.259666	-0.8574973	-0.92585313	1.3088964	1.1106141	-0.5290266	-1.2064898	-0.79487234	-1.081776	-1.2276416	-1.0965314	1.073003	-1.3994876	-1.2374752	-0.8738624	-1.0496938	0.84381306	0.64883167	-1.2777425	1.0419515	1.1286297	-0.73865163	0.7258648	1.2699351	-1.0472462	0.77480906	1.1096283	-1.0464543	-1.0073886	1.0088551	0.88423723	1.078728	-1.1144583	-1.0328257	0.5809467	0.74601734	-0.65541387	0.95926195	0.9114604	0.6105927	0.9363664	0.97107637	0.88245714	-1.0678397	-1.0760882	0.95812666	0.999409	-0.99150276	1.2797203	-0.9268871	0.8854015	1.1331723	-0.5846051	0.9575842	-1.3431036
0.13683733	-1.0590534	-0.5579469	0.95946705	-0.7699637	-2.0273256	1.0132009	0.26936853	0.44997662	1.3119147	-1.6145378	-1.2182119	-1.4826546	0.7426136	-1.5586395	-1.4699687	1.5279459	0.29464257	-1.3458885	-1.1334459	-1.2837967	-0.52341217	1.3560115	1.0539545	1.3973112	0.31412396	-0.48524657	-0.4971625	1.6917737	1.2206004	-0.65054697	1.4749734	-1.2412512	-0.60210085	0.5530384	-1.5636706	-0.74396914	0.41750312	-0.62667316	0.5973932	1.8179728	-1.5848306	-1.6401163	-0.59395784	-1.1189926	1.7710246	-1.3314453	-0.6843056	1.7154598	1.6070436	0.041376837	-0.9905115	-0.38902417	-0.8587871	-1.2973034	-1.1620919	1.2184181	-1.8792101	-1.8622996	-0.16882606	-0.96858454	0.92959476	0.22568507	-1.6807836	1.0504351	0.9257237	-0.0025314495	0.06646278	1.5177025	-1.178619	0.45166948	1.0245035	-1.0249087	-1.3481231	0.960754	0.8930345	1.5084189	-1.0235578	-1.651122	0.85086167	0.025775762	-0.023836134	0.7265068	0.78404224	0.0013403982	0.091617934	0.75151926	0.0077252933	-1.5427033	-1.3702575	0.93452877	1.1017206	-0.47343272	1.7547284	-0.8863757	0.32206443	1.3586277	-0.65415406	0.71974784	-1.7043164
-0.87840545	-1.0205256	-0.95436436	1.0579982	-0.7847101	-0.94736993	0.86848396	0.8003528	1.19087	1.0199322	-0.83647007	-1.0954003	-1.1076245	0.94653314	-0.92920446	-1.153603	0.9751295	0.8330343	-0.95805204	-0.9176371	-1.1613036	-1.0704304	0.9246827	1.0343046	1.088889	0.9357204	-1.1190978	-0.9896648	1.1855723	1.0766561	-0.94533634	1.0523822	-1.0094031	-0.76993364	1.1161443	-1.0257994	-0.67565054	0.9062738	-0.9055027	0.8453196	1.1475284	-1.0490748	-1.103522	-1.1109383	-1.0045309	0.92092717	-0.7846832	-0.96764964	1.0777673	0.8427182	-0.7700407	-1.238276	-0.85632676	-1.037754	-0.994932	-1.0983908	1.1092815	-1.2134584	-0.89651304	-0.9480568	-0.9313615	0.8450782	0.7611543	-1.1872066	1.1428378	1.0531833	-0.79123545	0.8664561	1.0585473	-1.0906744	0.88488346	1.0205677	-1.1594073	-0.86466503	0.97078246	0.98647875	0.97246164	-1.128464	-0.8633026	0.677122	0.845071	-0.84390813	0.97317743	0.7668892	0.6414374	1.0386623	1.0807354	0.99662304	-0.92238605	-0.911605	0.9781153	0.88569987	-1.1619527	1.1134075	-1.0243785	0.9692813	1.1117026	-0.6200159	0.9025582	-1.2350641
0.1779153	-0.9970889	-0.59693885	0.9490919	-0.75085866	-2.1012046	1.0698032	0.17892809	0.4691182	1.3107166	-1.6523832	-1.3316476	-1.5474697	0.86123604	-1.5689888	-1.6207801	1.6006067	0.3468232	-1.411684	-1.1011454	-1.3987625	-0.63096905	1.3890388	1.1655374	1.5231543	0.3335204	-0.5284006	-0.58886266	1.7897367	1.2433805	-0.56392884	1.5440235	-1.1631807	-0.612761	0.64792544	-1.7221924	-0.7047072	0.38762662	-0.65877	0.60154784	1.7932353	-1.6261773	-1.6736028	-0.71069884	-1.2260883	1.7488241	-1.371404	-0.8215343	1.8684986	1.7254504	0.027945237	-1.1585945	-0.4929089	-0.9299744	-1.3687252	-1.2264155	1.2733014	-2.048159	-1.8696272	-0.17562209	-0.9823045	0.88304824	0.24058233	-1.7576054	1.2621917	1.0345775	-0.023122326	0.12695432	1.6123434	-1.2203616	0.48494655	1.1372019	-1.2201983	-1.3652439	1.1361622	1.0149746	1.5885139	-1.1773722	-1.7576556	0.83827186	0.14995514	-0.10664558	0.68853533	0.60901356	-0.09558303	0.10588069	0.8883366	0.16744286	-1.6505555	-1.5379018	1.0119408	1.196955	-0.5926708	1.7860577	-0.93809354	0.39166743	1.3753037	-0.6141911	0.8233526	-1.8181324
-1.040266	-0.7151359	-1.1370988	0.8165978	-0.84094614	-0.81873584	1.2419353	1.0768483	0.7729102	1.2224112	-1.0462574	-0.9050633	-0.560031	1.1669444	-0.77257067	-0.883709	0.87806463	1.1086525	-1.0041775	-0.9534501	-0.95492196	-1.1100782	0.86444515	1.0896678	1.1175758	0.8022343	-0.95394903	-1.2618005	0.7752432	0.93937457	-0.91741663	0.979264	-0.50522554	-1.213555	1.0150095	-0.9773285	-1.1629229	0.8540314	-1.0433866	1.1233708	0.8426807	-1.1980457	-1.153627	-1.1856925	-1.1969241	0.83389413	-1.3000938	-1.1740184	0.6447255	1.0321548	-1.0318427	-1.1270111	-1.142393	-1.1520743	-1.0614269	-0.7294309	1.116339	-0.9409123	-0.98266226	-1.0087602	-0.8321061	0.983129	1.1225557	-0.9894969	1.3570157	0.9030054	-1.0483198	1.0458357	0.8001941	-1.1787655	1.029917	0.9289036	-1.2169739	-0.9420449	1.1885284	1.3302047	1.3531305	-1.0017085	-1.335659	1.2322327	1.0469891	-1.2934958	0.9806866	0.7951179	0.9678096	0.7685436	1.0901893	1.0346636	-1.2283962	-1.2451236	1.1411405	1.0946333	-1.0036105	0.48871198	-1.1982279	0.8887866	0.9313833	-1.1869644	1.1451472	-1.0508869
-0.6191794	-0.8767037	-0.8527595	0.84939724	-0.6764241	-1.1764642	0.9094839	0.676617	0.7469568	1.0516108	-1.0603102	-0.9763296	-0.9487932	0.829437	-0.92948693	-1.1020275	0.98061824	0.72677755	-0.98074836	-0.8886271	-1.0006734	-0.88902384	0.9419841	0.9316726	1.0047979	0.63401824	-0.84460855	-0.86255485	1.1161573	0.9641705	-0.7402919	1.0383362	-0.8043505	-0.7297369	0.8535455	-1.0240078	-0.6961003	0.6349516	-0.7450095	0.73374796	1.1623878	-1.1130192	-1.1517946	-0.9528481	-0.92963785	1.05049	-0.9893453	-0.876249	0.99908775	1.0042454	-0.5326804	-1.009843	-0.7672795	-0.89757055	-1.0408405	-0.92615825	1.0747954	-1.2116307	-1.1208628	-0.73216254	-0.8224796	0.81913	0.66789067	-1.1550701	1.1492898	0.8645404	-0.60877115	0.64822865	1.004346	-1.0294015	0.7057523	0.8511346	-1.0766078	-0.8767911	0.932757	0.9089519	1.1424547	-0.9295497	-1.1774	0.7373726	0.6686205	-0.69295835	0.82625985	0.63930315	0.513869	0.6507083	0.91473734	0.73826313	-1.1188776	-1.0041584	0.9558176	0.9167359	-0.8327698	1.0585158	-0.94693416	0.66514	1.0412886	-0.64628345	0.88534033	-1.1578743
0.3653678	-1.0127258	-0.5680802	0.77795726	-0.67460626	-2.1553247	1.1176428	0.030493682	0.39765805	1.4097433	-1.6567591	-1.276646	-1.4933405	0.84386927	-1.4848509	-1.6017054	1.5573126	0.22648087	-1.4682378	-1.1133697	-1.4903151	-0.6046747	1.3950883	1.1974568	1.5646118	0.19375467	-0.44996816	-0.5762603	1.819271	1.2775557	-0.5043967	1.4643627	-1.1339682	-0.44145614	0.5475521	-1.7511473	-0.5997961	0.23868276	-0.5776768	0.45204133	1.9536681	-1.7453457	-1.8358134	-0.6934425	-1.1111684	1.8438398	-1.3862852	-0.84760594	1.8718767	1.8119136	0.22291385	-1.30812	-0.30846244	-0.89421433	-1.460737	-1.2020187	1.3122057	-2.1440232	-1.879462	-0.091235094	-0.8328722	0.7754111	0.0817791	-1.8100673	1.4172078	1.1028702	0.15631841	-0.052901674	1.5815337	-1.2454154	0.28485838	1.1109576	-1.2861081	-1.4436681	1.0762283	1.0294772	1.593541	-1.2024834	-1.8514357	0.77692693	-0.055388495	0.04190485	0.59722304	0.47842315	-0.30253235	0.00020981647	0.90671986	-0.04065431	-1.6424425	-1.6172174	1.0715433	1.2212963	-0.5960067	1.7599989	-0.99892026	0.24156767	1.3867507	-0.4799475	0.7674939	-1.9460866
-0.68816876	-1.166104	-0.93629664	1.1293763	-0.9026551	-1.2251178	0.87615085	0.7215	1.1230803	1.0230681	-1.1049002	-1.1554989	-1.3665906	0.84264374	-1.143912	-1.2287703	1.1697567	0.7466421	-1.0110136	-0.976883	-1.2256085	-1.0032406	1.1504781	0.972051	1.0722686	0.9304181	-1.0615879	-0.7544014	1.322834	1.1188539	-0.9051797	1.2197984	-1.2483493	-0.61504465	0.9612998	-1.1738311	-0.69721156	0.9995593	-0.8058119	0.7277216	1.2954997	-1.0811334	-1.1267238	-0.9265173	-0.9528636	1.1750169	-0.81857085	-0.9451119	1.2854614	1.0998826	-0.6493341	-1.0818762	-0.76151645	-1.0540845	-1.1047512	-1.2513561	1.0918245	-1.3018051	-1.1863282	-0.8655113	-1.0881298	0.82116884	0.6851908	-1.2429985	0.99015725	1.1188089	-0.7414645	0.79035026	1.2441645	-1.0011027	0.86079776	1.023484	-0.9515177	-1.0207992	0.8967173	0.88578427	1.0094494	-1.0830778	-0.89984626	0.58813775	0.8118898	-0.59026974	1.0005194	0.999837	0.6217887	0.99212986	0.9702072	0.86634165	-0.9566589	-0.9182727	1.00205	0.8941384	-0.9932697	1.4518632	-0.9209945	1.0334342	1.2317928	-0.5464489	0.9355195	-1.3072199
-0.8434322	-0.8555376	-1.0708091	0.87549454	-0.8608712	-0.91624	1.2037456	0.9343766	0.84015965	1.2209061	-0.970579	-1.0093364	-0.6923965	1.1087887	-0.7317185	-1.0644472	0.9270334	0.9549346	-1.0731701	-0.9331341	-0.9976725	-1.0967826	0.78496426	1.108538	1.1045521	0.808709	-0.92392546	-1.1258376	0.9052115	1.0124722	-0.82889307	0.99887395	-0.6264337	-1.0150921	1.009943	-1.060785	-1.075745	0.84619236	-1.0182089	1.015027	0.91807884	-1.1352298	-1.152411	-1.2521437	-1.0760303	0.8663708	-1.1841139	-1.1876476	0.7401706	1.0174078	-0.93633425	-1.2581513	-0.9795719	-1.0409784	-1.1162798	-0.77387893	1.2125353	-1.14022	-0.9766885	-0.95685875	-0.8956382	0.97554845	0.9903703	-1.1394166	1.3530407	0.9355828	-0.8496671	0.98126614	0.93934643	-1.2228036	0.9207587	0.85979086	-1.2858334	-0.92616534	1.143946	1.2021332	1.1970761	-1.0867866	-1.2787915	1.0403719	0.947274	-1.0553598	0.974266	0.5798575	0.7479389	0.7199158	1.0926126	1.0842737	-1.147854	-1.1631347	1.0847958	1.0338916	-1.003963	0.7091559	-1.1365477	0.8976473	1.0682573	-0.98736405	1.1251342	-1.1984801
-1.2103473	-0.9831868	-1.0601546	1.0533919	-0.9640209	-0.54838705	0.86795515	0.99905336	1.2448264	0.88168526	-0.8188574	-0.9520812	-0.8972259	0.9458147	-0.91203994	-0.8892967	0.80976605	1.0840644	-0.80578744	-0.97761	-0.9515488	-1.1622567	0.8655377	0.94826734	0.8822943	1.0883288	-1.2126958	-1.0004123	0.84644896	0.9541996	-1.0408775	0.9364309	-1.0337222	-0.89063084	1.0755473	-0.7670926	-0.905646	1.166783	-0.99304336	1.0254681	0.79520583	-0.84380746	-0.80167055	-1.0420598	-0.9332801	0.67110586	-0.69749767	-1.0367736	0.7500654	0.68467677	-1.0959224	-1.0291761	-1.0555193	-1.0376298	-0.8474712	-1.0228847	0.9675857	-0.73764354	-0.66031057	-1.1704845	-1.0500921	0.91687673	1.0389409	-0.76842326	1.0088122	1.026497	-1.1165061	1.177376	0.8614155	-1.0318543	1.1251059	1.0356461	-0.95472914	-0.8904537	0.9580606	0.9847791	0.7443663	-0.9654736	-0.6372751	0.81810784	1.1886466	-1.086371	1.1355453	1.0269073	1.0731076	1.3262193	1.0467288	1.1695434	-0.66422963	-0.8260738	1.0530524	0.9336501	-1.1195422	0.811609	-0.96820164	1.1390401	0.97336805	-0.8574241	0.9620887	-0.76980937
-1.0602869	-1.1187696	-0.95346576	1.1648804	-0.9432757	-0.76019156	0.7643416	0.9763856	1.2787514	0.91206497	-0.76777256	-0.9999005	-1.1108874	0.8551478	-0.9315135	-1.029242	0.9286042	0.9840667	-0.83872974	-0.9758495	-1.0076718	-1.0757366	0.9301115	0.97443235	0.8467868	1.0844538	-1.1426322	-0.8654737	1.0148305	1.0569849	-1.069978	0.94476104	-1.1671114	-0.7812072	1.1463658	-0.9053309	-0.73351616	1.0958526	-0.94672513	0.9075867	0.9560749	-0.74242735	-0.74884564	-0.9881923	-0.91357714	0.8747551	-0.63680893	-0.9768097	0.94293827	0.7471429	-0.96540695	-1.0072317	-0.9864427	-1.0088013	-0.8653056	-1.1183566	0.89196897	-0.85721093	-0.6926666	-1.0765301	-1.1038089	0.8741002	0.9735174	-0.89460254	0.91725004	1.0855012	-1.0028417	1.0879524	0.9861059	-0.9622687	1.005952	0.9796401	-0.93076193	-0.8338079	0.9444194	0.75246626	0.67916197	-1.0595976	-0.5734623	0.59140974	1.071238	-0.8595618	1.0954434	1.1253394	0.93098044	1.2499326	0.99832344	1.0975982	-0.6802179	-0.75597894	0.96820575	0.7980552	-1.1317397	1.0578206	-0.9243857	1.1094891	1.039441	-0.7164137	0.9014589	-0.8785148
-0.44074452	-1.0306864	-0.8037266	0.950047	-0.74840736	-1.4551488	0.88447577	0.51867986	0.8412678	1.0554833	-1.096592	-1.1013	-1.2444625	0.72579145	-1.176757	-1.2308606	1.2226583	0.6262604	-1.0924006	-0.89450115	-1.1423097	-0.8705593	1.0547608	0.99128026	1.1369892	0.64974356	-0.8166168	-0.7159584	1.4420193	1.0105826	-0.77442276	1.1597341	-1.0527235	-0.6122465	0.7930144	-1.1654372	-0.66350317	0.67556703	-0.66310376	0.6435079	1.4492952	-1.1228446	-1.2897043	-0.85783386	-0.95986843	1.2758986	-0.9683751	-0.85933125	1.3137822	1.2122878	-0.33757377	-1.150417	-0.58413184	-0.9427721	-1.0509496	-1.1405679	1.0730306	-1.4713058	-1.3177844	-0.5888572	-0.9781148	0.82845366	0.48580658	-1.2933106	1.0721332	0.9920934	-0.42572024	0.53015596	1.2087113	-1.076888	0.6578801	0.98005646	-1.0646861	-0.9775453	0.9461841	0.8980079	1.0709174	-1.0614964	-1.1689695	0.64547265	0.57730865	-0.3682319	0.82269603	0.76858896	0.3781466	0.6586297	0.8272715	0.60372305	-1.0983089	-1.005382	0.91043156	0.86411226	-0.8310832	1.3746605	-0.8622728	0.72861755	1.1913655	-0.53097284	0.76997524	-1.4139098
-1.1768707	-0.9935006	-1.0532068	1.0915029	-0.929533	-0.48124233	0.85694265	1.0112896	1.2226747	0.8001999	-0.6843662	-0.9470469	-0.95717746	0.88142025	-0.8260157	-0.86614	0.8411115	1.0251533	-0.7728952	-0.8560822	-1.0112544	-1.186662	0.8158371	0.97676647	0.766165	1.168996	-1.1684057	-0.9737862	0.7969339	0.9152849	-1.0801669	0.8408459	-1.0554081	-0.8213131	1.1367774	-0.6793393	-0.8354086	1.1961426	-0.945971	0.93790936	0.78513354	-0.6821466	-0.6881385	-1.0555904	-0.8902045	0.64914197	-0.5700986	-0.9333274	0.72307533	0.63531846	-1.0793132	-1.044002	-1.0221361	-0.9914594	-0.7842432	-1.0420073	0.9544927	-0.6903788	-0.5310789	-1.1467389	-1.0008049	0.88528496	0.95754975	-0.8065411	0.89748824	1.149979	-1.1777354	1.1629915	0.8717541	-0.93132263	1.1123013	0.8995809	-0.96560854	-0.7523464	0.8917505	0.8328985	0.657084	-0.9650239	-0.48755842	0.7508195	1.1241921	-0.96807665	1.1379014	1.099093	1.0466074	1.2976714	1.0169255	1.189539	-0.5996562	-0.60064477	0.91676795	0.7906423	-1.1462977	0.8895366	-0.91709656	1.1894265	0.99534065	-0.7409113	0.9496948	-0.8800292
0.07255274	-1.1302751	-0.5298465	0.9467701	-0.82392734	-1.9240768	0.8712788	0.25712067	0.55786085	1.145227	-1.5205295	-1.209619	-1.5368878	0.62627304	-1.4614995	-1.4572173	1.4986525	0.30415604	-1.2755982	-1.077903	-1.207763	-0.5893498	1.3097328	0.97737426	1.3364301	0.5375121	-0.5778461	-0.508487	1.7228456	1.1779212	-0.65759736	1.4530668	-1.2491261	-0.45142183	0.61884856	-1.5459323	-0.6000351	0.49011683	-0.63896006	0.5046614	1.6800058	-1.448334	-1.5617474	-0.6318389	-1.0189923	1.726638	-1.0715674	-0.65455455	1.7797402	1.4802569	0.06309598	-0.9599546	-0.32446048	-0.8292555	-1.2824303	-1.202866	1.1150631	-1.7815136	-1.7049855	-0.2798518	-0.9993864	0.9048703	0.29960164	-1.5108386	1.016831	1.070382	-0.054464146	0.18113525	1.5335099	-1.0438397	0.46664986	1.0740606	-0.9772368	-1.2645879	0.88817126	0.81363076	1.2488846	-1.0551077	-1.3985608	0.6664462	0.17309682	0.045476902	0.75101995	0.7726537	0.115522124	0.3385207	0.796288	0.12564804	-1.3751537	-1.26798	0.7943146	0.9767615	-0.5450225	1.8014808	-0.73897874	0.48365083	1.3726121	-0.56428313	0.7847954	-1.5731663
-0.93120915	-1.0428149	-0.9810032	1.0328952	-0.8397465	-0.89709085	0.8308887	0.7535518	1.1463528	0.9704958	-0.84005785	-1.0209969	-1.1386467	0.84756124	-0.8942223	-1.0672069	1.0111609	0.91702706	-0.8613924	-0.92973447	-1.1710515	-1.1107093	0.943673	0.9808768	0.9611116	0.9118138	-1.1161848	-0.94736207	1.1730278	0.99410015	-0.9479624	1.0622703	-1.0415858	-0.579769	1.1055456	-0.9781468	-0.5938197	1.0262272	-0.91849875	0.8849317	1.0840191	-0.9755258	-1.0107168	-1.0640771	-0.9326283	0.94403017	-0.7580704	-0.97518206	1.0060436	0.87970966	-0.7510569	-1.1592045	-0.8699355	-0.99658424	-0.91845727	-1.107666	1.0287	-1.1425356	-0.95276797	-0.9881055	-0.9948994	0.77913994	0.7805954	-1.0657878	1.0956258	1.1002086	-0.8982688	1.0032011	1.0093719	-1.0700831	0.93508005	1.0399785	-1.0207858	-0.8985476	0.8935003	0.9116924	0.9113605	-1.0338031	-0.7813056	0.5525718	0.9808573	-0.84596115	0.98238504	0.8866384	0.6892061	1.1439421	1.0033547	0.99868315	-0.7878258	-0.8596504	1.0222673	0.86112326	-1.1055821	1.079929	-0.98174185	1.0141225	1.0436809	-0.51151663	0.90775585	-1.0658385
-0.95937103	-1.1225276	-0.9954439	1.0641774	-0.9759904	-0.9179324	0.86646247	0.89446294	1.2402507	1.0545112	-0.90366566	-1.1760914	-1.1476502	0.94608	-1.0173981	-1.1273931	0.9912056	0.954825	-1.0509477	-1.0420763	-1.2085826	-1.0774999	1.0430224	1.0152162	0.99590933	1.0701165	-1.1398574	-0.9213412	1.1544418	1.0913048	-1.0985631	1.0332211	-1.179227	-0.7673517	1.1452861	-0.9901883	-0.7512143	1.1374017	-0.97592956	0.8666766	1.104382	-0.96873194	-0.984209	-1.083554	-1.0320369	1.0108848	-0.80387646	-1.0105512	1.0704054	0.9097212	-0.89310485	-1.1454664	-0.94983524	-1.0165467	-1.0306801	-1.1528354	1.1033053	-1.0829827	-0.9412549	-1.1220572	-1.0928334	0.96022254	0.8697422	-1.1014066	1.059473	1.1954752	-0.95782894	0.97735965	1.1311482	-1.0226356	0.9871902	1.0897696	-1.0954136	-0.94740856	1.0205805	0.93347204	0.931424	-1.0835223	-0.8677454	0.74355507	1.0207603	-0.8597588	1.029725	1.0057886	0.8940224	1.1416515	1.0691692	1.071398	-0.8965074	-0.8736695	0.9853334	0.9317188	-1.1428279	1.0990201	-1.0445544	1.1421244	1.1650112	-0.7432296	0.9731222	-1.0781959
-0.8301502	-0.8736762	-1.0631493	0.8704532	-0.87441075	-1.0310831	1.1709926	0.9380791	0.814873	1.2331194	-1.1106542	-1.0033454	-0.7368918	1.1362401	-0.8910953	-1.0554509	1.0587188	0.9915645	-1.1169541	-1.0097543	-1.0692091	-1.0359976	0.9431654	1.072274	1.1275421	0.76125693	-0.8668357	-1.175392	1.0515145	1.0053242	-0.87867945	1.0532203	-0.65658593	-1.0834931	0.974186	-1.0625447	-0.99838233	0.81646085	-1.0330789	0.99677444	1.0823029	-1.3142868	-1.2232152	-1.0991353	-1.216271	0.94694453	-1.1848596	-1.1561213	0.94652796	1.1126722	-0.8849596	-1.1672058	-1.0202732	-1.0448005	-1.1714652	-0.8427953	1.2035261	-1.213239	-1.1512705	-0.9306371	-0.83886087	0.9524658	0.9242581	-1.1461384	1.2992975	0.90655243	-0.9428565	0.8518746	0.9678986	-1.1396846	0.9045064	0.9746271	-1.2451146	-1.0503434	1.1940678	1.210105	1.3085682	-1.0380968	-1.3136044	1.0697237	0.9336903	-1.0841407	1.010269	0.7302616	0.78096694	0.6396467	1.104909	0.9418488	-1.2730187	-1.2825187	1.1232164	1.1737584	-1.0198886	0.7858278	-1.1193955	0.9014288	1.0227264	-1.1111674	1.0601472	-1.1657475
-0.99049664	-0.7610914	-1.1306597	0.81174105	-0.8921297	-0.82104284	1.1899534	1.1176648	0.8316295	1.2491119	-0.99084055	-0.94164485	-0.5614966	1.2448757	-0.7605082	-1.0477324	0.9137797	1.0739148	-1.0714545	-0.95936936	-1.1070023	-1.1099478	0.7638991	1.1499331	1.1195312	0.7858553	-0.93132496	-1.2906111	0.956664	1.0328192	-0.8304557	1.0643369	-0.5054675	-1.0982785	1.0856498	-0.98949605	-1.055308	0.7444265	-1.1337978	1.0748742	0.8937379	-1.2588516	-1.1945388	-1.2933325	-1.2145033	0.8049308	-1.2781522	-1.1807463	0.6989621	1.0679212	-1.0162497	-1.2570473	-1.1152153	-1.0794047	-1.0497046	-0.6767589	1.1959076	-1.1372452	-1.0576411	-0.9439545	-0.7777833	0.9693536	1.0720302	-1.1778301	1.4463284	0.9243034	-0.9520779	0.97070307	0.85236174	-1.2623727	0.91199934	0.9118263	-1.335369	-0.982372	1.1806453	1.2806972	1.3268396	-1.0587121	-1.4503844	1.1920255	0.99729645	-1.2645725	0.90421367	0.56837565	0.85832006	0.6513864	1.1658355	1.0926174	-1.3232609	-1.2911721	1.2032062	1.1403672	-1.0220311	0.55878943	-1.2504836	0.94310415	1.0280974	-1.1248462	1.0849825	-1.2168211
-0.87601805	-1.1903304	-0.9364541	1.1603565	-0.9796522	-1.2694511	0.8343991	0.73420346	1.2578428	0.9821642	-1.0524002	-1.1858838	-1.4543809	0.7686126	-1.2326581	-1.2810841	1.1735442	0.92019236	-1.0858709	-1.0308359	-1.239492	-0.98271626	1.1831002	0.9572812	1.0378677	1.0216534	-1.0839049	-0.81120974	1.316255	1.0938436	-1.0240624	1.1968417	-1.3089571	-0.68384033	1.060128	-1.1694524	-0.7375483	1.1017123	-0.9211624	0.7885879	1.2984124	-0.9656942	-1.0518507	-0.92721087	-0.9704192	1.2089964	-0.73928845	-0.9227465	1.2726183	1.0392873	-0.7225781	-1.0983495	-0.8020752	-1.0665661	-1.135009	-1.3144616	1.0624281	-1.2645384	-1.0817431	-0.9698627	-1.1373906	0.85621315	0.8170186	-1.0897579	0.9044262	1.166697	-0.864533	0.93015945	1.2622421	-0.9972726	0.98154014	1.1900262	-0.9077408	-1.0674318	0.89603597	0.8089843	0.8480479	-1.1495414	-0.8153043	0.57648826	0.8216967	-0.64603907	1.069408	1.1195562	0.77973294	1.1600765	0.9258521	0.9142224	-0.93157166	-0.9405625	0.8974844	0.95768535	-1.0690248	1.4015054	-0.9547629	1.0291445	1.1981468	-0.5863933	0.9600869	-1.1726778
-1.0537103	-0.8194169	-1.0775918	0.88304716	-0.9325903	-0.8682751	1.1124884	1.0647942	0.9462515	1.1759515	-1.0429173	-0.9859635	-0.68308115	1.2310275	-0.8092303	-0.9349032	0.9765922	1.0337155	-1.014861	-1.0016917	-0.9611577	-1.0585659	0.82800424	1.132384	1.0881728	0.9542797	-0.92421055	-1.2076632	0.83439773	0.9438572	-0.9395879	0.9783369	-0.6367966	-1.1425596	1.0092939	-0.99441046	-1.1452557	0.9082551	-1.0868146	1.1119533	0.87986183	-1.119558	-1.0564121	-1.1386873	-1.1225485	0.80417	-1.2163088	-1.1653944	0.7629515	0.98732674	-1.0729892	-1.1180642	-1.079285	-1.048457	-1.0665177	-0.78889906	1.0804781	-0.9167714	-0.9946282	-1.087317	-0.8718043	1.0330372	1.100414	-1.0632396	1.2572501	0.895802	-1.077582	1.0835539	0.8512521	-1.0909715	1.0274689	0.953582	-1.145761	-0.96244365	1.1459477	1.2422609	1.1653916	-1.0310584	-1.2332339	1.1063676	1.0704329	-1.234316	1.0200496	0.79983	1.0123091	0.83426845	1.0571991	1.0572094	-1.1328542	-1.1799322	1.1489688	1.1363221	-1.0939031	0.5872027	-1.1805393	0.93428653	0.97744983	-1.0887481	1.1208696	-1.042319
-0.5392488	-0.8057906	-0.87371814	0.85274065	-0.73349094	-1.1782042	0.9442816	0.6627746	0.77649117	1.0094289	-1.0051764	-1.0422662	-0.94847345	0.9386562	-0.9518798	-1.1042593	0.9699931	0.68444765	-1.0796081	-0.8630654	-1.1149253	-0.9814094	0.8914682	1.0842673	1.0923402	0.6482134	-0.8353284	-0.8666029	1.1692872	0.9157538	-0.74128205	1.0662335	-0.7840997	-0.6947591	0.8732025	-1.0828044	-0.70733684	0.7251448	-0.7802063	0.79391474	1.1463903	-1.1436573	-1.1980845	-0.9993159	-0.99399847	1.0546205	-1.0177002	-0.96283555	1.0744041	1.0237614	-0.5734986	-1.1537567	-0.8238732	-0.9778597	-1.050217	-0.9252426	1.1383247	-1.353373	-1.1575842	-0.6864079	-0.8456572	0.85522735	0.6378803	-1.2727258	1.2989705	0.989562	-0.6236463	0.60953933	1.0240526	-1.0412707	0.70792186	0.95470244	-1.1279634	-0.9049474	1.0375569	1.0101558	1.1387132	-1.09853	-1.1969329	0.7929853	0.7595694	-0.7656721	0.78821385	0.60459256	0.40735206	0.66402316	0.9723808	0.77917165	-1.2007034	-1.0329454	1.0259969	0.9823719	-0.88715667	1.0464094	-1.0320213	0.7516796	1.0868874	-0.6231281	0.81119335	-1.3656901
0.0334585	-1.1427503	-0.67566955	1.0029894	-0.8015486	-1.9712567	0.95121706	0.16805854	0.7362986	1.2283087	-1.4504797	-1.3402708	-1.6213363	0.6789361	-1.5106875	-1.5264943	1.5028327	0.37577933	-1.3521799	-1.1282679	-1.4085922	-0.73613906	1.3902533	1.0847503	1.3870081	0.52217907	-0.7746406	-0.4974569	1.8097072	1.2339787	-0.7018623	1.5284739	-1.3745333	-0.4163615	0.68805087	-1.6029093	-0.514099	0.6020545	-0.5695554	0.5492115	1.8481873	-1.3774903	-1.5679224	-0.7546107	-1.1203517	1.710749	-1.1135324	-0.74822354	1.769099	1.5363806	0.007900855	-1.1057895	-0.44882622	-0.8981258	-1.3038076	-1.3564428	1.2044091	-1.9447906	-1.7689668	-0.3475701	-1.0209835	0.79678684	0.25467342	-1.6848063	1.1520181	1.192065	-0.1323794	0.29734766	1.5411522	-1.195488	0.46312264	1.1487412	-1.0712719	-1.2852095	0.95837736	0.89173007	1.3612864	-1.1953737	-1.3601123	0.6005492	0.28544825	0.04918651	0.76591665	0.7887947	0.043412246	0.3790944	0.9058477	0.25601178	-1.3469442	-1.3233242	0.86960137	1.0160277	-0.7115986	1.8829495	-0.85050017	0.5424026	1.4236027	-0.40613443	0.7813349	-1.6975542
-0.9035131	-1.1647154	-0.8567967	1.1958206	-0.93893874	-1.1479304	0.7473699	0.7140944	1.2821549	0.8923733	-0.98210955	-1.2146487	-1.3889939	0.7782058	-1.227779	-1.2510285	1.1403297	0.83539724	-0.9831388	-1.0318635	-1.1748353	-1.0230302	1.1606271	1.0505301	0.9662663	1.092188	-1.1541871	-0.7525476	1.3065997	1.1036872	-1.0091617	1.1960045	-1.2442614	-0.58655125	1.032231	-1.1515164	-0.5974625	1.1681823	-0.82931995	0.736955	1.3027354	-0.8842853	-1.0425197	-0.98122674	-0.95690525	1.121964	-0.5482371	-0.9079875	1.2447528	0.9531516	-0.72363466	-1.099218	-0.72333443	-0.97093284	-1.021112	-1.2924418	0.99172306	-1.2338744	-1.0374349	-1.002599	-1.1923794	0.87088543	0.7869717	-1.1267266	0.9258772	1.231463	-0.90545017	0.93843	1.2494675	-0.9876794	0.92855275	1.1075934	-1.0289648	-0.9918923	0.84026587	0.7436664	0.74543685	-1.0953676	-0.652665	0.44708622	0.9352257	-0.6163731	1.0557742	1.0986229	0.71917117	1.1714165	0.98690146	1.0492469	-0.76121247	-0.76740247	0.9103303	0.8219565	-1.1598526	1.3782637	-0.8910664	1.0726976	1.2212623	-0.42376208	0.9287799	-1.2148495
-1.1452848	-0.9056546	-0.9993424	0.9618014	-0.7783653	-0.3396022	0.85430574	0.9942238	1.1059039	0.7945816	-0.5843781	-0.7841055	-0.84137064	0.9350704	-0.7160539	-0.8541877	0.7707698	0.95203716	-0.678898	-0.82376415	-0.877213	-1.0342498	0.7154007	0.94981885	0.7656234	1.0046648	-1.1031545	-0.95577353	0.6770776	0.8274334	-0.91512686	0.7448738	-0.8572448	-0.8957927	1.084541	-0.61440676	-0.7519613	0.99175614	-0.94473255	0.9620105	0.7172229	-0.7100986	-0.6865944	-0.95608395	-0.83997047	0.5592303	-0.7178195	-0.9876934	0.649098	0.5633976	-0.9003652	-0.94552416	-0.98481905	-0.98989844	-0.7968022	-0.9120338	0.9321568	-0.62104785	-0.54055876	-0.99731416	-0.8770171	0.8135797	0.9560009	-0.7504965	1.0158017	0.91968524	-1.0363342	1.0016009	0.7258502	-0.86592907	1.0168991	0.8536936	-0.99399775	-0.7463899	0.91632026	0.8714913	0.76083595	-0.8698626	-0.561362	0.8130647	1.0249515	-0.9475641	0.946103	0.8724613	0.9347357	1.1558001	1.0373158	1.1511832	-0.7258404	-0.63491035	0.9736706	0.79966146	-1.0298765	0.79462326	-0.92202413	1.0380226	0.8258881	-0.6872572	0.8540183	-0.8627932
-1.2980597	-0.94287163	-1.0164905	0.9536187	-0.97545445	-0.5193235	0.9743477	1.0464816	1.1523256	1.0000976	-0.8182622	-0.8952683	-0.83301544	0.9852322	-0.8402625	-0.8386087	0.8955671	1.1044906	-0.8522661	-0.937416	-0.95554334	-1.1051875	0.8743134	1.0125548	0.8617357	1.0969268	-1.1621847	-1.1040381	0.78556114	0.9128282	-1.0900317	0.90388274	-0.92549473	-1.0548096	1.1718271	-0.7695965	-0.943582	1.048046	-1.0217165	1.0263945	0.7641604	-0.83933157	-0.85516334	-1.0375074	-0.94915676	0.65754104	-0.8366926	-1.0275677	0.69987667	0.75321007	-1.1564671	-1.0258816	-1.04439	-1.079589	-0.91378015	-0.9593561	0.9372513	-0.6994558	-0.6315909	-1.1711317	-1.0074494	0.9659353	1.0572119	-0.8538115	1.0117567	1.0147749	-1.213162	1.1304476	0.79835904	-1.0126543	1.122819	0.93753314	-0.9912866	-0.8929683	0.9409767	0.984763	0.8148701	-0.9569088	-0.7569911	0.916914	1.1678923	-1.1247123	1.0818219	1.0565313	1.1109685	1.2139138	1.1384948	1.2524235	-0.8715833	-0.9188249	1.0024203	0.959248	-1.1471986	0.668765	-1.0340215	1.1633387	0.9595817	-0.9305759	1.0830227	-0.789618
-0.6991033	-1.2184099	-0.81145227	1.1618811	-0.9258962	-1.4132468	0.729231	0.5025791	1.213639	0.9792765	-1.1204401	-1.2439206	-1.5242263	0.7393726	-1.2855448	-1.3834656	1.2433721	0.7602451	-1.104399	-1.0149169	-1.3830478	-1.0113426	1.1662407	1.0454165	1.1035869	0.94245493	-1.1219965	-0.7858596	1.5056068	1.2246846	-0.9757744	1.2946231	-1.2635356	-0.34769046	1.0361239	-1.276954	-0.48841357	1.0509081	-0.8053452	0.7147716	1.5309557	-1.0483164	-1.1821632	-0.90641886	-0.9636407	1.3972723	-0.6659972	-0.8622305	1.4729882	1.096825	-0.46595612	-1.1326563	-0.6729975	-1.0241722	-1.1737552	-1.2906842	0.99745554	-1.4811968	-1.2060233	-0.8972266	-1.0716491	0.8016132	0.6234907	-1.2645292	0.94050163	1.1675797	-0.7361205	0.73792845	1.3240975	-1.0586538	0.78397214	1.1434227	-1.0179846	-1.0414358	0.88484263	0.7386877	0.8743664	-1.1645416	-0.8533802	0.27975693	0.71753556	-0.4242466	1.0198444	0.9348099	0.50011945	1.1034216	0.97073364	0.82557124	-0.92362386	-0.9829533	0.8961836	0.8996474	-1.0175326	1.5364478	-0.9197168	0.9951823	1.2635721	-0.31386065	0.961355	-1.3421749
-0.46371892	-1.0590438	-0.7441888	1.083048	-0.9011034	-1.6115233	0.9638721	0.57361126	0.91071683	1.0854119	-1.1896257	-1.2196553	-1.4005414	0.7517753	-1.312494	-1.3234369	1.251128	0.7134497	-1.1105906	-1.0124365	-1.2871848	-0.89791745	1.2313062	1.0072075	1.2377865	0.7321072	-0.81882066	-0.74131626	1.4333106	1.1154208	-0.83270895	1.3296423	-1.2013171	-0.6535754	0.8054087	-1.2985014	-0.76192695	0.87957394	-0.77810216	0.7267875	1.4978306	-1.1938267	-1.3414514	-0.8246937	-1.0761033	1.4625782	-0.9867109	-0.87406814	1.4774085	1.2702411	-0.44381905	-1.0623109	-0.6710706	-1.0278665	-1.1746994	-1.1799484	1.070724	-1.543292	-1.4312919	-0.70502967	-1.0124358	0.9015233	0.6161587	-1.3933183	1.0690457	1.123055	-0.53374577	0.66167665	1.2876287	-1.0884657	0.7001891	1.0503012	-0.9969385	-1.1817077	0.9761356	0.91285646	1.1086013	-1.1687171	-1.1852938	0.7548215	0.55240226	-0.39621356	0.9204404	0.9212898	0.5217942	0.77692956	0.8601525	0.56609184	-1.1441665	-1.0812784	0.9192534	0.986692	-0.86159366	1.4485424	-0.93783915	0.7873887	1.2238153	-0.6252445	0.9018438	-1.4528042
-0.9675702	-1.0265827	-0.9576132	0.97775584	-0.8544246	-0.8461605	0.76670593	0.78585166	1.160104	0.90931684	-0.86672616	-1.023999	-1.0323046	0.8736135	-0.87405187	-1.0015236	0.8835461	0.885872	-0.9086194	-0.9369587	-1.0235708	-1.1044393	0.8940921	0.9649302	0.8924604	0.9811157	-1.1413333	-0.96810657	1.1009579	1.0148661	-0.9908972	0.99546754	-1.0040532	-0.73315257	1.0150887	-0.9390156	-0.67392987	1.0192661	-0.83562785	0.90020347	1.1085794	-0.8662889	-0.8986946	-1.0626029	-0.9309254	0.92921317	-0.75692147	-1.0016571	0.9627182	0.76686656	-0.7646711	-1.0752432	-0.8291517	-1.0204879	-0.94948465	-1.0220915	1.0141416	-1.0855455	-0.83003116	-1.046141	-0.986011	0.78766114	0.8523417	-0.98084724	1.0600345	1.0922563	-0.9379209	0.9293522	0.9672718	-1.0181245	0.9717975	0.9638985	-1.0213668	-0.8639618	0.9131732	0.89232427	0.89550245	-1.0700442	-0.73563737	0.62800753	0.8911318	-0.8078764	0.94232917	0.88985485	0.76679933	1.095564	0.97575897	1.0183265	-0.8086662	-0.76311	1.0035206	0.88224345	-1.0423505	1.0715476	-1.0112683	0.9904545	1.0462912	-0.5897717	0.8871373	-1.0513418
-1.0194209	-1.1006669	-1.0260426	1.1264485	-1.0218629	-1.0588089	0.93641216	0.8633964	1.2370833	1.0881735	-1.0631356	-1.1079322	-1.1584563	1.0156333	-1.0442919	-1.1359488	1.056604	1.035881	-1.0162437	-1.0820676	-1.1625048	-1.172236	1.0647937	1.0237954	1.010336	1.1085981	-1.1815447	-1.0445838	1.1568965	1.142964	-1.106893	1.1735097	-1.1485304	-0.77950025	1.0933274	-1.1610849	-0.8961036	1.0601037	-0.97103155	0.92903304	1.1406016	-1.0785232	-1.0458925	-1.1223094	-1.0550691	1.0222194	-0.859983	-1.0419273	1.116698	0.99577844	-0.9331439	-1.2056421	-0.93948513	-1.0814466	-1.0758692	-1.1165031	1.1202049	-1.1745988	-0.9743714	-1.0849057	-1.0439091	0.9482421	0.9228286	-1.1082646	1.1212965	1.1242837	-0.9794864	1.044221	1.1317573	-1.0912157	1.0827061	1.1215609	-1.1612326	-1.0167739	1.0425726	0.9679183	1.0207378	-1.0948097	-0.8647787	0.7341711	0.999295	-0.9260144	1.118393	0.97923285	0.87706643	1.1544176	1.0798861	1.1257858	-0.9184988	-1.0509682	1.057303	0.9408675	-1.2120951	1.0612804	-1.0833684	1.1423181	1.1830713	-0.7696478	1.0211915	-1.1600732
-0.65180165	-1.0121591	-0.87673306	0.99274623	-0.75506467	-1.2601597	0.855031	0.70484054	0.9730144	1.0946707	-1.1608391	-1.1209283	-1.2601072	0.87420183	-1.1489642	-1.2793419	1.0876126	0.7707725	-1.0702376	-0.95093244	-1.235052	-0.9827503	1.0817368	1.0267534	1.088127	0.8202388	-0.98295575	-0.8459004	1.3463945	1.0785044	-0.8284688	1.1984981	-1.0878372	-0.65632814	0.94887453	-1.1657966	-0.6523764	0.8026984	-0.77651715	0.74164325	1.2993639	-1.1693459	-1.2424562	-0.96677256	-1.0290564	1.1787974	-0.92374575	-0.9370116	1.2723435	1.0822034	-0.54918957	-1.168343	-0.79614097	-0.98406965	-1.0952065	-1.1277618	1.148014	-1.4210818	-1.2581041	-0.80188274	-0.9850961	0.8168851	0.6385859	-1.3366379	1.123673	1.0677086	-0.6201004	0.7152878	1.1408331	-1.1169263	0.77307856	0.98252434	-1.1180385	-1.0098113	0.9438995	0.9479887	1.1114168	-1.0699126	-1.0548867	0.72936827	0.74061805	-0.62900966	0.926107	0.8314155	0.45502323	0.8470893	1.0235441	0.8099621	-1.086172	-1.0064336	0.9573849	0.8810115	-1.0219655	1.321977	-0.9559971	0.8394874	1.1732169	-0.58136886	0.8956893	-1.3357139
-1.1332251	-1.1495278	-1.0285287	1.183046	-0.95666134	-0.64659697	0.7530997	0.92382497	1.3265632	0.87516475	-0.72704077	-1.1040031	-1.2171607	0.9288618	-0.92905164	-1.0277976	0.8759001	1.026248	-0.8846986	-0.8948209	-1.101841	-1.1272268	0.9709379	0.9502022	0.8317028	1.1000775	-1.2430006	-0.92138284	1.1164192	1.0910649	-1.129949	1.03511	-1.1298227	-0.7277195	1.1312296	-0.91814	-0.69567996	1.1222725	-0.95786107	0.8310315	1.0223316	-0.7833949	-0.83063966	-1.1292328	-0.88532853	0.76772606	-0.5638084	-0.9881491	0.92452604	0.62239593	-0.94121987	-1.1859645	-0.92836875	-1.0738251	-0.9288172	-1.15181	1.0395617	-0.93217075	-0.6822162	-1.191331	-1.114312	0.82624143	0.9282573	-0.9818184	0.9725141	1.2535563	-1.0973728	1.0456069	0.9641864	-1.0048102	1.0889596	1.0499748	-0.98744625	-0.83468854	0.94953585	0.8492828	0.7214584	-1.081004	-0.5676782	0.5654744	1.0575478	-0.8978295	1.1599557	0.9944389	0.89682126	1.3939538	1.0879072	1.2484707	-0.6515733	-0.78243953	0.92153484	0.8388565	-1.268019	1.1522666	-0.9658727	1.2061489	1.0597417	-0.53485763	0.9495142	-1.0565518
-0.7918916	-1.0958042	-0.82235825	1.1144423	-0.95192426	-1.337381	0.8899678	0.7028769	1.0925317	1.0474153	-1.1663702	-1.1762781	-1.2853355	0.90769386	-1.2762129	-1.2840532	1.2356236	0.78140795	-1.107067	-0.9785311	-1.1890007	-0.9416525	1.2348663	1.0619229	1.175667	0.90563756	-1.012346	-0.7910034	1.3445762	1.0817422	-0.91872984	1.1924641	-1.1274046	-0.7348822	0.9400191	-1.1666164	-0.6802833	0.9773556	-0.8821243	0.81124055	1.3678753	-1.094677	-1.2178533	-0.970588	-0.9987819	1.2337494	-0.94155914	-0.988188	1.325732	1.1405705	-0.64417744	-1.117703	-0.764908	-1.1262426	-1.1437563	-1.2195537	1.1171103	-1.4061571	-1.2093934	-0.832986	-1.0981567	0.9567497	0.79520726	-1.2907896	1.114963	1.1115037	-0.77492756	0.8045245	1.3030688	-1.0142916	0.82911587	1.0443406	-1.0926683	-1.0740956	1.0117099	0.88786936	1.0965081	-1.1095487	-0.97143716	0.7417911	0.8161046	-0.6856895	0.95998436	0.9692915	0.7156738	0.9206982	0.9868572	0.8552114	-1.133449	-1.0488261	0.9971725	0.9293083	-1.0128968	1.350324	-0.9500944	0.9139507	1.2489904	-0.6550013	0.90028083	-1.3527611
-0.83399844	-1.0574647	-0.950928	1.0417416	-0.8659778	-1.1647155	0.8797907	0.7781098	1.0075679	1.0521305	-1.0357171	-1.1405473	-1.1889025	0.9078678	-1.1604241	-1.2418895	1.1022532	0.8046607	-1.052278	-0.996507	-1.1375529	-1.0131382	1.0523022	1.0021418	1.1147825	0.9237598	-1.0029515	-0.8815924	1.2581004	1.1267028	-0.9493604	1.1896856	-1.1118901	-0.7761815	0.987519	-1.2008688	-0.7609966	0.9375526	-0.8736668	0.8135336	1.3276298	-1.0932089	-1.0927861	-0.9397359	-1.0224525	1.1257634	-0.88979053	-1.0064162	1.1799345	1.1065222	-0.6872427	-1.1367109	-0.79395694	-1.0524225	-1.0951574	-1.0726407	1.0451298	-1.2767695	-1.1409907	-0.88592666	-1.0336246	0.8887776	0.78488827	-1.2613953	1.1047473	1.1705153	-0.81867826	0.80020976	1.1130972	-1.1098278	0.8912008	1.0764664	-1.1041534	-1.0021082	0.93933004	0.95970494	1.0332798	-1.1082071	-1.029033	0.69463855	0.82021904	-0.70071524	0.99812555	0.90154165	0.71299255	0.9304694	1.0462894	0.89579433	-1.0322804	-0.9885365	1.0405703	0.92365927	-0.994944	1.2307029	-0.97030926	0.9812355	1.0960034	-0.6278631	0.9311191	-1.2129794
-0.99266	-1.1341914	-0.95528543	1.1300546	-0.96910775	-0.86161	0.7721498	0.90102446	1.1913214	0.87971324	-0.8280219	-0.99733317	-1.106156	0.86975807	-0.98664373	-1.0210396	0.93395567	1.0173553	-0.9280079	-0.98914826	-1.1079849	-1.0782968	1.0246671	0.99927986	0.9246176	1.0589166	-1.1277772	-0.870206	1.0816593	1.0199004	-1.0787477	1.0201222	-1.0935401	-0.7544552	1.0944831	-0.9499795	-0.6733201	1.0431455	-0.9772215	0.88204646	1.00037	-0.8865159	-0.90390563	-0.9832707	-0.9328181	0.94852024	-0.6834169	-0.95243293	1.0339127	0.81819576	-0.9132762	-1.0430773	-0.94511765	-0.9964904	-0.98341846	-1.122875	0.9751132	-0.9866427	-0.794732	-1.1157492	-1.0090022	0.90927124	0.8916162	-0.93991	0.9651999	1.1016085	-0.957391	0.99176913	1.0084394	-1.0171368	0.96231824	1.0014703	-1.0040414	-0.88916594	0.9444625	0.8773694	0.83066165	-1.0675246	-0.6621604	0.6055844	0.965885	-0.9095312	1.0608786	1.0318412	0.88221836	1.2292192	1.0370716	1.0368445	-0.7366056	-0.80950207	0.963731	0.8939083	-1.1339729	1.0692056	-0.97967196	1.0833058	1.0166351	-0.69531864	0.90193427	-1.0036061
-0.9000436	-1.1141726	-0.9666662	1.0980802	-0.9580124	-1.2397718	0.9467004	0.77462715	1.1180258	1.082359	-1.0814413	-1.2034054	-1.3307351	0.9060317	-1.1527402	-1.2070506	1.211413	0.8813993	-1.1228783	-1.0363177	-1.22058	-1.0695844	1.0879318	1.0388304	1.1465511	0.9727984	-1.0259912	-0.9014546	1.3351187	1.1050938	-1.0141128	1.2289459	-1.1515127	-0.762382	1.0675111	-1.1760617	-0.77985984	0.95145386	-0.9074981	0.857804	1.3017054	-1.1142416	-1.1615696	-0.9556475	-1.0391295	1.1871533	-0.8716048	-1.0106449	1.2011962	1.1407388	-0.7163007	-1.1408619	-0.85637355	-1.0513599	-1.1293567	-1.1410167	1.0802898	-1.32073	-1.2132312	-0.9738901	-1.1394736	0.9149348	0.76667744	-1.2257456	1.0817101	1.1237808	-0.7754079	0.8297378	1.2260723	-1.1418368	0.899845	1.0345714	-1.1124611	-1.0555816	0.9603124	0.9169185	0.9821266	-1.1357614	-1.0228597	0.7729556	0.90361893	-0.71987563	0.9826704	1.0127442	0.690204	1.0447252	1.0050123	0.8942206	-1.0307093	-1.0117875	0.9688791	1.0358369	-1.0893615	1.3323011	-1.0375793	1.0307657	1.1937504	-0.7461036	0.9473718	-1.2861364
-0.69339216	-1.0942141	-0.8293563	1.0230086	-0.8361702	-1.1630465	0.76919997	0.64089173	1.1433586	0.97028124	-1.0492356	-1.0677085	-1.2879716	0.8014005	-1.1042311	-1.2275399	1.0606676	0.78910804	-0.98642975	-0.96010417	-1.1475325	-1.0518277	1.0895379	0.965135	1.0338299	0.9168595	-1.0890281	-0.8064742	1.3834784	1.059059	-0.8964013	1.1966023	-1.1472052	-0.5501887	0.98704946	-1.1551163	-0.59523344	0.89459336	-0.8544467	0.74123895	1.2880926	-1.052959	-1.0351357	-0.9711848	-0.9383194	1.1281638	-0.73480225	-0.9687174	1.2273097	0.9561114	-0.56698185	-1.1376061	-0.7831847	-0.99615216	-0.9809738	-1.1091856	1.0477551	-1.3055404	-1.1144804	-0.91505224	-1.0183187	0.83975327	0.58612096	-1.1720705	1.03128	1.1847687	-0.7618945	0.7036129	1.1928015	-0.99582374	0.8470153	1.0009867	-1.0518695	-0.92175215	0.8650464	0.8239456	0.9827186	-1.051794	-0.7945557	0.49794123	0.7878153	-0.62625664	1.0206176	0.91591877	0.5604859	1.0696993	0.98343784	0.8563685	-0.915134	-0.9314378	0.96127695	0.8745805	-1.0800972	1.3178835	-0.90373486	0.93104535	1.2186775	-0.50989383	0.85672057	-1.25015
-0.5306117	-1.0750836	-0.78713155	1.0376791	-0.8690458	-1.4465712	0.8355048	0.5446238	0.90008396	1.1139934	-1.2013934	-1.2321938	-1.3955241	0.75761104	-1.2905875	-1.3577882	1.2709868	0.69168174	-1.1090968	-1.0192047	-1.2386937	-0.90408593	1.1627678	1.0208287	1.1758988	0.79339534	-0.95372635	-0.70056605	1.5471325	1.1091359	-0.84915984	1.2947412	-1.1989381	-0.54418933	0.8886259	-1.2949156	-0.6059875	0.829889	-0.73776406	0.678551	1.4523503	-1.2230067	-1.292524	-0.90482783	-1.0077318	1.3756466	-0.8673413	-0.9202639	1.4090166	1.2097679	-0.39208102	-1.1442707	-0.6424356	-1.0109669	-1.1933041	-1.2229629	1.1212969	-1.5099689	-1.3164601	-0.7113191	-1.0874047	0.84384716	0.55741405	-1.3188667	1.0519005	1.1222792	-0.5908954	0.5748978	1.2915317	-1.05278	0.77567947	1.057247	-1.0806954	-1.0954049	0.977644	0.86566395	1.0565783	-1.1128536	-1.1077336	0.497772	0.5803533	-0.3991545	0.9610052	0.87588745	0.4028024	0.8255845	0.98853654	0.70665747	-1.1619624	-1.069477	0.9289462	0.96874523	-0.937365	1.530499	-0.9636572	0.8589699	1.2771004	-0.46509147	0.9135545	-1.3919538
-1.0725719	-0.97263616	-0.9780428	1.0341223	-0.9888025	-0.7858145	1.0385852	1.0048527	1.0936693	0.98511237	-0.8904724	-0.98457575	-1.0072645	0.9734646	-0.9204836	-0.94508135	0.8715729	1.0665042	-0.9356609	-0.9116141	-1.0302455	-1.1685386	0.923838	1.0532311	0.950469	0.9939007	-1.0744672	-0.9343505	1.005445	1.0158108	-1.0265551	0.9166161	-0.9867306	-0.9772433	1.1349776	-0.8743708	-0.90122354	1.0080477	-0.9616084	0.94729006	0.9451534	-0.95179635	-0.8793808	-1.0172384	-0.9826441	0.83609694	-0.94225603	-1.0624982	0.86955106	0.80030036	-1.0076687	-1.140477	-1.0151491	-1.0566165	-0.90719044	-1.04127	1.0161147	-0.96243197	-0.8024778	-1.0467514	-1.03413	0.8942655	0.9894075	-0.9510623	1.0867379	1.0440366	-1.0190756	1.032411	0.857059	-1.0130136	1.024408	0.9167491	-1.0387361	-0.9341397	0.9724975	1.0340483	0.95817494	-1.1011262	-0.9905478	0.9578332	1.0522001	-0.99760926	1.0209392	0.97903	0.9499715	1.143807	1.0811429	1.1104136	-0.88329524	-0.896244	1.0527512	1.003865	-1.153404	0.9409725	-1.0710956	1.102532	1.0477016	-0.9196298	0.96391284	-1.0048468
-0.59509474	-1.2290965	-0.79246956	1.1220441	-0.9424104	-1.4871584	0.92988676	0.6138482	1.0611246	1.0615177	-1.203904	-1.2832341	-1.5065669	0.75411814	-1.2698199	-1.3708938	1.2479348	0.7199881	-1.0793713	-1.0214369	-1.3259836	-0.9854516	1.1945915	1.0781835	1.1219758	0.9075152	-1.0318447	-0.74947774	1.5010539	1.2171968	-0.8509528	1.2614168	-1.2663441	-0.5190789	0.94010407	-1.3203816	-0.5960632	0.94978184	-0.80045575	0.722355	1.5099739	-1.1483394	-1.3161849	-0.90056515	-1.0583924	1.3090738	-0.86207736	-0.8977369	1.4936168	1.1364915	-0.48073265	-1.1257222	-0.66594285	-0.9828904	-1.1185817	-1.2734227	1.1346787	-1.550482	-1.3001566	-0.80327743	-1.1084775	0.8566124	0.6389869	-1.4056047	1.1033936	1.2154034	-0.6264322	0.71138567	1.3197991	-1.0897292	0.7722113	1.1243469	-1.0428369	-1.1682024	1.002411	0.79976016	1.0656304	-1.1635997	-1.0228283	0.5755721	0.656526	-0.45445624	0.9767481	0.9102539	0.4997191	0.87272006	0.93249804	0.76701295	-1.0332881	-1.0292497	0.9068409	0.9004937	-1.0401462	1.5540498	-0.9982264	0.865163	1.3156974	-0.48290488	0.8804176	-1.4538227
-0.8198145	-1.0523242	-0.80946004	0.98140407	-0.8500622	-1.1901007	0.832911	0.6629835	1.0455843	0.8989409	-0.96386206	-1.1099428	-1.1805513	0.77864844	-1.0816201	-1.1205751	1.0824568	0.75022286	-0.96466804	-0.91596335	-1.162684	-0.9120943	1.0092686	0.98936594	1.0281699	0.891971	-0.99937856	-0.7773706	1.2784498	1.028886	-0.8459735	1.0953236	-1.0677851	-0.6099338	0.976549	-1.0413389	-0.68301773	0.9441036	-0.80480826	0.7860962	1.2858346	-0.9645275	-1.0781164	-0.9518648	-0.9430369	1.1035916	-0.7543633	-0.93405896	1.1570262	0.9288786	-0.6945689	-1.0474387	-0.80544275	-0.9738484	-1.0025183	-1.1016704	1.0463315	-1.2533821	-1.0492984	-0.8701484	-0.9235756	0.8190872	0.7591448	-1.1859578	1.0058107	1.035924	-0.7569891	0.8058895	1.1437261	-0.9837996	0.8636527	0.973258	-0.9717909	-0.95340383	0.87191075	0.8184206	0.93067425	-1.0566092	-0.8743903	0.5635679	0.82286096	-0.6587403	0.9282103	0.86008793	0.6837792	0.9708381	0.9533101	0.8642705	-0.9701539	-0.933502	0.93748623	0.86225593	-0.9550838	1.2390437	-0.9035891	0.9406165	1.1161994	-0.5897048	0.8546082	-1.1515182
-0.28928098	-0.9362607	-0.6980394	0.8450174	-0.79224384	-1.5123197	0.9119013	0.49361464	0.6153413	1.0484084	-1.2636663	-1.0733705	-1.1975596	0.7234474	-1.232556	-1.239743	1.1807361	0.46691948	-1.105287	-0.9463301	-1.1145644	-0.69741577	1.1324894	0.8981079	1.12721	0.5361743	-0.6596455	-0.65739906	1.3699228	0.97760326	-0.70958704	1.2088393	-0.975248	-0.5533993	0.68352413	-1.2858214	-0.7018956	0.52920514	-0.65397936	0.6077068	1.4206262	-1.1821383	-1.2241075	-0.69185364	-0.9070932	1.3508323	-1.0630153	-0.7816294	1.3525857	1.2871679	-0.29804844	-0.9940579	-0.5432602	-0.83893275	-1.0536424	-1.066584	1.0370511	-1.4991564	-1.3773601	-0.45278177	-0.81279445	0.8048847	0.418483	-1.2965288	1.0358244	0.9116843	-0.3197007	0.45705613	1.2392192	-0.9706577	0.5490538	0.89021057	-0.90390915	-1.0698227	0.9056952	0.85731924	1.1054419	-1.0092607	-1.2493716	0.6828132	0.41895363	-0.30229008	0.7435528	0.75869924	0.30362773	0.45192453	0.73824006	0.39251408	-1.2638189	-1.0937319	0.8327756	0.9255617	-0.65789515	1.395421	-0.8110312	0.57144296	1.1524973	-0.6325926	0.69497424	-1.3847212
-1.1564372	-1.2187378	-1.0596061	1.2759169	-0.9752691	-0.8296181	0.7491726	0.9116912	1.4457297	0.8559133	-0.7824545	-1.1497134	-1.3105073	0.86528945	-1.0437979	-1.1906648	1.0096128	1.051353	-0.8977062	-1.0127107	-1.2435024	-1.2078242	1.0557401	1.0780663	0.9591752	1.2556547	-1.2990726	-1.0104556	1.2179034	1.2085047	-1.1476376	1.070026	-1.2417054	-0.6480325	1.2289054	-1.030927	-0.5792851	1.2669038	-0.9343453	0.87145925	1.1312723	-0.7864607	-0.8948511	-1.1024922	-0.8974868	0.88578004	-0.51694995	-1.0134591	1.1183023	0.72648656	-0.86926633	-1.2156622	-0.9739078	-1.1452808	-1.070474	-1.2385992	1.0158545	-1.0107394	-0.8159314	-1.2934124	-1.1070757	0.8826713	0.89062023	-1.0456557	0.95624775	1.3292254	-1.0687822	1.1394038	1.1124971	-1.0384731	1.0994996	1.1809723	-1.0380948	-0.93935275	0.9764026	0.8219946	0.7083499	-1.1618161	-0.45144704	0.42308763	1.1308392	-0.8698136	1.2336019	1.1145883	0.81250596	1.4604979	1.1405733	1.2371764	-0.6866552	-0.7545794	1.0028775	0.8998678	-1.3434594	1.1981652	-0.9608802	1.1971846	1.1601377	-0.52548933	1.0132138	-1.0447038
-0.7044887	-1.1790593	-0.89946276	1.2198299	-0.90578204	-1.3877033	0.82312304	0.6509514	1.1425107	0.99609494	-1.1410587	-1.230385	-1.5074129	0.7706704	-1.2609451	-1.307242	1.2299352	0.7601379	-1.0915774	-1.0667025	-1.3291379	-1.062097	1.1231604	1.0557945	1.1312859	0.9700109	-1.0605084	-0.7703732	1.4254006	1.1341119	-0.9462094	1.2352351	-1.2885602	-0.526178	0.9886287	-1.2242098	-0.63216895	1.0032867	-0.82874125	0.7869069	1.4097613	-1.0543247	-1.2313231	-0.94037706	-0.9708903	1.2989889	-0.7220547	-0.92829764	1.3606232	1.09377	-0.59918123	-1.1568307	-0.73061985	-1.0033287	-1.0985072	-1.3429706	1.0745385	-1.3829647	-1.2695249	-0.87201464	-1.1053932	0.8712019	0.7084579	-1.3309225	0.9887225	1.1930723	-0.6961045	0.78990775	1.3878962	-1.0593315	0.8347541	1.1363177	-1.0508851	-1.0552948	1.0018698	0.7826267	0.94166934	-1.1705865	-0.8741773	0.5672623	0.75924647	-0.4934748	1.0767647	1.0003855	0.565141	1.0239961	1.0146927	0.91389555	-0.97503966	-0.94104403	0.9621655	0.9693872	-1.0887424	1.4932828	-0.8905044	0.94953585	1.3022463	-0.4678415	0.92992985	-1.3246185
-0.30570945	-1.0519938	-0.7577646	1.017485	-0.95467114	-1.619195	1.0771447	0.67062664	0.69528013	1.2252766	-1.3746247	-1.2068691	-1.2335961	0.920133	-1.3413422	-1.330416	1.3395673	0.5942654	-1.3096536	-1.1278776	-1.1555727	-0.74890286	1.2363272	1.0458833	1.2341404	0.5954964	-0.75542957	-0.7834056	1.4308013	1.1222386	-0.7752678	1.3358331	-1.1887459	-0.8898163	0.7560393	-1.3657883	-0.9062943	0.64541674	-0.86761755	0.73978126	1.465288	-1.2972165	-1.4078376	-0.7815345	-1.153826	1.4688305	-1.2809733	-0.9117714	1.4721658	1.3318824	-0.41014484	-1.0355654	-0.71972406	-0.937581	-1.1424145	-1.1312876	1.2223171	-1.5514125	-1.5270741	-0.54425687	-1.0467491	0.9520009	0.68108124	-1.4172916	1.1867319	0.97622466	-0.49600843	0.56486386	1.3465487	-1.14016	0.68015736	0.97945213	-1.1234252	-1.216239	1.0589961	0.98585624	1.3091295	-1.0809122	-1.4383949	1.0015168	0.44077757	-0.4873382	0.8233346	0.9063702	0.5289739	0.41995013	0.94133	0.46814415	-1.3712581	-1.1847161	0.93124163	1.041236	-0.7143809	1.4164892	-0.9480236	0.6017874	1.2239263	-0.94022906	0.8344395	-1.486226
-0.39309958	-0.9983907	-0.81183827	1.0257285	-0.85788345	-1.5204831	0.89448565	0.5698701	0.7674336	1.18642	-1.2496951	-1.2167966	-1.3642308	0.82719076	-1.2416363	-1.2562541	1.3176212	0.6087148	-1.217392	-1.0233647	-1.242931	-0.79522485	1.1519659	0.99717534	1.2412618	0.6732324	-0.78053445	-0.77060443	1.4637163	1.1352341	-0.8028128	1.3105712	-1.1228744	-0.6219763	0.8018926	-1.3474052	-0.74393255	0.7513826	-0.76118004	0.7162729	1.4723275	-1.2545696	-1.3357915	-0.8633742	-1.0412979	1.3870834	-0.99879485	-0.8608932	1.4272734	1.2933596	-0.38237652	-1.11884	-0.68179476	-0.9114557	-1.1602958	-1.1408144	1.1328121	-1.4835503	-1.4610442	-0.65674496	-0.9499486	0.87115115	0.5800432	-1.3390585	1.0238487	0.98552483	-0.53703535	0.54098225	1.3299388	-1.1139627	0.691691	1.0213847	-1.0207894	-1.1815333	0.9740308	0.8286079	1.11078	-1.0609561	-1.2546532	0.71429557	0.52808434	-0.4590746	0.8821211	0.79127157	0.43913713	0.61498547	0.9245248	0.55346924	-1.1849083	-1.16884	0.8944772	1.0076816	-0.84269017	1.401066	-0.9238136	0.676362	1.2690037	-0.6692167	0.90677625	-1.3649938
-1.0345145	-1.0377293	-1.0295405	0.9487547	-0.97772	-0.824408	0.8727239	0.9446752	1.1378118	1.0098068	-0.9030093	-1.0955317	-0.9928761	0.87801653	-0.98723835	-1.0346487	0.98700076	1.0358047	-0.9107227	-0.9611689	-1.0018709	-1.0694529	0.9132627	0.9667671	0.9838463	0.99978065	-1.121588	-1.0368693	1.070792	1.0228572	-1.0759231	1.0058699	-1.0416725	-0.84602535	1.051822	-0.9383086	-0.815051	1.004758	-0.953286	0.89191276	1.0453609	-0.97349066	-0.9207971	-1.0645148	-0.97918373	0.86575127	-0.8286025	-0.9960235	0.9293802	0.8844817	-0.97392714	-1.1684506	-0.9780273	-1.0358522	-1.0273526	-1.0219721	0.97688633	-1.00851	-0.86640847	-1.0602312	-1.0773692	0.964914	0.8682752	-1.0428438	1.0518528	1.0850986	-1.0275084	0.9740083	0.9352521	-1.1074208	1.0184427	1.0457255	-1.0655067	-0.9239191	0.9557757	0.9207127	0.9141079	-1.0060126	-0.89452547	0.82170755	0.98276323	-0.9300675	1.0411785	0.9663896	0.8945282	1.1553215	1.0711746	1.0557992	-0.9123754	-0.9605193	0.9969262	0.9902787	-1.1418377	0.95851433	-0.975284	1.0847027	1.068245	-0.8238374	1.0332237	-0.96494365
-0.8857546	-1.1395807	-0.88982546	1.1488423	-0.9971181	-1.1475612	0.8584571	0.8136154	1.1862925	0.95524836	-1.0550922	-1.1811551	-1.3384379	0.86385995	-1.2092348	-1.1278772	1.188537	0.8399651	-1.0385131	-1.0333745	-1.1650125	-1.0176456	1.1360545	1.0588677	1.1179211	1.0705762	-1.1048685	-0.813824	1.2473452	1.1463797	-0.963771	1.1242659	-1.2262424	-0.7202056	1.0071448	-1.1722354	-0.6962721	1.0786929	-0.86300755	0.8486829	1.2299484	-0.9793674	-1.0538988	-0.92619616	-0.95604885	1.1979634	-0.7605591	-0.88173056	1.1944106	1.0192617	-0.8129622	-1.0783254	-0.8002688	-0.99230015	-1.0511874	-1.2041636	1.0027369	-1.2268417	-1.1597688	-0.9900953	-1.1051141	0.96709794	0.8523221	-1.1347784	0.9210071	1.1493444	-0.90797186	0.87790304	1.1530839	-1.0227307	0.9423756	1.0616833	-1.0045013	-1.0409012	0.95570636	0.84044164	0.9045469	-1.0474087	-0.9078919	0.64162177	0.9076302	-0.7445173	1.009831	1.0363525	0.8068053	1.121097	0.99568117	0.9183079	-0.86825526	-0.9518147	0.91523314	0.98631245	-1.0098717	1.3446656	-0.9651278	1.0768442	1.1783124	-0.62810636	0.9434558	-1.1045773
-0.62161034	-0.90741324	-0.8101192	0.89538217	-0.77436894	-1.1287527	0.9203548	0.6592809	0.9073091	1.0560566	-1.0274938	-0.9729118	-1.0979682	0.8626848	-1.0624615	-1.1382623	1.0311316	0.7731895	-1.0192947	-0.89400405	-1.1321398	-0.89159936	1.0370167	1.0203812	1.0291039	0.71328133	-0.93425345	-0.79955626	1.1655838	0.9791529	-0.8078147	1.0684958	-0.9426924	-0.78001654	0.9199905	-1.0665776	-0.71902597	0.83737236	-0.8146865	0.72773343	1.2098846	-1.1271847	-1.1119077	-0.89370435	-0.9495815	1.1031803	-0.97587436	-0.94504166	1.1019733	1.0960889	-0.56242055	-1.0407405	-0.745031	-0.92330813	-1.0354357	-1.0479934	1.0874734	-1.2439066	-1.1119188	-0.6992762	-0.9361083	0.80459654	0.69283557	-1.216857	1.0614485	0.99228287	-0.7061971	0.7355624	1.0893868	-1.0280662	0.75870574	0.9892789	-1.0731616	-1.0058647	0.9425602	0.89572376	1.1391047	-1.0835365	-1.0373175	0.8299265	0.7146771	-0.6644628	0.9250168	0.81954324	0.61446327	0.74805486	0.9069221	0.8265272	-1.029915	-0.995637	0.9735887	0.91381013	-0.91742676	1.2072847	-0.98050255	0.76261306	1.0818715	-0.6794403	0.8730222	-1.293473
-1.0537875	-0.87146676	-1.0887166	0.9812267	-0.95359164	-0.7829524	1.0572542	1.0909675	0.9870439	1.0710117	-0.9968654	-0.922175	-0.74796814	1.0685967	-0.9173391	-0.9580021	0.87596136	1.0700049	-0.94573724	-0.9244097	-0.99127674	-1.0516425	0.9372145	1.0799254	0.97189504	0.9650237	-1.0383172	-1.0922583	0.8836974	1.0380017	-0.9662136	0.960182	-0.78365874	-1.0147511	1.0531527	-0.8956874	-1.0415266	1.007008	-1.0622605	1.0809227	0.85139513	-1.0400581	-1.0291065	-1.1344676	-1.1509382	0.8957018	-1.079223	-1.0872663	0.7653908	0.9732504	-1.0958138	-1.0922554	-1.0707567	-1.0996417	-1.0279485	-0.8228425	1.0543109	-0.8854081	-0.85569906	-1.1032062	-0.99546164	1.0100766	1.0105243	-0.9407644	1.1094574	0.97277105	-1.0327984	1.0747787	0.87658256	-1.0906786	0.9899445	0.9802953	-1.1010076	-0.9435463	1.0524025	1.1206468	1.1240697	-0.98838055	-1.1001999	0.9979273	1.0291075	-1.0830814	1.0073289	0.95741683	1.0782602	0.95213234	1.1043291	1.1076093	-1.0249553	-1.0831639	1.0566657	1.0617151	-1.0714688	0.71783245	-1.0976645	1.0340202	0.9557515	-1.0685177	1.0681968	-0.88472605
-0.8886904	-1.1213607	-0.8308889	1.096345	-0.91329044	-1.2152287	0.788655	0.68044686	1.0959165	0.90474623	-1.0128744	-1.0783317	-1.3694715	0.7350256	-1.2360908	-1.1810735	1.1687961	0.9360175	-0.9685039	-1.0784639	-1.1403325	-1.029436	1.0976573	0.9455061	0.9881819	1.014661	-1.0661281	-0.78515553	1.2720273	1.05747	-0.98660666	1.1449724	-1.2833903	-0.5737948	1.0070331	-1.0677671	-0.6215784	1.0384701	-0.87413704	0.82894075	1.2390189	-0.8802702	-0.99467474	-0.8939111	-0.8310916	1.1952809	-0.6297383	-0.9093693	1.1888222	1.0029105	-0.680315	-1.0984567	-0.8212539	-0.97711444	-1.0359647	-1.1902007	0.9843282	-1.264536	-1.0366491	-0.9874195	-1.1042833	0.9239877	0.7298937	-1.0868329	0.8816675	1.1351404	-0.8197477	0.84443426	1.1213471	-0.97321624	0.8528043	1.0054475	-0.8842581	-0.9371065	0.8167273	0.77424675	0.8313631	-0.983362	-0.76292664	0.50553554	0.88608384	-0.59879655	0.99723125	1.0902189	0.6684398	1.1729345	0.9988127	0.8832464	-0.8169016	-0.8242844	0.8408373	0.8354866	-0.9935299	1.3852227	-0.8974015	1.078964	1.1768565	-0.54699945	0.84606576	-1.078969
-0.98596126	-1.0762619	-0.9139456	1.0555019	-0.89441717	-0.7965856	0.87874806	0.90450156	1.1453674	0.91002446	-0.8116539	-0.96394444	-1.1197608	0.8253096	-0.94981587	-0.9811088	0.9577363	0.97732294	-0.9021242	-0.9971178	-1.0236733	-1.0654423	0.9585218	1.0153971	0.90344083	1.0737977	-1.0686707	-0.8988802	1.0176848	1.0363504	-0.9888007	0.9580182	-1.0885425	-0.8233877	1.003433	-0.9332069	-0.7929385	1.0826826	-0.9079535	0.8563673	1.0062088	-0.86767864	-0.92084414	-0.95615053	-0.9947183	0.8576883	-0.7747948	-0.97249043	0.97186947	0.7831583	-0.8802615	-1.0524597	-0.9028236	-1.0390375	-0.93729806	-1.028854	1.0286592	-0.97998965	-0.8729131	-1.0368685	-1.0016484	0.9057199	0.85223275	-0.9614566	0.9708325	1.125329	-0.9728265	1.033793	0.96062243	-1.0335612	0.9692505	1.0325123	-1.0014014	-0.9353522	0.95196795	0.9491548	0.8531169	-0.9804438	-0.7503058	0.7053649	0.9868528	-0.8496002	1.0697587	0.97737724	0.87094814	1.1594306	1.0242949	1.0619355	-0.84111875	-0.8316164	0.925334	0.9159968	-1.0882125	0.9952461	-0.934211	1.0770557	0.97829175	-0.6920083	0.9027443	-1.0481333
-1.0701047	-1.0055499	-0.9609146	1.0584999	-0.99045753	-0.645879	0.805063	0.89923906	1.1317464	0.8023907	-0.79213685	-0.9940204	-1.039148	0.8734437	-0.8914987	-0.9719482	0.8864319	0.9820835	-0.8108162	-0.88376325	-1.0251812	-1.0161005	0.90495175	0.9632594	0.87452257	1.1046684	-1.084197	-0.9020606	0.9686531	0.9064081	-0.97806245	0.9204078	-1.027725	-0.760163	1.0125324	-0.86557424	-0.7667771	1.1017556	-0.9371232	0.8500318	0.9289153	-0.72682655	-0.7429546	-0.9540879	-0.8569756	0.83484966	-0.5904933	-0.9395717	0.90492207	0.7767194	-0.9968271	-0.92609257	-0.9046203	-1.0470512	-0.9454032	-1.0887626	0.8383394	-0.8318924	-0.7157969	-1.0456824	-1.0459427	0.8188622	0.8827151	-0.8326064	0.83417445	1.0127646	-0.9944454	1.0640562	0.9462169	-0.90702283	0.9933545	1.0024524	-0.9304656	-0.8725071	0.8522753	0.86220974	0.7584126	-0.93427813	-0.5180691	0.6545643	1.0232025	-0.9324173	1.0549413	1.0587878	0.94489783	1.224864	1.0346425	1.1609819	-0.731394	-0.6929874	0.85972774	0.85309297	-1.1450409	1.0186136	-0.9118827	1.0975982	0.95820785	-0.72261727	0.903872	-0.8682362
-0.58620435	-1.0440052	-0.9123389	0.95479	-0.80929416	-1.5048591	0.96465087	0.6329692	0.9491719	1.1128734	-1.249932	-1.2538718	-1.3640897	0.9115889	-1.1742145	-1.3523479	1.2254493	0.75316614	-1.2172428	-0.99142903	-1.2878405	-1.0016321	1.063391	1.0959783	1.2031469	0.72257644	-0.9422989	-0.8874268	1.4535426	1.0881569	-0.8361937	1.3365126	-1.1305292	-0.6714238	0.96979827	-1.2928606	-0.69767773	0.8190519	-0.78212523	0.71515757	1.4234012	-1.3275752	-1.3593603	-0.9628042	-1.0521545	1.2616193	-0.9617914	-1.0047431	1.407408	1.2564787	-0.44711673	-1.259422	-0.75098574	-1.0107257	-1.2404954	-1.1506054	1.1897081	-1.6058257	-1.367601	-0.74711597	-1.0448163	0.85217583	0.59161574	-1.4412245	1.2844268	1.128798	-0.61551774	0.68069875	1.3072833	-1.1939738	0.7391037	1.0413283	-1.1414864	-1.1177979	1.0200896	1.0056962	1.1567205	-1.1607335	-1.1930113	0.5798485	0.64302486	-0.59738886	0.8986514	0.72944814	0.42777383	0.73512346	1.013739	0.8104584	-1.1904571	-1.1986064	1.0069416	0.96834564	-1.0295119	1.336605	-1.0792137	0.88177985	1.2548678	-0.5894958	0.9481341	-1.443369
-1.1304473	-1.0521029	-0.9887081	1.07835	-0.9818719	-0.57839566	0.80051154	0.9166338	1.2695316	0.8054905	-0.70222324	-0.9745297	-1.1023968	0.88294774	-0.9054618	-0.9813717	0.8923092	1.06267	-0.8227191	-0.96980846	-1.0197552	-1.0983348	0.8615788	0.9996795	0.8372969	1.074393	-1.1330372	-0.97905904	0.94418055	0.99111706	-1.0663514	0.9409019	-1.0696877	-0.773932	1.1431323	-0.876012	-0.72878414	1.1499679	-0.9525297	0.969534	0.92956734	-0.7860129	-0.7795715	-1.0020424	-0.914809	0.7585635	-0.6238176	-1.0118449	0.86643404	0.702912	-0.9516567	-1.0301906	-0.9276591	-0.9672686	-0.8814959	-1.0310004	0.9146815	-0.8057602	-0.63944405	-1.118939	-1.0296897	0.8606019	0.9686764	-0.8587435	0.95049614	1.0806984	-1.063658	1.04435	0.9076447	-0.90796864	1.0739458	1.0058765	-0.937499	-0.8003231	0.90530974	0.8661433	0.65977424	-0.99005485	-0.58456486	0.6266133	1.1174171	-0.9668766	1.0297313	1.0747586	0.94758254	1.3026755	1.0575705	1.1681777	-0.63256866	-0.7563755	0.9749009	0.82915866	-1.1604438	0.966064	-0.91666216	1.1571554	0.9465663	-0.73148143	0.97605675	-0.8858328
-1.2725308	-0.8951262	-1.1616074	0.9673574	-1.0095773	-0.2240952	1.0135354	1.2598387	1.105601	1.0070417	-0.7458269	-0.8332197	-0.6280246	1.093625	-0.708228	-0.7616906	0.70545596	1.2476163	-0.8720439	-0.93474287	-0.8995865	-1.1742485	0.80382586	1.1004252	0.8334885	1.1933525	-1.17788	-1.1577169	0.61484826	0.99264145	-1.1219832	0.79550713	-0.8348985	-1.1404812	1.1892439	-0.7064778	-1.0566783	1.1256045	-1.1261467	1.1161274	0.61249167	-0.80400115	-0.7580848	-1.1866877	-1.0820541	0.5468514	-0.96072894	-1.1012654	0.5194109	0.66448325	-1.2752961	-1.0405688	-1.2382892	-1.0833945	-0.8410608	-0.8571471	0.9527234	-0.5178857	-0.5790916	-1.263319	-1.0554138	1.0030841	1.1353978	-0.68866205	1.0724075	1.0673085	-1.3044602	1.247442	0.7218216	-1.0169406	1.142927	0.9630571	-1.0171574	-0.8589151	1.0446864	1.1399169	0.91397464	-0.94353217	-0.7766869	1.086204	1.2302617	-1.2586317	1.1686019	1.0061774	1.1990229	1.2227234	1.1033971	1.2907525	-0.7778989	-0.8412905	1.1255727	0.94538695	-1.1890624	0.42234036	-1.1314057	1.1999516	0.9072942	-1.0502211	1.0502256	-0.7675238
-0.93251944	-1.1223177	-0.8677003	1.0600266	-0.8636452	-0.88615566	0.74595594	0.76880246	1.256447	0.85982335	-0.8174073	-1.0430838	-1.1876043	0.7549315	-1.0385935	-1.0882504	1.0716083	0.9350776	-0.84650666	-0.9582235	-1.0901012	-1.0225444	0.9903407	0.9438392	0.9743975	1.0008783	-1.1452799	-0.89205587	1.1727535	1.0809631	-0.9937475	1.0004718	-1.1639806	-0.60416615	1.1114273	-0.9987944	-0.58314526	1.0769684	-0.9167102	0.8595989	1.1231335	-0.78999573	-0.9063633	-0.9805897	-0.8449008	0.93490154	-0.5817126	-0.96570367	1.1072319	0.84399694	-0.7691174	-1.1078364	-0.8620609	-1.0035975	-1.0158343	-1.1574246	0.97968155	-1.0830982	-0.82745814	-1.0801036	-1.0121409	0.82448035	0.75122356	-1.0021358	0.99034023	1.1505582	-0.95260435	0.97976	1.0120168	-0.9158365	0.8809961	1.0268483	-0.9638374	-0.8539221	0.87260306	0.806	0.82868344	-0.9996469	-0.6105758	0.4623284	0.9641588	-0.77183896	1.0148191	0.98156327	0.7829826	1.1853071	0.9971672	1.1089543	-0.8053974	-0.7928606	0.93405074	0.87891114	-1.0323516	1.2073698	-0.8951585	1.1163127	1.1439393	-0.5553644	0.90538067	-1.0100775
-0.9328788	-1.0085759	-0.96179974	0.94779366	-0.86812705	-0.9864241	0.938948	0.8676666	1.04791	1.0375783	-1.0076678	-1.0735202	-1.0558633	0.8886811	-0.9686356	-1.0520966	1.0462679	0.8996331	-0.99690604	-0.95249397	-1.094475	-1.0717747	0.9389156	1.0884663	0.9712177	0.88276273	-1.0618106	-0.8805412	1.1597798	1.022903	-0.9168842	0.9774354	-1.0435307	-0.8464151	1.0289285	-0.9222479	-0.7840202	0.97895056	-0.93126893	0.8279316	1.0887188	-1.0551243	-1.0326418	-0.9782947	-0.93779874	1.0304068	-0.9085177	-0.98996234	1.0458249	0.9752739	-0.84545815	-1.1017755	-0.8721309	-1.0350395	-0.9274067	-1.022228	1.0952121	-1.1612614	-1.0035174	-0.9965478	-1.0512094	0.8307383	0.8373481	-1.0966768	1.1678689	1.0531014	-0.9202241	0.8891949	1.0203412	-1.0622259	0.9130787	1.00854	-0.9920876	-0.8623754	1.0050313	1.0121967	0.91509575	-1.0388857	-0.99052525	0.7802385	0.8906166	-0.8585975	0.9810519	0.9210069	0.7841669	1.0671891	1.00317	1.0382677	-0.88653165	-0.8775639	1.0813581	0.9367012	-1.0140723	1.0762138	-1.0059729	1.0507467	1.115035	-0.7380569	0.8704042	-1.0685687
-0.9981662	-0.80982757	-0.9911731	0.93372	-0.84544194	-0.7066521	1.0087985	0.9590955	0.9692777	0.95762295	-0.9192308	-0.8943927	-0.7603575	0.96942586	-0.7445965	-0.91179967	0.8738757	1.0165684	-0.8633811	-0.86704665	-0.9750537	-1.0688373	0.7800127	1.0431656	0.97759014	0.9610796	-1.0534542	-1.0734771	0.85721606	0.92660016	-0.9569885	0.9019952	-0.74671614	-0.87819654	0.9955797	-0.9180683	-0.94392586	0.9724712	-0.9794424	0.9878041	0.87559426	-1.0116357	-1.0015157	-1.1130694	-1.037428	0.7474525	-0.953904	-1.0096167	0.71558	0.8918849	-0.9258809	-1.077076	-0.99808645	-1.0874263	-1.0136368	-0.8425046	1.0318301	-0.8948191	-0.7930652	-1.0021857	-0.90685534	0.8695422	0.9981992	-0.957042	1.1387343	0.96851957	-0.95730877	0.999439	0.90767837	-0.9964863	0.9139712	0.9506388	-1.0404714	-0.8430542	1.0446155	1.0927405	0.96177113	-1.0146081	-0.9451892	0.893551	0.98100275	-1.05884	0.9906608	0.73212683	0.8527634	0.9767336	1.066294	1.0556674	-0.8786273	-0.95493865	1.0457318	0.9150454	-1.1000037	0.71284556	-1.0922346	0.9491388	0.9486246	-0.8370233	1.0344399	-1.0612923
-0.9980612	-0.9574704	-0.9560503	0.9694382	-0.9084313	-0.7071352	0.8121082	0.8586133	1.0655429	0.9609871	-0.84815305	-0.9392088	-0.94155437	0.93319744	-0.80301005	-0.95120424	0.8349179	0.9755789	-0.89711404	-0.876577	-1.001653	-1.1191	0.84578776	0.94782007	0.81036663	0.9883574	-1.0721443	-0.93469214	1.0076474	0.9471823	-0.95521814	0.91247374	-0.980935	-0.78543323	1.0758429	-0.793189	-0.7255769	1.0426811	-0.9245086	0.8779017	0.94077784	-0.90648264	-0.8696308	-1.0363493	-0.8909292	0.7823852	-0.80493116	-1.0178237	0.8887424	0.7721339	-0.86119	-1.0489146	-0.90076375	-0.91711444	-0.895709	-0.99612504	0.97236806	-0.9013434	-0.75362784	-1.0591159	-1.0219767	0.8974778	0.8721044	-0.95152223	1.0331854	1.0092012	-0.9733838	1.0058558	0.9091304	-1.0306969	0.9427712	0.90994364	-0.9103233	-0.8727052	0.9686168	0.8967004	0.8097955	-0.9994846	-0.7753508	0.74457264	1.0084431	-0.933851	0.9517629	0.926126	0.809183	1.1341319	0.99506944	1.0841203	-0.74882865	-0.7935611	1.0282179	0.9074893	-1.0811405	0.94010115	-1.0177939	1.0505347	0.97120947	-0.73903805	0.9913952	-1.0134453
-0.34269354	-1.1886324	-0.69862074	1.1076286	-0.8238717	-1.5728325	0.69219166	0.2584669	1.1637757	1.0740387	-1.211223	-1.285239	-1.57097	0.6888873	-1.2627096	-1.4804834	1.4078716	0.59619504	-1.1332091	-1.0138203	-1.388087	-0.91171396	1.1450895	0.9968226	1.1280642	0.83239603	-0.99360114	-0.62080044	1.6863996	1.215592	-0.90811616	1.3809751	-1.2667283	-0.21693458	0.9301103	-1.339013	-0.30157635	0.8649381	-0.66133815	0.48391044	1.6114256	-1.1633295	-1.3222876	-0.77977633	-0.8565713	1.4056236	-0.67338926	-0.8284297	1.5561075	1.2316945	-0.18148346	-1.2528248	-0.49665785	-0.9897165	-1.211431	-1.2807224	1.1518577	-1.6818446	-1.3984987	-0.6799245	-1.079435	0.6583315	0.3267552	-1.436353	1.0474269	1.2423722	-0.487146	0.50486577	1.4548947	-1.1282188	0.6798237	1.0990444	-1.0351576	-1.1060965	0.9177583	0.75665075	0.9432262	-1.2023367	-0.90859854	0.19737338	0.45173317	-0.16956031	0.9271226	0.8600233	0.16728595	0.88813454	0.9305751	0.70692474	-0.99138147	-1.0405225	0.8473921	0.8682118	-0.99516433	1.752848	-0.8846105	0.88738	1.3659127	-0.100210086	0.82713634	-1.4882078
-1.0528555	-1.1306988	-0.9197341	1.1310743	-0.99702513	-0.8504285	0.8256605	0.98392063	1.2475898	0.8692482	-0.8959395	-1.0934281	-1.1456913	0.91259277	-1.0723084	-1.0624698	1.0143046	0.9666882	-0.9059638	-0.97939694	-1.0772084	-1.0396489	1.0656284	0.9377183	0.93773085	1.0965362	-1.1641073	-0.9133547	1.0838586	1.0033816	-1.0292648	0.9863514	-1.1568264	-0.778156	1.0490742	-0.9814487	-0.8392733	1.1638026	-1.0379688	0.9774032	1.0310323	-0.83375186	-0.8974885	-1.0385613	-0.97578025	0.96712506	-0.68604314	-0.91732544	1.0518086	0.8427773	-0.95016056	-0.9957822	-0.9747236	-1.0702009	-0.957603	-1.1266408	0.95194775	-0.9757423	-0.8539059	-1.0702293	-1.1149178	0.95960104	1.0275123	-0.9478811	0.9256065	1.0965403	-1.0104494	1.106805	1.0865687	-0.9329631	1.0026027	1.0843308	-0.97505885	-0.90111	0.88940245	0.8732899	0.8326965	-1.0516826	-0.6660185	0.776866	1.0657091	-0.91220355	1.0884492	1.1631296	0.96262777	1.2513297	1.0759606	1.0486156	-0.8395165	-0.7722101	1.0013115	0.9173596	-1.0951481	1.1245936	-0.9063816	1.054052	1.1189855	-0.7359415	0.95635116	-0.9812459
-0.9497246	-1.1144644	-0.86097383	1.1167127	-0.8966872	-0.97913796	0.70185244	0.7454379	1.2479126	0.8887045	-0.912877	-1.0781578	-1.3672034	0.7577468	-1.0603253	-1.1376	1.0486134	0.9299566	-0.98315525	-0.9921852	-1.1676279	-1.0552764	1.0265065	0.9563736	0.9372674	1.100916	-1.1080326	-0.8280102	1.2816434	1.0955389	-1.0283647	1.1546874	-1.1622448	-0.5678934	1.091108	-1.1032245	-0.62324554	1.101608	-0.889001	0.8368123	1.1887825	-0.8475033	-0.9906076	-0.9619745	-0.9142343	1.0273435	-0.5322098	-0.8626936	1.1686965	0.82682204	-0.7654001	-1.0801042	-0.8146003	-0.98763466	-0.9994546	-1.1759318	0.9290023	-1.1416209	-0.93974704	-1.0121473	-1.0344845	0.7922615	0.76834387	-1.0679079	0.94247985	1.1869667	-0.85391647	0.9824059	1.1480544	-1.0225253	0.92011565	1.0613177	-0.9385343	-0.90155184	0.8863084	0.80597705	0.75438786	-1.1131756	-0.6934514	0.42293286	0.8819778	-0.70136756	1.0763897	1.075879	0.76483434	1.159085	0.97427183	1.0181526	-0.7375297	-0.7979812	0.94992924	0.8309019	-1.1570511	1.2443421	-0.8694325	1.1059418	1.1057013	-0.49565095	0.9047779	-1.1188934
-0.1844491	-0.9950571	-0.7683895	0.9070809	-0.729906	-1.649473	0.9756765	0.52179414	0.6514556	1.1570848	-1.2872227	-1.1914669	-1.2563555	0.8224995	-1.2447578	-1.3997583	1.3001617	0.5434762	-1.2966532	-1.0611812	-1.240725	-0.83739686	1.1359192	1.0638009	1.3145576	0.5416368	-0.73486376	-0.72476876	1.545418	1.1299714	-0.72804064	1.2830137	-1.083284	-0.689129	0.7341881	-1.325568	-0.66320693	0.5864187	-0.6829177	0.6324997	1.5299867	-1.3461524	-1.3864275	-0.88644797	-1.0368606	1.4459645	-1.1918687	-0.89186877	1.5338626	1.3707635	-0.22666958	-1.2132423	-0.63445795	-0.91725314	-1.2227666	-1.162971	1.1487483	-1.6101921	-1.5067694	-0.47576004	-0.93849206	0.8626881	0.46100718	-1.4721787	1.2885486	0.9939444	-0.3456024	0.45926946	1.296981	-1.1950169	0.57792366	1.0536164	-1.1344247	-1.1446815	1.0502692	1.0351933	1.2591822	-1.1590418	-1.4765714	0.75675195	0.43741897	-0.4066299	0.749476	0.60287905	0.19179122	0.31957906	0.9371268	0.49086332	-1.328937	-1.2363343	0.9750878	1.069113	-0.7643923	1.4982178	-0.9859421	0.5910984	1.2881786	-0.55994195	0.80875087	-1.5273768
-0.6701312	-1.0521474	-0.8064341	1.1294909	-0.81669897	-1.2980899	0.820195	0.5834193	1.1475922	0.9974225	-1.0763124	-1.1766684	-1.33957	0.7822272	-1.1233729	-1.2513067	1.1982932	0.78618705	-1.1213862	-0.9652908	-1.2961795	-1.0653783	1.0973194	1.0117602	1.0448279	0.8279493	-1.0476456	-0.79539305	1.3999839	1.0973297	-0.8827283	1.1984428	-1.2163365	-0.5137648	1.0177438	-1.2146734	-0.5497913	0.90887153	-0.7359364	0.70237786	1.3412474	-1.0671533	-1.172361	-0.9392199	-0.93507385	1.2302438	-0.74450815	-0.9464686	1.3645295	1.0379205	-0.4723051	-1.1679645	-0.68277615	-0.97702706	-1.110459	-1.2417703	1.0469487	-1.4284338	-1.190904	-0.8549361	-1.033138	0.7511866	0.6009205	-1.2595652	1.1040138	1.1826262	-0.6854166	0.72469217	1.2574439	-1.1223668	0.8264348	1.0512424	-1.1458414	-0.98410577	0.9810669	0.84560716	0.8659735	-1.1317511	-0.9316718	0.41139826	0.72265697	-0.4733876	0.97880995	0.851029	0.45378894	0.9485523	0.98890287	0.90745	-0.95048803	-0.9073242	0.9673722	0.8908261	-1.0335934	1.3799094	-0.91586244	0.9426157	1.1764989	-0.35555077	0.8338212	-1.3739656
-0.66670156	-0.95281714	-0.9044384	1.010061	-0.91764575	-1.3711067	1.0456653	0.7653829	0.8906395	1.1262274	-1.1885997	-1.1536926	-1.1613842	0.91435385	-1.1564237	-1.2229046	1.211607	0.78772604	-1.1598572	-0.9863257	-1.1482085	-0.9621563	1.0932454	1.0619364	1.10225	0.7547718	-0.9274235	-0.93725157	1.3750442	1.1219943	-0.8815079	1.2394745	-1.0393828	-0.7930736	0.9649344	-1.265506	-0.81567883	0.7551925	-0.8859178	0.8852492	1.3398087	-1.22811	-1.2682376	-0.9404773	-1.0257825	1.2387314	-1.0557001	-0.9476358	1.1823356	1.2289697	-0.65382046	-1.1176754	-0.7935635	-1.0245745	-1.2001791	-1.0217482	1.1477691	-1.4574665	-1.2659298	-0.86211944	-0.9419693	0.95710665	0.7426457	-1.2794286	1.1909999	1.045036	-0.6639366	0.7705056	1.1974792	-1.140679	0.8353053	1.0340136	-1.083301	-1.093348	0.98471934	1.042505	1.1943749	-1.0870554	-1.28594	0.7809945	0.80536	-0.77174336	0.84875447	0.7853024	0.6192175	0.73642504	0.9757951	0.78164196	-1.1486231	-1.2069317	1.0190028	1.0390182	-0.9834101	1.2276038	-1.0427057	0.90698165	1.2210535	-0.72015846	0.9751098	-1.3048528
-1.0262805	-0.9150552	-0.9694737	0.95170784	-0.92927635	-0.79116833	0.95000917	0.9713796	1.0347981	0.8915793	-0.8658043	-0.88500565	-0.88619834	0.96482074	-0.86022073	-0.8714197	0.9184169	0.97548366	-0.93188655	-0.8773516	-0.8999235	-1.0150971	0.8760871	0.9328449	0.99564785	0.96519035	-0.97262394	-0.9321807	0.8570126	0.9781343	-0.9614332	0.8882274	-0.98297745	-0.8871551	0.97965395	-0.912213	-0.8308496	1.0484302	-0.9224007	0.97883564	0.86452085	-0.85480994	-0.8772723	-1.022575	-0.99411994	0.8675848	-0.82118326	-0.99635655	0.82255477	0.8733871	-0.932073	-1.0113647	-0.9567875	-0.980502	-0.9135192	-0.9732895	0.90112334	-0.8597515	-0.8739081	-1.0489495	-0.94325906	0.95351785	0.93196815	-0.87813985	0.9921007	1.0176113	-0.9352266	1.0317208	0.9331287	-0.9804776	1.0196702	0.9140904	-1.0102191	-0.9387039	0.9235696	0.9155865	0.8253975	-0.9708645	-0.87674934	0.84520173	1.0166535	-0.9274478	0.9248774	0.9850953	0.98558223	1.076619	0.97527987	1.0579054	-0.85506105	-0.85183996	0.97238934	0.93390495	-0.97466123	0.79351896	-0.96559536	0.99676836	0.89345473	-0.82464945	0.9574665	-0.9130747
-0.6596028	-1.1341736	-0.84047836	1.1244642	-0.86135256	-1.268927	0.7335739	0.51540536	1.1588426	0.9787518	-1.0070696	-1.2255557	-1.4430633	0.73990613	-1.0902579	-1.2990491	1.1307712	0.7480768	-0.9741276	-0.99612546	-1.2927043	-1.0651131	1.1008126	0.9855762	0.99863476	0.9681918	-1.0842777	-0.7612951	1.4683588	1.1232204	-0.8965526	1.193186	-1.2436979	-0.37251872	1.0256349	-1.1801385	-0.5194497	0.99092585	-0.7363989	0.72172666	1.4054002	-1.0179595	-1.1096538	-0.9439271	-0.9878874	1.2263469	-0.61032635	-0.868747	1.3601373	1.0132989	-0.48466316	-1.1820005	-0.7274596	-1.0198094	-1.1107641	-1.2595316	1.069696	-1.366297	-1.1290702	-0.9374998	-1.0415148	0.74278945	0.64112735	-1.244142	1.0482737	1.1812944	-0.7386553	0.80548096	1.2453601	-1.1093208	0.8564992	1.036401	-1.0245845	-1.0021012	0.93519497	0.7763509	0.8760338	-1.1252129	-0.77550274	0.32224092	0.80534047	-0.46480012	1.0180535	0.8997759	0.45482725	1.1240959	0.96851915	0.869521	-0.8509226	-0.88249725	0.9221335	0.8163955	-1.0913273	1.4251997	-0.9824936	0.982509	1.2476826	-0.3422676	0.94136673	-1.3094699
-1.1187557	-1.1050347	-0.9896218	1.0953306	-0.8921481	-0.5464411	0.816682	0.87643355	1.3598559	0.9083449	-0.60566145	-1.0482628	-1.1523037	0.828031	-0.816929	-1.0236305	0.8550258	1.0183107	-0.8172819	-0.8580889	-1.0958366	-1.236509	0.85413575	0.95432615	0.7605264	1.1606166	-1.3157072	-0.90355265	1.0574056	1.0042208	-1.1163906	0.95577514	-1.1445972	-0.5914336	1.1754204	-0.8523036	-0.5959488	1.1154318	-0.97180235	0.92317724	1.0309491	-0.7860427	-0.6962126	-1.1450002	-0.91820097	0.7470113	-0.5024667	-1.0070833	0.86371523	0.67427003	-0.9416798	-1.1247003	-0.8971299	-1.047031	-0.8462664	-1.0780684	0.98638207	-0.88550085	-0.6525286	-1.2644839	-1.108561	0.8494411	0.9728937	-0.8586805	1.0332662	1.1582103	-1.1382929	1.1048738	0.94440806	-1.0596248	0.99860984	1.0100894	-1.0328875	-0.7207799	0.9483032	0.80068797	0.6411767	-1.0412982	-0.43399274	0.4871684	1.1463403	-0.88740844	1.1952771	1.0236644	0.8882764	1.3757278	1.1113865	1.3123957	-0.5573673	-0.67859185	1.0151098	0.76499146	-1.2395215	0.99603754	-0.948811	1.216088	1.0216738	-0.5362746	0.9419678	-0.9805643
-0.6563149	-0.9229308	-0.8306411	0.9223199	-0.74618936	-1.1685092	0.9846603	0.6834126	0.8664315	1.0601143	-1.0416116	-1.0232385	-0.9863255	0.8771589	-0.9812778	-1.115658	1.0649041	0.7478926	-1.0700076	-0.9149273	-1.0841783	-1.0088296	0.9165969	1.0527014	1.079018	0.7126443	-0.89698404	-0.83761173	1.2614049	0.9719572	-0.769981	1.0715919	-0.8327834	-0.6731739	0.8899542	-1.1198353	-0.70285326	0.7658159	-0.7671592	0.74887425	1.1811975	-1.1486884	-1.1568477	-0.9565792	-0.9647282	1.1150166	-0.9531564	-0.98270404	1.1566657	1.0320498	-0.5852325	-1.1877998	-0.8046286	-0.935284	-1.03169	-0.96315587	1.0999286	-1.2672457	-1.1377465	-0.7499665	-0.8666215	0.88318413	0.7071845	-1.2123927	1.162193	0.98694736	-0.628619	0.7292583	1.0872651	-1.1221788	0.78317565	0.9005123	-1.1576623	-0.93797314	1.0614887	0.9818886	1.0676941	-1.0346581	-1.156089	0.68153024	0.7449019	-0.68780476	0.87962	0.6301813	0.56285787	0.70470864	1.0378615	0.85017955	-1.1068907	-1.1351951	0.97850615	0.99496806	-0.91751814	1.0723274	-0.9757719	0.7749672	1.1279689	-0.6675568	0.8837001	-1.3371037
-0.8761343	-0.8537885	-0.9853688	0.93582535	-0.89664376	-0.9596788	1.0437964	0.89361453	0.94841564	1.0983897	-1.0987018	-1.0388598	-0.79172593	1.099715	-0.8386178	-1.0152113	0.9644415	0.955558	-1.0289409	-0.9344659	-1.13833	-1.0414623	0.8347882	1.1073986	1.081427	0.7593615	-0.90974784	-1.0921658	1.0290222	1.0517223	-0.9103389	1.1113396	-0.69514495	-0.9251103	0.9743709	-1.048682	-0.8938955	0.88929737	-0.9823283	0.9990153	0.99277943	-1.1660769	-1.1668334	-1.1642971	-1.1076894	0.9998953	-1.1229308	-1.1761713	0.87247103	1.1086999	-0.8391143	-1.117875	-1.0468726	-1.1242023	-1.1366495	-0.8930171	1.093014	-1.1748211	-1.1574142	-0.91444916	-0.8140047	0.90115094	0.88844466	-1.1207864	1.2356452	0.99532866	-0.8535298	0.96674836	1.0335493	-1.1831967	0.9124367	0.96372795	-1.1965296	-0.9753027	1.1337973	1.1813811	1.1862515	-1.0633726	-1.1774017	0.931252	0.8862042	-0.9852965	0.9715489	0.7186101	0.77416945	0.81212306	1.0762246	0.9529363	-1.102294	-1.2240819	1.060192	1.1092407	-1.0082788	0.7578841	-1.1321647	0.9316605	0.9610911	-0.997972	1.0349578	-1.2233174
-1.2535776	-1.118035	-1.092795	1.1568863	-1.0631522	-0.59990424	0.86179674	0.996482	1.2731588	0.8895496	-0.8613606	-0.9585518	-1.0274433	0.90050006	-0.91887295	-0.9473217	0.8935624	1.1433413	-0.87541527	-1.030238	-0.9879475	-1.1770226	0.9841139	0.95363504	0.8854435	1.1561834	-1.1910839	-0.9837684	0.9252869	1.0526577	-1.1791439	0.95746535	-1.1197692	-0.8612569	1.1146779	-0.80993646	-0.865906	1.2236086	-1.0266289	0.9799444	0.882586	-0.79854286	-0.7734227	-1.0780064	-0.92945933	0.8149683	-0.65623826	-1.0100261	0.85195804	0.7831122	-1.1358805	-1.0567254	-1.091632	-1.0454082	-0.9311688	-1.0421188	0.87236094	-0.79767764	-0.7012941	-1.2051601	-1.0798016	0.98524934	1.0756763	-0.7657224	0.94508135	1.1416063	-1.2019825	1.1863086	0.9648647	-0.97336984	1.1523023	1.0476216	-0.92112446	-0.86900574	0.9343197	0.8654127	0.7108076	-1.0351954	-0.5833429	0.7055256	1.1523137	-1.0194904	1.1406894	1.131949	1.0901951	1.3334157	1.1166288	1.2505355	-0.75866216	-0.82354146	0.9944156	0.9294511	-1.2096164	0.9285563	-1.019007	1.1994501	0.99055123	-0.7981585	1.0307196	-0.83585334
0.023117037	-0.76085824	-0.6955416	0.654514	-0.6807452	-1.867068	1.1986414	0.42313382	0.2283409	1.2695138	-1.5153118	-1.1701766	-1.0745769	1.016539	-1.2617898	-1.3649019	1.3357227	0.43083695	-1.4356179	-0.9634033	-1.2454724	-0.68489003	1.215062	1.1312726	1.4670498	0.19629017	-0.34365356	-0.6962113	1.4621296	0.96144015	-0.42112496	1.3089384	-0.7945728	-0.84152246	0.5504821	-1.5136629	-0.9259191	0.22813636	-0.6531453	0.74336404	1.5216548	-1.5153856	-1.5011395	-0.8613881	-1.1457565	1.5660378	-1.5358125	-1.0370982	1.5192268	1.5462816	-0.2130422	-1.1202285	-0.592662	-0.90885514	-1.242248	-1.0342822	1.2292998	-1.700402	-1.7290492	-0.13135539	-0.8224518	0.9466374	0.45068762	-1.6505808	1.3811646	0.86898696	-0.061655115	0.14706555	1.2937107	-1.2330267	0.37060037	1.0597931	-1.2223245	-1.350028	1.1193873	1.142026	1.5740153	-1.1473237	-1.739357	1.151748	0.28786662	-0.43691438	0.4130758	0.37122488	0.16148902	-0.119797885	0.8316947	0.173645	-1.6349919	-1.5468104	1.0714035	1.2277308	-0.5382354	1.3504316	-1.0835507	0.2387273	1.2438054	-0.8929951	0.7848616	-1.6482165
-1.1415461	-1.1000941	-1.0574217	1.1872131	-0.9521144	-0.63378817	0.85752517	0.9970672	1.3628864	0.9765544	-0.7926576	-1.0197071	-1.1410351	0.8901396	-0.88525814	-1.0025885	0.910643	1.038122	-0.8639754	-0.95713	-1.1355178	-1.1984301	0.9435749	1.0726281	0.8829425	1.1306936	-1.2670274	-1.0220399	1.0707978	1.0588204	-1.0369555	1.0050491	-1.1381532	-0.7798604	1.1521299	-0.8321031	-0.7806838	1.1946402	-0.9977209	0.91598773	0.96539474	-0.85111696	-0.86569506	-1.1015493	-0.99239814	0.8352576	-0.63334954	-1.0307468	0.9264955	0.68898505	-0.9754876	-1.1158952	-0.9756265	-1.153699	-0.94862205	-1.1181098	0.9878545	-0.9187322	-0.74624145	-1.1612473	-1.052838	0.91012144	0.95318943	-0.95227003	1.0118344	1.1995366	-1.1265994	1.1502943	1.0066322	-1.0409067	1.0551535	1.0414159	-1.1013296	-0.834379	1.0071179	0.9682262	0.79422	-1.1191224	-0.63327825	0.5794808	1.1757699	-0.92065626	1.110873	1.0353944	0.9584468	1.3716117	1.0721774	1.2036438	-0.6920857	-0.78669214	1.0654359	0.8858678	-1.227693	1.051202	-1.0960951	1.1623238	1.0719134	-0.616789	1.0431399	-0.9706015
-1.1203406	-1.2315063	-0.9851798	1.3304094	-1.059693	-0.9251898	0.71505	0.8695595	1.4842032	0.8227053	-0.85079217	-1.1553507	-1.4215889	0.77417773	-1.2185678	-1.2365588	1.180999	1.0661628	-0.94005483	-1.1297933	-1.2697672	-1.1161121	1.1644429	0.9964942	0.99305254	1.2515856	-1.2992332	-0.8471312	1.2899083	1.1312989	-1.1607889	1.1387544	-1.3272746	-0.5780242	1.2106128	-1.1044955	-0.69119465	1.2839198	-0.94675845	0.9009904	1.1712319	-0.7628598	-0.9068044	-0.9648916	-0.9674033	1.0438061	-0.4394072	-0.9956267	1.2509764	0.8503913	-0.91979504	-1.1003011	-0.8951977	-1.1343659	-1.0540067	-1.263373	0.92296743	-1.0546098	-0.9235152	-1.2354504	-1.2310574	0.8903937	0.93612736	-0.9547561	0.80517703	1.2563231	-1.1387161	1.0989436	1.227396	-1.0007902	1.1459274	1.2332981	-0.9116653	-0.94931084	0.84015006	0.74385077	0.656625	-1.1777717	-0.4133293	0.5491528	1.1490271	-0.7513628	1.130766	1.2037194	1.0014136	1.4062154	1.0562536	1.2256371	-0.6274818	-0.7767756	0.9360629	0.86385036	-1.2281084	1.3808688	-0.9819753	1.2572663	1.1588812	-0.54705364	0.99566287	-0.9959841
-0.80676675	-1.0185375	-0.94514596	1.0543305	-0.80364156	-1.1597666	0.82884276	0.72261375	1.137823	0.9645784	-0.9688884	-1.147427	-1.2530347	0.8747215	-1.0937372	-1.1920336	1.1509335	0.8576246	-1.0195312	-0.9691804	-1.1840965	-1.078336	0.9489672	0.9445899	1.0732621	0.93398666	-0.9947856	-0.9028618	1.2565656	1.0894134	-0.9242008	1.1549599	-1.0470484	-0.65456915	0.9746149	-1.0844468	-0.6517629	0.93424314	-0.81383723	0.7984747	1.2403367	-1.0904645	-1.1197902	-0.98016316	-0.99497545	1.1105185	-0.78612036	-0.95814145	1.1424865	1.0061921	-0.6481578	-1.1664244	-0.79367805	-1.0463353	-1.08046	-1.0575148	1.1115118	-1.2980895	-1.0839053	-0.8934634	-0.97663003	0.83367485	0.66485286	-1.2458911	1.0832304	1.112057	-0.78852355	0.79060286	1.1761744	-1.0520927	0.8680089	0.96750677	-1.1084642	-0.9919323	0.96278274	0.8497039	0.9766596	-1.1061363	-0.88748336	0.59333366	0.8407957	-0.7160222	1.0327767	0.8718288	0.5976926	1.0146104	0.9658487	0.89413327	-0.9680003	-0.95771474	0.92127186	0.9029664	-1.0790298	1.1766909	-0.9474819	0.9699331	1.1410041	-0.59036475	0.8958937	-1.2382698
-0.3430093	-1.0880575	-0.74331737	0.9845163	-0.86040676	-1.5995052	0.97643864	0.54478824	0.77660745	1.1206703	-1.3717145	-1.2065547	-1.455707	0.8521305	-1.3520714	-1.4027263	1.3760878	0.6024362	-1.241319	-1.0289224	-1.3068733	-0.9013836	1.2772858	1.0360096	1.2557669	0.72076946	-0.77607715	-0.7292445	1.534507	1.1921667	-0.8225431	1.3987305	-1.2536379	-0.6320534	0.83179945	-1.3336022	-0.6565222	0.67428404	-0.7275154	0.70280623	1.6229612	-1.3774891	-1.3606491	-0.8564597	-1.0368483	1.5173004	-1.0948592	-0.88386285	1.5802519	1.3041731	-0.3207943	-1.1830602	-0.6498602	-1.0004838	-1.2060583	-1.2379848	1.2414728	-1.6465477	-1.5062878	-0.5621549	-1.0773389	0.9495916	0.5503827	-1.4608061	1.1618081	1.1341937	-0.45605385	0.5368552	1.4073932	-1.164553	0.61973387	1.0959797	-1.1290289	-1.2210392	1.0518082	0.8990485	1.2297384	-1.1423081	-1.3126116	0.72229284	0.565579	-0.34407613	0.82289374	0.78883535	0.35616046	0.5613832	0.9854294	0.54450583	-1.2333736	-1.2018523	0.99536145	1.002191	-0.8266901	1.528403	-0.9911207	0.67333806	1.3146663	-0.5641509	0.81956047	-1.5511683
-0.92917603	-1.0517746	-0.8741934	1.0306582	-0.94878757	-1.0716403	0.7239371	0.7485302	1.1905767	0.907659	-0.9332296	-1.0199823	-1.2920787	0.76346135	-1.0506817	-1.1387162	1.0600157	0.8510477	-0.9697035	-0.9398368	-1.0845507	-1.0475837	0.9851776	0.9825774	0.96579534	1.0181652	-1.1180378	-0.7859105	1.1776356	1.0272131	-1.0141654	1.1093326	-1.192327	-0.5522428	1.0749383	-1.0701144	-0.6672262	1.0544071	-0.82339567	0.74660766	1.1533871	-0.8679871	-0.9100938	-0.9095823	-0.8185159	1.0105407	-0.6833837	-0.9044216	1.1211543	0.9080512	-0.7805597	-1.043641	-0.7939166	-0.94650996	-1.0248153	-1.1077272	1.0107452	-1.1629932	-0.99029243	-0.9801698	-1.0748371	0.7939395	0.79768574	-1.0198104	0.94294274	1.094772	-0.815551	0.93490875	1.0934856	-0.92992616	0.9236584	0.99645215	-0.92233396	-0.9175862	0.85320663	0.785803	0.75911146	-0.98575985	-0.7329985	0.51007354	0.9302331	-0.6622051	0.9644172	0.97260195	0.7431249	1.215125	1.0320835	0.9496816	-0.84506214	-0.79044497	0.955313	0.9117281	-1.0576836	1.2965844	-0.9062348	1.0270253	1.1498863	-0.45951322	0.90169954	-1.127372
-0.9958978	-1.0967256	-1.0051979	1.155769	-0.8378741	-0.87035483	0.83617264	0.8739224	1.3017827	0.89091283	-0.7888276	-1.1134869	-1.2333359	0.84141093	-0.96543723	-1.1032833	1.0430113	0.9994622	-0.8716268	-0.92494285	-1.1283814	-1.0904818	0.94358385	1.0307964	0.9444109	1.0904549	-1.1597714	-1.0049783	1.1108416	1.0934156	-1.0158077	1.060976	-1.0832831	-0.6934377	1.1081	-0.96451044	-0.66987115	1.1178514	-0.86801696	0.87910575	1.1048009	-0.90016466	-0.9274378	-1.0001065	-0.9036815	0.9422553	-0.68805534	-1.0028014	1.0553018	0.8348728	-0.82655	-1.160137	-0.8669161	-1.0025626	-0.98181975	-1.1665365	1.0454665	-1.0918779	-0.8173231	-1.0303593	-1.0892979	0.819633	0.8814333	-1.0448401	1.0121382	1.1967423	-0.9648459	1.0234362	1.09755	-0.9789111	0.98646766	1.0107462	-1.0286092	-0.8551401	0.9189425	0.8377805	0.7812106	-1.0672511	-0.67542535	0.548057	1.0074055	-0.8120609	1.0490823	0.9864191	0.8656361	1.2531974	1.0817001	1.1148196	-0.7384615	-0.8121524	0.97788835	0.848411	-1.1969967	1.0911329	-0.91500646	1.1478572	1.0638493	-0.5703932	0.91921085	-1.0796785
-1.1172693	-1.0840675	-1.0114427	1.0957601	-1.0674126	-0.8335524	0.9431081	0.9820043	1.1721787	0.96461844	-0.94284075	-1.0514579	-1.0558392	0.934219	-1.0712168	-0.99507415	1.0426635	1.012545	-0.95976454	-1.0661665	-0.9921256	-1.0458993	1.0109982	0.947507	0.96098006	1.1176369	-1.156717	-0.9457915	1.004326	1.039377	-1.14539	1.0095905	-1.1369835	-0.873667	1.0801343	-0.9180895	-0.90282685	1.114963	-1.0482982	0.9707729	0.9381915	-0.89920807	-0.8585164	-1.0014694	-1.0078726	0.9845143	-0.7966673	-0.97770506	0.93877196	0.8268582	-1.0758781	-1.067461	-0.96821517	-0.98488736	-0.95533407	-1.1037848	0.8966578	-0.8916276	-0.83011043	-1.1174377	-1.1149771	0.9815491	1.0390441	-0.9535449	0.8676917	1.0674944	-1.0837666	1.1048534	0.93924993	-0.94158554	1.0464818	1.0115808	-0.9313999	-1.0018076	0.93475103	0.9145285	0.79684335	-1.0125242	-0.7885727	0.80041397	1.0747052	-1.0034741	1.0561781	1.1612879	1.0555421	1.2572649	1.0397105	1.1411647	-0.8565547	-0.82013094	0.94509935	0.9851653	-1.0795834	0.9536757	-1.0065632	1.1900524	0.97723216	-0.9353325	0.9676018	-0.8210061
-0.8913979	-1.1196383	-0.8752831	1.1191368	-0.96100557	-1.0509262	0.876887	0.8367892	1.0387872	0.925635	-1.0004557	-1.1303959	-1.1976029	0.9219912	-1.0984745	-1.1196346	1.1252165	0.8919499	-0.98200315	-0.9692737	-1.1651772	-1.0506827	1.098623	1.0153619	1.0352939	1.0239977	-0.99667954	-0.84207976	1.2076296	1.0943396	-1.0013635	1.136242	-1.1551809	-0.75449824	1.045837	-1.038041	-0.71489054	0.9690946	-0.9154156	0.82423264	1.1718022	-0.94761217	-1.0970472	-0.91662455	-0.9726936	1.1110613	-0.8059744	-0.93654716	1.2123882	0.94591135	-0.7826556	-1.0769564	-0.7990308	-1.098632	-0.9898015	-1.1184295	1.0487628	-1.1233833	-1.0844785	-0.89705664	-1.0930467	0.92125773	0.8246786	-1.1771929	1.0376784	1.083446	-0.8523685	0.8818981	1.0924371	-0.9936417	0.9394544	1.1093322	-1.0164646	-1.0422662	1.0004091	0.9369919	0.9212427	-1.0316954	-0.87184876	0.7535682	0.92687064	-0.72282094	1.0359268	0.9865886	0.7418491	1.0249202	0.96253407	0.9113348	-0.9165179	-0.94880223	0.9136781	0.8658148	-1.0449164	1.2395002	-0.91392493	1.0019882	1.1665707	-0.6449304	0.9622384	-1.1639963
-0.7317379	-1.0882363	-0.89372396	1.0126724	-0.85516334	-1.1690145	0.81976146	0.7010701	1.0520133	0.98259276	-1.0095901	-1.1400186	-1.2547098	0.78038085	-1.1028079	-1.1838624	1.1098084	0.79125947	-1.063963	-1.0377733	-1.1538745	-1.020023	1.0573236	1.0331485	1.1277584	0.8772516	-1.0198677	-0.86865467	1.2894233	1.1114018	-0.9198999	1.1689247	-1.1799904	-0.6392717	0.9390739	-1.1528208	-0.64210826	0.9548656	-0.8450406	0.8137197	1.2950543	-1.0747539	-1.1745474	-0.8872918	-1.0348	1.1425811	-0.8275718	-0.9121657	1.2861272	1.0829349	-0.6272141	-1.1153494	-0.72985435	-1.0221	-1.0823994	-1.1100795	1.1346563	-1.3083007	-1.1038406	-0.8051993	-0.96240133	0.8973136	0.74048185	-1.1836025	1.0668141	1.1388913	-0.75598145	0.7907858	1.1958601	-1.1133013	0.87285185	1.0407017	-1.0141308	-0.9782923	0.97536284	0.90802735	1.0172722	-1.1013591	-0.91527975	0.6148261	0.746219	-0.613429	0.9889567	0.8992581	0.5425194	0.9174718	0.96760046	0.82905555	-0.95413023	-0.9880566	1.016082	0.9640634	-1.0462835	1.2695193	-0.9367454	0.94979554	1.1653932	-0.5822264	0.89429134	-1.3333006
-0.911907	-0.7990593	-1.0189316	0.85012597	-0.8924838	-0.8665429	1.0603871	0.9321731	0.88995826	1.0648632	-1.0190274	-0.98592037	-0.77426153	1.0673031	-0.83389556	-0.9419391	1.0030911	0.9414197	-1.0659574	-0.90042007	-0.998006	-1.0357436	0.84659696	1.018897	1.1224264	0.8927085	-0.9777623	-1.1034238	0.97117114	1.0393193	-0.88420004	0.9778286	-0.7036586	-0.9843395	1.0165038	-1.0518978	-0.98614526	0.8887841	-0.97612375	1.0435286	0.8982155	-1.1676804	-1.1397753	-1.136195	-1.1409875	0.8740828	-1.006937	-1.0722164	0.8041729	1.0414643	-0.9341622	-1.060771	-1.006502	-1.0703723	-1.044975	-0.7628467	1.1122825	-1.0401661	-1.0340261	-0.9727948	-0.8166106	0.94765633	0.90965843	-1.015612	1.224093	0.93769747	-0.9782404	0.9138295	0.88076156	-1.1115996	0.93759817	0.88793975	-1.1148162	-0.90359795	1.0454648	1.093801	1.0845222	-0.97484463	-1.1724061	0.9992041	1.0100029	-1.0398492	0.9769048	0.8012989	0.84292567	0.77633244	1.0750905	0.98737866	-1.0978447	-1.1559927	1.0831196	1.0776361	-1.0540422	0.65960866	-1.0183959	0.9448206	0.97182107	-0.95133364	1.0772643	-1.0352159
-1.1331552	-1.1288105	-0.9726933	1.1744304	-0.9715274	-0.8064564	0.77970064	0.90208477	1.3311808	0.8752806	-0.8539906	-1.1362807	-1.239569	0.87506133	-1.012299	-1.1115161	1.0155398	1.0326473	-0.920784	-1.0324682	-1.1459372	-1.1274625	1.0123402	1.015534	0.93426335	1.213505	-1.2433981	-0.96363425	1.0711536	1.1207721	-1.1067828	1.0524135	-1.1261125	-0.74615306	1.1910181	-0.98871434	-0.70553595	1.2015008	-0.9867537	0.91542834	1.0450379	-0.82152003	-0.885346	-1.0746702	-0.9356586	0.96705717	-0.5896558	-0.9881478	1.0561855	0.8723825	-0.9939233	-1.1144657	-0.96167815	-1.051768	-1.005203	-1.1490893	0.9288847	-0.9439633	-0.81682044	-1.1894983	-1.1347518	0.9567762	0.91422623	-0.96745855	0.8882579	1.173986	-1.0728406	1.0316259	1.0758649	-0.98461634	1.0611551	1.1062894	-1.0030595	-0.9425687	0.97357816	0.8913461	0.7526624	-1.1125996	-0.6175886	0.5526801	1.121493	-0.93847835	1.1020304	1.1348058	0.98184896	1.3446636	1.058802	1.156218	-0.69731575	-0.8037507	0.92864466	0.9424108	-1.2159934	1.1264895	-0.9204448	1.1949143	1.0516946	-0.6904092	1.0534306	-0.9969583
-1.103322	-0.8760651	-0.99891233	0.9005359	-0.864423	-0.41293567	0.9515153	1.0591611	1.0009314	1.0006088	-0.81338173	-0.8081575	-0.64770883	0.98205346	-0.7672723	-0.72491133	0.7637654	1.0167623	-0.81834835	-0.86644995	-0.83138156	-1.0682088	0.83955896	0.96625495	0.8418356	0.9532627	-1.0261108	-1.0652994	0.6270491	0.891064	-0.9682543	0.77952814	-0.6719215	-0.9698142	1.050707	-0.8283215	-0.9576832	0.9855607	-1.0003937	0.99811834	0.6691148	-0.8740595	-0.8147155	-1.11062	-0.94103426	0.5773286	-0.92661095	-1.0892705	0.57873046	0.7206402	-0.9841029	-0.96996063	-0.9992919	-0.9759832	-0.9152782	-0.7192995	0.96453	-0.6915407	-0.6828089	-1.0374888	-0.8309965	0.9492616	1.0674115	-0.82014745	1.104403	0.8630651	-1.0802387	1.064857	0.6691738	-1.0478516	0.98567486	0.92663205	-1.00632	-0.7837969	0.96067876	1.095495	0.97426015	-0.9016457	-0.91614825	0.9014779	1.0713532	-1.104563	1.0419037	0.8301381	0.9725353	1.0336442	1.0760584	1.1456405	-0.8468938	-0.96025145	0.976388	0.9854134	-1.0726589	0.44704536	-0.9992327	1.0484215	0.8513132	-0.9204634	0.9821866	-0.7880028
-1.0091581	-1.031355	-1.026566	0.9652131	-1.0271964	-0.85021806	0.9381407	0.9005411	0.98296803	0.9771565	-0.99173385	-0.9533441	-0.94800323	1.0426362	-0.967613	-0.9779724	0.9590022	0.99151963	-1.0172658	-0.9659052	-1.0419992	-1.0241576	0.9462881	1.0373524	1.0109245	0.966132	-1.041142	-1.0219674	0.96993154	0.9580947	-1.0570782	0.98739225	-0.9313715	-0.89597154	1.0608113	-0.993073	-0.924013	1.0258858	-0.9555537	0.98486316	0.9417189	-1.008659	-0.9543939	-1.0786963	-1.0538939	0.9756792	-0.9514582	-0.98127323	0.9489559	0.9402515	-0.94320685	-1.032738	-1.0246079	-1.0293761	-0.9338146	-0.95267534	1.0313025	-0.9235242	-0.91098386	-1.0007306	-1.0158976	0.9844825	0.998946	-1.0029275	1.0258027	1.0216849	-0.96876836	1.0316137	0.9335836	-1.0207347	1.0360055	1.0433395	-1.02361	-1.0400387	0.99086535	0.9938424	0.99875456	-1.0578477	-0.9172711	0.91960037	0.98576903	-1.0125169	1.0088776	0.9518487	0.93221986	0.9305383	1.0186656	1.0503782	-1.013791	-1.020893	1.0220956	1.014647	-1.0008298	0.78934914	-1.0034866	1.0094324	0.9732186	-0.99496496	1.0553187	-0.9764695
-1.1062317	-1.0256171	-1.1291809	0.9491407	-1.0388039	-0.56475097	0.95648825	1.0770403	1.1004245	1.0339663	-0.8472768	-0.95248836	-0.81877863	1.0528817	-0.8221502	-0.93579674	0.9103389	1.0788637	-0.9074328	-0.9633718	-0.9184696	-1.1214744	0.9701771	1.0485651	0.95284885	1.1206415	-1.1112292	-1.1242388	0.7945264	0.95550424	-1.0413432	0.89655614	-0.9290013	-1.0013222	1.0651264	-0.91100144	-0.99687374	1.0906852	-1.163968	1.1061617	0.8471173	-0.9279163	-0.8330382	-1.087751	-1.0015641	0.7856289	-0.8990977	-1.1114155	0.7737734	0.8847734	-1.1002882	-1.0885806	-1.1188183	-0.98304725	-0.99472135	-0.9014019	0.988899	-0.7412462	-0.7808995	-1.2029976	-0.96886235	1.0189862	1.0510473	-0.8950353	1.084157	0.987392	-1.085543	1.1044494	0.84261554	-1.0500847	1.1029247	1.0321252	-1.0647591	-0.9011182	1.0745374	1.0851054	0.8912789	-1.0587496	-0.8673459	0.9751475	1.0913057	-1.1255578	1.0981821	1.0712639	1.0884298	1.105481	1.0615762	1.2032346	-0.89072955	-0.96236295	1.1072785	0.9776051	-1.1187177	0.71253544	-1.086014	1.1020707	0.8908794	-0.97432876	1.0104905	-0.789937
-0.803127	-1.0142549	-0.871132	0.99798435	-0.8889787	-1.0739315	0.8767975	0.80290323	1.030227	1.0416266	-1.0363415	-1.1371528	-1.158408	0.8337456	-1.0219916	-1.1095345	1.0608981	0.89206636	-1.0229346	-0.9915785	-1.1005892	-0.9799387	1.0671806	1.0330459	1.0470428	0.9104623	-1.0078983	-0.8844854	1.1898248	1.0118043	-0.9486056	1.1122439	-1.0987084	-0.7795431	0.9960098	-1.1068769	-0.70798767	0.9480651	-0.8848226	0.8610924	1.2167281	-1.0891073	-1.0744056	-1.0293778	-0.93695664	1.0996461	-0.8430788	-0.9560016	1.1119243	0.9764546	-0.7845388	-1.0494249	-0.8550261	-1.0655975	-1.0863987	-1.1098124	0.97178423	-1.1345958	-1.0990856	-0.915673	-1.0309893	0.874139	0.7334372	-1.1194563	1.0619785	1.0499954	-0.81471926	0.81814206	1.1399628	-1.0171793	0.8652716	1.0536393	-1.0527505	-0.98655623	0.9553232	0.8792688	0.9563862	-1.0329058	-0.9343786	0.6720663	0.9287544	-0.80616456	1.0026485	0.95858145	0.7710988	0.99515754	0.9894879	0.90334356	-0.9889285	-0.98410577	0.9590202	0.91540956	-0.9594811	1.1920007	-1.0103962	1.0014371	1.1209699	-0.7113117	0.8843956	-1.1578122
-0.8801142	-0.9954768	-0.9067022	1.0049284	-0.8251664	-0.9320058	0.93431306	0.88445485	0.9239744	0.9894485	-0.9323061	-0.96013564	-0.96587706	0.94639534	-0.9853161	-0.9866351	1.0134963	0.9363435	-1.0041021	-0.99303687	-1.0097013	-0.9595505	0.95411634	0.9893652	1.0085638	0.905145	-0.9899414	-0.97840977	1.0114304	0.95238143	-0.8740988	0.97953874	-0.9128643	-0.8566102	0.9639661	-1.0162423	-0.8629849	0.92543805	-0.9062432	0.9197159	0.9996668	-1.041024	-1.0076885	-0.97937894	-1.0101548	1.008233	-0.9469515	-0.9675931	0.99420685	0.9609905	-0.83447605	-1.0340488	-0.92650837	-1.0044625	-1.0310085	-0.99447393	1.0555661	-1.0825245	-1.0091891	-0.9540483	-1.0129949	0.9196229	0.85557854	-1.0685127	1.0245283	1.0426526	-0.8637996	0.8935001	1.0053015	-1.061283	0.8885257	0.9418802	-1.0728531	-0.9701603	1.0081019	1.0100142	0.999166	-1.0622677	-0.96936977	0.8492524	0.8903545	-0.814789	0.9175987	0.8174155	0.84726346	0.9313253	0.995684	0.9254309	-1.0036205	-1.0113022	0.96705836	0.9910499	-0.97384554	0.9561682	-1.0260243	0.8763874	1.0589033	-0.80441594	0.9346804	-1.0912774
-1.1773196	-1.1381637	-0.9584005	1.178668	-0.9549934	-0.6030245	0.7588483	0.97387165	1.3627892	0.88421667	-0.7077806	-0.9865565	-1.1932905	0.85812694	-0.8694564	-1.0017041	0.8676852	1.0403306	-0.8011018	-0.96916234	-1.0819637	-1.1509948	1.0023819	0.99824685	0.80075514	1.1519626	-1.1916782	-0.99284005	0.98508483	1.0603524	-1.0297076	0.9807828	-1.1087223	-0.696722	1.1208122	-0.890456	-0.71252817	1.1341043	-0.96515274	0.89812475	0.9328441	-0.7122821	-0.7750571	-1.0785836	-0.94470644	0.7544278	-0.4688262	-1.010739	0.9188384	0.68881303	-0.92880034	-1.1030031	-0.97086346	-1.0659047	-0.84119564	-1.1289722	0.912744	-0.8133602	-0.63973725	-1.1511687	-1.0774381	0.85763633	0.99008405	-0.8548671	0.9623232	1.1740654	-1.1045492	1.1170274	0.96723396	-0.981361	1.0371563	1.0638798	-1.0152556	-0.7751774	0.96721137	0.8613557	0.73021793	-1.0659842	-0.45498326	0.63494563	1.1260046	-0.9462565	1.1865014	1.0487528	0.94530666	1.3373566	1.1091967	1.2159197	-0.56366223	-0.70311844	0.94944805	0.7816325	-1.2164899	1.0481527	-0.9040413	1.1477231	1.0262575	-0.57260895	0.9394184	-1.0164866
-0.46173784	-1.1593568	-0.7644099	0.9956765	-0.8851784	-1.4834918	0.92669696	0.544058	0.87546515	1.0875155	-1.1902403	-1.1587802	-1.3444774	0.83259386	-1.2284453	-1.3206477	1.2826755	0.6476535	-1.1259341	-1.0698346	-1.2432865	-0.84904104	1.2088938	1.0043905	1.1452384	0.7803013	-0.91303384	-0.74554795	1.4341346	1.0549926	-0.8258396	1.2925451	-1.1570015	-0.6888558	0.81051135	-1.3012307	-0.7327488	0.85290694	-0.79240936	0.74537337	1.369839	-1.2127866	-1.3004469	-0.8299239	-1.0323942	1.3002877	-0.9119635	-0.8725099	1.3635195	1.1667696	-0.41907063	-1.0841022	-0.71398276	-0.9381182	-1.1120332	-1.1912068	1.0655799	-1.394889	-1.3669814	-0.69447905	-1.0854468	0.90306777	0.6206518	-1.3612151	1.0663654	1.116316	-0.54183406	0.61654514	1.3129088	-1.0425776	0.7822046	1.1234322	-1.0635425	-1.1157149	0.92593217	0.8435868	1.0936047	-1.121207	-1.1466681	0.7350699	0.66462564	-0.43216345	0.9181429	0.8425346	0.5194498	0.6740658	0.9238334	0.6454498	-1.1686113	-1.0622544	0.9369399	0.96365136	-0.8757816	1.462533	-0.907757	0.7798225	1.2781565	-0.6462915	0.90161246	-1.3238204
-0.9656964	-1.1352645	-0.9995172	1.1735289	-0.99466604	-1.1475971	0.84446424	0.72758377	1.2677099	0.932714	-1.056393	-1.1662027	-1.3685788	0.8724262	-1.1399337	-1.263464	1.1936599	0.91125757	-0.9990204	-1.0286791	-1.2133385	-1.1276823	1.1422305	1.0391847	1.0411698	1.0757954	-1.1118512	-0.86429644	1.3712018	1.1333708	-1.0185276	1.163683	-1.2485739	-0.6262535	1.128113	-1.1315461	-0.7027897	1.0335333	-0.92973536	0.85108864	1.2972091	-1.0219504	-1.1300544	-1.0427359	-0.94423133	1.1698015	-0.7054387	-0.92920625	1.2914749	1.0503366	-0.7411571	-1.1362863	-0.83868724	-1.095276	-1.0941126	-1.2710873	1.0457556	-1.2885495	-1.0500517	-1.0534445	-1.0952508	0.89898455	0.769515	-1.1608102	1.0600687	1.1894873	-0.90544087	0.9483071	1.2433937	-1.1265529	0.9762844	1.0973922	-1.0403607	-1.0033499	0.99284524	0.9034974	0.83435214	-1.1444571	-0.8448432	0.5632307	0.9514598	-0.7578359	1.06891	0.99443907	0.76257235	1.1811037	1.0064104	1.0582224	-0.86868745	-0.98577565	0.9809428	0.9442112	-1.2009019	1.3851322	-0.93662083	1.0340691	1.2556815	-0.57678026	0.9928037	-1.2865582
-0.4768837	-0.99004185	-0.7384012	0.91949743	-0.868599	-1.4429121	1.0254867	0.63040745	0.7206692	1.0713544	-1.1741585	-1.1077441	-1.2025937	0.93578327	-1.2236196	-1.2062261	1.2035226	0.63469076	-1.1741804	-0.9472646	-1.0915501	-0.7820495	1.1505226	0.965626	1.1535193	0.6871838	-0.7693216	-0.74846935	1.2606531	1.0111778	-0.7729992	1.165373	-1.0179818	-0.8140186	0.7816032	-1.2542969	-0.8816408	0.71633047	-0.7645939	0.78418064	1.2379653	-1.2271193	-1.2793175	-0.85798204	-1.0897213	1.2564774	-1.1155115	-0.8911999	1.2863106	1.2439587	-0.46100506	-1.0192944	-0.72830963	-0.9613877	-1.1354645	-1.0433211	1.0288404	-1.3121064	-1.3736304	-0.65062845	-0.9518749	0.9351069	0.7164901	-1.2840517	1.0506481	0.9537634	-0.60294586	0.6251298	1.1972903	-1.0160592	0.716018	1.0019784	-1.0148699	-1.1826062	0.9915653	0.9190018	1.1457756	-1.0557846	-1.2890593	0.9225374	0.6256038	-0.5267574	0.84513676	0.79231477	0.5656049	0.49391407	0.86951673	0.55778384	-1.1786187	-1.1136323	0.90004486	0.9755064	-0.7940578	1.2560446	-0.9130838	0.63366026	1.0960426	-0.8060204	0.88682795	-1.2608216
-0.60626626	-1.0059377	-0.94223386	0.9372217	-0.844408	-1.2995737	1.0295491	0.73454523	0.9116064	1.1449968	-1.1316432	-1.1051013	-1.1230221	0.9200359	-1.0695564	-1.168815	1.1832451	0.78422105	-1.1582022	-0.9937245	-1.1825057	-0.94177544	1.1235641	1.0101163	1.0852494	0.72161573	-0.85195225	-0.88487685	1.3232151	1.0986005	-0.8541271	1.2297616	-1.0643598	-0.7393948	0.97076315	-1.2442589	-0.8200727	0.8344767	-0.85220015	0.8503447	1.2638665	-1.2223454	-1.2377225	-0.932603	-1.0574914	1.2152958	-0.9882488	-0.9885627	1.2071643	1.1793439	-0.5127357	-1.0402927	-0.79350007	-0.97973007	-1.1356673	-1.0393643	1.15405	-1.3727218	-1.2711409	-0.72916013	-0.9324072	0.91483593	0.7182035	-1.298381	1.1190271	1.0734209	-0.68006045	0.6559099	1.2000526	-1.1245494	0.82221663	1.0319204	-1.0797726	-1.0400801	1.0149397	0.9486606	1.1086158	-1.1088436	-1.2047999	0.81560034	0.7340457	-0.6128595	0.89993393	0.8333878	0.44635803	0.7326008	0.96177244	0.77159435	-1.1602494	-1.1559222	0.9843437	1.0698024	-0.93674767	1.1727945	-0.950349	0.8331441	1.1091127	-0.7314793	0.95637304	-1.2636355
-0.5813189	-1.202841	-0.8191017	1.1918902	-0.976906	-1.5934107	0.8482193	0.5607937	1.1392622	1.0784321	-1.211392	-1.2553195	-1.5797814	0.7919151	-1.323435	-1.4283183	1.3299272	0.6993625	-1.2070494	-1.1020677	-1.3115046	-0.9098246	1.3282127	1.0586907	1.24231	0.9076207	-1.0376928	-0.7560762	1.5371289	1.2181419	-0.98109764	1.3651632	-1.3385402	-0.5201705	0.97067577	-1.4018734	-0.61621374	0.97740465	-0.8274221	0.69411016	1.5831089	-1.189363	-1.3575401	-0.7965064	-0.98522484	1.4339453	-0.8368695	-0.88295645	1.5108801	1.2243649	-0.47625086	-1.1573219	-0.6454724	-1.0258164	-1.2575605	-1.3737019	1.0614653	-1.5383216	-1.4318569	-0.73485416	-1.1392694	0.93447983	0.57515174	-1.4030002	1.0079871	1.238289	-0.6277949	0.68612623	1.4711809	-1.1023743	0.81272024	1.1487104	-1.0240954	-1.2188784	0.9887019	0.77855045	1.007756	-1.1532321	-0.95712626	0.50346446	0.6442154	-0.4053536	0.9827174	1.0268828	0.52208555	0.9233346	0.96029437	0.7183772	-1.0581567	-1.0956715	0.9217455	0.9781275	-1.0105283	1.6214112	-0.89119667	0.93631786	1.3373713	-0.4562656	0.9051347	-1.4330295
-0.96549016	-0.987479	-0.9510462	1.0040398	-0.9077035	-0.7629514	0.92208725	0.94395316	1.0236568	0.9518338	-0.8214817	-0.91729546	-0.95072246	0.93730193	-0.884904	-0.91331846	0.87650365	0.95586145	-0.9266777	-0.90010315	-0.9656817	-1.0162019	0.9811632	1.0388384	0.9313668	1.0310072	-1.074727	-0.9807172	0.954586	0.9932617	-0.93199146	0.9529373	-0.9478242	-0.92051405	1.0226365	-0.8806567	-0.88421553	1.0075105	-0.9085727	0.9166572	0.95197994	-0.88936335	-0.87775666	-0.99036485	-0.9698041	0.82223135	-0.8531698	-1.0073725	0.8726098	0.8731563	-0.9648683	-0.9888462	-0.99317056	-0.9615556	-0.9019282	-1.0130024	0.9517273	-0.93168557	-0.8125884	-1.0184196	-1.0098126	0.9444122	0.9772103	-0.93118227	1.0233594	1.0325677	-0.94026834	0.9715588	0.8777306	-0.97753197	0.9359757	0.94395393	-1.0014253	-0.8787458	0.94219714	0.9635995	0.95797133	-1.0324612	-0.8815449	0.8247178	1.001608	-0.92421794	1.0059026	0.96604633	0.99605757	1.0657116	1.0649601	1.0598791	-0.887385	-0.82527226	1.0259894	0.90674543	-1.0861044	0.8513534	-0.93657655	0.9785501	0.97779864	-0.8600084	0.9208565	-0.91175497
-0.7612666	-0.9939092	-0.99744594	1.0374461	-0.9327498	-1.3065106	1.0680656	0.84340906	0.94803864	1.1836259	-1.1993018	-1.1667246	-1.1114602	1.0782187	-1.1481942	-1.2200351	1.163076	0.930083	-1.2335715	-0.98794943	-1.2163002	-1.0141811	1.1165928	1.1043417	1.1904527	0.8509099	-0.9919746	-1.0246078	1.2629907	1.0991744	-0.8835019	1.2122287	-1.0071658	-0.8786227	1.031469	-1.2403293	-0.8840905	0.8844965	-1.0021956	0.9788837	1.2684047	-1.2314546	-1.2724026	-1.0366445	-1.1157734	1.2302157	-1.1142578	-1.1090972	1.1566662	1.2028159	-0.8217187	-1.1655319	-0.98492754	-1.1312906	-1.2131206	-1.0154761	1.1890883	-1.3584384	-1.2791865	-0.88996416	-0.98237973	0.95763665	0.82641864	-1.3257293	1.2661413	1.1584651	-0.79272175	0.8807852	1.194425	-1.1483274	0.91115874	1.0634835	-1.2519355	-1.0807192	1.150082	1.1169585	1.2323627	-1.1525033	-1.2494998	0.90655607	0.8329591	-0.86390316	1.0248297	0.8028474	0.71238154	0.8536545	1.0515987	0.88818973	-1.1927891	-1.1984667	1.0913423	1.1025417	-1.0811148	1.1504849	-1.0579997	0.95562017	1.2291664	-0.8921867	1.0384763	-1.3541181
-0.95014197	-1.1355642	-0.92363447	1.0668062	-0.9589673	-0.9801983	0.8225845	0.86821866	1.1909206	0.9454698	-0.8376815	-1.0784543	-1.1260297	0.81479895	-1.0250888	-1.0441086	1.0379003	0.89019674	-0.95216525	-0.9557584	-1.1495042	-1.0204805	0.9835176	0.9889574	0.93535924	1.0645747	-1.155176	-0.8526017	1.113158	1.0326082	-1.0627244	1.072995	-1.153476	-0.6597761	1.0784448	-0.97778434	-0.71597683	1.1004367	-0.8845105	0.80599654	1.0829896	-0.8902243	-0.9326945	-0.96293116	-0.9781007	1.0157369	-0.7220077	-0.94098747	1.0661455	0.8543019	-0.84936756	-1.069451	-0.8372388	-1.0442256	-0.95046175	-1.170147	1.0106775	-1.0427463	-0.9182703	-1.0731734	-1.0559828	0.9222782	0.8250872	-1.0968492	0.96281135	1.1526304	-0.90820986	0.99565727	1.0951625	-0.9568983	0.9981662	1.0922748	-0.97865057	-0.9238535	0.90708214	0.7832349	0.8908338	-1.0779928	-0.6975292	0.6336735	1.0217557	-0.7248573	1.0916604	1.0274408	0.90724146	1.1387563	0.9714287	1.0028332	-0.80618733	-0.802868	0.9922045	0.8074926	-1.0794067	1.1309874	-0.96829367	1.1266187	1.0683994	-0.6808953	0.90051556	-1.0824653
-1.0240571	-1.2473459	-1.0036829	1.2264354	-1.016145	-1.0571429	0.7846264	0.8503919	1.3266879	0.9715199	-0.9224688	-1.1726779	-1.337342	0.87585497	-1.069295	-1.1833388	1.121897	0.9400682	-0.9982714	-1.0058241	-1.1850004	-1.1231692	1.0778201	1.0066557	0.94151384	1.154237	-1.2268304	-0.9027469	1.2597388	1.1193544	-1.0651759	1.1363144	-1.2700857	-0.6993305	1.0777059	-1.097761	-0.6471745	1.1275854	-0.9543851	0.83134615	1.2561117	-0.9480079	-1.0212333	-1.011205	-0.98000646	1.0747757	-0.60350466	-0.95895255	1.2077972	0.8354886	-0.86715394	-1.196212	-0.9193297	-1.0753644	-1.0381668	-1.2181809	1.0443343	-1.2152138	-0.9248754	-1.0665388	-1.1680386	0.85446906	0.86952114	-1.0957506	1.053549	1.2597121	-0.92696434	1.049069	1.1772227	-1.0714797	0.98446417	1.0437571	-1.0736415	-0.90509224	0.9438604	0.8679445	0.84617794	-1.1024783	-0.6186613	0.5481693	0.98758847	-0.7151252	1.1536306	1.1170428	0.8511347	1.2249252	1.1103419	1.1106282	-0.77604705	-0.8315706	0.9661464	0.904267	-1.1906348	1.272258	-0.92444223	1.1450205	1.1838647	-0.50282466	0.9097658	-1.2149175
-0.734682	-1.1200821	-0.8637193	1.0398282	-0.8821989	-1.2610159	0.7921173	0.65321445	1.0993801	0.96404684	-1.0334612	-1.112376	-1.3351883	0.80457246	-1.135748	-1.1660167	1.0879517	0.774141	-0.9752394	-0.974214	-1.1419322	-1.003094	1.075795	1.0114881	1.0207688	0.89690214	-0.992932	-0.7571107	1.3066423	1.0840734	-0.88661355	1.1655451	-1.1352359	-0.6095426	0.99815124	-1.1164126	-0.6139831	0.9228073	-0.7734121	0.7913267	1.2770344	-0.9857863	-1.075374	-0.9343749	-0.91035604	1.1149471	-0.7412397	-0.9244121	1.2264391	0.9725143	-0.6050341	-1.0330662	-0.74748504	-0.9394823	-1.0491321	-1.1757624	1.0255628	-1.2674067	-1.1366918	-0.8480378	-0.97556084	0.8179434	0.66711766	-1.1188866	0.97204167	1.1475214	-0.6979033	0.7921002	1.2153982	-0.95744604	0.82132775	1.0412967	-0.95747113	-0.95517313	0.8877099	0.8254418	0.8885488	-1.0411934	-0.81899047	0.4535925	0.7433015	-0.5566174	0.9346453	0.87818015	0.5941011	1.0153993	0.9424779	0.88720155	-0.9360215	-0.8729918	0.8950294	0.8974729	-0.98552567	1.3600881	-0.9590021	0.90064853	1.1891448	-0.4568011	0.86003876	-1.2792583
-0.9463291	-1.2214292	-0.88236755	1.1516591	-0.9851575	-1.1633241	0.7628405	0.8043234	1.2086174	0.95215046	-0.9889243	-1.0689307	-1.3588921	0.75479054	-1.1712221	-1.1648794	1.1823037	0.99695545	-0.9861553	-1.01802	-1.1025208	-1.0661067	1.1627502	1.0221747	0.97513366	1.1668566	-1.1821638	-0.86626184	1.2323123	1.1127234	-1.0698452	1.1479708	-1.2965976	-0.68218887	1.0488006	-1.1138815	-0.6903491	1.1518794	-0.90776837	0.8345888	1.2132784	-0.9108824	-1.0140885	-0.8576846	-0.867525	1.0947485	-0.61645913	-0.85420465	1.187317	1.0080323	-0.85314465	-1.0637879	-0.82535905	-1.0383303	-1.0669787	-1.2207637	0.9244921	-1.1171609	-1.019852	-1.0346652	-1.110736	0.9309311	0.8375444	-0.99598235	0.92118734	1.2103845	-0.93163306	1.0072494	1.1273301	-1.0222992	1.0445267	1.1087823	-0.9458327	-1.0179185	0.86374855	0.72864985	0.71430343	-1.0717345	-0.7146913	0.48068368	1.0086952	-0.6924919	1.0155978	1.1554421	0.81746364	1.310012	0.94740474	1.0109112	-0.8277719	-0.89749724	0.91333854	0.87083733	-1.0904375	1.2983556	-0.8807626	1.1424823	1.0952004	-0.6345467	0.94101363	-1.014851
-0.30474815	-1.0346107	-0.8123546	0.9637505	-0.82067025	-1.5053062	0.9029344	0.5154755	0.77632517	1.1054159	-1.2608654	-1.1857878	-1.3168645	0.8134012	-1.3127111	-1.3392116	1.3053093	0.60127175	-1.2355123	-1.079691	-1.217023	-0.79135877	1.2555866	1.0080875	1.1934235	0.62795556	-0.7250304	-0.74918973	1.4319212	1.094201	-0.7567312	1.355764	-1.193392	-0.68515795	0.82123125	-1.3306235	-0.77045155	0.7301252	-0.7307805	0.70847124	1.4417933	-1.2870568	-1.3213664	-0.7648597	-1.0456604	1.4555056	-1.0596423	-0.8759138	1.4396801	1.3444629	-0.31711495	-1.0282906	-0.59911543	-0.8888941	-1.180497	-1.150934	1.1177452	-1.4647354	-1.4194815	-0.5741192	-1.0131662	0.93838584	0.5894528	-1.4072961	1.0810843	1.0098748	-0.37938702	0.51375306	1.3211087	-1.1049794	0.6964613	1.0943563	-1.0207084	-1.2104452	0.95421773	0.9460833	1.1923307	-1.0608238	-1.2949766	0.7636668	0.47203517	-0.3816813	0.83792317	0.90825707	0.37408286	0.47271279	0.9461043	0.52857876	-1.2165346	-1.1959267	0.99648976	0.9697676	-0.74285406	1.4987874	-0.89539194	0.673779	1.3099145	-0.67335016	0.8045739	-1.4016517
-0.87569684	-1.1571858	-0.8993089	1.0472927	-0.9270099	-1.0571325	0.7895272	0.7460083	1.1588063	1.0137792	-1.0398756	-1.1368034	-1.2670397	0.86118054	-1.0611284	-1.0915872	1.1045858	0.8152671	-0.9681359	-1.0242627	-1.1201093	-0.95236194	1.0569146	0.93922234	1.0663639	0.9376246	-1.116465	-0.86273587	1.2000347	1.1246877	-1.0548186	1.1841801	-1.2231728	-0.62269217	1.01972	-1.1316572	-0.70710415	0.9963953	-0.87630695	0.7652598	1.2597411	-1.0046945	-0.9958062	-0.9194766	-0.8853311	1.1124685	-0.7483359	-1.0029446	1.1943399	0.94520783	-0.70958716	-1.0770811	-0.88992286	-0.95900935	-1.0207212	-1.1753541	0.9818241	-1.2006445	-1.0530694	-0.8896415	-1.0660063	0.86769533	0.79876834	-1.0622189	0.96245724	1.107876	-0.81769556	0.86161816	1.1750071	-1.06135	0.87644976	1.0986248	-1.0564417	-1.0019339	0.89293593	0.8942415	0.9430897	-1.0555071	-0.8339843	0.57235307	0.8375855	-0.6821961	0.9646444	0.9114307	0.7099466	1.069622	0.9631814	0.99397725	-0.9514373	-0.96205765	0.99962664	0.86149335	-1.0633118	1.2320652	-0.9322388	1.0756127	1.126097	-0.61073375	0.95634156	-1.1629033
-0.86239356	-1.0690444	-0.9313766	1.023318	-0.8548034	-0.9630195	0.8163923	0.79359716	1.0204943	0.89582103	-0.9401784	-1.0042989	-1.0364529	0.8512185	-0.9712342	-0.9851042	0.99335057	0.85491556	-0.93749404	-0.90274435	-1.0426892	-1.0182499	0.94429094	0.9159599	0.89842314	0.9604099	-1.0667212	-0.90494394	1.0533283	0.9921808	-0.9346527	1.0476928	-1.0030692	-0.74042296	0.9573169	-0.9471832	-0.7702155	0.9213059	-0.8698508	0.88370985	1.069414	-0.92580146	-0.91545826	-0.9441238	-0.9119683	0.9677736	-0.7541044	-0.95179737	1.0463928	0.87726325	-0.8077634	-1.082224	-0.86063224	-0.9819524	-0.9911297	-1.0213917	1.0121403	-1.049119	-0.8825007	-0.9170936	-1.0030084	0.8683089	0.7921768	-1.0327585	0.98100185	1.0262198	-0.92116636	0.9068281	0.972275	-0.94048965	0.9379843	1.0022292	-0.9895609	-0.9352017	0.88168967	0.8517293	0.85540164	-0.9966982	-0.86874485	0.70363677	0.92223924	-0.81316555	0.9956408	0.9887174	0.8343191	0.9998189	0.9958132	0.9887678	-0.8560287	-0.8405328	0.9390244	0.8887919	-0.9677622	1.0631286	-0.9061044	0.9852577	1.0287468	-0.7204844	0.88949686	-1.0728992
-0.8604526	-1.0992132	-0.96144366	1.0713594	-0.93071425	-1.1231723	0.9062696	0.8064131	1.0637836	0.958068	-0.9986127	-1.0715631	-1.2158602	0.90407014	-1.1157258	-1.1694887	1.0908464	0.85786796	-1.0475284	-0.9674553	-1.1628994	-1.0189246	1.0644472	1.0099231	1.0780401	0.98203176	-1.0200425	-0.8936251	1.2295684	1.0627987	-0.9141468	1.1609777	-1.1052942	-0.8121765	0.9542381	-1.093291	-0.8138571	1.0295068	-0.87034726	0.8513739	1.1639084	-1.0075904	-1.102208	-0.98154116	-0.9858613	1.1072237	-0.8468363	-0.97969335	1.21098	1.016185	-0.70777696	-1.0332855	-0.88395995	-1.0196632	-1.0305227	-1.1337816	0.98335433	-1.1654878	-1.066848	-0.9110583	-1.0520283	0.9093224	0.8246754	-1.1876419	0.99243915	1.061541	-0.7921973	0.9243278	1.1572704	-0.98203963	0.8513595	1.0158656	-0.9853572	-0.981299	0.9273969	0.8486876	0.95734173	-1.0899148	-0.9056889	0.7169631	0.8471868	-0.709463	1.0312086	0.95803726	0.7254608	1.0386313	0.95758843	0.9339861	-0.9810535	-0.954325	0.9746787	0.9381932	-1.0726299	1.2000397	-0.9349328	1.0056297	1.1388972	-0.68604845	0.899817	-1.1040238
-1.1425011	-1.088326	-0.9563825	1.0837599	-1.0718585	-0.76165575	0.77898943	0.8866237	1.2015544	0.89175516	-0.8009705	-1.0073621	-1.1829698	0.8784313	-1.0418571	-1.0110255	1.0375689	1.0196533	-0.8890459	-1.0202115	-1.1054896	-1.0810935	1.0723468	0.9740619	0.855338	1.1572758	-1.1837957	-0.85284483	1.0016792	1.0172015	-1.0557063	1.0287839	-1.1773697	-0.81333965	1.040366	-0.9146152	-0.7931409	1.104989	-0.9594979	0.93283665	1.0075402	-0.787313	-0.79149365	-0.99402213	-0.9019965	0.8824485	-0.62250715	-0.8851066	1.0426124	0.8046108	-0.95231056	-1.0197448	-0.9939567	-1.0414197	-0.908818	-1.1400945	0.8534489	-0.8766144	-0.813093	-1.094444	-1.1051313	0.92633235	0.9180412	-0.8942032	0.80139565	1.0642475	-1.059759	1.0563258	1.0052428	-0.9378973	1.0716598	1.0456579	-0.9541687	-0.9365895	0.8386843	0.84076154	0.7591036	-0.99047184	-0.54504186	0.61858696	1.0056113	-0.8002908	1.0825586	1.0741762	0.98671967	1.3123523	1.059512	1.0672965	-0.7641946	-0.7963115	0.93082553	0.8487801	-1.079747	1.0652744	-0.9428992	1.0623188	1.021071	-0.71519846	0.9625935	-0.9066841
0.3295804	-0.87280697	-0.60170156	0.70726895	-0.72852904	-2.1203961	1.3040116	0.18771166	0.09848151	1.3774183	-1.6740324	-1.3085983	-1.3782245	0.9629888	-1.5040773	-1.6471967	1.6445856	0.27381828	-1.6150361	-1.1489708	-1.4617672	-0.66598755	1.387669	1.2492161	1.6231788	0.15118386	-0.2823048	-0.61700606	1.7915562	1.155653	-0.40961966	1.5265232	-0.908095	-0.7387166	0.44724065	-1.7606649	-0.7531403	0.1543271	-0.6001554	0.5620099	1.7919203	-1.7749542	-1.7859151	-0.8205192	-1.251615	1.7661412	-1.6042526	-1.0507886	1.7655158	1.8305391	0.06147288	-1.341059	-0.45279074	-0.9364844	-1.4924364	-1.1612018	1.409139	-2.0024464	-1.9341623	0.040573135	-0.8400213	0.8958206	0.16144682	-1.9160223	1.5432621	0.99595356	0.20459887	-0.039088443	1.5712255	-1.3662204	0.27018893	1.1660848	-1.3006291	-1.5256919	1.3173565	1.2248386	1.6430682	-1.300767	-1.9628177	1.0858377	0.078941785	-0.18702853	0.358302	0.29525518	-0.15903643	-0.24972445	0.8113684	-0.044555284	-1.7783445	-1.6985976	1.1831532	1.3148471	-0.5753866	1.5967054	-1.1293439	0.17043838	1.3975877	-0.75302476	0.7990641	-1.9282036
-0.86237794	-1.0565531	-0.97276735	1.0261455	-0.8268124	-1.0112392	0.8963523	0.85452837	1.1520946	1.0761732	-1.031593	-1.2046236	-1.1554039	0.94565564	-0.97061306	-1.1960622	1.0507445	0.91324097	-1.0873882	-1.0197123	-1.2135754	-1.132602	1.0121089	1.0816463	1.0002923	0.93796515	-1.0540885	-1.0104339	1.2595184	1.1309208	-0.973963	1.2032875	-1.0143843	-0.7270947	1.1313474	-1.0511323	-0.7495595	0.93892807	-0.8593062	0.88438064	1.2509371	-1.204086	-1.191441	-1.1234381	-1.0878662	1.0382165	-0.85688454	-1.0363382	1.1805803	0.9938048	-0.7128604	-1.2474071	-0.88928807	-1.0912246	-1.0916208	-1.0713099	1.1387887	-1.3026648	-1.0355633	-0.9802482	-1.0513438	0.87913936	0.7341032	-1.1898884	1.3055549	1.1364155	-0.8300998	0.88588345	1.0936142	-1.1564969	0.8988354	0.9925765	-1.1299505	-0.9943135	1.0584356	1.0088724	1.0721825	-1.1349145	-1.1401603	0.65343744	0.86762667	-0.84202117	1.0137296	0.79465425	0.6020944	0.9784238	1.0723516	0.9774422	-0.9659199	-1.0312196	1.0858501	0.9946258	-1.1391338	1.1140635	-1.0495704	1.008082	1.2157228	-0.6377608	0.9674166	-1.3298763
-0.29443932	-0.9913337	-0.69646496	0.9587442	-0.84274256	-1.4536415	0.97733957	0.5817623	0.6575143	1.1497718	-1.2523592	-1.1370097	-1.3144447	0.8019876	-1.2786247	-1.3124647	1.3224579	0.55587095	-1.1849179	-1.0388724	-1.1209246	-0.74219525	1.2286164	0.9908916	1.2618542	0.6189678	-0.67775613	-0.6582883	1.4376842	1.0786265	-0.6956252	1.22337	-1.1010071	-0.6577349	0.6884204	-1.2608883	-0.78392404	0.6758248	-0.7174195	0.7364988	1.3787316	-1.3349674	-1.3283583	-0.8008946	-1.0498717	1.40929	-1.1633222	-0.8221638	1.3459848	1.2858351	-0.34647393	-1.0240794	-0.64675814	-0.925156	-1.1320598	-1.1526136	1.1764152	-1.4849954	-1.4196668	-0.5162038	-0.9358746	0.92890733	0.5955699	-1.3652602	1.0452063	0.97920394	-0.44413438	0.48896074	1.324332	-1.1084003	0.63185084	0.96950835	-1.0122141	-1.2246931	1.0022175	0.8885607	1.2046665	-1.0045091	-1.2962036	0.80757046	0.39538762	-0.420077	0.85719115	0.7731862	0.417447	0.42262667	0.8862695	0.4282966	-1.3010795	-1.2155648	0.9913318	0.9717236	-0.7404097	1.3908951	-0.9562911	0.55001825	1.1687772	-0.72242135	0.81507015	-1.3834635
-0.77799916	-1.073257	-0.8724349	1.0272013	-0.91113466	-1.1480112	0.9008748	0.75225097	0.9475197	0.969917	-1.0466855	-1.1150749	-1.231652	0.8095937	-1.0904076	-1.155356	1.1083313	0.8282627	-1.056892	-0.982541	-1.1095537	-0.91403407	1.030707	0.9350549	1.0330871	0.8838198	-0.92670596	-0.8178726	1.2352805	1.1028526	-0.91852355	1.1221918	-1.0911437	-0.7105805	0.93812823	-1.1046495	-0.70874655	0.87618506	-0.8716816	0.86830056	1.1745504	-1.1110088	-1.1235737	-0.8739775	-0.94706553	1.0877944	-0.8730942	-0.9501839	1.1162943	0.9814741	-0.7118736	-1.0571543	-0.84279406	-0.98975205	-1.073613	-1.1079645	1.029656	-1.2342054	-1.0686593	-0.8477501	-0.9927471	0.9319372	0.7987199	-1.095966	0.9582649	1.0591725	-0.7289633	0.7755109	1.1556935	-1.049485	0.85160464	0.95942986	-1.0091952	-0.9763634	0.8942827	0.8409715	0.98542017	-1.107673	-0.92902255	0.7149027	0.81192094	-0.70507395	0.9168112	0.8767582	0.69268984	0.91813904	0.94440126	0.84568655	-0.98337996	-1.00562	0.9217433	0.99232996	-0.94436604	1.1811152	-0.953522	0.89208925	1.0668967	-0.6053526	0.9160642	-1.1333935
-1.0113006	-1.1399862	-0.8677259	1.0725889	-0.97017777	-0.7598935	0.7195729	0.77324116	1.2977289	0.81919336	-0.7949788	-1.0161403	-1.1904372	0.74147594	-0.9857496	-0.9679969	0.9630894	0.93461204	-0.77536076	-0.9654249	-1.0333803	-1.0671147	0.98486567	0.89105916	0.8321135	1.1237775	-1.0866481	-0.84940046	1.0106232	1.0450325	-1.0252082	0.93758935	-1.10969	-0.61176217	1.1051553	-0.93599486	-0.6942921	1.1412584	-0.91173464	0.86975294	0.94012314	-0.7375126	-0.7483133	-0.93682796	-0.8826124	0.8726723	-0.420196	-0.8379689	1.0059459	0.7749154	-0.92548746	-0.9967754	-0.8484013	-0.94946146	-0.9392159	-1.1382484	0.80584776	-0.799845	-0.76620895	-1.1569139	-1.0621462	0.89048636	0.9213476	-0.7911522	0.790274	1.1132272	-1.0743979	1.0483365	0.95441306	-0.913009	1.0179777	1.0353702	-0.8823708	-0.8355345	0.8618057	0.78394264	0.6075334	-1.0486298	-0.47826636	0.47431982	0.98520356	-0.8179212	1.0880554	1.0569032	0.8699117	1.2679229	0.9706629	1.1159097	-0.6516608	-0.68951535	0.8788568	0.806805	-1.0464375	1.0742956	-0.87971467	1.06905	1.0209985	-0.5775118	0.9388388	-0.87223434
-1.067626	-1.076914	-0.96466637	1.0827074	-0.92165726	-0.8615764	0.7645484	0.83219737	1.1890546	0.82648003	-0.82688177	-1.020255	-1.1596557	0.79348505	-1.0087422	-1.0404475	1.036154	0.93388075	-0.91564643	-0.9980855	-1.0151837	-1.0350025	0.98863614	0.92337686	0.947182	1.0387051	-1.1102744	-0.8883913	1.109009	0.98503804	-1.0879511	1.080889	-1.058402	-0.67050385	1.0560802	-0.95912015	-0.75007147	1.0575074	-0.91793436	0.9166037	1.1131645	-0.88865733	-0.8559594	-0.9550117	-0.9078917	0.909509	-0.5879412	-0.9457622	1.0805172	0.8089502	-0.8553203	-0.99701077	-0.92947185	-0.9912145	-0.9355631	-1.0694407	0.92586017	-0.9541135	-0.84765106	-1.036482	-1.0687641	0.84191257	0.9046077	-0.897857	0.83954304	1.1365334	-1.0027598	1.0162206	1.0756985	-0.95095986	1.0293374	1.0236564	-0.95707566	-0.8779915	0.81943524	0.82724375	0.75805026	-1.0250763	-0.67561185	0.62443817	0.9831098	-0.8028197	1.0224272	1.0350869	0.9138246	1.2376049	1.0331401	1.0448581	-0.7414955	-0.84548765	0.9609838	0.8854442	-1.1037413	1.0664285	-0.8746689	1.0590477	1.0033419	-0.5779349	1.0002033	-0.9574689
-1.2296878	-1.0555626	-1.0975279	1.0899972	-1.1099488	-0.4892026	1.0146015	1.1567677	1.2042762	0.9247222	-0.8052764	-0.95191556	-0.8820275	1.0043665	-0.86472857	-0.8936862	0.8900882	1.1769426	-0.8640348	-0.9691377	-0.9389404	-1.1069762	0.9330311	1.00751	0.88561565	1.1841435	-1.1710689	-1.0477287	0.7347017	0.96806145	-1.0977329	0.8936463	-0.9893407	-1.0739148	1.1661193	-0.88329655	-1.0347106	1.1601665	-1.1026287	1.1236651	0.8053904	-0.8293815	-0.75850755	-1.1172647	-0.9934817	0.75068223	-0.86016923	-1.0404187	0.7462704	0.8006312	-1.2286582	-1.0278648	-1.1500882	-1.0661253	-0.9303165	-0.9600042	0.9499665	-0.59446836	-0.70071846	-1.2205687	-1.02352	0.9744517	1.1507466	-0.7534059	0.92173904	1.0959773	-1.242448	1.2396456	0.9086386	-0.9263351	1.1568676	1.0377964	-1.0202347	-0.9620732	0.97728044	1.0279742	0.874794	-0.9896511	-0.72083783	0.9032017	1.1791813	-1.1189092	1.0896143	1.1135094	1.2407926	1.256715	1.0464823	1.21906	-0.81545836	-0.88747865	1.0485475	0.9328205	-1.1889721	0.77564424	-1.01136	1.1170907	0.92859286	-0.9871172	1.0615473	-0.74540883
-0.4792414	-0.98185265	-0.8251314	0.98109984	-0.8629813	-1.5185546	1.0024372	0.6119983	0.7897832	1.1115713	-1.2922195	-1.2093759	-1.2397962	0.83306795	-1.2096146	-1.275772	1.2723156	0.6141373	-1.206749	-1.0057533	-1.2463956	-0.8378066	1.2405782	1.0309107	1.2658978	0.68276703	-0.79929805	-0.78291214	1.4264508	1.1030893	-0.803771	1.2900462	-1.110119	-0.6866339	0.8389695	-1.3293085	-0.7173484	0.70504206	-0.7773161	0.73466665	1.4530361	-1.3097264	-1.3211325	-0.84586334	-1.0568256	1.2988893	-1.0790484	-0.94102114	1.3355677	1.2251989	-0.44337863	-1.1911824	-0.75615996	-1.0344195	-1.1604955	-1.1517022	1.2184871	-1.4702784	-1.3523954	-0.624481	-0.9588118	0.84824365	0.5848226	-1.4010887	1.1818148	1.0399331	-0.5126811	0.581201	1.3047403	-1.1512767	0.6802678	1.0523903	-1.1869519	-1.1583363	1.0663399	1.0157647	1.2717177	-1.1579114	-1.3751729	0.7969927	0.52839154	-0.51653135	0.882365	0.81027335	0.37046316	0.6437707	0.9218387	0.5573368	-1.2804996	-1.1469766	0.98999214	0.98506695	-0.90156394	1.4416273	-1.0450584	0.73867196	1.2754062	-0.64740616	0.8812334	-1.4606797
-1.173538	-0.92084694	-1.0415262	0.9293707	-0.9724726	-0.34248394	0.9040769	1.0811172	1.0293174	0.8371743	-0.7378862	-0.8814948	-0.72028327	0.9674167	-0.69219863	-0.7698471	0.76334196	1.0059351	-0.82680714	-0.91735554	-0.87503844	-1.0278516	0.7725743	1.0022858	0.818989	1.0883622	-1.0759349	-0.9732359	0.6870746	0.8793714	-1.0084759	0.73090506	-0.89015704	-1.0194438	1.0815955	-0.71284443	-0.89901805	1.0242997	-1.0245788	0.95096797	0.683961	-0.7552716	-0.70998555	-0.9885638	-0.93145406	0.56532526	-0.82525617	-0.9812183	0.66324615	0.6221618	-1.0698872	-0.96058	-1.0186123	-0.95926166	-0.8029453	-0.9040559	0.9395302	-0.5442044	-0.6025069	-1.1278546	-0.9500567	0.9111209	1.0528543	-0.7123838	0.9509249	0.9308066	-1.0846107	1.1431419	0.79274476	-0.9403767	1.001548	0.8803226	-0.89760053	-0.7725757	0.8878231	0.90762377	0.86867416	-0.88058937	-0.7336169	0.927253	1.117896	-1.113227	1.0115087	0.9481372	1.109819	1.1410991	1.0048959	1.1044227	-0.6859178	-0.77286065	1.009805	0.8689968	-1.0663848	0.6105496	-0.97139394	1.0445849	0.8643941	-0.9171435	0.9724556	-0.721286
-0.6376306	-0.93201786	-0.7126858	0.94109356	-0.8067521	-1.1888632	0.69764817	0.54118294	0.9747933	0.8482231	-1.0023309	-1.0087174	-1.2139552	0.6579415	-1.0382191	-1.0521208	1.1169316	0.7040092	-0.9052589	-0.95447326	-1.0388947	-0.821491	0.9869724	0.88125026	0.953022	0.89174205	-0.90985805	-0.6990582	1.2155402	0.9608277	-0.83574456	1.0724126	-1.0453105	-0.5232616	0.82415277	-1.0594952	-0.56050855	0.89393824	-0.7293413	0.74736005	1.2224642	-0.93493104	-0.9613824	-0.82660985	-0.8717251	1.0471222	-0.6678084	-0.84342366	1.1972699	1.0088167	-0.61065567	-0.920322	-0.64502215	-0.9074924	-0.96893966	-0.9931453	0.8720679	-1.1890602	-1.0575997	-0.76341474	-0.90125597	0.74613565	0.68893963	-1.0415862	0.84580475	1.0199021	-0.69649667	0.71628606	1.049643	-0.9752358	0.80580866	0.9800731	-0.8826284	-0.90829414	0.8625495	0.73279554	0.8141121	-0.96703476	-0.7890797	0.5289797	0.68428063	-0.5637254	0.8502987	0.9013635	0.60375124	0.886947	0.861774	0.7662388	-0.8689145	-0.9036523	0.8249206	0.858865	-0.8624541	1.1895585	-0.84769815	0.8285913	1.0290749	-0.47148824	0.8551371	-1.0422679
-0.83291304	-0.9332709	-1.0262341	0.97520304	-0.97171587	-1.070737	1.0574133	0.89139575	0.8904017	1.0564175	-1.0978845	-1.0799836	-0.94963247	0.9656429	-1.0873073	-1.0690053	1.0665797	0.9231341	-1.0651338	-0.98042494	-1.132984	-0.95101565	1.0269612	1.0832338	1.1384706	0.82565576	-0.9247976	-1.0336472	1.0844494	1.0135918	-0.9434404	1.0741307	-0.9555321	-0.90666497	0.9631185	-1.1053109	-0.9380711	0.90791273	-0.95177567	0.9819892	1.0444218	-1.1303085	-1.1670494	-1.0590255	-1.1104912	1.0592027	-1.0672637	-1.0183482	0.9640022	1.1223433	-0.8659329	-1.0374047	-0.8844051	-1.017435	-1.1143351	-0.99574304	1.0510701	-1.1337657	-1.1194147	-0.9309582	-1.032032	0.9908069	0.9043138	-1.1259414	1.1307273	0.9917177	-0.9054219	0.9025635	1.1348039	-1.1491624	0.93457454	1.0074422	-1.0899518	-1.0477804	1.0929265	1.0971473	1.0947138	-1.093732	-1.1548359	0.92834204	0.93016934	-0.9101047	1.0016391	0.9130105	0.82414603	0.8146729	1.0376762	0.8871116	-1.1356785	-1.1110458	1.0627271	1.0134846	-1.0079671	0.8518814	-1.0994909	0.95316124	1.1235551	-0.87429166	0.9585574	-1.1792455
-0.38729477	-1.2337378	-0.79377204	1.0761172	-0.9977327	-1.6568403	0.9484944	0.5334343	0.9315319	1.1697506	-1.3089774	-1.3140205	-1.5486904	0.7951926	-1.3940064	-1.4288543	1.4059085	0.5805877	-1.2769631	-1.1226326	-1.367937	-0.81730115	1.3111013	1.0225751	1.2975161	0.8621514	-0.95207554	-0.6608484	1.5764997	1.2288479	-0.89051914	1.3483816	-1.3582253	-0.5954346	0.8540508	-1.4617952	-0.64825886	0.88270473	-0.7429837	0.7459127	1.6387767	-1.2860198	-1.3475307	-0.8210416	-1.0275583	1.5565774	-0.95847046	-0.8635208	1.6269206	1.3340802	-0.41689238	-1.1483668	-0.5946233	-0.991298	-1.2501628	-1.3342034	1.090785	-1.638854	-1.5651274	-0.67330873	-1.0811902	0.895866	0.59082156	-1.4750875	1.0492176	1.2058164	-0.46986714	0.58356434	1.5059768	-1.0966117	0.74125624	1.1676431	-0.9837365	-1.2752271	0.9670072	0.841584	1.1657324	-1.2131705	-1.1867114	0.67215705	0.52354306	-0.2306996	0.9740313	0.9421851	0.43558377	0.7842337	0.9060458	0.52616364	-1.2315611	-1.1477213	0.9327847	0.96973497	-0.85253567	1.6586735	-0.9207258	0.7908391	1.3616266	-0.5994008	0.84895456	-1.4783561
-1.0286787	-1.1787726	-0.8704756	1.1923553	-1.0173883	-1.0081881	0.71462804	0.7712376	1.2569028	0.8397802	-0.9481903	-1.0754693	-1.3542616	0.80456156	-1.1660193	-1.184922	1.1889122	0.9784058	-0.93673426	-1.0914952	-1.1641805	-0.998686	1.1464398	0.9623461	0.9092323	1.177108	-1.1641068	-0.7904353	1.2492626	1.1322603	-1.0667424	1.1379049	-1.3080338	-0.6264767	1.0441854	-1.061755	-0.6659869	1.1921632	-0.89176476	0.83676434	1.1837531	-0.76344055	-0.9493767	-0.837249	-0.8828764	1.1245037	-0.5335144	-0.8459145	1.2175728	0.92826843	-0.88515854	-0.9765344	-0.880274	-1.0673982	-1.03843	-1.2144417	0.8589819	-1.0224525	-0.97301537	-1.1229596	-1.1224117	0.9500305	0.8959192	-0.99224854	0.70059603	1.1946839	-0.9803874	1.0462817	1.1238383	-0.92983925	0.9811879	1.1777754	-0.86730224	-1.0140721	0.85626274	0.7101801	0.6746904	-1.0855175	-0.5237139	0.49073914	1.0152493	-0.7131673	1.040176	1.150974	0.9660543	1.3111802	0.9242738	1.0468068	-0.6897794	-0.7174452	0.834645	0.86463165	-1.1295933	1.3243853	-0.91057044	1.1596733	1.0947924	-0.5458481	1.0022107	-0.9366266
-1.0021149	-1.0953702	-0.90199065	1.1166552	-0.9201251	-0.8517848	0.763889	0.81344	1.1827866	0.8648331	-0.8162194	-1.051338	-1.1889882	0.79602	-0.96633494	-1.0194583	0.995761	0.93711644	-0.84728956	-0.97248495	-1.0952547	-1.0016764	0.93834525	0.96885043	0.8722603	1.0376197	-1.1292663	-0.85093623	1.0768571	1.0453115	-0.98026836	1.0218906	-1.0779929	-0.7192448	1.0897808	-0.88582313	-0.69932246	1.0413399	-0.8505558	0.83599865	1.007045	-0.7677447	-0.83737266	-0.9254558	-0.92016584	0.94977045	-0.63447505	-0.9198341	1.038329	0.75623065	-0.84756273	-0.98590654	-0.85800993	-1.044373	-0.8840295	-1.1384168	0.8773089	-0.9548468	-0.7780517	-1.0334952	-1.0391078	0.8103045	0.877098	-0.9522918	0.84049904	1.1181659	-0.93978643	1.0231029	1.0532798	-0.9138728	0.869001	0.9561406	-0.95928717	-0.8216249	0.898309	0.8269664	0.77913076	-0.98016757	-0.60344464	0.5653414	0.99374646	-0.7992523	1.0183583	1.0466305	0.82669425	1.2169908	0.9897596	1.0281283	-0.7272745	-0.6961285	0.9290618	0.8633073	-1.0836482	1.1111253	-0.8501748	1.0965146	1.0244753	-0.62794524	0.92752886	-1.0161539
-0.9380616	-0.96894264	-0.96988577	0.9913979	-0.9595368	-0.97121114	0.9763876	0.91972405	1.0359764	1.07755	-1.0330826	-1.0428145	-0.99517995	0.98104304	-0.9980382	-1.0549185	1.0405376	0.96860826	-1.0553567	-1.0403993	-1.1247348	-1.0517544	1.0332451	1.0151678	1.056703	1.0007384	-1.0145513	-0.97824216	1.017375	1.0721228	-0.9905935	1.0147555	-0.94053954	-0.93883884	1.0898927	-1.0940665	-0.9662765	0.952109	-1.0029055	1.0430727	1.0121585	-1.0218412	-1.0138355	-1.015803	-1.0485617	1.0381219	-0.985657	-1.1057603	0.98733634	0.97384167	-0.9687838	-1.1335788	-0.95809454	-1.0420632	-1.0460101	-1.0375878	1.095219	-1.0134357	-1.06	-0.97691745	-1.0115622	1.0029602	0.9621526	-1.1046916	1.1087474	1.0004754	-0.9624767	1.0578951	0.98230994	-1.0751394	0.9441238	1.0797838	-1.0635997	-1.066723	1.027603	1.0193334	1.045038	-1.0670967	-1.0541189	0.96042913	1.0482621	-0.9716927	0.98371524	0.95516616	0.8639807	0.97259396	1.0836366	0.98486644	-1.0174642	-1.0237556	1.0812972	0.9794441	-1.0961888	0.88901925	-1.0142065	0.98095345	1.0437592	-0.8880934	0.9840804	-1.0719153
-1.024336	-1.0461797	-1.0124781	1.0770193	-0.88949555	-0.78047705	0.83171237	0.94929284	1.147027	0.88188946	-0.84176964	-0.9800717	-1.0494354	0.8912119	-0.905482	-1.0162507	0.92152005	0.9718484	-0.8617278	-0.92478883	-1.0352216	-1.0764096	0.9630229	0.95955855	0.9124323	1.0352997	-1.1582472	-0.94276685	1.0561163	0.95694184	-0.95691144	0.9253371	-1.1005396	-0.80888104	1.0362673	-0.860331	-0.7260326	1.095506	-0.9142735	0.90575624	1.0063715	-0.80259484	-0.81890863	-1.0323082	-0.91235995	0.88967824	-0.7125134	-0.9205794	0.96720237	0.7965431	-0.86665374	-1.0318786	-0.86829203	-1.0098504	-0.9698419	-1.0776906	0.9895007	-0.9388116	-0.8120302	-1.0955402	-1.0364829	0.85872453	0.9020291	-0.9611722	0.9411893	1.0855463	-1.0250721	1.0047822	1.0065106	-0.9150398	0.9838154	0.97500074	-1.0026835	-0.8358806	0.89480656	0.8794714	0.77566737	-1.0102539	-0.6165202	0.70445234	1.0817637	-0.88564223	1.042486	1.0170114	0.8570086	1.2086793	1.0479658	1.0879012	-0.7387342	-0.7649439	0.9323288	0.86480564	-1.1192201	1.0204071	-0.93904465	1.1285669	1.0318336	-0.7249901	0.9742029	-0.9693985
-0.77151805	-1.0161774	-0.89292896	0.98901504	-0.9894512	-1.1621196	0.9910777	0.8289649	0.98005617	1.0333912	-1.1352035	-1.0824443	-1.1360953	0.90603596	-1.1713222	-1.2008624	1.2042446	0.89543265	-1.1225677	-1.040286	-1.1338009	-1.041685	1.0928353	1.1054904	1.1630601	0.9530671	-0.953316	-0.9069556	1.2676613	1.0872228	-1.002884	1.1738113	-1.0442315	-0.7877101	0.98100674	-1.1293476	-0.89696866	0.87221587	-0.9156808	0.88677627	1.2483416	-1.1732241	-1.1254026	-0.9559143	-0.99877185	1.1805915	-0.99959236	-1.0707499	1.213209	1.1003717	-0.78104514	-1.0947629	-0.90273386	-0.9949662	-1.1772146	-1.0939978	1.1382539	-1.2242261	-1.1304308	-0.8566822	-1.050769	0.94354594	0.86022365	-1.1905266	1.1529799	1.102845	-0.801716	0.8832145	1.1779459	-1.1186961	0.923382	1.0403423	-1.1477798	-1.0892094	1.0761207	0.960526	1.1682419	-1.1334261	-1.0825344	0.82026744	0.8285466	-0.7928136	0.9507608	0.9734221	0.7237679	0.80752856	1.0070143	0.8655175	-1.0859052	-1.0888823	1.0335611	1.0723366	-0.94211525	1.183728	-1.0466024	0.93048364	1.0900929	-0.79047453	1.0072232	-1.2597646
-1.0441821	-1.1451159	-1.034359	1.0758346	-0.9887725	-0.7942337	0.7732299	0.9410198	1.2203305	0.9268913	-0.88879746	-0.9955494	-1.1328554	0.830282	-0.9522774	-1.056237	0.9874096	1.0201865	-0.89362144	-0.9650101	-1.0321941	-1.102464	1.0179794	0.9258279	0.96186745	1.0741527	-1.121203	-0.9333413	1.0309303	0.97258484	-1.1071576	1.0248054	-1.0925347	-0.78519726	1.0540267	-0.9319302	-0.7815274	1.0708611	-0.9844288	0.918118	0.9952847	-0.8244556	-0.8067235	-0.98660725	-0.908002	0.87841696	-0.6269822	-0.9806624	1.0114789	0.84173167	-0.97856534	-1.0102118	-0.9089228	-1.0628806	-0.9092796	-1.1340562	0.9570367	-0.87823874	-0.7540205	-1.0917131	-1.0704708	0.9428188	0.9613671	-0.87068653	0.91081554	1.0771976	-1.0277464	1.0364034	0.96083665	-0.9975831	1.0156467	1.0331203	-0.9631305	-0.85448617	0.85560817	0.8078056	0.7721759	-0.9940759	-0.62092197	0.691699	0.9993215	-0.896563	1.0904404	1.0697666	0.9980622	1.2048659	1.0145739	1.0456499	-0.75312746	-0.81436646	0.98198074	0.9207167	-1.080665	0.9946067	-0.9658773	1.1004813	1.0264707	-0.7264507	0.91348916	-0.9595426
-0.60914826	-0.9543588	-0.79405355	0.9044591	-0.85714364	-1.3260617	1.018955	0.73922306	0.76629585	1.1266807	-1.1628009	-1.042942	-1.1389238	0.90931493	-1.083018	-1.1468252	1.1376246	0.78775525	-1.1163337	-0.91784525	-1.04609	-0.82757276	1.1207297	0.9672662	1.1012112	0.69562507	-0.838261	-0.8295002	1.2367997	0.9646261	-0.79226434	1.1588893	-0.9242821	-0.8201341	0.79911846	-1.1544595	-0.84289974	0.7427123	-0.8993663	0.8021206	1.182044	-1.1465075	-1.1913959	-0.874162	-1.0460857	1.2299696	-1.1155246	-0.9675588	1.2074689	1.1393739	-0.6491581	-1.0911603	-0.77914304	-0.9970133	-1.0740485	-1.0297822	1.02088	-1.2955788	-1.2280973	-0.655181	-0.9476883	0.91663605	0.7335022	-1.1593963	1.0935999	0.9629415	-0.63282776	0.6857285	1.1780384	-1.0428348	0.72101766	1.0029805	-1.1017855	-1.0073189	1.0217535	1.0318108	1.1378195	-1.0809743	-1.1681858	0.8339488	0.65707225	-0.6512625	0.8411462	0.7560442	0.6180318	0.68502563	0.89998657	0.67342526	-1.1714927	-1.1352193	0.9369336	1.0076971	-0.8686606	1.1094999	-0.98281723	0.77157	1.0476394	-0.77471715	0.8655219	-1.226648
-1.037904	-0.9960333	-1.0852942	1.0241208	-0.9650799	-0.9053999	1.0005193	0.9626626	1.0925896	1.1355557	-1.0088016	-1.0459336	-0.93822175	1.0390326	-0.97383195	-1.1105208	1.0655614	1.0031302	-1.0826054	-1.061516	-1.0957003	-1.1256577	0.96398914	1.133424	1.098379	1.0382917	-1.1184258	-1.1338454	1.0063311	1.0657734	-1.1162637	1.0685911	-0.9598917	-0.87972903	1.155004	-1.0294132	-0.91682714	1.0167612	-1.0372899	0.9574622	1.0275027	-1.0609618	-1.0493593	-1.1623697	-1.091915	0.9594781	-0.97882587	-1.0507028	0.9975162	1.0576051	-0.9260657	-1.2119296	-1.0477747	-1.0419791	-1.1168572	-0.9997761	1.0833142	-1.1164072	-1.028952	-1.0959684	-1.0406624	0.935498	0.96137863	-1.117571	1.1695278	1.1662291	-1.0371549	0.98483217	1.0159292	-1.0967045	1.0377405	1.0259715	-1.2157766	-1.0516746	1.0897204	1.0472078	1.0551593	-1.1697234	-0.97349924	0.80417234	1.085527	-1.0447669	1.1466601	0.93319154	0.84701455	1.0764946	1.1502949	1.0952884	-1.0545577	-1.107774	1.1483161	1.0423824	-1.1355764	0.90741193	-1.0765413	1.1146243	1.0671163	-0.9008017	1.0267837	-1.0991114
-0.9191761	-0.88992405	-1.0122114	0.9470692	-0.8713234	-0.8986371	0.99047863	0.8376003	0.96173584	0.9839948	-0.950179	-0.9848555	-0.84264845	0.9511957	-0.9568046	-0.9940035	0.97488385	0.9174641	-0.9747817	-0.92587155	-0.95526797	-0.9281748	0.9521181	0.9805762	1.0520726	0.916096	-0.9032408	-0.9634813	0.92531997	1.0090111	-0.93588054	0.98824877	-0.83321315	-0.86514986	0.9985098	-0.98037183	-0.86429465	0.87012863	-0.920535	0.93371	0.9828266	-1.089871	-1.0559664	-0.9409848	-0.9967244	0.9282724	-0.9940788	-0.99953705	0.9186285	0.9319118	-0.8315334	-1.0491863	-0.9373502	-0.98599505	-1.0003673	-0.86196303	1.0477492	-0.96785605	-0.96521366	-0.92727643	-0.9593933	0.90981483	0.89354384	-1.0036029	1.0967218	0.9182992	-0.9104241	0.9299785	0.97217524	-0.98604304	0.90675807	0.91030854	-1.0060999	-0.9941255	1.0081664	1.0133364	1.037682	-0.9898492	-1.034087	0.8717244	0.9495586	-0.93271995	0.9248798	0.87732196	0.8425968	0.8444848	0.96487224	0.9675303	-0.9976336	-1.0054723	1.0496018	0.95254195	-0.97886586	0.8296801	-1.0134611	0.90950745	0.9395557	-0.7984053	0.99165744	-0.9453841
-0.19740266	-1.043943	-0.7315535	1.0506734	-0.9247074	-1.5615457	1.0456053	0.53288656	0.6409108	1.1706115	-1.4008015	-1.1854795	-1.3526353	0.8472298	-1.3609929	-1.2945356	1.3579801	0.48455063	-1.3092954	-1.0930933	-1.2407309	-0.6753572	1.341418	1.0440193	1.3024031	0.62074524	-0.63571143	-0.7080262	1.4881787	1.1545192	-0.7278498	1.36508	-1.2078114	-0.78378224	0.64347017	-1.368572	-0.84329706	0.6959671	-0.8165851	0.7450793	1.4602523	-1.3234626	-1.4175863	-0.740611	-1.103885	1.5024567	-1.1949482	-0.9000927	1.4555521	1.34924	-0.31952155	-1.0212848	-0.5975556	-0.8888713	-1.2593695	-1.1824148	1.1579168	-1.4272162	-1.4772527	-0.39530277	-0.9767301	0.9458811	0.5635435	-1.393426	1.0333915	1.0035998	-0.4063284	0.47028986	1.3963199	-1.06033	0.6695178	1.098723	-1.0905879	-1.2682822	1.0344265	0.98559624	1.2764517	-1.0328678	-1.3622917	0.93556565	0.3257618	-0.3310535	0.8370799	0.826372	0.34007165	0.43656373	0.9048188	0.35965732	-1.3123	-1.2401685	0.9276681	1.106769	-0.67103124	1.4213889	-0.966065	0.60240144	1.2608103	-0.7977063	0.917308	-1.4563024
-1.3590157	-1.0527385	-1.1182554	1.0947347	-1.0070224	-0.35319573	0.8896893	1.1760334	1.241452	0.9567544	-0.7303625	-0.98117256	-0.97636735	0.97552073	-0.8532547	-0.8653199	0.83942413	1.1619717	-0.85778373	-0.93671715	-0.9782489	-1.1479187	0.8738356	1.0683943	0.85606354	1.2594535	-1.1926432	-1.0225911	0.7253808	0.9448383	-1.1402864	0.82941264	-1.0347357	-1.0470481	1.163468	-0.6985634	-0.9557347	1.2181909	-1.0427583	1.1116176	0.8098075	-0.72735274	-0.64788955	-1.0710124	-1.0010338	0.63225573	-0.71593446	-1.0730665	0.7321903	0.6920079	-1.2569132	-1.0352715	-1.1459028	-1.1378322	-0.82600254	-1.0858094	0.9481005	-0.61831903	-0.60466385	-1.2328725	-1.0621493	1.0457144	1.1714863	-0.75033414	0.9573928	1.070989	-1.2146991	1.2700909	0.8837451	-1.0010909	1.147419	1.0288681	-1.0403701	-0.7980341	1.0098026	1.011166	0.80058134	-0.96670604	-0.6421886	0.89687634	1.2844151	-1.1499358	1.2105557	1.1400654	1.1795232	1.375294	1.1746229	1.2517606	-0.66963524	-0.71299917	1.0283014	0.9106848	-1.2328527	0.85419637	-1.0191337	1.1762947	0.9294767	-0.8714955	1.0140758	-0.7712149
-0.6458979	-1.0493139	-0.7537768	1.0385066	-0.88986635	-1.1755064	0.76514524	0.63951707	0.98390996	0.92413294	-1.0107208	-1.0578771	-1.2460229	0.8178585	-1.1372612	-1.1564641	1.1092532	0.7387945	-1.0197867	-1.0147498	-1.1484163	-0.8941157	1.154063	0.9410736	1.0055175	0.86838025	-0.92925084	-0.72709614	1.2292291	1.0889118	-0.8614057	1.163155	-1.1258245	-0.654896	0.9236503	-1.1392155	-0.74760956	0.97012424	-0.8373121	0.7473759	1.2472582	-1.0319554	-1.0728611	-0.89343214	-1.0237522	1.2141976	-0.76585495	-0.8874167	1.1914253	1.0336978	-0.62823623	-1.0232096	-0.8088589	-0.99329114	-1.0652621	-1.0921397	0.96980315	-1.2252743	-1.1884767	-0.8496284	-1.0193894	0.8130947	0.7747837	-1.1695572	0.89636815	1.0793524	-0.7463839	0.80377746	1.1904888	-0.99931526	0.8715774	1.0343987	-0.9414224	-1.0338825	0.90109533	0.7642159	0.93421715	-1.044426	-0.88128674	0.7155685	0.70518726	-0.6108811	0.9578432	0.94599146	0.67638373	0.8956239	0.9194153	0.71810746	-1.0135044	-0.9467989	0.8571983	0.89580035	-0.94878757	1.2579466	-0.89706814	0.91312736	1.1379766	-0.6570751	0.8768897	-1.1586148
-0.7600124	-1.1406765	-0.8997785	1.1092737	-1.0106837	-1.2849013	0.91703385	0.7641026	1.135362	0.98823583	-1.1283017	-1.1727778	-1.3179091	0.9224661	-1.2244427	-1.2462481	1.1703521	0.8059746	-1.0633454	-1.0843934	-1.2366302	-1.0395782	1.1399503	0.9872928	1.0962452	0.97411007	-1.1117816	-0.81383395	1.280819	1.1144077	-0.99401903	1.1785744	-1.2338253	-0.74180895	1.0267148	-1.2091378	-0.77743864	1.0324496	-0.86127836	0.84780246	1.3447971	-0.9980294	-1.1615387	-0.9288384	-1.0521358	1.2551656	-0.8250308	-0.9302701	1.2939916	1.1205603	-0.6997488	-1.107274	-0.8405779	-1.0572605	-1.0910901	-1.1805328	1.0881122	-1.256644	-1.1684853	-0.87178165	-1.1125052	0.9775593	0.81756943	-1.2307444	1.0033284	1.1653484	-0.8536055	0.8302564	1.2324638	-1.0749159	0.9117483	1.1552149	-1.0374004	-1.0914049	0.95548487	0.85453546	0.9642872	-1.1621312	-0.9561177	0.71569675	0.8365713	-0.63962793	1.0634938	1.013965	0.717698	1.0248895	0.9884905	0.8805903	-0.9258738	-0.99063426	0.95531017	0.9252603	-1.0520934	1.377575	-0.92396706	0.9869913	1.2663493	-0.7018701	0.9928765	-1.2462444
-1.0263853	-1.0688094	-0.90211445	1.1305025	-1.0147556	-0.9961685	0.91777897	0.87863344	1.1418415	0.9201104	-0.98029673	-1.0392028	-1.2132802	0.853671	-1.0938135	-1.1222787	1.0702742	1.0080783	-0.9791717	-1.0295049	-1.081484	-1.0531615	1.016836	0.95832896	0.94062895	1.0719321	-1.1390073	-0.8981847	1.0610259	1.0544243	-1.0330158	1.0622332	-1.2121174	-0.7900096	0.99254483	-0.97792757	-0.8152587	1.0482892	-1.0111749	0.8981129	1.1208256	-0.9473953	-0.88236326	-0.91689736	-0.9444784	0.9847918	-0.75003606	-0.96060836	1.0909111	0.950678	-0.861434	-1.0936887	-0.96306264	-0.9657448	-0.99310285	-1.081192	0.9192722	-0.99869454	-0.94245315	-1.0640998	-1.1261346	0.9287959	0.9598095	-1.0108634	0.90135396	1.1440917	-0.91798645	1.0145326	1.0381451	-0.9997633	0.96310043	1.0670464	-0.8853187	-0.9853363	0.8843358	0.80104584	0.7891145	-0.9723741	-0.7521181	0.73545086	0.93904805	-0.7780904	1.0515007	1.098828	0.9927881	1.2311848	1.0024859	0.97133255	-0.82305574	-0.7842423	0.9603857	0.9345529	-1.0287195	1.2095357	-0.94063437	1.1125717	1.0615224	-0.84408903	0.94771254	-0.9433252
-0.98627204	-1.0972668	-0.98208845	1.0462412	-1.0088748	-0.8029006	0.7805529	0.8520385	1.1552352	0.8529854	-0.8278188	-1.0070922	-1.1775597	0.9054214	-1.0335406	-1.0769777	0.9982618	0.9430627	-0.91195005	-0.9449998	-1.0217487	-1.0298526	1.0057524	0.9138352	0.9431264	1.0285033	-1.1395491	-0.8796046	1.0388713	1.0374287	-1.0224586	0.9821725	-1.1330278	-0.6530423	1.1026226	-0.93540156	-0.7285289	1.1109667	-0.9180317	0.89523387	1.064243	-0.8508844	-0.79539484	-1.01809	-0.88397753	0.91734403	-0.56336725	-0.96262425	0.9827193	0.8264413	-0.8549532	-0.9885235	-0.83902305	-1.012934	-0.9516448	-1.0700392	0.89131105	-0.8546115	-0.89373124	-1.0222347	-1.0936799	0.9060961	0.89769095	-0.903831	0.86830693	1.1433554	-0.9933294	1.0049479	1.0407726	-0.9918948	1.0204087	1.0682468	-0.9243711	-0.95657456	0.86653936	0.81136876	0.7353805	-0.9744452	-0.53253365	0.6076484	1.0309865	-0.7553538	1.025459	1.0265039	0.90245044	1.1222719	1.0350235	1.0932211	-0.72270197	-0.80654156	0.87774533	0.8660807	-1.0553355	1.1618184	-0.9276151	1.0861969	1.0001771	-0.6519374	0.9544417	-0.98253316
-0.66809356	-1.1027569	-0.7864641	0.9996452	-0.76870817	-1.159906	0.79933846	0.60273176	1.0020868	0.9833618	-0.98814315	-1.0949243	-1.2435268	0.7737857	-1.1100565	-1.1518232	1.1106023	0.7141187	-1.0740389	-0.9238575	-1.1600329	-1.0039096	0.98100966	0.9229462	1.0263767	0.92360044	-1.0330644	-0.788353	1.3193871	1.1009095	-0.906869	1.1805218	-1.1631577	-0.52429366	0.9528746	-1.1457022	-0.61874086	0.8907854	-0.704338	0.7378034	1.3189617	-1.0238217	-1.0731733	-0.88922566	-0.8861278	1.1160601	-0.6996424	-0.85719347	1.1814171	1.0259172	-0.52966636	-1.1279767	-0.7388502	-1.0182418	-1.0639399	-1.1754543	1.046629	-1.2819649	-1.14245	-0.85972285	-1.0266029	0.75123227	0.6706739	-1.2333848	1.0784283	1.1614032	-0.7345327	0.7419169	1.1636424	-1.0275555	0.84865755	1.0000814	-1.0436339	-0.9986224	0.9706768	0.79935986	0.95360374	-1.0735939	-0.8709725	0.5029164	0.7819753	-0.4993281	0.8929668	0.8109222	0.45601472	0.95130116	0.9793877	0.8133725	-0.8980263	-0.92235285	0.91051203	0.8511094	-1.0584463	1.321931	-0.9137452	0.93808883	1.1266731	-0.46346962	0.8399929	-1.225944
-0.9887402	-1.165367	-1.0180538	1.0846759	-0.956463	-1.009268	0.90411526	0.89534163	1.2146854	1.0723727	-0.96890473	-1.2115439	-1.2196028	0.88407654	-1.0753992	-1.2115759	1.0674101	1.0372521	-1.0249565	-1.0540596	-1.2689959	-1.133583	1.0600393	1.0819591	0.963724	1.0879825	-1.2075474	-0.9944947	1.2245114	1.0868367	-1.1081741	1.102692	-1.1907055	-0.7697167	1.1673577	-1.0818428	-0.6720688	1.0632755	-0.90024525	0.9393058	1.1523592	-1.0440338	-1.040102	-1.0385302	-0.9745685	1.0380771	-0.8052755	-1.0735749	1.1391108	0.90162665	-0.8406904	-1.2149798	-0.97604847	-1.0479847	-1.0569929	-1.21697	1.1112504	-1.2384347	-0.95520586	-1.1257651	-1.0595115	0.8906273	0.8865203	-1.1727828	1.1538659	1.2759709	-0.92367774	1.0228267	1.0908204	-1.0682417	1.0023073	1.1275675	-1.0757576	-0.98820114	1.0644704	0.9821107	0.9581101	-1.2000327	-0.8844794	0.6721186	1.0757979	-0.87359536	1.0975689	1.029436	0.7839855	1.2072332	1.1150814	1.1522052	-0.871611	-0.90020096	1.0231477	1.0242249	-1.1898189	1.1583029	-1.0961771	1.1033856	1.1037247	-0.6209765	1.0121652	-1.196153
-0.9312415	-1.1162493	-0.94094867	1.104865	-0.9135555	-0.9154793	0.73364747	0.78884465	1.23003	0.91866666	-0.88228714	-1.0279949	-1.2110152	0.85528	-0.9967093	-1.0759661	1.0774072	0.93935454	-0.92337245	-0.9433696	-1.1218348	-0.98787516	1.0695645	0.9746033	0.9140529	1.0222437	-1.1068664	-0.8784386	1.132476	1.0448887	-1.0318445	1.0120702	-1.1413326	-0.71237624	1.0357484	-0.943241	-0.7220442	1.0859758	-0.8787232	0.84024453	1.143755	-0.9106495	-0.86874825	-0.94658184	-0.9691648	0.96770513	-0.6583513	-0.91908944	1.0967648	0.8861834	-0.7886862	-0.99629164	-0.82111526	-0.97831476	-0.9447506	-1.1128451	0.9909317	-1.0621805	-0.8925181	-0.97553986	-1.0306491	0.90183705	0.82047266	-1.0047486	0.8651455	1.120903	-0.9859574	0.94531286	1.1342752	-0.95571846	1.0098	1.0559863	-0.99018985	-0.9585698	0.933152	0.77291304	0.80523586	-0.98584896	-0.70449144	0.6048686	0.994582	-0.7558717	0.9853105	1.0331855	0.84899586	1.1464202	0.99339485	1.0844694	-0.75814927	-0.8724263	0.91520154	0.90443444	-1.0386475	1.1004006	-0.95173305	1.1159757	1.0645124	-0.57653654	0.9713365	-0.9990538
-0.8030722	-0.940407	-0.9312328	0.8517883	-0.8911311	-0.9054447	0.9489677	0.802319	0.8533659	0.97294915	-0.9266599	-0.9177528	-0.9001175	0.8683982	-0.92075926	-0.99058086	0.9936167	0.8937547	-0.95237625	-0.9361116	-0.9466191	-0.9340278	0.92836523	0.933165	1.0227625	0.91039467	-0.86404073	-0.8463459	0.96626484	0.9557418	-0.9465756	0.9859479	-0.864658	-0.88301027	0.9431374	-0.9918709	-0.8694463	0.92118055	-0.957165	0.85244083	0.9749415	-1.0018984	-1.0146576	-0.9560259	-0.95704645	0.924555	-0.9218149	-0.883931	0.96401155	0.9139371	-0.79449815	-0.9768284	-0.8462384	-0.9288176	-0.90848136	-0.94862473	0.91174453	-0.99120194	-0.97369415	-0.84852415	-0.9528814	0.88666576	0.8549884	-0.952182	0.94292146	0.92756295	-0.84673536	0.9075208	0.99935466	-0.9910994	0.8603499	0.94209146	-0.91580504	-0.9806365	0.94127554	0.9052187	0.9630775	-0.9062957	-1.0238638	0.8900937	0.8580812	-0.84739757	0.9161981	0.91285974	0.76363635	0.90200496	0.93487144	0.9044825	-0.97600454	-1.0172396	0.97063816	0.98353434	-0.8770604	0.8526173	-0.88165414	0.8526391	0.9587868	-0.8802456	0.9159137	-1.0232165
-1.0760236	-1.0878117	-0.92709905	1.1614672	-0.9883412	-0.8342372	0.8619738	0.8893545	1.1747149	0.9316867	-0.84845465	-1.0106845	-1.089615	0.9309664	-1.0002267	-1.0201707	1.0753696	1.0233275	-0.8825798	-1.0093651	-1.0382134	-1.104724	1.0433948	1.0121273	0.9206242	1.1338009	-1.2086157	-0.91776735	1.0323424	0.9897189	-1.1246325	1.0431997	-1.1245964	-0.82509935	1.0864892	-0.9456816	-0.83246493	1.18069	-1.0642784	0.9407583	1.0655342	-0.89873976	-0.8222149	-0.97627026	-0.9364045	0.9442838	-0.7252882	-0.92190915	1.0226274	0.79906553	-1.021737	-1.0240862	-0.94715977	-1.0151058	-1.0046993	-1.1534814	0.9587616	-0.8335099	-0.7561466	-1.1379253	-1.1171755	0.9456838	0.93756235	-0.9560187	0.84294915	1.0802746	-1.0921491	1.0556917	1.0312312	-0.99419916	1.0677114	1.0581136	-0.95030034	-0.91428834	0.8897943	0.891565	0.79133534	-1.0267482	-0.60203546	0.66874844	1.0072073	-0.9078004	1.0420076	1.1679474	0.9793628	1.2178406	1.0290135	1.0971844	-0.77236587	-0.78061175	0.96455306	0.9319259	-1.1079998	1.0420067	-0.9718864	1.13543	1.05962	-0.7386419	1.0121565	-0.8936763
-1.0515544	-1.1323886	-0.9643987	1.1169969	-0.9663821	-0.9148221	0.86249673	0.8978361	1.1513879	0.8924921	-0.84222525	-1.0600532	-1.1670271	0.824909	-1.069002	-1.022866	1.0137811	0.9905194	-0.9354831	-1.0310651	-1.0970308	-1.0446786	1.0467988	0.97408545	0.91703814	1.0771503	-1.0981766	-0.8062654	1.0747283	0.9834833	-1.0488025	0.99843097	-1.1391953	-0.82796544	1.0746038	-0.9837122	-0.7540057	1.1619495	-0.98019373	0.84622854	1.0469488	-0.78712094	-0.8496748	-0.8924741	-0.9190343	1.0088905	-0.71416306	-0.94279623	1.081747	0.8721035	-0.97275484	-0.9908906	-0.94760615	-0.97805977	-0.92259806	-1.1831571	0.9524076	-0.96576744	-0.8949977	-1.0377864	-1.1292351	0.98894733	0.9556605	-0.9622222	0.8334765	1.1235048	-0.95492023	1.0337785	1.0972762	-0.94886035	0.97257596	1.0525109	-0.8756764	-0.9528173	0.9066492	0.807238	0.79592246	-0.980148	-0.6920298	0.80245024	1.0334183	-0.75894463	1.0706755	1.131941	1.0054215	1.1192402	1.001276	1.0335612	-0.7833986	-0.75093454	0.8852692	0.9055908	-1.0325556	1.1766315	-0.84525853	1.0575043	1.1078817	-0.8155298	0.8995561	-1.0174651
-0.7136301	-1.0232935	-0.896888	1.0370393	-0.81031495	-1.1718173	0.86224204	0.78022367	1.0902545	0.958711	-0.99510473	-1.0612644	-1.2211558	0.8229025	-1.0646061	-1.1769526	1.137602	0.85012454	-0.98050946	-1.0026908	-1.1711026	-0.9987587	1.0336863	1.0109777	1.0159265	0.8412163	-1.0103377	-0.8116152	1.237079	1.0660337	-0.9175337	1.0951264	-1.0548508	-0.65897727	1.0141267	-1.0809976	-0.7783554	0.92825764	-0.8348012	0.8672676	1.239738	-1.0418488	-1.0871398	-0.9119286	-0.96853614	1.1244466	-0.8817522	-0.97881657	1.1207112	1.0006312	-0.62906826	-1.1068298	-0.84495133	-1.0604688	-1.0001835	-1.1329707	1.0676496	-1.2684363	-1.0825986	-0.8479081	-0.97850853	0.795244	0.8134147	-1.1292758	1.0828621	1.1216301	-0.75717765	0.8192167	1.1594601	-1.0433052	0.79962325	0.9873994	-1.0198451	-0.98046225	0.91186404	0.8933212	1.0737008	-1.1181314	-0.90879154	0.6500578	0.79788166	-0.73182315	0.96345145	0.83764744	0.6428492	0.9397992	0.96070355	0.8464389	-0.99426275	-0.9050992	1.0034764	0.95057076	-1.0462369	1.1735839	-0.9129642	0.9185212	1.1138245	-0.60964686	0.92303056	-1.1954973
-0.34223875	-0.8262704	-0.7861066	0.84109765	-0.6953389	-1.2688427	0.8434842	0.44869593	0.71501285	0.9319151	-1.0351815	-0.98527527	-1.0668081	0.7912153	-1.0078257	-1.1056459	0.9928461	0.62368983	-1.0120057	-0.9252933	-1.1057657	-0.7891384	0.9792361	0.9777245	1.0476123	0.5562793	-0.7892761	-0.7631409	1.1818042	0.9289709	-0.6661696	1.1426533	-0.91418636	-0.60097337	0.7689471	-1.0707072	-0.6409362	0.583923	-0.68279463	0.6738143	1.1742922	-1.1080558	-1.1762004	-0.78518975	-0.8767097	1.1489189	-0.95926565	-0.84316814	1.1403412	1.1220379	-0.37797725	-1.0139974	-0.58349293	-0.8546826	-1.0463303	-1.0052296	1.0209233	-1.284982	-1.142339	-0.56164986	-0.88002574	0.7331558	0.4910857	-1.1836133	1.0194842	0.9157953	-0.38655016	0.49521813	1.0260423	-1.0481963	0.564195	0.90137136	-1.0012571	-0.9791567	0.93021154	0.8859074	1.0488366	-1.0374703	-1.135519	0.6836275	0.51558405	-0.409944	0.72910196	0.59611386	0.31768066	0.49865335	0.83508676	0.56435484	-1.1122552	-1.0900091	0.8474681	0.94495994	-0.79810864	1.1085268	-0.8616651	0.68138486	1.0307908	-0.578	0.75215	-1.2746413
-0.912918	-1.0431619	-0.9401079	1.0379537	-0.9064095	-0.9594165	0.9168227	0.8093259	1.0876708	1.0401119	-1.046342	-1.0381352	-1.0905776	0.9366422	-0.98535866	-1.1179693	0.9894407	0.9418003	-1.044075	-1.0404412	-1.1000763	-1.0130533	1.0269573	1.0689768	1.0487078	0.9597778	-1.010859	-0.9503999	1.1150223	1.0667813	-0.93404216	1.0873561	-1.0552138	-0.7767628	0.98254204	-1.076924	-0.81462574	0.92478585	-0.9296499	0.88498205	1.0512989	-1.0464398	-1.060941	-1.0284967	-1.0628042	1.0148824	-0.8515341	-1.0523468	1.0903481	1.0149173	-0.8646929	-1.0956529	-0.8879697	-1.0127828	-1.0774097	-1.0518692	1.0569295	-1.090959	-0.99882007	-0.96658003	-1.0385823	0.9471315	0.912768	-1.1133375	1.1218455	1.1251374	-0.8870272	0.88463956	1.0767926	-1.0142365	0.9057499	1.0337403	-1.0236984	-0.95944536	0.9663313	1.0128611	1.0413396	-1.0183343	-0.90665156	0.7308107	0.9676633	-0.7983444	0.997247	0.8981615	0.8441628	0.98823774	1.007418	0.96730566	-1.0016309	-1.0158283	0.96542543	0.9469706	-1.052054	0.9818203	-1.0388496	1.0195659	1.0317038	-0.8218958	0.9531998	-1.1283532
-0.85508144	-1.2582543	-0.9215001	1.2195526	-0.9297544	-1.2757616	0.7955976	0.7532553	1.2230515	0.97763246	-1.0538871	-1.238242	-1.3712949	0.78945714	-1.2254872	-1.306894	1.262518	0.937653	-1.0802401	-1.1180346	-1.2732308	-1.164056	1.1334631	1.0125856	1.0640559	1.0725003	-1.1181314	-0.85667187	1.3756849	1.1449198	-1.151536	1.2604606	-1.276513	-0.5224433	1.15624	-1.2330819	-0.621477	1.0531749	-0.8724571	0.8451596	1.3520199	-0.99973005	-1.1095562	-0.9584398	-0.89244694	1.2762935	-0.7063824	-0.9151846	1.3121523	1.0961041	-0.69847983	-1.1854893	-0.7327599	-1.0158701	-1.1079328	-1.2014271	1.0324945	-1.3102511	-1.0715379	-1.0868763	-1.1858338	0.85266185	0.8095864	-1.1853285	1.0279316	1.2911869	-0.84500515	0.8890612	1.2823677	-1.1625954	1.001493	1.080342	-1.0255747	-1.0315516	0.8833332	0.84833723	0.9209206	-1.148563	-0.8288857	0.42102483	0.95564365	-0.63857806	1.0836797	1.0520674	0.66464674	1.1486912	1.0795344	1.0459524	-0.8899336	-1.0344409	0.9536986	0.9259042	-1.1457865	1.4040964	-0.9619633	1.1735687	1.238939	-0.47789446	0.9832911	-1.2767464
-0.79000604	-1.0080235	-0.7807974	0.954694	-0.79265225	-1.0068376	0.7280671	0.6645003	1.0675161	0.96121645	-0.8749363	-1.0185462	-1.1632711	0.7648363	-0.94079554	-1.0620929	0.99210316	0.8069309	-0.9328054	-0.9433977	-1.0241014	-0.96620655	0.9863368	0.92724586	0.9328715	0.9163589	-0.9223697	-0.74082726	1.1367174	0.964738	-0.8802561	1.0416522	-1.0323521	-0.6712217	0.87345535	-1.0040613	-0.6811313	0.91194123	-0.759847	0.7794738	1.0813262	-0.9514386	-0.95855415	-0.89247036	-0.8507722	0.95919526	-0.6866555	-0.8264739	1.0798684	0.8378398	-0.6830703	-1.0059625	-0.7340139	-0.8621637	-0.9650186	-1.0437729	0.9811838	-1.0422415	-0.96211535	-0.8501796	-0.9903017	0.7764797	0.6973529	-1.0318972	0.9729189	1.059715	-0.7697007	0.7866882	1.0144104	-0.9909046	0.7892411	1.0063664	-0.88021475	-0.88054407	0.85884	0.746667	0.8589019	-1.0198987	-0.7906587	0.6049182	0.7781876	-0.66328555	0.94314003	0.92014694	0.6238574	0.94572794	0.94239765	0.8288719	-0.8087191	-0.8288447	0.8356736	0.78639185	-1.0186487	1.0991145	-0.79444116	0.9173571	1.072903	-0.5868401	0.8910179	-1.1303998
-0.5594479	-0.8870816	-0.8530351	0.88973194	-0.8184288	-1.2399087	0.98593765	0.7236929	0.73788923	1.0349642	-1.1112993	-1.0241805	-1.0088454	0.91677135	-1.0290504	-1.0838981	1.0989535	0.7478393	-1.1149731	-0.9647645	-1.0481603	-0.8938226	1.0154496	1.0647275	1.1770418	0.675913	-0.75932175	-0.8695135	1.1319848	0.980177	-0.76252323	1.0976845	-0.93892413	-0.8226378	0.7975818	-1.1279922	-0.83112687	0.7484883	-0.7876473	0.854291	1.1718949	-1.1551592	-1.1661514	-0.9302499	-1.0166372	1.0928037	-1.0576361	-0.9420921	1.1424822	1.1703507	-0.6150767	-1.042153	-0.82746625	-0.94113094	-1.0153239	-0.9466354	1.0929925	-1.198679	-1.1784	-0.67404693	-0.88014746	0.9560771	0.75364953	-1.2222505	1.0983601	0.95259494	-0.60633194	0.63366157	1.1504567	-1.0461828	0.77678114	0.98128146	-1.1058451	-1.0480485	1.0368624	1.0145024	1.2103292	-1.0496799	-1.2187473	0.88038456	0.73910415	-0.6845943	0.8152952	0.7440603	0.5981538	0.63719994	0.9624468	0.7314864	-1.1497054	-1.133222	1.0204892	0.96598256	-0.8457703	1.0705162	-1.034697	0.7183393	1.0800358	-0.77464366	0.84687054	-1.2398989
-0.9281635	-1.1762072	-0.9706126	1.1927927	-0.860096	-1.1415192	0.7748696	0.68107325	1.3157572	0.9936573	-1.0225677	-1.2331642	-1.4295318	0.8476422	-1.0853738	-1.2544086	1.186479	0.88859576	-1.0768719	-1.057384	-1.2517653	-1.1439956	1.0966234	1.0795997	0.9948344	1.1256605	-1.1921805	-0.89271754	1.3879445	1.186074	-1.0634081	1.2485473	-1.2441813	-0.5726777	1.1475383	-1.1316918	-0.5829474	1.12034	-0.8388252	0.79657495	1.381787	-1.0633539	-1.0638458	-0.97255915	-0.9440311	1.2161621	-0.6641328	-0.98004144	1.2908839	0.97104454	-0.6670664	-1.1923388	-0.83984077	-1.0844194	-1.1311834	-1.3070523	1.0803175	-1.3622789	-1.0455441	-1.0132506	-1.1110835	0.833299	0.7331157	-1.1761576	1.07735	1.2220861	-0.82456136	0.8951777	1.2572055	-1.1076317	0.9684608	1.0899265	-1.0160685	-0.9442524	0.95255184	0.7753461	0.80768806	-1.1194756	-0.8136117	0.5054783	0.9009234	-0.67082995	1.0668974	1.0046399	0.6804892	1.2278031	1.091791	1.0651109	-0.90112954	-0.8769672	0.9765397	0.9387293	-1.1294839	1.3645511	-0.95906746	1.181377	1.2060635	-0.50133234	0.936765	-1.290665
-0.3675598	-1.0750794	-0.7180645	1.0063982	-0.86759853	-1.4595671	0.92415833	0.46597037	0.79093957	1.0525385	-1.2503986	-1.1719977	-1.4262369	0.78888047	-1.2653477	-1.3151748	1.249286	0.61777246	-1.2021524	-1.0574305	-1.1952648	-0.751826	1.1450286	1.0138574	1.1765599	0.6812114	-0.8256886	-0.6577057	1.516805	1.1079957	-0.8127283	1.2624304	-1.206863	-0.55956846	0.7946034	-1.3310702	-0.63568956	0.67908	-0.7274246	0.6800401	1.4591542	-1.2356842	-1.2619426	-0.7864253	-1.0303499	1.386559	-0.9454898	-0.792195	1.3800365	1.2272005	-0.34486195	-1.0833442	-0.5763513	-0.9167347	-1.1881535	-1.1496398	1.1267624	-1.4890614	-1.396968	-0.62997115	-0.996408	0.8222589	0.47885594	-1.3604585	1.030752	1.0134181	-0.45174482	0.492564	1.3303182	-1.1079314	0.6574548	1.0346181	-1.0259023	-1.1798241	0.98924273	0.8267907	1.1297547	-1.0526325	-1.0943773	0.68526405	0.51364523	-0.31079188	0.8965011	0.7916733	0.3315424	0.6632892	0.8851937	0.48805365	-1.1063894	-1.1355093	0.92707443	1.0096316	-0.75673294	1.4744943	-0.865229	0.7604591	1.227983	-0.5843689	0.8624065	-1.405912
-1.0844109	-1.0888405	-1.05941	1.1560383	-1.0725703	-0.734776	0.8744849	1.0523512	1.1677322	0.9761704	-0.9178061	-1.0227597	-1.0402527	0.9299812	-1.0108424	-1.0471494	0.9765733	1.0526643	-0.89812875	-0.9902013	-0.9878338	-1.0990077	0.97885805	1.0420154	0.90001845	1.1190832	-1.1852424	-0.9730542	0.9286743	1.0880613	-1.0691841	1.0054711	-1.0668254	-0.9165503	1.1181933	-0.879168	-0.896141	1.1100012	-1.053863	1.0371659	0.9772746	-0.831155	-0.8125577	-1.0763688	-0.97545695	0.9158015	-0.79197484	-0.9678321	0.92512953	0.82760006	-1.0782349	-1.0718552	-1.0498557	-1.0833122	-0.9476988	-1.0859644	0.90898556	-0.83522105	-0.83169067	-1.2059151	-1.0908264	0.948765	0.9634036	-0.8771673	0.9415891	1.0968076	-1.0747108	1.1129742	0.96708214	-0.9732539	1.1390861	1.0780295	-0.9756271	-0.9828484	1.0003096	0.9443665	0.789459	-1.0704161	-0.6855891	0.7568358	1.1503094	-0.9678999	1.0512173	1.1052665	1.1162176	1.2461978	1.0196023	1.2153522	-0.8066939	-0.84851605	0.9892286	0.9535523	-1.1819285	0.963525	-0.99764943	1.1517516	0.9940852	-0.81217223	0.99283934	-0.8536404
-1.067848	-0.91289777	-1.0833783	0.9057172	-0.897883	-0.5454769	1.0737592	1.0541973	0.9940487	1.0421739	-0.93439937	-1.0082846	-0.68414026	1.0137647	-0.80164725	-0.90067285	0.8856463	1.0841727	-0.9927134	-0.9110538	-0.96995693	-1.0837272	0.851769	1.1203798	0.9751249	1.0113317	-1.0359889	-1.0536908	0.78091246	1.0029285	-1.0173995	0.90608037	-0.76302814	-1.0039731	1.0506983	-0.82190037	-0.98808455	0.9940859	-1.0559272	1.0801624	0.80919653	-1.0263041	-0.9280204	-1.1764729	-1.0729392	0.71493375	-1.020213	-1.0990406	0.6901969	0.8955152	-1.0335783	-1.0670489	-1.0949101	-1.0857314	-0.99835324	-0.9123053	1.088643	-0.7879247	-0.8221508	-1.0965353	-0.95349157	0.95600146	1.0916532	-0.9359012	1.1670247	1.0306052	-1.0265172	1.0967983	0.80918735	-1.0486667	1.0208354	0.9266953	-1.0875926	-0.879351	1.1211382	1.0994209	1.0792637	-1.0469232	-1.0608376	1.0025356	1.0629668	-1.1578833	1.022432	0.9113514	1.0235537	1.0284203	1.1415399	1.1256952	-1.0020875	-1.0162055	1.1054524	1.0015335	-1.114914	0.5510788	-1.1311913	0.974596	0.95338494	-0.9788386	1.0582952	-0.9889893
-0.5175497	-1.0741866	-0.76541734	1.058457	-0.8954658	-1.2478136	0.7770296	0.56400704	1.0210294	0.9982899	-1.0602584	-1.0593189	-1.3141359	0.7355022	-1.1975673	-1.1614733	1.0892204	0.6810827	-0.99939066	-1.0211753	-1.1791494	-0.92249656	1.1160395	0.8999774	1.1109513	0.7983702	-0.91628784	-0.7184166	1.3419014	1.1124709	-0.9284993	1.221742	-1.2011871	-0.5988819	0.88397837	-1.1258439	-0.68955564	0.9328135	-0.82602346	0.66910976	1.3521976	-1.0138314	-1.141955	-0.8147179	-0.88883954	1.2506768	-0.8440899	-0.79843813	1.2597346	1.084158	-0.5043814	-0.99659336	-0.6959126	-0.89431244	-1.0082536	-1.2104923	0.9391584	-1.270684	-1.1851994	-0.7547259	-1.0444845	0.90339583	0.68667823	-1.2081074	0.8844739	1.0750133	-0.5941368	0.67364943	1.2183086	-0.9841747	0.77678156	1.0313343	-0.95338	-0.9798374	0.93440807	0.7645759	0.9583614	-1.0363277	-0.95495886	0.5779887	0.72614604	-0.48881254	0.94027865	0.9571501	0.5617842	0.75711167	0.88237435	0.7311158	-0.9595881	-0.90549064	0.86954325	0.84258336	-0.87725246	1.3900237	-0.8387899	0.90129435	1.178954	-0.5355708	0.844637	-1.2093208
-1.0604649	-1.1280675	-0.9725338	1.0695616	-1.0561244	-0.8042885	0.88818246	0.9845318	1.1334264	0.9365713	-1.005208	-1.0325924	-1.0709649	0.8992436	-1.0346049	-1.0343083	0.99969685	1.0317987	-0.96921283	-1.0192356	-1.1059293	-1.0727903	0.9665158	0.9556782	0.9755448	1.0854379	-1.0755718	-1.0088525	1.0005606	1.0122601	-1.1170642	1.0176392	-1.0876693	-0.8952565	1.1054008	-1.0176888	-0.8986887	1.106319	-0.9644783	0.93900913	0.96192646	-0.9007273	-0.89965427	-1.0477822	-0.95168775	0.9242641	-0.80456704	-1.0350507	0.9193481	0.96058977	-1.0229393	-1.048814	-0.9951078	-1.0426028	-0.9994218	-1.096241	0.9318239	-0.93354857	-0.8570858	-1.1018682	-1.0446174	0.9634139	1.0170609	-0.96771127	0.9674122	1.0947895	-1.0115882	1.0109752	1.01398	-1.0413381	1.0312185	1.0889281	-0.99799395	-0.97778887	1.0112262	0.96691746	0.8837481	-0.9979822	-0.81110674	0.79291373	1.0020174	-0.94468254	1.0263073	1.0602158	1.0330203	1.150588	1.039706	1.0680155	-0.8758611	-0.93586546	0.9854618	0.9878672	-1.1279165	0.9392202	-1.054706	1.1586082	1.0514661	-0.8191896	1.0062845	-0.9524508
-0.56843346	-0.9683723	-0.772423	0.92831767	-0.81686896	-1.2255238	0.8218865	0.5541245	0.85971755	0.9310178	-1.0220997	-1.0333073	-1.1792587	0.78794396	-1.0899639	-1.0862634	1.0215386	0.6410797	-0.9310573	-0.86000776	-1.1332767	-0.9110898	1.0119289	0.9519107	0.9894433	0.74889594	-0.9268559	-0.7160273	1.1828303	0.9218826	-0.82857496	1.0601732	-1.0351659	-0.53161436	0.82124805	-1.068614	-0.5421155	0.80705845	-0.75517094	0.6604169	1.2077222	-0.9868093	-1.1169568	-0.8551334	-0.925598	1.0874789	-0.7312591	-0.8743616	1.1495562	1.0440975	-0.5260461	-1.007455	-0.6881089	-0.8757579	-0.9725525	-1.043763	0.93088627	-1.2570155	-1.066082	-0.72858787	-0.98641306	0.7621903	0.62142277	-1.205169	1.035266	1.0058211	-0.55377156	0.63324237	1.0785106	-0.9610902	0.72858286	0.9608351	-0.96607864	-0.962143	0.8865359	0.8646201	0.9606314	-0.9655861	-0.98362154	0.5455542	0.66945994	-0.44284943	0.8689118	0.7746774	0.49549416	0.7650682	0.91326857	0.76088643	-0.89202994	-0.8853401	0.89898795	0.8044583	-0.94058967	1.19543	-0.8177251	0.7758717	1.0865394	-0.5206993	0.7511628	-1.1798837
-0.69044167	-1.087141	-0.8972683	1.0617613	-0.9414905	-1.2281276	0.92127675	0.6759714	0.90272313	1.1035979	-1.122372	-1.1134373	-1.2788285	0.8521508	-1.1070702	-1.1897426	1.148315	0.7797498	-1.1156182	-1.0338113	-1.1921151	-1.0153592	1.0814186	1.0825121	1.133884	0.83386725	-0.9506783	-0.8009354	1.2429943	1.027117	-0.8996741	1.1966033	-1.1462365	-0.69493705	0.9362977	-1.1535271	-0.77492017	0.9254988	-0.78822356	0.8102135	1.2862338	-1.1246731	-1.1645117	-0.8991706	-1.017646	1.199151	-0.948281	-0.9825732	1.2415166	1.0981863	-0.6545759	-1.102996	-0.8276804	-1.038741	-1.123553	-1.1622257	1.0893506	-1.2722113	-1.1535447	-0.779158	-1.0462316	0.92659485	0.7501858	-1.2435348	1.0975803	1.0972779	-0.71699345	0.7541618	1.1467953	-1.0317525	0.8631484	1.1062182	-1.0914073	-1.0666866	1.0018165	0.93136114	1.0283555	-1.090446	-1.0828202	0.7809413	0.7575567	-0.60170424	0.93695664	0.8408371	0.6508975	0.836307	0.99121845	0.83170414	-1.0365754	-1.0611233	1.0332103	0.9581002	-0.97357357	1.2949437	-1.0054141	0.84602827	1.2199764	-0.71701366	0.9018909	-1.2852318
-1.0081732	-0.6198383	-0.8955088	0.67293245	-0.74726075	-0.07863277	0.9026882	0.92409617	0.90446544	0.8878833	-0.63263965	-0.7358441	-0.41710225	0.9466154	-0.5110003	-0.65622884	0.58185625	0.9361075	-0.672221	-0.77425224	-0.7231505	-0.9474913	0.5697791	0.9031478	0.6993633	0.9034609	-0.9016759	-0.9575873	0.48901486	0.7649602	-0.8096146	0.6498081	-0.6097747	-0.87312704	0.95221555	-0.51860684	-0.8593232	0.87093806	-0.87715733	0.8555551	0.4086727	-0.71667	-0.67341596	-0.97125244	-0.8298789	0.397944	-0.8116586	-0.96130264	0.4298762	0.53176963	-0.95554894	-0.86497325	-0.9270214	-0.8250122	-0.74597603	-0.61608416	0.81319696	-0.46698323	-0.4887012	-0.9720953	-0.7628488	0.8012691	0.9477181	-0.61595124	0.9171171	0.7690578	-0.9908027	0.9304064	0.572705	-0.7922529	0.9118962	0.77884483	-0.8448485	-0.67019105	0.91133773	0.9454292	0.76384395	-0.8268437	-0.7925519	0.81405115	0.9361552	-0.98006976	0.83310914	0.78706855	0.8634413	0.87276894	0.89959073	0.96430683	-0.73731196	-0.78075314	0.8885826	0.8150749	-0.9402454	0.22701956	-0.8653516	0.85978293	0.6520771	-0.8283283	0.8916529	-0.6808567
-1.1572666	-1.0144501	-1.0973663	0.97959983	-0.96561515	-0.58507395	1.0555472	1.1362885	1.091485	1.0373261	-0.89537525	-0.96697396	-0.81050295	1.0837417	-0.8254035	-0.88798386	0.90202296	1.1178046	-0.9469485	-0.9572518	-0.9769578	-1.1624697	0.8763477	1.0773985	0.97856385	1.1079901	-1.145128	-1.1031961	0.76006174	1.0190047	-1.0525025	0.91753495	-0.9079884	-1.0726509	1.0688815	-0.84549624	-1.001786	1.0606664	-1.1085025	1.0882947	0.7022075	-0.9371701	-0.930472	-1.1371377	-1.0530506	0.69992054	-0.9302319	-1.0585351	0.7580567	0.81836164	-1.1271535	-1.1269559	-1.1527787	-1.1194338	-1.0212616	-0.9145365	1.0571319	-0.78706867	-0.77473414	-1.0895406	-1.0182385	0.9476858	1.135136	-0.90036225	1.1190865	1.0381708	-1.1399791	1.125338	0.8646147	-1.1249219	1.0578805	0.963326	-1.0490242	-0.8866553	1.0874679	1.0901617	0.9502754	-1.0246215	-0.9938266	1.0305148	1.1301376	-1.1583452	1.1272242	1.0515735	1.0624986	1.106954	1.112941	1.1542455	-0.9785118	-1.0128067	1.1025666	0.952488	-1.1602242	0.6590524	-1.1406434	1.0680441	0.9857401	-1.0266612	1.0270394	-0.8755533
-0.81272614	-1.1729695	-0.8778669	1.135984	-1.0426897	-1.1614077	0.8198619	0.69625026	1.1787274	0.9013391	-0.9588008	-1.145562	-1.3039948	0.82443434	-1.1227163	-1.1675105	1.1104742	0.89155334	-1.0371222	-1.0280633	-1.246004	-1.0179877	1.077199	1.0567245	1.0372609	1.0423179	-1.0558518	-0.8768508	1.2902107	1.1155488	-1.0702468	1.1654032	-1.1867384	-0.6401662	0.99801826	-1.1213077	-0.64913905	1.0551039	-0.91704977	0.8286403	1.2677565	-0.9121936	-1.1058953	-0.98700505	-0.9036137	1.1297338	-0.6547939	-0.8486822	1.232225	1.0340743	-0.7064649	-1.0609146	-0.78895617	-1.065276	-1.0958729	-1.1918014	1.0295581	-1.2067027	-1.0488094	-1.0309533	-1.1533347	0.95138	0.81866276	-1.0914526	0.94241667	1.1152186	-0.9172412	0.9049852	1.2036731	-1.0356145	0.9343472	1.085566	-1.0190774	-1.1098213	0.87984306	0.85730714	0.8223761	-1.1471424	-0.7469961	0.48554876	0.9396815	-0.6687232	1.0441895	1.094823	0.7437974	1.0631087	0.93605274	1.0047843	-0.8566512	-0.8714154	0.94115824	0.9123038	-1.0615675	1.2810988	-0.98496556	1.0287316	1.1953573	-0.50365305	0.9866276	-1.1921881
-0.4608548	-1.1604054	-0.83661115	1.0963027	-0.8819454	-1.5326416	0.94531995	0.5208237	0.8698532	1.1069249	-1.3341289	-1.2541881	-1.4266723	0.8650959	-1.2927997	-1.3176194	1.3483521	0.6501645	-1.1720475	-1.1151167	-1.2825308	-0.8292256	1.2537857	1.0824507	1.2608371	0.77927357	-0.84051853	-0.77564204	1.4976598	1.1901227	-0.87924457	1.341714	-1.2103441	-0.66802776	0.8349	-1.4022199	-0.76492196	0.81759864	-0.77490395	0.7522024	1.5443596	-1.3356913	-1.4002557	-0.8807538	-1.0627741	1.3898903	-1.0130422	-0.9139479	1.4514841	1.3384432	-0.37617442	-1.1778076	-0.71988	-1.028294	-1.2383337	-1.2227336	1.1098045	-1.4989047	-1.3811067	-0.6909751	-1.0215573	0.97107434	0.5608282	-1.3573776	1.1577091	1.1046096	-0.56519216	0.6279784	1.387729	-1.0965377	0.78144646	1.0908617	-1.1290579	-1.2447373	0.9735887	0.96314836	1.1648871	-1.1394107	-1.2197113	0.70681	0.5518834	-0.44667733	0.932425	0.85963976	0.43949026	0.7447004	0.9737705	0.6369827	-1.2444639	-1.2227937	1.0157835	1.0985707	-0.9517249	1.5356084	-1.0187103	0.7683958	1.2178919	-0.5864963	0.93339723	-1.4491647
-0.84116906	-1.1538951	-0.90356857	1.1334195	-0.8844566	-1.1875318	0.7803883	0.6917135	1.2315432	0.96015	-0.9446184	-1.130627	-1.3157899	0.7669151	-1.0461093	-1.1583486	1.1619613	0.85648304	-0.9858216	-0.9887628	-1.2105758	-1.0140502	1.0833681	1.0224375	1.0457842	0.9787639	-1.1198589	-0.8251868	1.3720275	1.0689325	-1.0238614	1.2370932	-1.1980184	-0.49599764	1.0777867	-1.1639236	-0.63027835	1.0063381	-0.8167682	0.83864707	1.2434181	-1.01596	-1.0518396	-1.0184524	-0.9371916	1.1629044	-0.6661268	-0.8969141	1.2490119	0.99715257	-0.62251276	-1.133372	-0.79019713	-0.964452	-1.009324	-1.1635698	1.0847193	-1.2708354	-1.0821488	-0.9228066	-1.032049	0.88749385	0.7282822	-1.2016433	0.9822202	1.2176114	-0.8903427	0.84617853	1.2407694	-1.0829906	0.9581309	1.1004192	-1.0147783	-0.96805876	0.9536067	0.8084037	0.89722234	-1.0701513	-0.7807869	0.50393176	0.8755304	-0.67935044	1.0777208	0.95625556	0.5780686	1.1261488	1.0532179	1.0102953	-0.8875163	-0.95506394	0.9452299	0.88563037	-1.1265309	1.3440733	-0.929055	1.0015668	1.1623123	-0.49980435	0.9065206	-1.261445
-0.95754933	-1.0148242	-0.95737785	1.0321165	-0.89161575	-0.91111076	0.86743844	0.82110685	1.0911018	0.8946768	-0.94446874	-1.0161923	-1.0120267	0.8654245	-0.9139514	-1.0607611	0.9306914	0.9453224	-0.9042886	-0.9102889	-1.1053945	-1.0313722	0.94763684	0.96304727	0.9180606	1.0346069	-1.0427979	-0.9221965	1.047434	1.0166924	-1.0478168	1.005875	-1.0302478	-0.76174873	1.0124806	-1.000905	-0.7880546	1.0439656	-0.9288294	0.9390663	0.9986147	-0.9880823	-0.98489517	-0.96967095	-0.91919243	0.9768516	-0.7421732	-0.9847914	0.93371385	0.9327045	-0.82515293	-1.1020494	-0.89253426	-0.95618016	-0.97061175	-0.9676601	0.95202994	-1.0501449	-0.9254457	-0.99440444	-1.0252761	0.91710806	0.8605832	-0.97085524	1.0581977	1.073256	-0.96697557	0.9153554	0.9674113	-0.9944915	0.96364397	0.9954719	-1.0120846	-0.9251653	0.9358217	0.9141374	0.8373202	-0.9645084	-0.8270938	0.7089076	1.0019878	-0.8509503	1.0187151	0.9900574	0.8557518	1.0565503	1.0483319	0.9888806	-0.91413337	-0.9300177	1.0020818	0.90906394	-1.0837413	0.98116565	-1.0027599	1.0471383	0.99234587	-0.71006155	0.9500925	-1.0028871
-1.0808126	-0.94499284	-1.0096085	1.0673739	-0.9596157	-0.6020862	0.91224277	0.94076294	1.1931102	0.92485297	-0.76651025	-0.99699736	-0.935163	0.99994344	-0.83275867	-0.9930741	0.8546622	0.9876811	-0.9522995	-0.9340766	-1.0129542	-1.1190705	0.8801057	1.0782866	0.9527406	0.9966111	-1.1093018	-1.0090654	0.9753129	1.0406779	-0.9665461	0.91660064	-0.9210572	-0.8200658	1.107343	-0.8939528	-0.8671239	1.0321176	-0.98006314	0.923273	0.9301543	-0.864443	-0.8803381	-1.1026571	-1.0079643	0.72121006	-0.7834163	-1.0493312	0.84823716	0.7836535	-1.0243343	-1.0698899	-1.0259085	-0.9879898	-0.9112835	-1.0306405	0.9831317	-0.8449554	-0.79475415	-1.1150509	-1.0477029	0.8468987	0.91603094	-0.9408911	1.0284376	1.0770066	-1.0297736	1.0898287	0.95285565	-1.0914092	0.99117666	1.0181539	-1.0634875	-0.82365507	0.9847301	0.96430874	0.9698937	-1.0806168	-0.8059771	0.7697606	1.106631	-0.98598635	1.083431	0.9074086	0.9410402	1.1773455	1.0531222	1.1360433	-0.7851663	-0.8280865	1.0339782	0.87535155	-1.1309228	0.85105234	-1.055679	1.0691813	1.0271027	-0.7831784	0.97112453	-0.97817624
-0.99379	-1.1730801	-0.9453859	1.1619923	-0.9090565	-0.90626484	0.7309731	0.8074254	1.2805167	0.8568677	-0.8286418	-1.127112	-1.3253126	0.76230246	-1.0570219	-1.0829777	1.0876241	0.9063807	-0.9211491	-1.0098004	-1.1534022	-1.1154001	1.0349656	1.0248828	0.94470966	1.1311848	-1.1839869	-0.81966335	1.2315739	1.0597167	-1.0046673	1.1086569	-1.1716425	-0.60340446	1.0666189	-0.9813022	-0.55837077	1.1489275	-0.8642517	0.8728366	1.1536616	-0.7765591	-0.84772015	-1.0064768	-0.86778635	1.0133758	-0.6020005	-0.97261304	1.1183919	0.7775787	-0.7809736	-1.1127485	-0.85770684	-1.0589201	-1.0094693	-1.2405692	0.9206901	-1.0330812	-0.8907874	-1.0919906	-1.0877362	0.844711	0.85622543	-0.96352154	0.9117385	1.2370663	-0.99955684	1.0269524	1.1042567	-0.939977	0.95590466	1.0995092	-0.97296953	-0.8542429	0.92135876	0.75871545	0.6926396	-1.09784	-0.47147405	0.4281926	1.0329427	-0.78613883	1.1187093	1.0735508	0.773832	1.2914819	1.0054424	1.069321	-0.65321845	-0.70214885	0.9375054	0.8288241	-1.1213361	1.2704655	-0.9605716	1.1227652	1.1368749	-0.4756624	0.9037146	-1.1207051
-0.9097958	-1.0867188	-0.97966486	0.9901987	-0.8921544	-0.9910476	0.93272436	0.86943984	1.0156133	1.1002831	-1.0540326	-1.0824846	-1.0733882	0.9343365	-1.0447469	-1.0907763	1.0678017	0.88159025	-1.0709072	-1.0172104	-1.0885679	-1.0554736	1.0027418	1.0196867	1.0636729	0.9758955	-1.0577538	-0.97783136	1.1462046	1.1141216	-0.9450917	1.0800368	-0.9826084	-0.7973041	1.0939002	-1.1015185	-0.7912348	0.9884297	-0.8650184	0.8885859	1.1821481	-1.064505	-1.0984789	-1.0571817	-1.0088542	0.990561	-0.860128	-1.005436	1.0158226	1.0228813	-0.800728	-1.1381123	-0.8841541	-1.0858779	-1.0468961	-1.0628492	1.0885497	-1.1038249	-0.9962446	-1.0060313	-1.0496581	0.86858475	0.87088895	-1.1037987	1.1043671	1.1181653	-0.90421283	0.9510053	1.1177416	-1.1409256	0.9604054	1.010165	-1.1351954	-0.96172714	1.033673	0.9566051	0.9913265	-1.1306915	-1.0068622	0.79080415	0.8926166	-0.8700879	1.0366436	0.8833485	0.79229957	1.01931	1.0575045	1.0070235	-0.98583895	-0.9978846	1.0207821	1.0296271	-1.0577598	1.0368999	-0.99004257	0.96009254	1.1531687	-0.7013715	0.93471175	-1.1183037
-0.7045358	-0.96750677	-0.877855	0.9782153	-0.84367275	-1.0502921	0.8052701	0.6366167	0.92320764	0.9799318	-0.95646626	-1.0471344	-1.1559188	0.7927643	-1.0288603	-1.1057228	1.0277563	0.8108249	-1.0008986	-0.87883085	-1.0952924	-0.96317077	0.9412277	0.9341316	0.96458584	0.8544007	-0.91368765	-0.8126355	1.1662694	0.9331964	-0.898873	1.027001	-0.9664776	-0.65044874	0.9530083	-1.0385324	-0.7196939	0.8613262	-0.7872761	0.7335044	1.1155896	-0.9576011	-1.0133669	-0.9223487	-0.90975755	1.1030785	-0.777361	-0.9319401	1.0946275	1.0197884	-0.679496	-0.9812499	-0.74520177	-0.9479939	-0.9533863	-0.97890574	0.9829525	-1.107792	-0.9949916	-0.79198503	-0.9679205	0.76491076	0.77182794	-1.1160185	1.0128357	1.0577464	-0.74929094	0.7799867	1.0382451	-0.9641823	0.826557	0.9087257	-0.92019135	-0.921834	0.8467161	0.84785086	0.9380092	-1.0039414	-0.9099725	0.65951514	0.8094107	-0.667864	0.83059454	0.9086069	0.669911	0.9025321	0.88169944	0.8587147	-0.97060853	-0.900636	0.9135893	0.89296865	-0.97017324	1.0342801	-0.8631779	0.9423525	1.0752667	-0.6428267	0.8346628	-1.0523859
-1.1340342	-1.0776335	-0.9401147	1.1962782	-1.0353422	-0.78247046	0.8381569	0.951532	1.2349242	0.9003512	-0.87809217	-1.0931987	-1.1382366	0.89564145	-1.0777453	-1.0490196	1.031449	1.0034634	-0.96746737	-1.0573195	-1.0643342	-1.057049	1.0231286	0.9521235	0.95044273	1.1574874	-1.1487194	-0.88227296	1.027852	1.0376159	-1.0412322	1.0383306	-1.156924	-0.7890235	1.134492	-0.97042036	-0.80435294	1.1562248	-1.0207584	0.9270169	1.0576425	-0.8276763	-0.8307256	-1.0498717	-0.95925444	0.8999286	-0.6307579	-0.95366806	1.0133402	0.8910897	-0.95775723	-1.03614	-0.97338486	-1.0840163	-1.0513384	-1.103842	0.91023034	-0.9183193	-0.88538945	-1.0872431	-1.1067588	0.92786646	1.0206169	-0.98533076	0.8106504	1.1482198	-1.0556244	1.1311742	1.0583255	-0.96769047	1.0116236	1.0596398	-0.95900846	-0.93579185	0.9040377	0.8488615	0.8035924	-1.0580046	-0.6465774	0.719345	1.118152	-0.92887455	1.1213212	1.0484953	1.0210631	1.1979946	1.0609536	1.1406662	-0.7904403	-0.78355193	0.90907943	0.95511323	-1.1657562	1.0598018	-0.96367973	1.1584638	1.0796204	-0.71787214	1.0291111	-0.90224177
-1.0766946	-1.0143882	-0.94855446	1.0525963	-0.98123604	-0.8421409	0.8738792	0.9764636	1.1102842	0.9386613	-0.9531451	-1.031848	-1.0145658	0.9666761	-0.98287094	-1.0147419	0.97404593	0.9601837	-0.95259976	-0.9881849	-1.0181109	-1.0204339	0.9881539	1.0446568	0.95849013	1.1046213	-1.0895807	-0.9652131	0.9433401	1.0581905	-1.0763179	0.95443505	-1.1108022	-0.9260853	1.0393163	-0.9285616	-0.87352866	1.0431848	-0.99306756	0.96781033	0.97298723	-0.9539442	-0.9261791	-1.0038381	-0.9657078	0.94770235	-0.8753234	-0.9715613	0.9906374	0.86338234	-1.0093429	-1.0299622	-1.0378039	-1.0129105	-1.0092514	-1.0275568	0.96741647	-0.8896034	-0.86635447	-1.0766972	-1.0113227	0.9053984	0.9884957	-0.9002843	0.95058084	1.0337123	-1.0351164	0.9947895	1.0506208	-0.96738714	1.0446116	1.0453168	-0.9656101	-0.9446116	1.011689	0.9556515	0.9081361	-1.0510925	-0.87409884	0.8607704	1.0139029	-0.9193578	1.0223392	1.0359381	0.9597493	1.1480699	1.0217327	1.0239599	-0.8984773	-0.869357	0.987142	0.9773986	-1.0004051	0.9655916	-0.96031684	1.0742728	1.0150717	-0.88459206	1.0079825	-0.9427409
-0.22541048	-1.169939	-0.78144497	1.0103092	-0.89681566	-1.5644884	0.94557947	0.47166514	0.70467895	1.2492316	-1.305876	-1.2603031	-1.4874866	0.8317157	-1.370712	-1.435699	1.3715426	0.5995146	-1.2427654	-1.0673203	-1.2567822	-0.8359722	1.2921113	1.1112113	1.2460601	0.6632875	-0.79815894	-0.67342424	1.6061766	1.1976767	-0.779638	1.4138848	-1.2128097	-0.6218059	0.7535393	-1.4320326	-0.7420903	0.7508371	-0.75439316	0.70278704	1.6065671	-1.3480132	-1.4574125	-0.74973977	-1.0694301	1.4813536	-1.1440052	-0.91307473	1.5469325	1.3247559	-0.2705675	-1.1469193	-0.6227277	-0.93363446	-1.2237843	-1.2459869	1.2200933	-1.5942881	-1.5477668	-0.50426245	-1.0320474	0.899548	0.56559604	-1.5247583	1.2046763	1.0965668	-0.33531708	0.4372703	1.4384513	-1.0841382	0.6620512	1.1133639	-1.0740068	-1.2043755	0.9873393	0.92502075	1.2180449	-1.1821138	-1.2390503	0.7762768	0.42432982	-0.32603493	0.8529616	0.86008364	0.29872856	0.55147964	0.9283661	0.36785418	-1.2134757	-1.2277076	0.9645928	1.0440996	-0.7383882	1.5643905	-0.9287242	0.66885453	1.3652593	-0.6584508	0.8913169	-1.5588417
-0.99161744	-1.0470456	-0.9250172	1.0346882	-0.96388024	-0.90759957	0.88877976	0.8892424	1.062377	0.9009883	-0.9388859	-1.064688	-1.0546007	0.90156317	-1.0222557	-1.0319992	0.996204	0.9806979	-0.91266817	-1.0254035	-1.0363401	-1.0633146	1.0016603	0.9893551	0.905852	1.0261611	-1.0335568	-0.94896615	1.0837431	0.9986941	-0.97364557	1.0313572	-1.1091117	-0.8052906	0.99744666	-0.95844615	-0.81490505	1.0533689	-0.92767084	0.92664593	1.0932306	-0.9575145	-0.92461705	-0.9828218	-0.9806702	0.9769279	-0.74119645	-0.98505354	1.0751258	0.95660776	-0.8972889	-1.1002637	-0.89557517	-0.97612727	-1.0236804	-1.0767858	1.000224	-1.031251	-0.8671073	-1.0021702	-1.0542492	0.8864763	0.8547376	-0.9794088	0.9541732	1.1002612	-0.97468895	0.910144	1.0160269	-0.9781246	1.0131505	0.96995574	-1.0084438	-0.9370057	0.93357825	0.8755435	0.86265075	-1.052128	-0.874388	0.7859257	0.9547528	-0.8598349	0.9803356	0.93724245	0.85380846	1.0304222	0.98908	0.9837629	-0.9004806	-0.87653315	0.9616613	0.9132966	-1.0667351	1.0147804	-0.95116735	1.0462903	1.03405	-0.76629186	0.91693836	-0.9829554
-1.0742263	-0.98181736	-1.0033158	0.99137795	-0.9834614	-0.64041215	0.915412	1.0176344	1.1574391	0.90017474	-0.86467385	-0.9583754	-0.9715274	0.9531112	-0.9233219	-0.8795323	0.8833927	1.0776098	-0.8656122	-0.95846456	-0.96791327	-0.9993435	0.92406124	0.9949046	0.93900377	1.0686582	-1.0706942	-0.96363837	0.89550364	1.0229996	-1.0664091	0.87251264	-0.9418328	-0.9459304	1.0335797	-0.854796	-0.89034736	1.1216427	-1.0445086	0.99945015	0.8610606	-0.8437099	-0.794223	-1.0455223	-0.9437342	0.8478024	-0.7991866	-1.0373241	0.8050135	0.8064238	-1.0972025	-0.96289027	-1.0086617	-0.99779737	-0.9413997	-0.9232106	0.9860514	-0.82290125	-0.7844744	-1.1053784	-1.0356303	0.927342	1.0301229	-0.81794715	0.9675217	1.0851017	-1.105893	1.0458635	0.960671	-0.94704443	1.021593	1.0057861	-0.9608868	-0.94846267	0.95899343	0.98495406	0.8817077	-0.9664524	-0.73719794	0.9070317	1.010011	-1.026136	1.0967629	1.0298085	1.0491991	1.176149	1.0123359	1.1260457	-0.87021536	-0.7861253	1.0002491	0.9001423	-1.0988365	0.8426855	-0.93791896	1.0321667	0.98899937	-0.8914981	1.0110378	-0.8554764
-0.89858145	-1.072878	-0.91290563	1.1357993	-0.96112055	-1.0594183	0.79455876	0.85827655	1.1332928	0.9491277	-1.003857	-1.0638106	-1.2455635	0.81564707	-1.0624125	-1.1315161	1.0929447	0.95730925	-0.9556027	-0.97407836	-1.1288697	-0.9913895	1.1046311	0.97350436	1.002665	1.0755017	-1.0639626	-0.8664501	1.1271449	1.1034185	-0.98076916	1.1242316	-1.1548167	-0.7184022	1.0234166	-1.0171311	-0.73279154	1.0568309	-0.9007738	0.8468411	1.1629225	-0.9171481	-1.0023006	-0.95396334	-0.99703425	1.0269607	-0.74107635	-0.9188946	1.137801	0.92707807	-0.80013627	-1.0051136	-0.903481	-1.0683634	-1.0261531	-1.1473753	0.91553134	-1.029964	-1.0017397	-1.0243051	-1.0569489	0.9335295	0.8152336	-1.0085895	0.88268113	1.1005266	-0.95302993	0.89862853	1.0752777	-0.96366346	1.0186318	1.0383061	-1.011025	-1.001771	0.85248154	0.8583096	0.847401	-1.0518113	-0.76240975	0.5972487	0.9679626	-0.71001375	1.0588683	1.0932049	0.8595657	1.1362942	1.0263427	0.9910346	-0.8243595	-0.81382	0.9480863	0.9223727	-1.0395114	1.2175442	-0.98685145	1.0712365	1.0685209	-0.6858631	0.9981568	-1.0413867
-1.0857135	-0.9807383	-1.0619016	1.0277948	-1.0108553	-0.7306398	0.9063393	1.0143881	1.1068792	0.99788535	-0.93800616	-0.9435476	-0.82419974	1.008411	-0.9484898	-0.9011943	0.88711894	1.0501631	-0.8882918	-0.94795233	-0.9449947	-1.0207808	0.9617715	0.998542	0.9862499	1.0824572	-1.1107211	-0.9732432	0.8268186	0.96689755	-1.0246712	0.90780824	-0.9489949	-0.9153759	1.0725745	-0.90847653	-0.96418273	1.0048509	-0.9802983	1.0402567	0.8189828	-0.96439064	-0.9537077	-1.0908608	-0.9793032	0.85722136	-0.9094524	-1.006588	0.78288275	0.8790806	-1.0142035	-1.016824	-1.0666502	-0.988144	-0.9529459	-1.0083518	0.9944179	-0.85007155	-0.88473386	-1.1310401	-0.9723464	1.0051157	1.0248939	-0.8815472	1.0510179	1.0751085	-1.0158367	1.017048	0.93751836	-1.0022626	1.0621593	1.0179962	-1.0007421	-0.91743565	0.95503366	1.0257397	0.98461884	-1.0002018	-0.8993144	0.8911117	1.0355684	-1.0284736	1.0868521	0.9471121	1.0225234	1.0327363	1.0971195	1.1321213	-0.8576232	-0.9230588	1.0182892	1.0150918	-1.0341773	0.77132887	-0.9876922	1.0425295	0.99141514	-0.91746956	1.0128931	-0.92922163
-0.88266623	-0.96130526	-0.94213104	0.9847134	-0.94473964	-1.0756538	0.9672151	0.7727007	0.9921595	0.9846343	-1.0455897	-1.0290924	-1.0681851	0.86936957	-1.0415485	-1.0591528	1.0549388	0.9103347	-0.9821454	-1.0501401	-1.0694703	-1.0214547	1.0003082	1.0077189	1.0249515	0.9099201	-1.0170962	-0.9108068	1.1206491	1.0745363	-0.9015292	1.0896006	-0.95223254	-0.7546419	1.0383538	-1.0427485	-0.7449958	0.92331386	-0.86710644	0.8721225	1.0558478	-1.0575943	-1.0802393	-0.9056948	-0.9246253	1.007975	-0.8150245	-0.9772732	1.0438545	1.0148145	-0.809814	-1.108628	-0.8928514	-0.9596731	-1.0562679	-1.0119694	0.99512684	-1.1110897	-1.0086086	-0.94431216	-0.9769825	0.8934933	0.79038805	-1.043885	1.0932655	1.0030562	-0.82007617	0.91941184	1.0741401	-1.0569974	0.89198405	1.0234069	-1.0166548	-0.9902039	1.008701	0.95212144	0.9806788	-1.0203395	-0.9749757	0.7542953	0.84083927	-0.75686383	0.91228265	0.92711204	0.75323886	0.9291245	1.0592765	0.960371	-0.9451185	-1.0303116	1.0125462	1.0003492	-1.0255264	1.0076603	-0.93557733	0.99138695	1.021617	-0.78956246	0.9550538	-1.0603242
-0.6156363	-0.99972594	-0.79652864	0.9972441	-0.8785808	-1.2208433	0.8718814	0.59239936	0.8968747	0.96154934	-1.0577722	-1.0436568	-1.242093	0.8410991	-1.0447963	-1.183308	1.1613814	0.7314582	-1.0741462	-0.99249077	-1.0856324	-0.89745915	1.0100063	0.9100899	1.0855576	0.7625401	-0.8909065	-0.81814677	1.2615758	1.0493753	-0.8626686	1.1086386	-1.0413675	-0.6807236	0.9024094	-1.1778286	-0.7022524	0.88576305	-0.78667784	0.783659	1.2185826	-1.0878962	-1.1239846	-0.8743707	-0.98920864	1.137684	-0.8537162	-0.85882103	1.2166332	1.0375451	-0.5736646	-0.9889863	-0.6816681	-0.90709645	-1.0546865	-1.0373816	0.9683736	-1.2878832	-1.2173232	-0.77663916	-0.9429363	0.8495471	0.64817274	-1.1251322	0.9741342	1.0277439	-0.6349888	0.6551888	1.2094343	-1.0613096	0.7266217	0.95363	-0.9676048	-1.0211908	0.87771684	0.9076905	1.0168542	-1.0492365	-0.9748255	0.6087513	0.6464732	-0.5244706	0.86109394	0.88422316	0.58933794	0.807856	0.91658777	0.7507741	-0.97293496	-1.0506063	0.88055116	0.95964766	-0.877743	1.2374828	-0.87289	0.77725434	1.1349831	-0.6183761	0.8331992	-1.2287118
-0.5513839	-1.0556326	-0.8186771	0.962682	-0.87708324	-1.3398479	0.9993701	0.5563465	0.8459796	1.0931284	-1.1537801	-1.103785	-1.2140723	0.9156902	-1.1190592	-1.1786516	1.222954	0.7400461	-1.1361333	-1.0565586	-1.1872458	-0.89978045	1.1704742	1.0649319	1.1246723	0.8358106	-0.87764925	-0.82989043	1.2736037	1.1172572	-0.85543746	1.1555738	-1.1055893	-0.67229056	0.8716056	-1.2399546	-0.6993621	0.7847258	-0.85732955	0.8424141	1.266711	-1.1466371	-1.2116716	-0.87376755	-1.0173974	1.2358874	-1.0007513	-0.9740109	1.2290725	1.2234247	-0.4598646	-1.1166271	-0.7249764	-0.9935903	-1.1616518	-1.069027	1.0304538	-1.3128812	-1.2859232	-0.73137486	-1.0217478	0.9275223	0.64068717	-1.1878489	1.1161144	1.1375965	-0.58773863	0.6218029	1.172357	-1.0510633	0.79037696	1.1002167	-1.0853206	-1.102191	0.96870744	0.98113644	1.1240444	-1.1329393	-1.1294876	0.7455976	0.6779692	-0.4940248	0.8996159	0.83454007	0.49728903	0.7158965	0.91884166	0.72024065	-1.2161541	-1.123662	1.0144053	1.0345122	-0.9533199	1.2111257	-1.0082809	0.86162275	1.1603944	-0.69564706	0.886772	-1.229737
-0.641432	-1.0654588	-0.848265	0.9885654	-0.91901135	-1.1607356	0.7762532	0.67595655	1.0129623	0.95549566	-1.0461485	-1.0835977	-1.23508	0.7289055	-1.1357901	-1.1743096	1.053955	0.7769949	-1.056932	-0.9464414	-1.0596161	-0.86877286	1.0399171	0.9447481	1.000528	0.83330965	-0.8990207	-0.7671942	1.2460357	1.0314146	-0.901244	1.1298718	-1.0671353	-0.62224126	0.9051454	-1.1334225	-0.63138765	0.9198788	-0.8190484	0.7227083	1.1609815	-1.0288748	-1.0128121	-0.80948436	-0.9198257	1.0929573	-0.793084	-0.83343345	1.2236184	1.0441763	-0.6771705	-1.0344217	-0.7361453	-0.88411814	-1.0483531	-1.0873325	0.9727581	-1.2407948	-1.1196841	-0.7569815	-1.0641967	0.92230916	0.72611976	-1.1231964	0.91637963	1.0026846	-0.6869688	0.7401762	1.1450163	-0.9509564	0.81183875	1.0452435	-0.93374604	-0.996939	0.8520944	0.7597197	0.8267797	-1.0162246	-0.8460252	0.6441209	0.7465787	-0.4868856	0.88412917	0.9047754	0.6247473	0.85083723	0.9051495	0.8006008	-0.9609442	-0.9440006	0.85045546	0.9268374	-0.9420749	1.265121	-0.8708282	0.94194114	1.1179397	-0.60291797	0.90765935	-1.0776882
-1.0611455	-0.9625273	-1.0127233	0.9482665	-0.94222164	-0.653804	0.866128	0.9748588	1.0642982	0.9166498	-0.85434294	-0.92242616	-0.9250769	0.845677	-0.93620235	-0.85952914	0.87844366	1.0422319	-0.9002522	-0.94865644	-0.93976253	-1.0232875	0.9216397	0.9342883	0.84182686	0.9915414	-1.0789721	-1.0046254	0.7992659	0.9410974	-1.0300893	0.93099946	-0.98283523	-0.93610454	1.0133282	-0.849417	-0.9097554	1.026373	-0.9964901	0.9910194	0.76044756	-0.8895411	-0.7689857	-0.975129	-0.9543948	0.8449298	-0.7958524	-0.9435435	0.748808	0.7931833	-1.0186883	-0.98861855	-1.0101889	-0.95833105	-0.83442587	-0.9401312	0.8870578	-0.78740036	-0.7017527	-1.0736607	-0.99493504	0.97237587	0.9460299	-0.78605986	0.96491253	1.0022548	-1.0585841	1.0072109	0.9133432	-0.9862353	1.0303859	0.96624154	-0.9211638	-0.91194296	0.90916294	0.91835886	0.89383525	-0.9797088	-0.8301954	0.8437691	1.0268716	-0.9604626	0.9730647	0.968556	0.9912462	1.1351609	0.93502647	1.0558954	-0.8293922	-0.886798	0.9159966	0.92570204	-1.0567584	0.7998994	-0.96095204	1.0735037	0.86750877	-0.9119695	0.93522215	-0.8319977
-0.74888045	-1.0184966	-0.9278297	1.0678159	-0.8313683	-1.1731598	0.7983554	0.66014063	1.1174922	0.93862635	-1.0283856	-1.1542661	-1.1901532	0.8267291	-1.0597515	-1.1228911	1.1094716	0.8117087	-1.0252873	-0.98591864	-1.115322	-1.0437618	1.0510597	1.0400181	1.0713055	0.938467	-1.0106064	-0.8762099	1.1950364	1.0385393	-0.9548676	1.1448071	-1.1149206	-0.6705085	0.94261396	-1.064548	-0.6977638	0.9109861	-0.8034719	0.8333624	1.2198371	-1.0079453	-1.0453284	-0.90845424	-0.91530424	1.0820787	-0.77358097	-0.94602764	1.1912876	1.0786654	-0.67492574	-1.1302335	-0.7546708	-0.95877963	-1.0597588	-1.1531835	1.0106331	-1.2468159	-1.1078731	-0.87925977	-1.0421393	0.8692248	0.75683814	-1.1026524	1.0289468	1.0546839	-0.7730699	0.82522774	1.0964891	-1.0370444	0.86234283	0.99620086	-1.0086966	-0.95129806	0.92712307	0.80852985	0.94781816	-1.051921	-0.89946955	0.59129125	0.87050986	-0.6846295	1.0067226	0.9203087	0.6674121	0.9475802	0.98382294	0.8758233	-0.9146737	-0.9801386	0.90723085	0.9461655	-1.0528835	1.2074026	-0.94115347	0.9431262	1.1105287	-0.5813675	0.8726552	-1.2073842
-1.0064366	-0.96736425	-1.0136212	0.9880944	-0.9428916	-0.7755617	0.9418707	0.9757532	1.0564566	0.9507261	-0.87805146	-0.96351635	-0.8671602	0.93185467	-0.9192422	-0.9921017	0.90552807	1.0142624	-0.9338812	-1.0017939	-1.0209895	-1.0579822	0.9264311	1.0074121	0.9311424	1.0085257	-1.0571868	-1.060534	0.9120964	0.9917421	-0.970223	1.0191287	-0.95663184	-0.8769633	1.089085	-0.918325	-0.92833155	1.0418379	-0.9484559	0.9532538	0.87258583	-0.94817936	-0.9243218	-1.0551412	-1.0316461	0.8400038	-0.9292705	-1.0538877	0.8534146	0.8555831	-0.8853047	-1.0637591	-0.94961995	-1.056975	-0.99106	-0.99766284	1.0581036	-0.9072265	-0.9317389	-1.0098399	-0.9783252	0.9819903	0.94823873	-1.0141127	1.0853523	1.0520977	-1.0051273	1.0225334	0.9490443	-1.0693823	0.9881415	0.96094227	-1.0977964	-0.9606377	1.0037614	1.0310358	0.9351214	-1.0662636	-0.9420712	0.8428269	1.0559521	-0.9756247	1.0116681	0.9052479	0.9226154	1.0081599	1.003634	1.0742574	-0.8938057	-0.9583178	1.0041895	0.94834155	-1.0740033	0.8572866	-1.0258656	1.0165321	1.0403613	-0.88571894	0.9684644	-0.9671447
-1.0514171	-1.057616	-0.93272126	1.116759	-0.98154294	-0.86798614	0.7401452	0.93948364	1.1960703	0.8159638	-0.8201064	-0.98392016	-1.188371	0.8884915	-0.96151906	-1.0558475	0.9723808	0.95554173	-0.8791015	-0.9514903	-1.0422075	-1.0356317	0.96544117	0.98838586	0.8919221	1.0370096	-1.0861902	-0.8992203	1.0024012	1.052131	-1.0303204	1.0123826	-1.0883536	-0.7748262	1.0449272	-0.945711	-0.70498526	1.1461889	-0.95349646	0.90563416	0.98110425	-0.79248375	-0.9092302	-0.9820271	-0.8587429	0.94347894	-0.6654514	-0.87883335	1.073775	0.7898888	-0.9384944	-0.9824123	-0.8667986	-1.0294867	-0.9385119	-1.067432	0.9148861	-0.89996356	-0.83122504	-1.061458	-1.0942364	0.85910165	0.9310244	-0.99094	0.89546424	1.1103538	-1.03895	1.048407	1.0058565	-0.9650101	0.93339115	1.050252	-0.91698754	-0.8803286	0.94356024	0.80177826	0.79701465	-1.0453228	-0.62396437	0.58212006	0.98884976	-0.8394184	1.0732105	1.0108638	0.8945498	1.1695901	0.9459907	1.0641038	-0.76618683	-0.7865238	0.8846284	0.8033266	-1.113857	1.1384348	-0.93930787	1.1103631	1.0842133	-0.6051768	0.90487015	-0.99191344
-1.0087729	-0.9850301	-0.939283	1.0154105	-0.973435	-0.86138475	0.9714668	0.8671413	1.0766007	0.95772797	-0.89421266	-1.0180838	-1.017965	0.9678257	-0.90628	-1.0620301	0.9452058	0.9953568	-0.9955471	-0.9644475	-1.0674697	-1.0143425	0.98340356	1.0171702	0.92474425	0.9875425	-1.019584	-0.9858914	0.9578039	0.9986103	-1.0274342	0.9371903	-0.9549261	-0.8652244	1.0594132	-0.9702311	-0.8719096	1.0239233	-0.98499674	0.96696407	1.0487915	-0.92974126	-0.9890512	-0.98177767	-0.9794098	0.930853	-0.8160592	-1.0148112	0.90669394	0.8962548	-0.8934535	-1.0391273	-0.9938108	-1.0527154	-0.9957516	-1.0386045	1.0410111	-1.0218487	-0.9072233	-0.9900669	-0.95752645	0.9382868	0.8709888	-0.9922552	1.0313854	1.0743289	-0.97056013	0.9477257	0.9305465	-1.0569929	0.99314946	0.9980482	-1.0638199	-0.90060467	0.96028787	0.96020746	0.9416407	-0.9921893	-0.92081606	0.78196466	1.0251404	-0.8953023	0.99957955	0.9419136	0.83071506	1.1064335	1.0699183	1.0620526	-0.9346074	-0.9138458	1.0047128	0.9689855	-1.0447792	0.9766444	-1.0094936	0.9922185	1.0063846	-0.7466753	0.9355572	-1.0319611
-0.90910804	-1.3048267	-0.9835751	1.277724	-1.0586774	-1.2818781	0.8627371	0.75633746	1.2670122	0.9969782	-1.1382108	-1.2748398	-1.4652143	0.9593878	-1.31584	-1.3872192	1.2431352	0.90686953	-1.1596646	-1.1431242	-1.3310062	-1.1351476	1.2860533	1.0497625	1.1562922	1.1615005	-1.2006816	-0.9303719	1.4149878	1.3108745	-1.1972152	1.2930233	-1.3779311	-0.7094506	1.118443	-1.2512871	-0.73749304	1.2050071	-0.9560482	0.9234199	1.4227376	-1.0241911	-1.1847806	-0.98097175	-1.0731125	1.2865976	-0.77555346	-1.0099871	1.3507175	1.0941752	-0.81099194	-1.1299429	-0.92399734	-1.1403856	-1.2544019	-1.3170168	1.1385738	-1.2873408	-1.1759895	-1.0757852	-1.2720888	0.9680563	0.8650451	-1.1967386	1.0176562	1.2403969	-0.9434875	0.9342242	1.3227946	-1.1509962	0.9875345	1.2135707	-1.1315383	-1.2047315	0.975185	0.91085917	0.9758198	-1.222772	-0.79622966	0.5933094	0.9660563	-0.6774093	1.1094071	1.1197616	0.8517357	1.232728	1.115246	1.0587798	-0.9313476	-0.99720496	1.02082	1.03681	-1.102173	1.4235032	-1.0813358	1.1448017	1.282056	-0.62906814	1.0911685	-1.248723
-0.83637536	-0.98432904	-0.9523925	0.99582696	-0.9176755	-1.075919	0.9602495	0.7969592	0.95562065	1.043875	-1.0559598	-1.0321782	-0.97155225	0.88655525	-0.99917656	-1.0223044	1.0926845	0.8899558	-1.0276192	-1.0266631	-1.001403	-0.91719127	1.0304267	0.99147934	1.0851976	0.8993924	-0.9775573	-0.9143328	1.0860102	1.0315589	-0.93849725	1.0579859	-0.97718024	-0.8170953	0.9406403	-1.1475278	-0.8497592	0.9195854	-0.90161735	0.9192141	1.0862042	-1.0615648	-1.0782171	-0.90761924	-0.994287	1.0422208	-0.8924863	-0.9788027	1.0783358	1.0053655	-0.7423451	-0.99571234	-0.8264667	-0.9278321	-1.049969	-0.9731546	1.0018198	-1.0653503	-1.0735894	-0.8328521	-0.90977806	0.9386327	0.82113457	-1.0781579	1.0569336	1.0336654	-0.8567964	0.8535268	1.0223125	-0.9820476	0.8876517	1.0256387	-0.98029256	-0.99088424	1.0216368	0.9838313	1.0319264	-1.058282	-0.9691212	0.87237865	0.8375423	-0.8451026	0.9074939	0.90593946	0.81544787	0.8766259	1.0102205	0.831683	-0.9609653	-1.0063125	0.912541	0.9577989	-0.9520076	1.012336	-0.94824916	0.8393685	1.01049	-0.8040198	0.91116583	-1.0664027
-1.1214894	-1.2616869	-1.0397524	1.2022698	-0.98920983	-0.79400414	0.69979084	0.88579017	1.3907337	0.97293866	-0.9080419	-1.0911471	-1.3601111	0.885058	-1.0134828	-1.1142757	1.1097158	1.0189143	-0.875491	-1.061639	-1.1627814	-1.1987674	1.0372622	1.0526822	0.9084201	1.1907495	-1.3440566	-0.933922	1.2508489	1.1100856	-1.2019482	1.0947058	-1.2637045	-0.6896948	1.1807868	-1.0110012	-0.64444405	1.179142	-0.9658827	0.91454667	1.1128857	-0.79130876	-0.89147204	-1.0333663	-0.8851276	0.95565975	-0.54448515	-1.0172882	1.0784985	0.8204873	-0.9061945	-1.2001982	-0.9754697	-1.1682862	-0.9676037	-1.2022923	0.96885616	-0.98975825	-0.83100164	-1.2146877	-1.1737207	0.8588631	0.902132	-1.0442907	1.0297135	1.3212577	-1.0880723	1.053517	1.0757331	-1.0188339	1.0806051	1.1419966	-1.0248884	-0.9013905	0.94149214	0.80437684	0.7045647	-1.1286951	-0.522427	0.38739976	1.0662442	-0.86208886	1.1509178	1.1317422	0.91861653	1.4317149	1.1022093	1.2577854	-0.634174	-0.8093002	1.0207385	0.91670734	-1.2291696	1.2097571	-0.9875147	1.1989977	1.1783866	-0.46723896	0.9796466	-1.0358105
-0.86977446	-1.0600363	-0.8741684	1.0676531	-0.9718022	-1.0280683	0.83008564	0.79240865	1.0106632	0.8995479	-0.98385066	-1.0432123	-1.1866567	0.90608835	-1.0328742	-1.0751868	1.0190693	0.93009776	-1.0332296	-1.0408578	-1.0948073	-0.99071604	1.0259327	0.9772927	0.9543958	0.97249174	-1.0290257	-0.85884166	1.1271935	1.0673587	-0.9424778	1.0752062	-1.1622709	-0.71888834	0.9350749	-1.0760392	-0.7044989	0.9521096	-0.9154637	0.8491177	1.1502794	-0.9113308	-0.93449104	-0.9182418	-0.90428907	1.0053213	-0.71806103	-0.95031554	1.0915508	0.9325109	-0.8365591	-1.0200568	-0.8008665	-0.93681645	-1.0399358	-1.1492972	0.91341805	-1.04614	-1.0349209	-0.8822392	-1.0784581	0.93416697	0.78887135	-1.0770978	0.8595939	1.050536	-0.87771225	0.87133694	1.0422161	-0.92972046	0.89428943	1.0745316	-0.9233539	-0.97045404	0.87074864	0.7677491	0.7932446	-0.9603821	-0.77547663	0.71337926	0.8497666	-0.6909265	0.9470897	0.9581251	0.82818675	0.92753416	0.9628487	0.8676803	-0.9183027	-0.8658815	0.9363211	0.84852463	-0.92712957	1.24231	-0.888686	1.0148723	1.0302343	-0.70467454	0.8963421	-1.0244178
-0.5532952	-1.0345626	-0.831267	0.97060907	-0.86223704	-1.1911316	0.8806728	0.61527956	0.94047564	0.9978385	-1.0545818	-1.0277148	-1.1774974	0.8346873	-1.1361411	-1.1576914	1.1098905	0.6795643	-1.0001674	-0.952004	-1.114412	-0.87657577	1.0726752	0.95844525	1.0696441	0.8043663	-0.9470929	-0.7510811	1.2693132	0.9971811	-0.8482892	1.168658	-0.9868187	-0.6650377	0.86779076	-1.1451116	-0.71203375	0.8162053	-0.81848896	0.73372424	1.1937157	-1.0815214	-1.1730185	-0.86662906	-0.94600224	1.1210355	-0.8959779	-0.92410463	1.1879219	1.14334	-0.5806464	-1.0401673	-0.7208574	-0.90070134	-1.0579846	-1.0449704	1.1023688	-1.2385604	-1.0985649	-0.71600705	-1.0002632	0.8160563	0.68965286	-1.1963378	1.0419468	1.0133678	-0.6737608	0.74215823	1.1032672	-1.0057304	0.7986489	1.0180829	-1.0658092	-1.0662947	0.9841481	0.83891916	1.0114679	-1.0836958	-1.0164939	0.73585576	0.712339	-0.6022351	0.83597493	0.83599126	0.62795985	0.7080459	0.9490766	0.7184122	-1.0240428	-0.97278494	0.8704761	0.8805944	-0.9212357	1.2228897	-0.8938308	0.8137088	1.0781074	-0.66038674	0.9131697	-1.2203189
-0.5455853	-1.0905876	-0.7939646	1.0297139	-0.9065442	-1.3960574	0.84913677	0.60606945	0.9601667	1.0195651	-1.192345	-1.2195568	-1.3153933	0.81409484	-1.1659834	-1.2929974	1.2327979	0.69250727	-1.1331788	-1.0669324	-1.2305762	-0.8570684	1.1042048	0.9801144	1.0892798	0.9037374	-0.89856714	-0.8223003	1.3882691	1.1274139	-0.88376665	1.2084013	-1.1507432	-0.5807184	0.9226044	-1.2253857	-0.71071243	0.85525197	-0.8044281	0.7584199	1.3849646	-1.1130303	-1.1878881	-0.84345657	-0.96646285	1.2640365	-0.9415972	-0.86920315	1.3187643	1.1219765	-0.5191052	-1.122246	-0.64638716	-0.9590416	-1.144443	-1.1289481	1.0880859	-1.4102647	-1.2844889	-0.73068386	-1.0719175	0.8600431	0.59416866	-1.1941404	1.004701	1.0799036	-0.6655766	0.6601868	1.2749166	-1.0924969	0.82457244	1.0603455	-1.0390593	-1.1037033	0.93386173	0.8076239	0.9885631	-1.1027325	-1.0347432	0.62791175	0.6186018	-0.43602484	0.94166064	0.93177855	0.4871912	0.7736155	0.94027656	0.68408126	-1.1292318	-1.1246048	0.9204551	1.0128721	-0.90641284	1.429166	-0.8759421	0.88326323	1.2443745	-0.5296764	0.85489136	-1.2817227
-0.8953116	-0.9642153	-1.0132824	1.0183945	-0.8980486	-0.92783463	0.9026504	0.8376602	1.0424376	0.9709757	-0.9851516	-1.0375732	-0.98817533	0.9461281	-1.0345331	-0.9744933	1.012537	0.8995376	-1.0088294	-0.9271303	-1.0274453	-1.0037183	1.0405246	0.9666507	1.0527507	0.9474467	-1.0521826	-0.97654027	1.0423604	0.9790466	-0.93859863	0.99599993	-0.980075	-0.84603196	1.0131032	-1.005009	-0.80140305	1.0029685	-0.9509784	0.9535744	1.0384966	-0.9804767	-1.0216265	-1.0460634	-0.92162824	0.9089924	-0.9202404	-0.92994374	1.0445092	0.9217794	-0.81866646	-1.048863	-0.94530445	-0.9743873	-1.0058188	-0.96941525	1.0434841	-1.0498825	-0.9571954	-0.9559965	-1.0193847	0.9141322	0.90501195	-1.0149177	0.99877006	1.0023023	-0.94627225	0.9217445	0.98036057	-1.0216699	0.9244162	1.0506041	-1.072353	-0.98292375	1.0042441	0.9256986	0.975758	-1.005781	-0.89750475	0.77125704	0.98018736	-0.9071443	1.0108755	0.91689956	0.80348825	0.985032	0.96917874	0.9827856	-0.8643254	-1.001874	1.0254536	0.98583025	-1.0392061	1.0263058	-0.9505886	0.9927915	1.0201964	-0.744081	1.0148989	-1.052195
-0.6787796	-1.0956485	-0.84985894	1.0207964	-0.92477536	-1.2169777	0.94858116	0.70829433	0.9361521	0.9751471	-1.0994577	-1.1421672	-1.2138994	0.87843996	-1.1307375	-1.1626618	1.157003	0.7761086	-1.0812284	-0.98674524	-1.1133178	-0.91123223	1.0678992	1.0352985	1.1194618	0.85290533	-0.95600694	-0.86041725	1.2370665	1.0534736	-0.86831415	1.106859	-1.0321808	-0.73318976	0.94470686	-1.1385999	-0.8032873	0.8432401	-0.8789794	0.8732459	1.2568601	-1.1497192	-1.2018415	-0.9519898	-1.0080976	1.1797782	-0.9026834	-0.9104776	1.2239366	1.1170777	-0.6391973	-1.0424056	-0.81165695	-1.0016761	-1.0889233	-1.0532261	0.9952313	-1.1981382	-1.2118676	-0.830713	-1.0101535	0.94277257	0.7604981	-1.2242951	1.0456629	1.0803205	-0.7614808	0.74416065	1.2084985	-1.0315881	0.8492934	1.0013204	-0.9975071	-1.1031234	0.93497974	0.9235777	1.0454719	-1.0796297	-1.078197	0.6932463	0.78744894	-0.64091116	0.93296313	0.84446377	0.6443377	0.8110771	0.96040606	0.85230196	-1.082315	-1.0127815	0.9986207	1.0119544	-0.9832117	1.1285509	-1.0166917	0.83978945	1.1055204	-0.70298195	0.91604763	-1.1861312
-0.9427585	-1.0187508	-0.9048904	1.0069412	-0.877042	-0.81176984	0.79755867	0.85436994	1.0247885	0.86238027	-0.8958814	-0.9881434	-1.0363779	0.8478911	-0.966106	-0.91343784	0.88868225	0.9604494	-0.90473914	-0.88603175	-1.0411693	-0.97958213	0.8638896	0.9482555	0.8446045	0.99901503	-0.9903178	-0.8643685	0.9497296	0.93626636	-0.9713536	0.99308145	-0.96819276	-0.7552169	0.98453915	-0.91497326	-0.69989514	0.9093699	-0.8172377	0.8362546	0.9387593	-0.8612542	-0.86394113	-0.9233486	-0.879444	0.82545215	-0.71905637	-0.8925665	0.89720106	0.7996935	-0.82653123	-0.96700215	-0.8899047	-0.98177385	-0.9190131	-0.9673539	0.94333094	-0.9232008	-0.83930326	-0.9969507	-0.98433965	0.76953954	0.86514217	-0.87968606	0.9701136	0.98677224	-0.92642236	0.8639126	0.9070904	-0.896191	0.8957843	0.99853176	-0.96404696	-0.82358617	0.8160068	0.8892227	0.864048	-0.9939309	-0.70564646	0.5775998	0.8435659	-0.8173554	0.9704497	0.9144008	0.8243468	0.97344923	0.9484768	0.97566557	-0.76770294	-0.77605414	0.8746791	0.8121422	-0.9900807	0.91964865	-0.87547827	0.9725373	0.96309537	-0.6557517	0.9089733	-0.8801259
-0.120674886	-1.0526958	-0.74941814	0.9399511	-0.8558378	-1.7178657	0.99909145	0.31818083	0.66270673	1.2079268	-1.4003193	-1.2193242	-1.3913492	0.80379164	-1.3602046	-1.385704	1.4130281	0.5127128	-1.2934335	-1.0772508	-1.3494769	-0.79173887	1.2727429	1.0142698	1.3112401	0.5518898	-0.704824	-0.6629141	1.536186	1.147008	-0.7227768	1.3886075	-1.1401138	-0.57124174	0.790947	-1.4751041	-0.60926455	0.6362353	-0.66579515	0.6053717	1.5971683	-1.3497882	-1.4522116	-0.7834628	-1.0621374	1.537428	-1.0994141	-0.9011723	1.573088	1.3962702	-0.17303407	-1.197013	-0.5363913	-0.97631013	-1.2590759	-1.2250854	1.1637955	-1.7038368	-1.5021292	-0.47645715	-0.94158125	0.8229821	0.44778636	-1.5663369	1.1585838	1.0942117	-0.25636452	0.32625896	1.3704787	-1.1716051	0.6324002	1.1236895	-1.1703072	-1.2008516	1.0186186	0.9538589	1.203046	-1.2039323	-1.3600934	0.68991995	0.3204737	-0.19104119	0.71817905	0.684041	0.088967234	0.3075997	0.9443476	0.33464926	-1.3175527	-1.2937185	1.0085769	1.0202081	-0.7870966	1.5087512	-0.9650336	0.5675815	1.2743598	-0.504765	0.8607707	-1.5364001
-0.99775994	-1.1712453	-1.0927038	1.1507561	-1.029919	-1.1251607	0.9342051	0.9233846	1.1714745	1.0687019	-1.0579388	-1.1923313	-1.2848928	0.97841287	-1.1036725	-1.2133079	1.1589773	1.0416733	-1.1163037	-1.1027794	-1.1979903	-1.1437091	1.0782896	1.1075995	1.1164722	1.0936533	-1.154507	-0.99181587	1.2383384	1.1822633	-1.126025	1.196141	-1.2190564	-0.8346716	1.1518896	-1.1172309	-0.87059236	1.1492395	-0.9867752	1.0096928	1.2098905	-1.1179509	-1.164736	-1.131797	-1.0503325	1.1088622	-0.8622744	-1.0491724	1.173152	1.0541798	-0.92777586	-1.2253076	-0.9337734	-1.1413567	-1.1783743	-1.2126993	1.133805	-1.2467132	-1.1193478	-1.0867424	-1.0981637	0.931608	0.94455874	-1.2072128	1.121091	1.2054508	-0.9281145	0.9948733	1.1645454	-1.171924	1.056734	1.0928663	-1.1600683	-1.0633783	1.0803111	1.028509	0.99408704	-1.139929	-0.99658585	0.7658933	1.0057042	-0.9001034	1.1534194	1.00811	0.8329723	1.0897764	1.1553817	1.0736616	-1.0393293	-1.0287203	1.0500307	1.0283607	-1.2131696	1.1963342	-1.0940696	1.1038152	1.1870152	-0.77289224	1.0038114	-1.2092052
-0.72553676	-1.0779123	-0.89265007	0.9879341	-0.8970206	-1.1068275	0.92593163	0.6799673	0.9531788	0.9701778	-1.0267447	-1.050472	-1.1906106	0.9095583	-1.0900533	-1.1103599	1.1003883	0.80358964	-1.0234908	-1.0184457	-1.1297485	-0.9775663	1.0901086	0.99235797	1.05452	0.8759684	-0.9857321	-0.87501216	1.1906664	1.0423235	-0.95119053	1.0558308	-1.1076167	-0.69958454	0.9156199	-1.1567911	-0.83603644	0.89525205	-0.9124337	0.8718548	1.1703937	-1.01156	-1.077003	-0.9338372	-0.9821637	1.0748315	-0.9253515	-0.9026105	1.1296728	1.0088595	-0.74707395	-1.0866914	-0.7786319	-0.94550353	-1.0212814	-1.0549617	1.0730567	-1.1705192	-1.0577577	-0.9024117	-1.0476162	0.92029107	0.8245548	-1.072207	1.0287308	1.064605	-0.7843368	0.83199716	1.1455632	-1.0593532	0.8100358	1.0955552	-0.9708048	-1.0080884	1.0010095	0.9106394	0.95687675	-1.0046338	-0.98383826	0.75359607	0.80308264	-0.7396597	0.9314088	0.9383945	0.6844509	0.87183654	0.98090863	0.8727631	-1.0623171	-0.970626	0.92533785	0.9633649	-0.975269	1.1324962	-0.9418923	0.92957765	1.0977852	-0.75066257	0.8963893	-1.1322802
-0.9227433	-1.0486312	-0.96657854	1.0012466	-0.9402702	-1.0024972	0.8340535	0.8305249	1.0747195	1.0001884	-0.9394081	-1.0669018	-1.0938792	0.81365573	-1.0200497	-1.0090132	1.0668061	0.88708794	-0.94217235	-0.96971065	-1.0193568	-1.0122935	1.0638324	1.0156215	0.953037	0.99104536	-0.9968306	-0.94967973	1.0437188	1.0335766	-1.0109051	1.0422258	-1.0855162	-0.8292535	1.0496482	-1.0032545	-0.80592775	0.99674034	-0.9063931	0.92395216	1.0595978	-0.9833909	-1.00161	-0.90878356	-0.99782467	1.0095668	-0.75865483	-0.9416268	1.0213926	0.9017087	-0.83252084	-1.0174149	-0.8262614	-0.99956715	-0.9677596	-1.1060773	0.99309385	-1.0108225	-0.97439206	-0.9337921	-0.9692254	0.9297129	0.8887359	-1.0283579	0.97431123	1.1112549	-0.86956596	0.9043661	1.032875	-0.9921027	0.9546747	1.0210941	-1.0289551	-0.91020566	0.897088	0.91433936	0.8798688	-1.0415145	-0.8418954	0.731078	0.91921824	-0.7520217	1.0496639	0.94989854	0.8426169	1.0314766	0.9632303	0.9694337	-0.8742338	-0.90625894	0.9037389	0.9090403	-1.0017095	1.1252674	-0.9171111	0.9490713	1.0448592	-0.7348926	0.95198274	-1.0311466
-0.5678242	-1.0855244	-0.8688249	1.0401539	-1.0283198	-1.3442613	1.0307361	0.77226174	0.89088833	1.1364933	-1.1377562	-1.1807195	-1.2824268	0.92292565	-1.2395395	-1.2727933	1.2024624	0.76454526	-1.1178162	-1.0692111	-1.1620485	-0.88438296	1.2344848	1.0630583	1.1413404	0.83906806	-0.8660229	-0.84093654	1.3567971	1.0854871	-0.9295181	1.2365887	-1.23383	-0.8048703	0.90584636	-1.2317685	-0.82201743	0.8593154	-0.89078206	0.78623134	1.2968085	-1.1052502	-1.2707657	-0.8256075	-1.05714	1.3500305	-1.0806476	-0.9287847	1.3492439	1.1865228	-0.6308097	-1.09269	-0.83052415	-1.018108	-1.1085188	-1.2098887	1.0964063	-1.276813	-1.3022987	-0.7039938	-1.0358098	0.9858871	0.70754164	-1.2598199	1.05779	1.0335308	-0.5809908	0.6478423	1.2417395	-1.0812049	0.85715216	1.1285745	-0.987653	-1.1499401	1.0556087	0.91328037	1.106843	-1.1328243	-1.1320542	0.81889117	0.65153784	-0.5330187	0.9197764	0.9840278	0.7182894	0.75213224	0.9351725	0.6859169	-1.1232878	-1.1169491	0.9191806	0.98905057	-0.8274581	1.4132082	-0.92212343	0.8294201	1.170528	-0.80346155	0.8994409	-1.2380162
-0.9618835	-1.0764939	-0.95058924	1.0354158	-0.9878252	-0.94179845	0.8750827	0.8786599	1.1452327	0.88698375	-0.8623522	-1.0745953	-1.1401683	0.8747942	-0.980464	-1.0479124	1.0708506	0.9712861	-0.9201041	-0.9676929	-1.0286268	-1.0588014	1.0413227	0.9904673	0.94545573	1.0664741	-1.0610502	-0.94879955	1.0284437	1.0744987	-0.9906219	1.0020071	-1.0820004	-0.79586726	0.9931144	-1.0145692	-0.8091026	1.0245783	-0.9076849	0.9256132	1.0243081	-0.91658497	-0.886815	-0.96677154	-0.93181974	0.9722837	-0.71705484	-0.89854527	1.0819424	0.9165785	-0.89683384	-1.007563	-0.9341657	-0.97093785	-1.037665	-1.0219063	0.8989002	-0.96873313	-0.8768346	-1.0514932	-1.0400894	0.8791275	0.9412779	-0.96913123	0.86575663	1.0409027	-0.9166709	1.0066818	1.0541406	-0.9607874	0.9436922	1.0418426	-0.95525897	-0.9161346	0.87569416	0.8415815	0.8203976	-1.0544695	-0.77819216	0.72506315	0.97468245	-0.8405954	1.0573318	1.0537483	0.9120153	1.1271144	0.9823204	1.0183094	-0.8640567	-0.8861436	0.9490085	0.94905037	-1.0930716	1.0630144	-0.903339	1.076119	1.0386485	-0.769857	0.9714239	-0.9307881
-0.93413705	-1.0030638	-0.9021819	0.9873083	-0.89598835	-0.79296917	0.79083407	0.82978463	1.0782038	0.8920988	-0.8840039	-1.0271007	-1.0347316	0.88407195	-0.979508	-0.93372196	0.9585709	0.9446343	-0.8806407	-0.9043592	-0.99606407	-1.0299791	0.98522276	0.9338477	0.9425947	1.0708833	-1.0117173	-0.91221297	0.9387031	0.95219135	-1.032945	0.98097503	-0.9612899	-0.70346594	1.0621825	-0.9015743	-0.738482	1.0061195	-0.91676074	0.87968403	0.95188147	-0.8414633	-0.82953125	-0.9385961	-0.8502292	0.9073744	-0.6579092	-0.9629145	0.93944377	0.83121246	-0.847905	-1.0073892	-0.84827775	-0.94161505	-0.9384216	-1.0345618	0.9640828	-0.8235757	-0.83118594	-1.0375271	-0.958232	0.91650337	0.90378845	-0.86891395	0.87435645	1.0435572	-0.99752927	1.0164251	0.93771875	-0.9657331	0.99619424	1.0089123	-0.93849015	-0.9259256	0.9243172	0.8639832	0.78996336	-0.9296013	-0.68035614	0.6617102	1.0178049	-0.86747104	0.98863155	0.99380064	0.8358727	1.0974247	0.9967738	1.0533662	-0.7755204	-0.8652751	0.90122914	0.8282496	-1.0602622	0.9028464	-0.8840962	1.0457778	0.9975983	-0.6648022	0.9544235	-0.866234
-0.28806517	-1.0515554	-0.8094456	0.9204226	-0.9004156	-1.6664097	1.1254836	0.45394605	0.627557	1.2564708	-1.3851105	-1.2340913	-1.4103346	0.9017083	-1.3634083	-1.4198774	1.439733	0.6362015	-1.3219252	-1.1198223	-1.2855289	-0.8546143	1.2045642	1.1361904	1.370102	0.56355214	-0.73587537	-0.76615906	1.5597062	1.2512289	-0.7979227	1.3241825	-1.0944849	-0.7016417	0.81092125	-1.4367793	-0.72904277	0.51815736	-0.7895773	0.73051614	1.5078472	-1.486466	-1.4717803	-0.8405896	-1.1716961	1.4522072	-1.2471303	-0.94763094	1.4760306	1.4589142	-0.230046	-1.1918336	-0.6515503	-1.0498315	-1.3099809	-1.2005234	1.2916799	-1.6577479	-1.5688959	-0.5006688	-0.94822615	0.9593605	0.41447657	-1.5295761	1.2963592	1.1077901	-0.3606787	0.36146763	1.3874222	-1.1972343	0.56596595	1.1073828	-1.2272421	-1.3072128	1.0560133	1.0722736	1.3083105	-1.1912475	-1.4038917	0.78639925	0.42405885	-0.39096785	0.7540652	0.7257064	0.17971204	0.3712508	0.93922824	0.36646026	-1.3901334	-1.3307797	1.0447448	1.1761109	-0.73130566	1.4462091	-1.0030314	0.6190851	1.2881795	-0.7275586	0.9422863	-1.5063163
-0.49745482	-1.0678489	-0.72403145	1.0666673	-0.8167313	-1.4099793	0.8418877	0.5985287	0.8479039	0.9886852	-1.1765163	-1.1483396	-1.3170774	0.7497077	-1.2355876	-1.281398	1.1825635	0.640947	-1.0835189	-0.9771359	-1.1168596	-0.81062776	1.1854972	1.0114317	1.1741371	0.76992464	-0.8642368	-0.6595632	1.4084845	1.0780476	-0.79848194	1.249608	-1.1332394	-0.5915018	0.79943734	-1.2126595	-0.690852	0.7617667	-0.7635935	0.6756049	1.3959165	-1.106091	-1.1970667	-0.802607	-0.9909868	1.2894182	-0.8766506	-0.7906508	1.3751005	1.1828523	-0.44721723	-1.0611366	-0.65432507	-0.92194927	-1.0675802	-1.1729394	1.0756383	-1.3392614	-1.2926928	-0.6769189	-1.0031204	0.8553811	0.5861228	-1.2797614	0.9529366	1.0775801	-0.4845564	0.5564699	1.2545309	-1.0282714	0.7303894	1.0729904	-1.0287765	-1.0836127	0.8956304	0.8291338	1.0409393	-1.0267149	-1.0877862	0.71004754	0.5827508	-0.35261458	0.86273986	0.902024	0.4522962	0.6575707	0.8628149	0.57940286	-1.1582437	-1.0704987	0.9434696	0.9139219	-0.793659	1.3870772	-0.9089485	0.7613198	1.2272911	-0.6188152	0.81082326	-1.2645079
-0.647998	-1.0627409	-0.8625522	0.9818891	-0.89639306	-1.2710392	0.8946833	0.6553368	0.88534915	1.0363234	-1.1770447	-1.174379	-1.2737066	0.89666396	-1.216844	-1.2502527	1.1490338	0.783054	-1.098737	-1.0430624	-1.2355173	-0.96165276	1.1124533	1.0223777	1.1059337	0.84675026	-0.9207787	-0.8125252	1.3253598	1.1406556	-0.91458434	1.1991274	-1.0748507	-0.6164485	0.94773376	-1.218312	-0.71898836	0.7830706	-0.7896606	0.79756194	1.3819641	-1.213391	-1.2080961	-0.96172595	-0.94877094	1.2562451	-0.9560724	-0.9067365	1.3057766	1.1858853	-0.5875329	-1.1000968	-0.79833287	-1.013953	-1.1055073	-1.1668943	1.0842131	-1.399299	-1.1993496	-0.8128828	-0.9504177	0.8649865	0.70830935	-1.2299834	1.1576091	1.1421709	-0.6590187	0.74061173	1.1818852	-1.0913448	0.8423877	1.0508673	-1.116942	-1.0591024	0.9630245	0.92886555	1.0589159	-1.0810199	-1.1551342	0.6008464	0.65558743	-0.59150565	0.9197107	0.84809816	0.5058786	0.81443936	1.0273774	0.71031415	-1.1045272	-1.1028858	0.9913907	1.0145327	-0.947363	1.2892598	-1.0196785	0.86857104	1.24484	-0.6149906	0.8795012	-1.3302529
-0.90317315	-0.99626446	-0.9813723	1.0686908	-0.9291487	-0.76954764	0.88836324	0.86545545	1.044208	0.92794496	-0.81788766	-1.0582234	-1.0435666	0.8518253	-0.9479819	-0.9820087	1.0274081	0.98960185	-0.91263115	-1.0006899	-1.0287226	-1.0023949	0.97443753	0.9634107	0.9883073	1.0812869	-1.0059186	-0.9036482	0.98668575	1.0427747	-0.9951628	0.9980177	-1.0411606	-0.7911062	1.0425078	-1.0046647	-0.7987762	1.0980029	-0.9883424	0.871209	0.95234305	-0.8828807	-0.8785268	-0.9470799	-0.916573	0.9531499	-0.74086064	-0.8959278	0.99255234	0.8369569	-0.91699314	-1.0585862	-0.9509518	-1.0327483	-0.9218272	-1.0672185	1.0108063	-0.90608615	-0.84028506	-0.96684	-1.0662941	0.9821818	0.9344321	-0.9596342	0.89054734	1.0931758	-0.96582043	1.0032512	1.0839779	-0.9467181	0.92745095	0.97628886	-0.9907482	-0.928371	0.9795714	0.8181642	0.88854766	-1.0430382	-0.74112076	0.7410325	0.966378	-0.80911696	1.0258843	1.0086702	0.9331855	1.0958568	0.9445971	1.0395633	-0.79752016	-0.8504768	0.92362285	0.9414501	-1.0029331	1.0837245	-0.9190184	1.0767624	1.046066	-0.7298381	0.99070364	-1.0121903
-0.74623126	-1.0695297	-0.82807106	1.0380087	-0.9121674	-1.111073	0.86210316	0.66547143	1.116461	0.9309538	-1.0108382	-1.1295679	-1.2870648	0.8003176	-1.100772	-1.1754344	1.1288168	0.79908425	-0.9597283	-0.96550655	-1.1229593	-0.98349994	1.0827314	1.0099529	1.0077698	0.8919804	-1.0491635	-0.7821688	1.2961537	1.1253123	-0.96602744	1.2000091	-1.1047605	-0.60707146	0.98380107	-1.0675135	-0.6703487	1.0002317	-0.86912245	0.7643488	1.2515266	-0.98817426	-1.0853313	-0.9262345	-1.0039337	1.0997014	-0.69888645	-0.9700702	1.2235659	1.0036558	-0.653914	-1.1445204	-0.784673	-1.0587937	-1.0851414	-1.1444141	1.018518	-1.2317724	-1.0562294	-0.8990607	-1.0328014	0.8778675	0.70014083	-1.1785772	1.0365803	1.1764013	-0.8197332	0.8427209	1.1775321	-0.9991042	0.89824265	1.0640864	-1.0158771	-0.92494154	0.9710444	0.8346509	0.92085016	-0.99985874	-0.8803225	0.5790871	0.8412789	-0.62243176	0.928828	0.93455374	0.64273614	1.0587006	0.9524816	0.85270184	-0.93689185	-0.9424132	0.9523283	0.9235103	-1.0523047	1.2484591	-0.9001782	0.9561628	1.1546339	-0.52627134	0.9524238	-1.2069148
-1.0597091	-1.0856088	-0.91439855	1.0719275	-0.958887	-0.71866834	0.73640466	0.8370909	1.1958922	0.85382766	-0.7708374	-0.9687989	-1.0610869	0.8759736	-0.95142657	-1.0620406	0.9669637	0.96692395	-0.90623635	-0.9222565	-1.0621216	-1.0738724	0.9956395	0.9767747	0.93085885	1.0530854	-1.1086273	-0.8738073	0.9994009	0.9907564	-0.978312	1.017782	-1.0710474	-0.6449689	1.0518	-0.8960437	-0.6575861	1.0134429	-0.9824049	0.90841204	0.9964908	-0.7671228	-0.87795746	-0.9880476	-0.87671864	0.8383839	-0.66869223	-0.95087373	0.9816048	0.79950696	-0.88817626	-1.0771596	-0.9063742	-0.9812766	-0.9144673	-1.1070762	0.91150147	-0.9733415	-0.7676115	-1.102525	-1.0708365	0.83866876	0.92521673	-0.9125115	0.9744265	1.1019423	-1.0475608	0.9620563	0.92528385	-0.9895276	0.98682785	1.0189961	-0.9263494	-0.90749305	0.8506748	0.8277262	0.69579846	-1.0077273	-0.5505638	0.6332891	1.0221101	-0.87293434	1.0422155	1.014487	0.8781133	1.142311	1.012862	1.113996	-0.75012606	-0.8283913	0.90578943	0.82899636	-1.0966996	1.0480274	-0.97684807	1.1116816	1.0007368	-0.6075015	0.955194	-0.9988895
-1.0240011	-1.1051081	-1.0515047	1.0680689	-0.9609499	-0.8140301	0.875003	0.8702265	1.2655377	0.9476006	-0.9098491	-1.1118071	-1.1065899	0.9267292	-1.0108244	-1.0331455	1.0494022	0.97509205	-0.9608117	-0.97075844	-1.0786273	-1.0919341	1.0376357	1.0569957	0.9353925	1.0763707	-1.1909887	-0.937797	1.053917	1.0903349	-1.0196406	1.0823563	-1.1078564	-0.77785605	1.1367322	-0.9942762	-0.681362	1.0743505	-1.0108223	0.93100965	1.0659533	-0.94687736	-0.9839962	-1.0291309	-0.9632949	0.8769119	-0.7250573	-1.019769	1.0260289	0.8944877	-0.8558253	-1.1291479	-0.8902051	-1.0172355	-1.0311865	-1.1616884	1.0513749	-1.037237	-0.87914133	-1.1189651	-1.1213654	0.9037295	0.8783904	-1.0537852	1.0123101	1.1810744	-0.9989823	0.993209	1.0260346	-1.0431846	1.0124806	1.0389011	-1.0457003	-0.90407526	1.0148735	0.8840233	0.79565316	-1.1195717	-0.7075905	0.65515155	1.069776	-0.922427	1.1327327	1.0324594	0.86165595	1.1755222	1.1125911	1.103023	-0.8490818	-0.84132516	1.0104371	0.9109481	-1.1638103	1.0056607	-0.9585705	1.1023364	1.1123366	-0.66440094	0.9486697	-1.0600842
-0.9965029	-1.1339574	-0.9305977	1.1237018	-0.97223896	-0.88188046	0.7918241	0.8487914	1.1843517	0.8275252	-0.7669048	-1.0357382	-1.2333386	0.7865503	-0.9968977	-1.0887599	1.0405703	0.957945	-0.90518624	-0.96214044	-1.0705113	-1.0170466	1.0289655	1.0023521	0.8735268	1.1156013	-1.1064596	-0.79623854	1.097798	1.0562901	-1.0587695	0.98242617	-1.1458274	-0.71738076	1.0409113	-0.96806645	-0.71750766	1.1292646	-0.9320125	0.83255416	1.0650076	-0.776149	-0.862418	-0.9706582	-0.96953946	0.9407775	-0.56558496	-0.888633	1.1038291	0.7874738	-0.8946576	-0.9851024	-0.87242746	-1.0462548	-0.9462415	-1.1455977	0.8964726	-0.9710121	-0.83546096	-1.080163	-1.088259	0.87227553	0.85387516	-0.9657091	0.8159065	1.1239916	-0.960693	1.0390015	1.0643857	-0.9576043	1.0167543	1.006351	-0.9140748	-0.9222332	0.82918215	0.78881085	0.7625466	-1.0508163	-0.5024541	0.62503684	1.0117259	-0.7166132	1.019686	1.0740646	0.9356519	1.2221522	1.0277306	1.0387897	-0.7004331	-0.659359	0.9029539	0.81530297	-1.083695	1.2347038	-0.9369454	1.1067065	1.0572661	-0.6470785	0.8757265	-0.9457817
-0.7977897	-1.0599203	-0.91307414	1.0408969	-0.9495826	-1.1781113	0.9093057	0.76938695	1.118532	1.0536009	-1.0286294	-1.0864335	-1.2605145	0.8622854	-1.1076399	-1.1313033	1.1695517	0.8201394	-0.9901354	-0.9725523	-1.1318336	-1.0465233	1.1149527	1.0095172	1.0226533	0.94213676	-1.0167673	-0.838626	1.2382051	1.1004835	-0.95460343	1.1512336	-1.1155175	-0.65698636	1.0199276	-1.081673	-0.71662927	0.98127013	-0.8743708	0.7966445	1.2489313	-1.0601363	-1.0485308	-0.90891343	-1.0433549	1.0909076	-0.78973806	-0.9128381	1.2228197	1.0474415	-0.6931238	-1.1004114	-0.7998401	-1.0477377	-1.0682021	-1.1327665	1.027449	-1.2527434	-1.0768361	-0.9473059	-1.0439398	0.8374429	0.838068	-1.1447107	1.0583645	1.1431112	-0.82922876	0.844913	1.1579866	-1.0094017	0.9029925	1.0566915	-0.9912433	-1.0377319	0.9036129	0.9420551	0.9859224	-1.0384058	-0.94099116	0.68121886	0.90805113	-0.6591448	0.9893321	1.0164522	0.7312519	1.0447607	1.0219094	0.89094424	-0.95212615	-0.92243004	0.92858535	0.912121	-1.0082145	1.2412649	-0.92635936	1.0347346	1.1492413	-0.5983006	0.90790397	-1.2074038
-1.0515591	-1.0300436	-0.98484504	1.028167	-0.9724123	-0.7473016	1.0182189	1.0050844	1.1042131	0.9764035	-0.8669573	-0.94905883	-0.878109	0.95191723	-0.9505348	-1.0155547	0.92360646	1.0021769	-0.98738384	-1.012174	-0.9991862	-1.0939776	0.93343806	1.0147744	1.0271382	0.97984624	-1.0129251	-0.9780239	0.93992233	1.0314151	-0.99481267	1.0093894	-0.9313162	-0.91211486	1.039844	-0.98974264	-0.93529093	0.97904617	-1.0328243	0.96791834	0.8568553	-1.0128311	-0.95113	-1.0594759	-1.0226438	0.8550277	-0.93945354	-1.0062128	0.84894425	0.90991914	-0.9685777	-1.0035481	-0.98690474	-1.0503082	-0.95631593	-0.97324216	1.0300199	-0.8969952	-0.87638277	-1.0886699	-1.0103619	1.0015104	0.9267304	-1.0023992	1.0117369	0.9843669	-0.97507113	1.0333116	1.0059829	-0.9669027	0.9796754	1.0005262	-1.0268781	-0.9507855	1.0150652	0.95099115	0.93085855	-1.0655158	-0.8866786	0.8289401	0.99722916	-0.97042614	0.9699402	0.9638416	0.954257	1.0403249	1.0203815	1.0182825	-0.96870106	-0.98107904	1.0733002	0.9596417	-1.1179583	0.7499314	-0.9650308	1.00789	1.0429916	-0.873287	0.99506634	-0.9911807
-0.79351294	-0.985657	-0.8636972	0.9901124	-0.8733839	-0.9360823	0.74868876	0.75770384	1.0061313	0.9082959	-0.8319135	-0.97473484	-1.0293342	0.81302863	-0.9075505	-1.0051495	0.9305252	0.82928026	-0.91959685	-0.9250681	-1.0411336	-0.927995	0.8709458	0.92721605	0.8575616	0.89537054	-0.96161556	-0.80121034	1.0382003	0.9474714	-0.87891	0.99233276	-1.0444103	-0.6726597	0.9693598	-0.93225545	-0.6791172	0.95137936	-0.81881195	0.7737743	1.0152543	-0.8789825	-0.8898599	-0.9481886	-0.87622386	0.9318478	-0.7333887	-0.9214176	0.9951384	0.79656	-0.7351006	-1.0136608	-0.7898814	-0.9389417	-0.88293016	-1.0067111	0.9256485	-1.0012355	-0.90531105	-0.92219657	-0.96746916	0.8129485	0.72926044	-1.0127957	0.95698386	0.9916928	-0.8681744	0.8409538	1.0235294	-0.8812847	0.895223	0.94072556	-0.93436724	-0.8343681	0.8333694	0.8522914	0.846943	-0.96841425	-0.77751654	0.6414229	0.8990418	-0.73685104	0.94940096	0.8422903	0.7726551	0.9181072	0.9855261	0.85461205	-0.7930184	-0.7987916	0.92401016	0.7759804	-0.9207025	1.0636158	-0.9190659	0.86981326	1.0350013	-0.6532204	0.88306427	-0.9867497
-0.9443095	-0.93982947	-1.0200895	0.8935455	-0.9885073	-0.7715393	1.0530634	0.9436589	0.88427454	1.0046014	-0.9098141	-0.9790991	-0.8059898	0.9614065	-0.90563047	-0.95436954	0.92760235	1.0359284	-0.9503703	-0.956905	-0.9148559	-1.049729	0.8963952	1.0044554	1.0449467	0.9129692	-1.0275269	-1.019148	0.8446863	0.9427682	-0.97045016	0.8831823	-0.8795223	-0.96548855	1.0223511	-0.93561864	-0.9702987	0.9609502	-0.95852953	1.008398	0.89231867	-0.9583014	-0.9437372	-1.0234288	-1.0639892	0.8610846	-0.998269	-0.9982033	0.81869745	0.9135041	-0.9126312	-0.96999586	-0.97317064	-1.0272571	-0.94106114	-0.9137395	1.0667654	-0.88081616	-0.8964198	-0.9721062	-0.9141572	0.9862011	0.94205016	-0.94945765	1.0496333	0.98056704	-0.9180313	0.98440284	0.88111544	-1.0340198	0.96211	0.96471953	-1.0164572	-0.98929477	1.0256213	1.0836829	1.0463302	-1.0453151	-1.0748917	0.9091521	0.96064925	-0.98152006	0.97989786	0.9090208	0.9055843	0.8869849	0.99939007	1.0009902	-1.0048909	-1.0332698	1.0316647	1.0184269	-0.9334407	0.7088305	-1.0681243	0.92126226	0.9704592	-0.9208152	1.0155162	-0.96150726
-0.3273912	-1.098431	-0.86955434	1.0356597	-0.8979711	-1.3357263	0.9741345	0.569739	0.7810167	1.0704936	-1.2249378	-1.137685	-1.1968728	0.8299894	-1.202573	-1.2128386	1.184789	0.63028103	-1.1564567	-1.0484072	-1.0677873	-0.82065725	1.1879126	1.011019	1.1717824	0.75542563	-0.8227939	-0.78556484	1.2492859	1.1189418	-0.871563	1.2455457	-1.0814799	-0.7970546	0.77430004	-1.1695502	-0.83644164	0.732465	-0.8066151	0.7677269	1.2705168	-1.2007394	-1.2143141	-0.8372278	-1.1035479	1.265401	-1.0262004	-0.8581862	1.2674996	1.2161531	-0.45404807	-1.0225341	-0.6946242	-0.95451766	-1.1444145	-1.0597388	1.1046551	-1.2825617	-1.2956035	-0.6082881	-0.9607769	0.9084573	0.62923574	-1.1756619	1.0104737	1.0517048	-0.42437914	0.58579266	1.2296982	-1.0445651	0.72401553	1.0161436	-1.0790085	-1.1650332	0.97987807	0.9634425	1.1832223	-1.0473597	-1.1666046	0.8447244	0.4883419	-0.4642234	0.8300472	0.89502865	0.45185372	0.5261967	0.8815366	0.48945966	-1.1464952	-1.1480366	0.96663696	1.0273407	-0.72808236	1.3387694	-0.9407371	0.71311826	1.1221361	-0.7596705	0.9435919	-1.2449666
-0.45972526	-0.95907295	-0.80933213	0.87913173	-0.8439159	-1.3745313	1.0402157	0.5826699	0.7055193	1.1144112	-1.1683944	-1.1748985	-1.2104082	0.8985883	-1.1022257	-1.2453004	1.2145683	0.6324824	-1.2197753	-0.97090685	-1.2081145	-0.86423665	1.111244	1.0257967	1.2305242	0.6828324	-0.82779723	-0.8245054	1.2947344	1.0399761	-0.7607832	1.1560307	-0.98990226	-0.7031799	0.8740743	-1.2155008	-0.7644819	0.66808254	-0.7946813	0.7712864	1.2403535	-1.2061503	-1.2603768	-0.89033365	-1.0747513	1.2793418	-1.0615807	-0.93215877	1.2119896	1.187525	-0.42689675	-1.1510713	-0.72261876	-0.94930506	-1.1006645	-1.049061	1.1001471	-1.3139073	-1.3216455	-0.64577365	-0.9012511	0.88033533	0.57374877	-1.3296963	1.2196528	1.0433059	-0.44957894	0.5114052	1.1925892	-1.0766692	0.7344242	1.0451839	-1.1410689	-1.1508447	1.0822448	0.9735023	1.2097237	-1.1395319	-1.2628046	0.7783233	0.63553184	-0.5308102	0.794832	0.68013185	0.4584971	0.510417	0.98379123	0.60821915	-1.1682498	-1.1333327	1.0648557	1.0074643	-0.89382446	1.184913	-1.030615	0.7519794	1.2031138	-0.6706023	0.85367805	-1.3722047
-0.5514765	-0.92261505	-0.8741746	0.8896672	-0.8543556	-1.1403944	0.9478252	0.7101615	0.8085109	1.0279145	-1.0802071	-1.0124874	-1.0897174	0.90822697	-1.0631183	-1.1328058	1.1139151	0.70544237	-0.99024975	-0.9564865	-1.0542756	-0.9225119	1.0466121	0.952241	1.0542835	0.7650478	-0.90263724	-0.81537384	1.212749	0.9527231	-0.80432713	1.0913887	-1.0491606	-0.72327036	0.8452676	-1.109035	-0.7996982	0.7492915	-0.795132	0.8030601	1.212625	-1.1003857	-1.1356428	-0.86737216	-0.97655725	1.1308675	-0.9979696	-0.9472034	1.1012897	1.0964452	-0.66559666	-1.0593375	-0.7749071	-0.9139762	-1.0620581	-0.96929234	1.0237418	-1.2336369	-1.1945953	-0.7144498	-0.962325	0.9123427	0.63623595	-1.1897326	1.0975891	0.9918177	-0.6298298	0.6888698	1.0840758	-1.054268	0.7856562	1.0247437	-0.9970332	-1.006349	0.9211138	0.9053531	1.0176473	-0.9665081	-1.0718005	0.80031043	0.6781803	-0.62547207	0.8336991	0.7667045	0.5344446	0.6978973	0.9463445	0.68093437	-1.1122562	-1.0125449	0.94400024	0.9502135	-0.85356474	1.1811589	-0.9472388	0.7835797	1.0866324	-0.69500446	0.8339793	-1.170095
-0.48816907	-1.0250417	-0.78431326	0.94855106	-0.84378797	-1.3139412	0.84724826	0.58840114	0.89831924	1.0631008	-1.144505	-1.171419	-1.2383047	0.8191953	-1.0857962	-1.2704711	1.2188876	0.6748157	-1.1060559	-0.9700023	-1.1700176	-0.87562704	1.1281841	1.0468706	1.1010705	0.80910796	-0.93165535	-0.72122353	1.3281072	1.0743697	-0.822587	1.1594467	-1.1120498	-0.6820468	0.93352	-1.1611987	-0.60479873	0.7532947	-0.72904915	0.73562264	1.3332063	-1.1624159	-1.2110734	-0.92858404	-0.9774781	1.1759626	-0.8785225	-0.91244936	1.260263	1.1035097	-0.43299666	-1.1096933	-0.6623114	-0.97970027	-1.0814645	-1.1537025	1.0610738	-1.3339838	-1.2543035	-0.76932657	-1.0453559	0.88204247	0.5762354	-1.2665392	1.1131912	1.1363378	-0.57015795	0.5825959	1.2182391	-1.1256212	0.77189356	1.0754609	-1.0319234	-1.0500141	0.9276752	0.8677037	1.082991	-1.1285914	-1.0436987	0.6418178	0.6356675	-0.43775055	0.9006078	0.7481958	0.4702465	0.68735534	0.94498605	0.6886453	-0.9901421	-1.0229423	0.96411216	0.9254863	-0.932864	1.306512	-0.9132497	0.76690245	1.161034	-0.5911802	0.87470347	-1.2622349
-1.0670907	-1.0179099	-1.0333878	1.0413207	-0.95308	-0.8441279	0.92318684	0.8899566	1.1211531	0.9250113	-0.8817635	-0.9847138	-0.9967649	0.90004295	-0.97895837	-1.047192	0.9613917	1.0235882	-0.95498884	-0.9179554	-1.0786897	-1.1119214	1.0053644	1.0051899	0.9890629	1.0598902	-1.1027042	-1.0142742	1.0147722	1.0182481	-1.0301435	0.99373555	-1.0474352	-0.80563617	1.0860698	-0.9201052	-0.83415675	1.0247396	-0.97225136	0.9907239	0.97702384	-0.89282864	-0.95676863	-1.010881	-0.9414855	0.8720242	-0.78269064	-1.0114982	0.9463262	0.86166626	-0.98421764	-1.0537292	-0.9259898	-1.0692451	-0.9601422	-1.0693849	1.0008683	-1.0177763	-0.8894465	-1.0984092	-1.0568372	0.92264944	0.8988768	-0.95618147	1.1002531	1.1229367	-1.0476016	1.0239928	0.9500138	-1.0226244	0.9925787	1.0374914	-0.99652976	-0.8658854	0.94871736	0.95666885	0.9423369	-1.050728	-0.83036715	0.75424063	0.9965771	-0.9905164	1.0624497	1.040682	0.85958505	1.1533022	1.0899792	1.0651599	-0.89296734	-0.90697736	1.0387064	0.919752	-1.0950768	0.99266833	-0.9982379	1.029046	1.0643995	-0.80337334	0.9589897	-0.96455663
-0.96429205	-0.97481436	-0.97986877	0.8921205	-0.8778036	-0.8079807	0.88767004	0.92516667	1.0023714	0.97147685	-0.8545633	-0.9077686	-0.91019875	0.9671693	-0.93570006	-0.9258322	0.89854777	0.8958546	-0.9097166	-0.8885087	-1.0071151	-0.9644516	0.8935996	0.95821977	0.9417818	0.9236109	-0.98771507	-0.9133051	0.85929245	0.97185016	-0.9568835	0.9651136	-0.93138593	-0.905347	0.97545075	-0.9173929	-0.9451948	0.92380524	-0.91326463	0.9247404	0.95187736	-0.92207956	-0.90276563	-1.0237563	-0.9414494	0.866417	-0.8749311	-0.91763884	0.9164601	0.85010135	-0.8449649	-1.0152259	-0.90542847	-0.9185024	-0.8679737	-0.948105	0.9475394	-0.827671	-0.87317187	-0.90425354	-0.948945	0.86343664	0.89053917	-0.97796583	0.9991044	0.9750655	-0.8880208	0.9692762	0.8880581	-0.98998123	0.8893626	0.92471486	-0.93614775	-0.8752447	0.9640821	0.89995605	0.93140984	-0.9457465	-0.8564853	0.86668706	0.9468945	-0.84652567	0.9890162	0.8878901	0.92369515	0.9135237	0.99142396	0.9640591	-0.89715296	-0.84685445	0.9867571	0.9340713	-0.9459533	0.89612126	-0.96439767	0.92707783	0.91722035	-0.80916667	0.9249102	-0.9812145
-1.0277691	-0.9040758	-0.9631454	0.9404778	-0.996198	-0.6686837	0.9956396	0.9990398	1.0640545	0.92655516	-0.84998226	-0.96858174	-0.8113108	0.9656865	-0.81923336	-0.87797946	0.825171	0.99184304	-0.90928334	-0.9761281	-0.9307395	-1.0912534	0.8472386	0.9992151	0.96734667	1.0131255	-1.0814012	-0.9489258	0.8319901	0.92200387	-0.9783302	0.9259762	-0.88752854	-0.8953525	1.0317982	-0.80741936	-0.9263425	0.9783584	-0.98762846	0.9320628	0.8393899	-0.89055675	-0.8690535	-1.007288	-0.9226525	0.8113476	-0.8964707	-0.98820597	0.7897402	0.79755616	-0.9660855	-0.9888982	-0.97350675	-0.9739662	-0.9296381	-0.9068583	0.94539523	-0.8193678	-0.8153363	-1.0162762	-1.0053015	0.90912604	0.9422549	-0.9381317	1.042123	0.9521732	-0.9888692	1.0513453	0.83869773	-1.0214591	1.027235	0.9332789	-0.96948975	-0.92656857	1.0190481	0.9537843	0.9649889	-1.001218	-0.863954	0.8733812	1.0824014	-1.020949	1.0557247	0.9508613	0.9934394	1.0504469	1.0095485	1.0545607	-0.8588867	-0.8929385	1.0222758	0.94826794	-0.9933391	0.7820237	-0.9485385	1.0761286	0.91858053	-0.89874667	0.986761	-0.9259963
-1.1938788	-1.0256541	-1.0582011	0.97422785	-1.0508507	-0.57348645	1.1017251	1.1259345	1.0359652	0.9750524	-0.8819269	-0.94814193	-0.80376804	1.0385224	-0.9045821	-0.80132985	0.83103615	1.1612976	-0.96674305	-0.9774512	-0.90511626	-1.1092473	0.9314103	1.063641	1.0145631	1.1552094	-1.0981206	-1.0782999	0.75659335	1.0113611	-1.0987687	0.8897721	-0.90034163	-1.0736041	1.1186758	-0.8925216	-1.1630456	1.1338946	-1.1316278	1.1475112	0.7320241	-0.9284601	-0.8658467	-1.0644317	-1.050439	0.71931005	-0.96978974	-1.1010007	0.6661512	0.9194995	-1.2248307	-0.9771095	-1.2021935	-1.0584059	-0.9326289	-0.9251822	1.0088121	-0.6479142	-0.8177528	-1.1432011	-0.9713349	1.0510367	1.2214123	-0.8261662	1.0565121	1.0289687	-1.1604991	1.1444945	0.8263095	-0.97788817	1.0916429	0.99238116	-1.0415453	-0.9750473	1.0273587	1.0976574	1.0302362	-0.97414875	-0.96726197	1.0325725	1.1302189	-1.1657352	1.1001654	1.1236788	1.203774	1.1473668	1.0592726	1.1479982	-0.9597351	-0.96272624	1.0684985	1.0100694	-1.1368214	0.5920344	-1.1194898	1.0862248	0.9322773	-1.0968246	1.1024083	-0.78681695
-1.0004696	-0.9365071	-0.98897696	1.0182198	-0.963181	-0.6891392	0.9197943	0.97324055	1.1375439	0.9358736	-0.8692182	-0.993971	-0.919019	0.941637	-0.88492256	-0.93447787	0.8452867	0.99734735	-0.9122646	-0.9687884	-0.9736189	-1.0525491	0.9214038	1.0339531	0.86958504	0.99130756	-1.0500492	-0.9245352	0.91954184	0.9828195	-0.9760179	0.940879	-0.91325575	-0.84636086	1.0952929	-0.9226464	-0.75524086	0.99895084	-0.9195533	0.9127234	0.8503743	-0.8845826	-0.82856137	-1.0426663	-0.8860049	0.8515783	-0.775155	-1.0174229	0.8690056	0.75811344	-0.948945	-1.0005105	-0.99068373	-0.94986	-0.90280235	-1.0101254	0.95393264	-0.82003367	-0.725879	-1.097001	-0.98555213	0.91020805	0.9021189	-0.92089677	0.9647164	1.0672264	-1.0418702	0.974466	0.88712376	-0.9844428	1.0156652	0.94228655	-0.97401774	-0.93493205	0.94899803	0.96340126	0.86495227	-0.9811561	-0.742082	0.7052836	1.0717143	-0.9204364	1.016688	0.9358383	0.8970332	1.1583093	1.0166861	1.0795604	-0.8297468	-0.9091011	0.9530619	0.9431798	-1.0929667	0.84301955	-0.9803732	1.0260962	0.9755984	-0.7491287	1.0319995	-0.8431356
-1.0033542	-1.0374981	-0.8969155	1.0488639	-0.9388997	-0.8107145	0.86704326	0.88515955	1.0753399	0.90605	-0.78925806	-0.9836412	-1.0615478	0.88696754	-0.90808046	-0.98702914	0.94608945	0.910909	-0.84336966	-0.965837	-1.033824	-1.0159597	0.9668348	0.9804852	0.87302566	1.0287257	-1.0122135	-0.9460887	0.98747844	0.93673277	-0.95146924	0.9591415	-1.071242	-0.7985392	0.941722	-0.85248595	-0.7925608	1.0691794	-0.9381979	0.88849854	0.9758978	-0.80596155	-0.83656996	-0.9520775	-0.87464213	0.8792263	-0.67191404	-0.87285894	0.9575322	0.79819053	-0.9473473	-0.93342066	-0.8651277	-0.9977332	-0.9428356	-1.0565777	0.9571602	-0.8048007	-0.84724504	-0.938021	-1.0473062	0.92817396	0.8959128	-0.96044683	0.9201832	0.9723787	-0.9690417	1.0026779	0.9480543	-0.86719775	0.9296	1.0081089	-0.9692154	-0.84805346	0.85344994	0.88564175	0.7754869	-0.99131244	-0.6607149	0.75017005	0.9636279	-0.8411749	0.9507689	0.9860478	0.92112374	1.1032039	0.9771145	1.0161444	-0.8105595	-0.7989352	0.9234245	0.8455669	-0.9973915	0.9668522	-0.8817095	1.0636338	1.0167855	-0.72563994	0.9110655	-0.863472
-0.38972878	-0.99195117	-0.75294745	0.9135993	-0.8739837	-1.5137494	1.0643735	0.519052	0.7080593	1.1312122	-1.2810295	-1.1198429	-1.277832	0.8660937	-1.2520779	-1.2434253	1.2511953	0.66397506	-1.1833657	-1.0108473	-1.1909759	-0.784164	1.1989571	1.0433465	1.227463	0.68642986	-0.75590837	-0.77862823	1.4266608	1.0804846	-0.71966654	1.2104757	-1.040541	-0.62887704	0.8028195	-1.296775	-0.7520323	0.60068625	-0.76051104	0.7336031	1.3923284	-1.286001	-1.2554786	-0.7991167	-0.98393893	1.3642327	-1.0831269	-0.8472781	1.3454673	1.2867596	-0.39163893	-1.133322	-0.63357127	-0.9780198	-1.2038972	-1.0754057	1.0982	-1.4707245	-1.3220469	-0.54889345	-0.988014	0.89239407	0.52942175	-1.3700382	1.1033386	0.9991441	-0.4715456	0.4357805	1.2306577	-1.0660996	0.7026757	1.0542456	-1.0617036	-1.1325887	1.0041023	0.9839896	1.1827966	-1.0416822	-1.3270569	0.7656906	0.5021642	-0.46649727	0.75264674	0.78441757	0.39446747	0.57124543	0.9351475	0.49465883	-1.3074288	-1.2207091	0.95015055	0.99401116	-0.75807	1.3499831	-1.0016571	0.6489203	1.2243251	-0.6295954	0.89612824	-1.3472211
-1.0941708	-1.1423697	-1.004321	1.180835	-1.0070854	-0.8803345	0.7932926	0.856439	1.2298017	0.8711407	-0.79094285	-1.1018461	-1.2222226	0.8310026	-1.0572762	-1.0244683	1.0496253	1.0242869	-0.8944035	-0.9986773	-1.110081	-1.0121078	1.0586008	0.9714837	0.9506562	1.1668764	-1.1549162	-0.90213	1.0970722	1.0255958	-1.1514661	0.9846723	-1.2066875	-0.7249886	1.1199706	-0.99880296	-0.7312342	1.1910774	-0.9783327	0.8877066	1.005808	-0.72871214	-0.8347346	-0.9232547	-0.89177203	1.0178931	-0.60156405	-0.93943167	1.0226263	0.81540877	-0.9283843	-1.020222	-0.93905574	-1.0693357	-0.94066393	-1.1814035	0.9002959	-0.890336	-0.76504165	-1.1230004	-1.1528614	0.8990931	0.95438015	-0.91420656	0.7696856	1.1738544	-1.0867146	1.0699636	1.0193237	-0.9214833	1.0235937	1.1009481	-0.9722348	-0.9526108	0.8620396	0.8508583	0.71520555	-0.9926386	-0.5231364	0.61493146	1.1112843	-0.8768513	1.1117891	1.1536933	0.9854938	1.2744896	0.9874555	1.1222885	-0.6582525	-0.6933326	0.96281374	0.85394716	-1.0861372	1.1596969	-0.8702589	1.0995635	1.0886321	-0.6624761	1.0306746	-0.958495
-0.655035	-1.0480311	-0.9170806	0.9474975	-0.83666164	-1.272694	0.940086	0.69847375	0.9192415	1.0621172	-1.105857	-1.1268984	-1.1361771	0.9220031	-1.0543159	-1.1500272	1.0709063	0.7895964	-1.051548	-0.9673362	-1.1283797	-0.9221232	1.114267	0.97014177	1.1059637	0.7806525	-0.9483147	-0.83624077	1.1813316	1.0632904	-0.8731794	1.1888361	-1.0350205	-0.7116777	0.8840823	-1.1321354	-0.73004353	0.85950744	-0.8769392	0.83338714	1.1995239	-1.1125549	-1.1607015	-0.9367461	-1.0721226	1.2192332	-0.98203814	-0.9694635	1.2142776	1.0881054	-0.6183795	-1.0195396	-0.7950423	-1.0093144	-1.0503403	-1.0765157	1.0340596	-1.2751696	-1.1257954	-0.7941454	-0.96249044	0.84777176	0.68210244	-1.2531973	1.1161038	1.0240325	-0.68997836	0.76225793	1.1685766	-1.0662963	0.7926308	1.0369666	-1.0712538	-0.9889583	1.0102892	0.96958715	1.0884514	-1.1079173	-1.055656	0.7224861	0.7356331	-0.69497365	0.86726034	0.8534711	0.58599716	0.79443896	0.97590303	0.80659723	-1.0540179	-1.0343435	0.9442368	0.97887915	-0.90336514	1.163066	-0.9278168	0.86105096	1.1824703	-0.6536724	0.8786418	-1.1956272
-0.7851982	-0.97678596	-0.8579923	0.9545645	-0.776505	-0.94742996	0.7485308	0.7425227	1.0725716	0.94142133	-0.85756975	-0.98706776	-1.0664195	0.7534103	-0.8774392	-1.0675098	0.9770323	0.8593683	-0.8930474	-0.8772139	-0.9847666	-0.9722235	0.91561	0.88832676	0.89894956	0.8986312	-0.971624	-0.8499513	1.1187458	0.9738366	-0.94862825	1.0167863	-0.9521795	-0.61138886	0.99315256	-1.001712	-0.64694995	0.89145845	-0.8082234	0.76853245	1.0961777	-0.87911123	-0.970074	-0.9270905	-0.93808377	0.98153377	-0.68370396	-0.82284427	1.0200496	0.8250293	-0.7106597	-1.0371649	-0.79183537	-0.91644186	-0.9363808	-0.96663827	0.95357394	-1.005893	-0.9108944	-0.84863764	-0.9403252	0.76360846	0.7378847	-0.9513942	0.9434045	1.0315733	-0.7336257	0.8612644	0.99300617	-0.9115999	0.87092847	0.91047156	-0.9471098	-0.8395648	0.8643505	0.7465685	0.7752334	-0.99713624	-0.7719828	0.52667135	0.85289073	-0.7183892	0.9026591	0.9054353	0.6652824	0.9652207	0.9453716	0.9072756	-0.7475061	-0.7854796	0.8737466	0.75149304	-0.9999284	1.0406625	-0.854399	0.95591354	0.98071885	-0.56317514	0.87831855	-1.0658286
-0.28323054	-0.99977434	-0.75746137	0.95772225	-0.8111438	-1.3566251	0.8425088	0.4341645	0.7717254	0.9543962	-1.1565108	-1.1063261	-1.2457232	0.7288364	-1.1443924	-1.2303339	1.117119	0.5690621	-1.1363593	-0.9557416	-1.1047823	-0.8212702	1.1173817	0.99484384	1.1541324	0.60198796	-0.7778413	-0.5947168	1.2671872	1.0102706	-0.6813758	1.1796056	-0.9699516	-0.5262824	0.79265845	-1.2190229	-0.63050777	0.62230104	-0.6991907	0.6815023	1.336606	-1.1068635	-1.193342	-0.7844467	-0.95934314	1.2674934	-0.95434004	-0.90960044	1.243919	1.1479203	-0.33684757	-1.0290543	-0.6259167	-0.8761673	-1.0437441	-1.04825	1.0878742	-1.3563316	-1.3076482	-0.6096383	-0.92962736	0.8316727	0.5164831	-1.2750372	1.0355273	0.99213505	-0.38009295	0.44089496	1.1525502	-1.0144268	0.6713744	1.0220827	-0.9531391	-1.0232316	0.98263144	0.87809706	1.0446507	-1.0024465	-1.1597891	0.62281424	0.49380246	-0.3251678	0.7811948	0.7187267	0.27593115	0.5698278	0.84991384	0.5747114	-1.1683558	-1.0367545	0.9103946	0.9858112	-0.7869376	1.3040977	-0.9263685	0.70730543	1.1179491	-0.49337572	0.8033394	-1.2759546
-1.051301	-1.1199442	-1.0073481	1.1191096	-1.0915989	-0.9410106	0.90008986	1.0156119	1.1708354	0.92281103	-1.0332745	-1.0363575	-1.1191595	0.92250586	-1.0861337	-1.1105535	1.0642688	1.0561491	-1.0044165	-1.0932935	-1.0930179	-1.0183511	1.06704	0.9944898	0.9567892	1.1770251	-1.087446	-0.9595957	1.0193845	1.0786055	-1.0879978	1.0836087	-1.1858552	-0.9256963	1.0965693	-1.0696529	-0.8954322	1.0805576	-1.0466443	0.9930756	1.0621735	-0.9311439	-0.93286186	-1.0146838	-0.98061496	1.0046816	-0.84892565	-0.9996164	1.1110345	0.94251734	-1.0502646	-1.0717934	-1.0254579	-1.0437227	-1.0023419	-1.1508647	0.94824713	-0.9398905	-0.90900636	-1.1424055	-1.1012412	1.0153087	1.0331577	-0.9875885	0.9314303	1.169423	-1.0588795	1.0637875	1.081913	-0.96065295	1.0525692	1.0488496	-0.9008001	-0.9867338	0.96788716	0.9474059	0.8876775	-1.0145233	-0.7700675	0.8803017	1.0173734	-0.92059356	1.0738145	1.1667486	1.0427718	1.2357775	1.0529588	1.1302413	-0.95005614	-0.8702169	0.95038617	0.95754355	-1.050156	1.134306	-1.0329552	1.1195798	1.0820781	-0.83399826	1.0655729	-0.9973056
-0.79886204	-1.1536325	-0.90996176	1.0817276	-0.9083396	-1.1859425	1.0233634	0.788911	1.0554698	1.1402469	-1.145634	-1.1448731	-1.2813762	0.94038296	-1.16713	-1.293679	1.2005402	0.8670016	-1.0944602	-1.0847192	-1.2903242	-1.0161855	1.1224691	1.0964488	1.1534895	0.9477776	-1.0632007	-0.87869644	1.3198438	1.1657119	-0.9061738	1.2679161	-1.1105807	-0.7977296	1.0448937	-1.1583991	-0.8123991	0.96360534	-0.9614366	0.8331965	1.3581002	-1.1206512	-1.1979269	-1.027181	-1.0647643	1.2146734	-0.9452308	-1.0129449	1.266718	1.0668198	-0.7041236	-1.1755573	-0.85511166	-1.0565958	-1.1621127	-1.1835313	1.2261963	-1.3753932	-1.2311451	-0.8921847	-1.0518095	0.9811901	0.7808994	-1.3472282	1.12409	1.1947328	-0.77427673	0.9076155	1.2875825	-1.150354	0.95967394	1.0970012	-1.1768922	-1.1023337	1.0592672	0.9540674	1.0572169	-1.1873273	-0.9900393	0.79439193	0.82170486	-0.76725537	0.99225026	0.91665274	0.6956953	0.98638314	1.0530907	0.94171417	-1.0435272	-1.0342723	1.0683941	1.0466747	-1.120518	1.3430314	-1.0765408	0.93179464	1.2266202	-0.6795786	0.97822875	-1.333
-0.6114429	-0.9440491	-0.81848466	0.9386643	-0.8135904	-1.2207621	0.9024708	0.60263234	0.837786	0.98283273	-1.1057339	-1.0438118	-1.1127198	0.8724562	-1.0588286	-1.0970092	1.1072339	0.71368414	-1.0206724	-0.9696322	-1.0917513	-0.88509184	1.0167145	0.9397145	1.0177249	0.7683297	-0.8553093	-0.80592984	1.1524798	1.0074229	-0.8232281	1.140855	-1.0159391	-0.6833622	0.8203079	-1.1330224	-0.7799204	0.7298132	-0.8081988	0.7706913	1.1682044	-1.1413435	-1.1053379	-0.8289139	-0.92241997	1.1813703	-0.93779254	-0.8937675	1.1734945	1.133457	-0.59909636	-0.99455583	-0.7223411	-0.9065528	-1.0586814	-1.0567981	1.0546564	-1.2213036	-1.1177633	-0.76602805	-0.95319086	0.89975166	0.64755255	-1.1045012	1.0374746	1.0148767	-0.5968256	0.60840446	1.1187496	-1.0081538	0.7811294	0.99256945	-0.96362334	-0.983733	0.92579156	0.9017182	0.9943038	-1.0475497	-1.0706754	0.76847607	0.6882063	-0.60924107	0.7939356	0.8072844	0.5783703	0.71028125	0.8623994	0.7241667	-1.0520282	-1.063482	0.94708854	0.93202543	-0.913422	1.1861486	-0.9181779	0.7593	1.0831404	-0.6801349	0.87541974	-1.1350374
-0.692632	-0.98821783	-0.83615166	1.0360724	-0.8955269	-1.22912	0.8870905	0.6783351	0.88954884	1.0385871	-1.1210475	-1.0713773	-1.2075218	0.8247702	-1.1404843	-1.113556	1.1118551	0.7412777	-1.1025137	-1.0439873	-1.1365843	-0.8697168	1.1064038	1.0163494	1.1556541	0.8807952	-0.8974625	-0.8084946	1.2396823	1.0130177	-0.85505086	1.1749992	-1.1091819	-0.7408582	0.88678056	-1.1439471	-0.79828125	0.82228523	-0.8473137	0.77265006	1.1932393	-1.1175238	-1.1591996	-0.8670143	-1.0510986	1.1847149	-0.88560563	-0.85771364	1.2231622	1.1136626	-0.6684426	-1.0512085	-0.8066846	-0.9540743	-1.031178	-1.0916983	1.0714357	-1.1845255	-1.1467093	-0.7344314	-1.0072175	0.85023165	0.7352574	-1.1382437	1.0217876	1.0712591	-0.6421572	0.7148958	1.1732172	-0.97225213	0.7874112	0.9974856	-1.0730714	-1.0772381	0.96628445	0.87731624	1.0239298	-1.0495257	-1.0561883	0.79445684	0.75623596	-0.6016636	0.8489647	0.8713434	0.7131134	0.8101227	0.8990943	0.70138437	-1.0672777	-0.98778224	1.0062681	0.9247465	-0.9315184	1.1843396	-0.9330672	0.8072497	1.1686441	-0.753082	0.92254925	-1.1817449
-1.0407436	-1.0830638	-0.99452984	1.143795	-0.9836103	-0.72654617	0.8087743	0.92578006	1.1922483	0.8329737	-0.8108673	-1.0201381	-1.1055474	0.8944157	-0.95256865	-1.0418893	0.9279801	1.0315124	-0.85135686	-0.945148	-1.0233916	-1.1637056	0.9729064	0.9632072	0.8642244	1.0997598	-1.1893865	-0.9373844	1.0070201	1.0906823	-1.1200513	0.9884867	-1.0922648	-0.723514	1.117462	-0.8867941	-0.7064507	1.1266162	-0.92498213	0.9641385	1.0033563	-0.802262	-0.8063758	-1.002061	-0.90538746	0.86650145	-0.70642245	-0.9808574	0.9090695	0.7943036	-1.0054474	-1.0416106	-0.9415554	-1.0527983	-0.9467305	-1.1140441	0.9324914	-0.8781084	-0.7850182	-1.1511047	-1.0369593	0.86267084	0.9811808	-0.92387605	0.93470484	1.1566828	-1.0612108	1.0974778	0.9774015	-0.9474583	1.0687304	1.0042738	-1.0199338	-0.8813476	0.92108196	0.9066248	0.71570945	-1.0116335	-0.6745663	0.65788805	1.0336505	-0.86385995	1.0691285	1.0351508	0.9461375	1.2599497	1.0171515	1.132484	-0.7260952	-0.7983037	0.9393067	0.91480356	-1.1025043	0.9657641	-1.0210057	1.1520274	1.0231129	-0.6669953	1.0296706	-0.91232044
-0.5698341	-1.0307065	-0.86278665	0.96772635	-0.8957935	-1.2244523	0.93200254	0.6563379	0.8924268	1.0759869	-1.0859282	-1.0695449	-1.1793002	0.8648568	-1.10333	-1.1887268	1.0738536	0.7979467	-1.0025673	-1.0276372	-1.0847045	-0.9117722	1.0656521	1.0583283	1.0244347	0.8051066	-0.9404448	-0.7733449	1.2234256	1.0898546	-0.89070266	1.1664159	-1.0914613	-0.75735074	0.8880139	-1.0746373	-0.7875283	0.8054678	-0.8317311	0.7861653	1.2603153	-1.1062256	-1.1604913	-0.8879436	-1.0757865	1.0788273	-1.0014229	-0.9260621	1.2078432	1.0936424	-0.56593716	-1.0901234	-0.76951504	-1.0048578	-1.0356277	-1.1212226	1.0490359	-1.2384145	-1.2076476	-0.67675817	-0.9986041	0.90719855	0.75753963	-1.1367278	1.094104	1.0284473	-0.6446533	0.7249224	1.1915503	-1.0196989	0.7637968	0.9839539	-1.0214013	-0.97014076	1.0434321	0.9419972	1.0909771	-1.069178	-1.0398364	0.8193499	0.74326223	-0.63950247	0.8444216	0.9021497	0.6059649	0.7247631	0.9134183	0.74056923	-1.0726393	-1.0258058	0.9402033	0.96596205	-0.88237375	1.2255753	-0.9054711	0.7546593	1.0871077	-0.7281346	0.9423774	-1.2381289
-0.93246555	-1.1384989	-0.9539294	1.1103398	-0.8877926	-1.0450453	0.8989646	0.7424106	1.194151	0.98619425	-0.94395584	-1.1915262	-1.1810533	0.89894694	-1.0800207	-1.1975923	1.0631642	0.86709183	-0.98971206	-1.00128	-1.1829839	-1.0629296	1.0402861	1.0980144	1.0840786	1.0088868	-1.1189749	-0.8959709	1.1709162	1.1198031	-1.0443552	1.1164231	-1.0841296	-0.6843531	1.1001271	-1.0887382	-0.6788327	1.0355256	-0.8877468	0.86331475	1.2525791	-1.0021077	-1.111436	-1.0867695	-0.9529493	1.0876456	-0.7037263	-1.005844	1.1996	0.9810812	-0.76379323	-1.1119412	-0.82762533	-1.0783566	-1.0940267	-1.2053171	1.0121255	-1.2375319	-1.0596975	-0.97530943	-1.0718877	0.87157714	0.78609365	-1.1578985	1.0287552	1.1223468	-0.90886563	0.9399754	1.1391814	-1.083022	0.92960495	1.0739096	-1.117033	-1.0125549	0.95392895	0.9187886	0.8471722	-1.1425605	-0.85861206	0.5884229	0.8920392	-0.73246133	1.013633	0.92753154	0.7531074	1.0211152	1.0476676	1.0070393	-0.8553894	-0.91008526	1.0390984	0.9097127	-1.1382928	1.1850462	-0.95700806	1.0759562	1.1390691	-0.58904237	0.9482245	-1.2177836
-1.0858847	-1.0257643	-1.0000073	1.0072366	-0.97175807	-0.66947407	0.8924251	0.965266	1.005262	0.888389	-0.90652114	-0.91222316	-0.8571086	0.86762434	-0.963997	-0.8499728	0.9071575	0.9670784	-0.87958074	-0.9973552	-0.9345901	-0.9573411	0.95618933	0.90562207	0.9476227	1.0040336	-1.0142398	-0.91874737	0.8263841	0.9061165	-1.0403682	0.87058926	-0.9937047	-1.0010263	1.0160611	-0.84719115	-0.91822106	1.0420127	-1.0349258	0.9831019	0.8451565	-0.8067929	-0.8490479	-0.97069556	-0.94370276	0.8401924	-0.7823632	-0.98981094	0.87547916	0.82471025	-1.0146884	-0.8720697	-0.99478656	-1.0022947	-0.9594003	-0.96042544	0.8482965	-0.6712592	-0.79496914	-1.0496241	-0.99645424	1.0182829	1.0543665	-0.8031527	0.82145363	0.9602365	-1.0064077	1.0194801	0.8555875	-0.8761841	1.0555724	0.959102	-0.8865198	-0.94063413	0.95534205	0.8994699	0.87747765	-0.98015785	-0.8602379	0.9362667	1.0042162	-1.0111016	1.0077379	1.0736938	1.0156628	1.032816	1.0059359	0.990877	-0.8572624	-0.8217408	0.9524985	0.92054236	-1.0122836	0.79097944	-0.90947545	1.0569106	0.9164671	-0.8830396	0.92177504	-0.81419903
-0.52487713	-1.0785458	-0.8223014	1.0011803	-0.88385576	-1.3896325	1.0021017	0.7419532	0.83370155	1.0585679	-1.1816553	-1.1049621	-1.1919283	0.9354439	-1.2119501	-1.2609059	1.2004167	0.7051701	-1.1444585	-0.97798157	-1.2046694	-0.82181644	1.1543564	0.9919046	1.1488512	0.7401835	-0.8581978	-0.8455009	1.3591347	1.0307554	-0.81180656	1.1922417	-1.0583194	-0.7864295	0.8126534	-1.2039613	-0.88335764	0.76181173	-0.8868385	0.82850504	1.2870141	-1.2244892	-1.2509133	-0.88468856	-1.0147871	1.3038934	-1.082145	-0.9270305	1.324462	1.201176	-0.5339323	-1.038194	-0.81461483	-1.0258089	-1.1503204	-1.0765607	1.1533709	-1.322669	-1.2654512	-0.72095454	-0.99319375	0.8810113	0.7435787	-1.2918055	1.0892464	1.0012822	-0.62773955	0.6368118	1.244223	-1.0988462	0.8071462	1.018395	-1.0796834	-1.1727988	1.0553106	0.9617316	1.1506897	-1.0856848	-1.1527356	0.8478504	0.5952651	-0.60884273	0.8539446	0.8438395	0.5893904	0.66266835	0.9194203	0.6661369	-1.1973393	-1.1716748	0.9275666	1.0423253	-0.8595397	1.268834	-0.9661106	0.80300564	1.1743693	-0.7922507	0.9518342	-1.2630769
-0.789596	-0.9384623	-0.8494876	0.9948471	-0.8598298	-0.98871875	0.8111601	0.7955814	0.9597372	0.928588	-0.94120985	-0.9923637	-1.0246162	0.8830443	-0.9876691	-1.0125601	0.9460389	0.8690624	-0.8992261	-0.9169425	-0.98753417	-0.95667243	0.9509526	0.8705016	0.977131	0.8507559	-0.90610623	-0.8143054	1.0307646	1.0076506	-0.86814636	0.98414963	-1.0154555	-0.75587183	0.9462459	-0.9541816	-0.7697496	0.8556785	-0.8693066	0.83874047	0.9951304	-0.9866742	-0.93821096	-0.9080417	-0.85769886	1.0107715	-0.79861385	-0.8986896	0.9704247	0.9209225	-0.70196164	-0.9691211	-0.7861623	-0.9660018	-0.9655766	-1.0205566	0.99025613	-1.0244812	-0.9691094	-0.89153755	-0.94252455	0.80290914	0.7705225	-1.043451	0.9403909	0.98719704	-0.7850069	0.8828225	1.0244024	-0.95788205	0.87907284	0.9082115	-0.92015046	-0.8820537	0.9082885	0.8470481	0.88604623	-0.9058658	-0.86075413	0.7217767	0.82562953	-0.7785967	0.9499864	0.90118665	0.7256621	0.87982595	0.88411283	0.81347406	-0.93588686	-0.85507905	0.86788243	0.8159496	-0.9753137	1.0120046	-0.88059896	0.9425809	1.0022649	-0.70616966	0.8955011	-1.0384622
-0.900322	-0.9906494	-1.0341687	0.9664952	-0.8666606	-1.044565	1.0156605	0.8838953	1.0745267	1.0994356	-1.0260253	-1.0878259	-0.97814536	1.0396765	-1.0367923	-1.0760654	1.0241371	0.94901454	-1.0023519	-0.9828455	-1.1317686	-1.0558486	1.0511905	1.0566307	1.0833689	0.9107682	-1.0687248	-0.97289497	1.1483889	1.0682803	-0.9521281	1.0776048	-0.9484695	-0.90369236	1.1037768	-1.088124	-0.907963	0.93345	-0.9920814	0.97189	1.0399315	-1.0948637	-1.0572726	-1.1163067	-1.0619336	1.0097784	-0.93081033	-1.0578996	0.9738281	1.0422302	-0.8951991	-1.1667249	-0.9073958	-1.1121885	-1.0301739	-1.0266021	1.1432785	-1.1602535	-1.121028	-0.9793356	-1.0328051	0.96782404	0.8604352	-1.1868148	1.1488596	1.0560948	-0.85961914	0.9816552	1.1052972	-1.164854	0.9322837	0.9684096	-1.1524876	-1.0170308	1.1162132	1.0235546	1.1368043	-1.0794655	-1.0934166	0.7931913	0.9730242	-0.8928615	0.9775815	0.8426318	0.78791744	0.9526429	1.1080121	0.95777965	-1.0429397	-1.0708832	1.0168716	1.0530562	-1.037263	1.0231911	-1.0321705	1.0088307	1.0913638	-0.82139426	0.96289563	-1.1648947
-0.9995394	-0.8747141	-0.93977934	0.91272575	-0.94612414	-0.52632755	0.9570223	0.9296341	0.924055	0.9101933	-0.83800745	-0.8742227	-0.6971817	0.8941901	-0.82585263	-0.7420038	0.7817423	0.9601118	-0.85711426	-0.90810657	-0.8277106	-0.90291387	0.8614006	0.8920842	0.91817886	0.8973312	-0.9178614	-0.9985375	0.7072464	0.85767823	-0.88808525	0.76668686	-0.7790181	-0.92377406	0.89051247	-0.8059713	-0.9349989	0.9781309	-0.97005177	0.9318821	0.65934116	-0.8756829	-0.8237425	-0.96634287	-0.9280657	0.74528193	-0.8689959	-0.8909691	0.6930493	0.8110651	-0.94195604	-0.86630267	-0.9771476	-0.93131644	-0.82314014	-0.844568	0.8837963	-0.6162731	-0.7174573	-0.95962447	-0.9077812	0.9629871	0.94025946	-0.77128357	0.90894794	0.90706927	-0.98764724	0.97200173	0.8058907	-0.90044546	0.97001135	0.8917084	-0.90531814	-0.85155207	0.9423373	0.9572549	0.82527333	-0.93129516	-0.7955871	0.86732924	1.0221306	-0.994116	0.93938005	0.91140413	0.98431623	0.9399082	0.92035115	0.9583622	-0.83702785	-0.85428876	0.9269099	0.8711323	-0.8828911	0.5725945	-0.9066192	0.98219734	0.8632563	-0.9228868	0.94648707	-0.7690994
-1.0690751	-1.1728145	-1.047196	1.2193202	-1.020721	-0.8334862	0.78919685	1.0034473	1.2765554	0.9172075	-0.8972197	-1.1232036	-1.1979034	0.9413275	-1.0083699	-1.126674	1.0295882	1.0862007	-1.0196182	-1.073433	-1.1283715	-1.1637913	1.05478	1.0338444	0.9370404	1.119623	-1.2400719	-0.9397697	1.1492661	1.1234679	-1.1066002	1.0820895	-1.2407745	-0.74909955	1.2122446	-1.0114135	-0.7474733	1.1493853	-1.0361402	0.96274936	1.0762184	-0.8538858	-0.9019932	-1.0994395	-0.8951291	0.9377456	-0.6897793	-1.0185235	1.1083636	0.847856	-0.9308698	-1.1558441	-0.9537753	-1.0480808	-1.024903	-1.2320606	1.0260955	-0.9663	-0.88032895	-1.1517398	-1.1142001	0.90451264	0.9458079	-0.9500918	0.92580974	1.2581266	-1.0515971	1.0450065	1.0781423	-0.98783624	1.125378	1.1434729	-0.9927317	-0.9538703	0.9329692	0.9050697	0.7977517	-1.092286	-0.6226005	0.63392	1.0781604	-0.8930712	1.1834644	1.1370245	0.8803633	1.3298641	1.1253548	1.1826026	-0.76419014	-0.79057914	0.9964819	0.96935844	-1.1941833	1.1940677	-1.0435779	1.2103137	1.1371052	-0.646369	1.0186771	-1.0463655
-0.9871387	-1.2214563	-1.0026537	1.1924145	-1.0625645	-0.9521516	0.8579606	0.8692656	1.2107093	1.0208774	-1.0268294	-1.1684958	-1.2042059	0.9669265	-1.1484516	-1.1609857	1.1423031	0.9411848	-1.0440112	-1.1394945	-1.1587735	-1.0897967	1.0325285	1.0925767	1.1049675	1.097002	-1.1922793	-0.99901533	1.1872307	1.1674246	-1.1513577	1.148283	-1.1745923	-0.71831757	1.1616715	-1.1438851	-0.7974236	1.1147705	-1.0556597	0.9294636	1.1936632	-0.9846785	-1.0691723	-1.0963074	-0.9862185	1.0707946	-0.76964873	-1.0737545	1.1224363	0.97008187	-0.8823443	-1.2087224	-0.96997666	-1.0660799	-1.0824281	-1.2237717	1.0713469	-1.1811432	-1.0598435	-1.0751919	-1.1229608	1.0068495	0.9014306	-1.1193887	1.0356256	1.1644201	-0.9527681	1.0560094	1.1699376	-1.1537511	1.0303302	1.1443143	-1.1093646	-1.0601484	0.9657228	0.8985362	0.8997885	-1.164982	-0.79192436	0.680438	1.0240659	-0.8248517	1.087686	1.099591	0.86034954	1.1383545	1.0570791	1.0862601	-0.9157095	-1.0216633	0.9981358	0.93907297	-1.1967701	1.1341711	-1.0433822	1.0910088	1.168865	-0.6872782	1.0029079	-1.1312661
-0.5417028	-1.106708	-0.8738995	1.0393693	-0.7874507	-1.389932	1.0324998	0.5600956	0.89501566	1.1086649	-1.229846	-1.2649316	-1.320194	0.9126632	-1.173413	-1.2678111	1.2110138	0.74235106	-1.157029	-1.0906955	-1.2656453	-0.9822615	1.1724864	1.1322565	1.2402233	0.7703259	-0.9116693	-0.8650025	1.3577734	1.1857843	-0.8292783	1.3333651	-1.1384996	-0.65920836	0.99959034	-1.2160884	-0.6135416	0.7916478	-0.77293116	0.7889598	1.3783351	-1.2821848	-1.325419	-1.0474097	-1.0730878	1.2655976	-1.0097579	-1.0483872	1.3566097	1.2150908	-0.43044946	-1.2480624	-0.7537118	-0.9928449	-1.249191	-1.1524963	1.1607932	-1.4615185	-1.3264298	-0.7843567	-1.0374951	0.8393941	0.6112731	-1.3210723	1.2500784	1.1351565	-0.51359844	0.59099495	1.297027	-1.1809471	0.7252381	1.0866455	-1.1971202	-1.1245022	1.0427485	1.0066879	1.2159544	-1.1947448	-1.2315795	0.59662026	0.66011804	-0.5238453	0.97453225	0.77733994	0.31764928	0.731015	1.0746462	0.7816733	-1.1519086	-1.2001815	1.0840058	1.0238265	-0.930108	1.3439925	-1.0197563	0.8492382	1.3040446	-0.53713936	0.96865976	-1.414911
-0.83404917	-0.5344656	-0.8285409	0.5612055	-0.63435596	-0.07193093	0.7002714	0.8873458	0.7236126	0.7440264	-0.60219944	-0.57371837	-0.3395158	0.80596346	-0.47486869	-0.5730713	0.525228	0.82648236	-0.6256798	-0.6175507	-0.6604552	-0.79595166	0.5466499	0.7485996	0.65976477	0.7879097	-0.7974375	-0.86682147	0.39886653	0.72008944	-0.6921642	0.48702282	-0.45064512	-0.8510522	0.8299039	-0.48921812	-0.7676473	0.80349684	-0.77707154	0.8220933	0.39488125	-0.62720823	-0.56829685	-0.7641413	-0.7370848	0.40018257	-0.7629899	-0.7627549	0.31268972	0.46372592	-0.8797181	-0.7664816	-0.8466651	-0.72024894	-0.640838	-0.5830644	0.7014291	-0.40535644	-0.40475744	-0.7969337	-0.6650787	0.71742177	0.7896636	-0.59870815	0.81080925	0.69637424	-0.7991234	0.82816803	0.5059745	-0.71562773	0.838448	0.68486214	-0.7232206	-0.5602902	0.8004419	0.83791804	0.77124465	-0.6954039	-0.69167876	0.836951	0.8098692	-0.91197014	0.7502817	0.6595107	0.8389628	0.72114384	0.8156609	0.8685467	-0.6622862	-0.66959345	0.8098518	0.75117624	-0.78450924	0.14549685	-0.76977867	0.8099785	0.55487937	-0.78072715	0.79445475	-0.55751514
-1.1493312	-0.89352167	-1.0637759	0.92944425	-0.9835774	-0.511405	0.9982779	1.088592	1.024936	0.9902896	-0.8479607	-0.9271608	-0.7085179	1.0200964	-0.82206184	-0.81677896	0.85079384	1.0665516	-0.8623565	-0.90894586	-0.97376066	-1.1195692	0.83743036	0.96515757	0.9420161	1.0929862	-1.0631671	-1.0925378	0.6860582	0.9803304	-1.0176777	0.84894764	-0.7769732	-1.031979	1.1068025	-0.89006525	-0.99301726	1.0880556	-1.0223731	1.0849631	0.65664786	-0.88615817	-0.8816691	-1.1475649	-0.99732125	0.72253877	-0.87546545	-1.0694093	0.6472305	0.8071443	-1.11186	-1.0094547	-1.1197164	-1.0104005	-0.9257546	-0.83681744	0.99003106	-0.6390821	-0.74572885	-1.1103762	-0.95377576	0.9851741	1.1147536	-0.7885975	1.0596852	0.9828536	-1.1279081	1.0902143	0.82582897	-0.97097707	1.0831199	0.99641347	-1.0991341	-0.9333755	1.0065966	1.0932944	0.8938332	-1.0290486	-0.9139118	0.9511774	1.1687204	-1.0922613	1.0141921	0.9336177	1.0711	1.0682606	1.0451746	1.109998	-0.9231237	-0.9665993	1.0597429	0.9980412	-1.0405083	0.5523791	-1.0330346	1.1037098	0.90484333	-0.97275376	0.99828345	-0.81855375
-0.24677427	-0.89066917	-0.82583976	0.8171184	-0.81756335	-1.6217291	1.1217214	0.5383396	0.4431336	1.2341952	-1.4257516	-1.2269112	-1.1857533	1.0317725	-1.2710615	-1.4331077	1.3652219	0.57564795	-1.3994989	-1.0698967	-1.2461338	-0.74969256	1.2311591	1.0978599	1.4165375	0.48948163	-0.5501563	-0.86372304	1.4942466	1.1140412	-0.5956432	1.359334	-0.98140615	-0.74538183	0.69905096	-1.3943096	-0.8590632	0.47292405	-0.75077164	0.72118133	1.4767627	-1.4582158	-1.5583935	-0.87713397	-1.1852688	1.5248041	-1.3898144	-0.99709946	1.4032376	1.5379186	-0.4178153	-1.2011887	-0.69642204	-1.0168921	-1.3590223	-1.0428402	1.2847046	-1.6257707	-1.6219288	-0.41653204	-0.8800852	0.92901826	0.53342324	-1.5273198	1.3484949	0.91398734	-0.35981622	0.36236468	1.3748051	-1.1995689	0.5982206	1.120244	-1.2288922	-1.239223	1.1109502	1.1032851	1.450773	-1.1864021	-1.6273392	0.9831175	0.45200533	-0.55455095	0.6640579	0.5280058	0.3736416	0.22117864	0.8602356	0.42936423	-1.5239207	-1.4596413	1.0733492	1.1426438	-0.71881163	1.3059222	-1.144423	0.51799315	1.2528493	-0.79372	0.92650235	-1.5111301
-0.95018375	-0.73389167	-0.89623165	0.75199383	-0.8700483	-0.4225761	0.93754625	0.9476082	0.83553606	0.8534997	-0.8014784	-0.7838418	-0.5435581	0.92455024	-0.76244605	-0.6428769	0.71713614	0.9799199	-0.8399147	-0.84006965	-0.7791949	-0.8932539	0.7221274	0.8252359	0.78748536	0.8453058	-0.89202076	-0.89610684	0.57305396	0.86359775	-0.8714651	0.7722906	-0.69637555	-0.9110749	0.90677583	-0.7103324	-0.89291805	0.8969608	-0.96426415	0.90554947	0.5324508	-0.85274017	-0.7166508	-0.8705263	-0.84806913	0.6681421	-0.9104269	-0.9312651	0.5457322	0.77853906	-0.9142054	-0.8638995	-0.9544268	-0.8561421	-0.82330763	-0.7274457	0.856274	-0.57951117	-0.6290609	-0.9316514	-0.7706651	0.87576985	0.99717826	-0.7213845	0.9101565	0.8224488	-0.96806824	0.90252876	0.68161917	-0.8790443	0.922645	0.7562427	-0.8247827	-0.8176568	0.9271124	0.88201535	0.88635933	-0.8504443	-0.9001467	0.9116302	0.92988414	-0.93858767	0.8671404	0.84399396	0.9994234	0.8867321	0.896026	0.90797126	-0.8114348	-0.8211858	0.9384395	0.86071855	-0.8734825	0.3554107	-0.8600506	0.8736602	0.7522751	-0.91804534	0.894917	-0.6569265
-0.83043104	-0.96904314	-0.8323258	1.0130987	-0.89610744	-0.93066245	0.8491841	0.8852499	1.0430363	0.93830574	-0.9771682	-1.0197774	-1.0563565	0.8284342	-1.0596431	-0.9643239	1.0353062	0.9147284	-0.9501516	-0.93989694	-1.0352376	-0.99904174	0.9827632	0.943378	0.95750374	0.94797975	-1.0124356	-0.8624627	0.99543417	0.991663	-0.97826463	0.95183754	-1.0290663	-0.7868066	0.95686185	-0.92757595	-0.7997586	1.0110843	-0.91710764	0.88088423	1.0180043	-0.8676448	-0.878417	-0.87265414	-0.9240567	1.0149114	-0.8592983	-0.9105595	1.0387757	0.8717668	-0.8730743	-0.9693911	-0.8462614	-0.9105174	-0.98779607	-1.0345564	0.9072855	-0.9592086	-0.9897282	-0.87807494	-0.9680583	0.91137385	0.8383588	-0.9607614	0.8572103	1.0412847	-0.91143084	0.87885547	1.0181674	-0.9141585	0.93119437	0.9467673	-0.8900026	-0.9140808	0.9319112	0.8682376	0.87601686	-1.0047306	-0.7990174	0.7776438	0.86787343	-0.805239	0.8994504	1.0074369	0.85534745	0.9560231	1.0051271	0.9050248	-0.8973147	-0.8914962	0.882899	0.89452523	-0.9913339	1.1005821	-0.9418253	0.9107586	0.9657366	-0.75030255	0.93108064	-0.92934567
-0.9979064	-0.93978786	-0.86314917	0.96430933	-0.94229066	-0.681919	0.8202586	0.9255748	0.9106922	0.8654638	-0.8222521	-0.8890739	-0.817569	0.85625774	-0.831384	-0.80339515	0.7992826	0.9605361	-0.8565448	-0.9199173	-0.9119944	-0.8971555	0.929453	0.8810393	0.80329114	1.0046566	-0.9100433	-0.875344	0.7859364	0.87716186	-0.9671979	0.7963425	-0.9317338	-0.8450255	0.9457596	-0.84284174	-0.85423744	0.9741411	-0.9451343	0.9398249	0.76215196	-0.77774304	-0.802794	-0.8918026	-0.8379325	0.77962565	-0.8396747	-0.87354493	0.7500091	0.8279344	-0.9904983	-0.8251179	-0.9243806	-0.9200607	-0.83965343	-0.8537262	0.90268517	-0.7041098	-0.7735882	-0.9501698	-0.9150894	0.9112187	0.90225786	-0.7619867	0.8377092	0.9025291	-0.95500606	0.9261909	0.80802566	-0.88648	0.9386935	0.9370663	-0.84875417	-0.8658936	0.82683265	0.83189666	0.82111907	-0.8831996	-0.726018	0.81600726	0.95359766	-0.8542766	0.91192913	1.006033	0.91758555	0.99066603	0.90078807	0.95576185	-0.8177135	-0.76811504	0.91282654	0.9016694	-0.93257004	0.8099924	-0.8282973	0.9534466	0.8191777	-0.88323694	0.92499095	-0.71882904
-0.72387755	-1.0291089	-0.86892426	0.9609819	-0.8677272	-1.1008899	0.8309379	0.631701	1.033676	1.0057523	-0.93658394	-1.0744079	-1.1348343	0.842608	-1.0372854	-1.1276336	1.0269897	0.7699057	-0.9886229	-0.9180265	-1.1752754	-1.0152043	0.98085314	0.9695416	0.9873884	0.80830884	-0.9526082	-0.7943136	1.2049061	1.0569144	-0.876567	1.1030337	-1.0402008	-0.6825128	1.0189962	-1.1072246	-0.62459993	0.8784357	-0.7872864	0.8084951	1.1980321	-0.98565716	-1.0613879	-0.95069486	-0.9571379	1.059471	-0.7279774	-0.8896312	1.1073282	0.9731859	-0.5967048	-1.1010181	-0.78903556	-0.9566096	-1.0435853	-1.075157	1.0403811	-1.2404846	-1.052242	-0.8837381	-0.9303387	0.7913683	0.72138655	-1.16795	1.0041322	1.051547	-0.73615164	0.77585626	1.1127852	-1.0799502	0.7946126	1.0059862	-0.9945486	-0.9860539	0.90954125	0.8256838	0.91862893	-1.0588634	-0.8704821	0.60672134	0.7878247	-0.64532965	0.99428743	0.8714372	0.59421796	0.87593836	0.9442703	0.87025267	-0.87026924	-0.90747446	0.9768662	0.86387587	-0.960661	1.131847	-0.8979038	0.84137964	1.1642505	-0.55579156	0.88998836	-1.1794682
-0.41990143	-1.0952388	-0.83824915	1.0029225	-0.852227	-1.5610386	1.1060666	0.59346735	0.6763377	1.2572962	-1.3436593	-1.172009	-1.2722958	0.9512416	-1.2676862	-1.3185664	1.254771	0.62896246	-1.2541285	-1.1162425	-1.2767739	-0.83624864	1.1951368	1.0795074	1.2271168	0.6296443	-0.71768135	-0.7974946	1.4169831	1.1307131	-0.77613384	1.2873267	-1.1030924	-0.7541031	0.8187326	-1.2985134	-0.82045996	0.7078526	-0.8341346	0.8072053	1.4577427	-1.354369	-1.3489861	-0.79873073	-1.0853605	1.4069929	-1.1641673	-0.96413237	1.358522	1.3891512	-0.42049336	-1.1427248	-0.7624147	-1.023908	-1.2589809	-1.1133763	1.1649832	-1.5271839	-1.4407493	-0.54606265	-0.9888815	0.9140559	0.6333717	-1.436683	1.1770368	1.0398077	-0.49803346	0.5497364	1.2737947	-1.2069627	0.6626844	1.0525389	-1.1419818	-1.2525368	1.0899866	1.0431131	1.3001282	-1.1290668	-1.3352792	0.8518443	0.4581849	-0.5000292	0.86434686	0.8225042	0.37032565	0.50779337	0.9030726	0.4652238	-1.2875017	-1.287665	0.965353	1.1110888	-0.72877914	1.3519332	-0.9748268	0.62345093	1.2208626	-0.8052743	0.89817333	-1.4022936
-0.953518	-0.96039224	-0.9624658	0.97220236	-0.9579498	-0.71588016	0.94303864	0.94681436	0.95681953	0.9338585	-0.84725505	-0.9258078	-0.94029695	0.9203293	-0.8932742	-0.85592484	0.92100465	0.9578038	-0.8676622	-0.9101603	-0.927687	-0.94467187	0.9637905	0.93173987	0.93320733	1.0471877	-0.99674016	-0.89787865	0.82346195	0.9100821	-0.92297447	0.85409343	-1.0652204	-0.98309124	0.98270285	-0.86038756	-0.9256528	1.0186646	-0.8960645	0.9012181	0.85259515	-0.8275679	-0.7841507	-0.9443671	-0.94257337	0.8256188	-0.856355	-0.9679565	0.92530787	0.76741016	-0.95732486	-0.8889571	-0.9899274	-0.9917686	-0.8713604	-0.97084427	0.94021976	-0.77686185	-0.85823435	-0.97137934	-0.9342863	0.9093381	0.9198489	-0.84701496	0.888853	1.0287747	-0.99936444	1.0013031	0.9511601	-0.8677588	1.0097253	0.97274756	-0.84575456	-0.93400764	0.9094483	0.8942601	0.86684597	-0.9504158	-0.7400661	0.9039587	0.97497356	-0.8656737	0.9336695	1.0140358	0.97105265	0.99702656	0.99290144	0.91833687	-0.86358154	-0.8481181	0.9572599	0.9351368	-0.935974	1.0080606	-0.9444442	0.94496006	0.95092285	-0.8832026	0.94304156	-0.85239285
-0.8171042	-0.869978	-0.8623197	0.9372224	-0.91606617	-0.83182704	0.8856607	0.82747257	0.9173129	0.8909611	-0.94621587	-0.8780445	-0.8839333	0.8505898	-0.96302325	-0.8943673	0.9717347	0.8238765	-0.923557	-0.93178284	-0.95205075	-0.8948652	0.9478161	0.9108521	0.93649584	0.8956132	-0.8566014	-0.8556594	0.92376727	0.89643854	-0.8821794	0.9637875	-0.9007785	-0.78317916	0.8601587	-0.91419435	-0.8470045	0.8801133	-0.81242114	0.79820305	0.9021478	-0.861498	-0.88880754	-0.8359587	-0.88093376	0.8921351	-0.8884716	-0.8113868	0.8934531	0.8944092	-0.72057086	-0.8920202	-0.8130051	-0.91598815	-0.94595236	-0.92251956	0.9448062	-0.89174145	-0.9482078	-0.80970573	-0.91114146	0.865707	0.7613781	-0.91846645	0.92561895	0.84422785	-0.8412229	0.8397931	0.90671563	-0.92379594	0.82801247	0.9013273	-0.9494122	-0.9144138	0.9187988	0.8318495	0.87718034	-0.8770232	-0.8616005	0.772543	0.82163507	-0.7100204	0.8524629	0.8526882	0.818643	0.8206227	0.85977864	0.8588353	-0.9168134	-0.86611205	0.9057078	0.8154978	-0.91292024	0.8323236	-0.918837	0.88255465	0.956843	-0.80642635	0.8214827	-0.90445006
-0.83187896	-1.0526048	-0.9475381	1.0410188	-0.8868171	-1.1129539	0.9741923	0.8034281	0.93326634	1.0527253	-1.0808216	-1.1239367	-1.0590143	0.8972381	-1.0487885	-1.0716459	1.0884647	0.9063825	-1.0791583	-1.0326371	-1.1452612	-1.0056947	1.0039101	0.9770043	1.0361427	0.91242737	-0.9458925	-0.8922466	1.1058043	1.0108541	-0.94711906	1.0752056	-0.99140376	-0.79892176	0.98676103	-1.0904415	-0.81933427	0.89577645	-0.9397057	0.8650524	1.1336663	-1.1046387	-1.1549065	-0.92213875	-0.9868142	1.1134194	-0.97411096	-0.9598339	1.1359926	1.0544064	-0.739364	-1.0289091	-0.8724102	-1.0057322	-1.0974011	-1.0055218	1.0295061	-1.1216995	-1.1875186	-0.84083116	-0.9979635	0.93915707	0.85214096	-1.1195309	1.0488113	0.9928842	-0.7654333	0.8228522	1.1490945	-0.99870133	0.8804294	1.0774012	-1.0559616	-1.0806363	1.0485686	0.98404163	1.050913	-1.0627042	-1.0535802	0.8117985	0.8409018	-0.8065528	0.9390522	0.94677514	0.7690181	0.84452933	0.94002956	0.86367625	-1.0311004	-1.0868847	1.0219861	1.0304626	-0.97441417	1.0669632	-0.9602474	0.8687117	1.1033669	-0.76240647	0.90442806	-1.0731633
-0.71821827	-1.0839906	-0.91462743	1.1203709	-1.0111804	-1.1393139	0.94143236	0.7034672	0.97432923	1.0054947	-1.0213575	-1.1181267	-1.1993297	0.92233354	-1.1030953	-1.1770056	1.09248	0.8821569	-0.9988291	-1.0630046	-1.1648556	-0.99059814	1.0869163	1.0213274	1.0852145	0.92204326	-0.95290697	-0.89840907	1.2532407	1.1392326	-0.96474916	1.1656089	-1.1300225	-0.7331579	0.9518227	-1.1808356	-0.7627006	1.019963	-0.8844758	0.8928226	1.1970577	-1.0024132	-1.0890889	-0.8858032	-0.9679034	1.1056306	-0.8576499	-0.93223065	1.1591222	1.0331091	-0.7163381	-1.0766598	-0.8630175	-1.0298153	-1.0983684	-1.1167837	1.0302746	-1.2212771	-1.1410068	-0.91622627	-1.0506151	0.9054673	0.7532802	-1.1245741	1.0232426	1.1053889	-0.8111674	0.8587518	1.1407106	-1.0433035	0.89109653	1.0676934	-1.043941	-1.0615813	0.98959666	0.92406976	0.9626533	-1.1000513	-0.94039446	0.68848735	0.7799463	-0.7138495	0.9507197	0.9847172	0.6845022	0.9704576	1.0156314	0.8680707	-0.9551578	-0.9524171	0.95284545	0.9856334	-1.0118762	1.2112708	-0.9937823	0.88293946	1.1080023	-0.67706895	0.92775077	-1.1279544
-0.86106664	-1.0791595	-0.919414	1.1338407	-0.92570835	-1.0606481	0.79361105	0.7681714	1.0964763	0.9259349	-0.9756589	-1.1649984	-1.1986538	0.84596014	-1.1056329	-1.1632149	1.0992286	0.8917224	-1.0158044	-1.0803039	-1.1041647	-1.0030674	1.0698719	1.0302558	1.0485084	1.0656302	-1.0485681	-0.7828879	1.206581	1.0938332	-1.0091065	1.1029967	-1.1571465	-0.71755373	1.0599279	-1.0538297	-0.7484958	1.0810498	-0.854576	0.86310923	1.1803459	-0.99130976	-1.0004718	-0.98782814	-0.91632754	1.0972244	-0.722664	-0.8902649	1.2079837	0.93151575	-0.81417245	-1.0238985	-0.8883353	-1.0514477	-0.99275	-1.1812658	1.0032841	-1.1603448	-0.99635017	-0.98140484	-1.0960408	0.91249216	0.7782425	-1.0328183	0.9188547	1.1295328	-0.91465193	0.92254674	1.2036062	-0.9821995	0.9517831	1.0427437	-0.9607368	-0.9617806	0.9044959	0.8093239	0.8840794	-1.0871162	-0.81045294	0.61142004	0.89323485	-0.66978705	0.9866891	1.0226989	0.80060744	1.1178606	0.9383786	0.90019375	-0.842299	-0.8419212	0.88989717	0.913554	-1.0237383	1.2236484	-0.9053421	1.0142282	1.1070133	-0.65820265	0.93861955	-1.0915347
-0.88865066	-0.98083645	-0.87251294	1.0346754	-1.0072991	-0.9760743	0.8303626	0.8526229	0.9796357	0.92330456	-0.994327	-0.98433673	-1.0291706	0.83870566	-1.0495659	-1.0402977	1.0552797	0.89638263	-0.92990726	-1.0136384	-0.9849496	-0.99755734	1.0428557	0.94607425	0.9430801	0.9396023	-0.9556288	-0.85604095	0.99608797	0.96440554	-0.96736664	1.0441704	-1.0821664	-0.7838238	0.96067625	-1.0340261	-0.7934308	0.9680135	-0.83632994	0.84072393	1.0747151	-0.89948255	-0.91957814	-0.90552056	-0.9610705	0.9983574	-0.80954397	-0.9334202	0.99066126	0.910253	-0.8161336	-1.0174929	-0.873194	-0.9787214	-1.016724	-1.0721911	0.89041424	-1.0276474	-0.9719305	-0.9466145	-1.0282813	0.8801942	0.88125426	-1.0092139	0.91108227	1.0340794	-0.87038195	0.8677523	1.0094353	-0.9995386	0.92914456	1.0044295	-0.86710024	-0.9189564	0.93544406	0.8755127	0.8678917	-1.010073	-0.88692546	0.740506	0.9171069	-0.7401042	0.9703692	1.0301156	0.8300261	1.0642611	0.94060755	0.9055103	-0.91881007	-0.9163556	0.94980687	0.9234978	-0.98304623	1.0570022	-0.9385017	0.95437485	1.0495685	-0.8196918	0.8796314	-0.9303761
-0.5163802	-0.97249204	-0.7779797	0.8606554	-0.8526788	-1.2403804	0.92185104	0.63477325	0.7970685	1.0658904	-1.0800813	-1.0160965	-1.138506	0.8692087	-1.1126562	-1.1291397	1.0636415	0.708838	-1.0310824	-0.9086654	-1.0890162	-0.7993458	1.0880169	0.98776925	1.0448747	0.74720734	-0.7774846	-0.8259541	1.237039	1.031395	-0.77897984	1.1071509	-1.0098933	-0.70478517	0.7974265	-1.1188691	-0.72768456	0.7005105	-0.727407	0.7338125	1.1919563	-1.1690855	-1.1855685	-0.87906444	-0.9334836	1.1737262	-1.0101458	-0.8806983	1.128338	1.1509305	-0.54711825	-1.0159873	-0.71656895	-0.9500259	-1.0694929	-1.0060163	1.0463903	-1.241699	-1.1797067	-0.7002613	-0.8747672	0.84928626	0.58448744	-1.1709224	1.0044297	0.9465186	-0.5753734	0.5865331	1.1366421	-0.9799825	0.69020575	0.99275917	-1.0025485	-1.0729865	0.90603375	0.9268897	1.071503	-0.98622185	-1.1374782	0.7306289	0.56483954	-0.5467199	0.8113989	0.7812652	0.48936465	0.6866217	0.93406755	0.6471077	-1.0349891	-1.0418274	0.88941437	1.0060039	-0.8828572	1.1107807	-0.9089042	0.77472395	1.0688118	-0.7085508	0.895855	-1.2014189
-0.8140876	-1.0124027	-0.9270876	0.9825275	-0.86234516	-1.1158931	0.9060929	0.77758074	1.0483336	0.98674005	-1.0619625	-1.0273948	-1.1518929	0.8473549	-1.0283363	-1.1128819	1.1131885	0.90333164	-1.0197158	-0.9751054	-1.0728017	-0.9287178	1.0380878	0.9852178	1.0367407	0.94622195	-1.0229129	-0.88847286	1.1448587	1.0049677	-0.9243044	1.0582898	-1.0659479	-0.7559451	1.0083376	-1.0670922	-0.769292	0.909982	-0.8458276	0.80367893	1.1263175	-1.0697861	-1.0654203	-0.97755265	-0.9250852	1.0291467	-0.8930084	-0.9817398	1.1179374	1.0403693	-0.7188186	-1.0999616	-0.8497358	-0.97250694	-1.0468323	-1.0388644	0.98743844	-1.0983154	-1.0209298	-0.9220697	-0.97356474	0.9133743	0.7855811	-1.1576024	1.0060544	1.0493886	-0.7693423	0.83820426	1.1294154	-1.0006646	0.91881615	1.0018408	-1.0651428	-0.97107124	0.9800666	0.8979891	0.96582836	-1.0688139	-0.93980575	0.715832	0.8679765	-0.72841114	0.9353688	0.8811602	0.71471155	0.97177356	0.9472041	0.95836985	-1.026993	-0.9478881	1.0051969	0.96249	-0.9589411	1.1394845	-0.89565897	0.97441226	1.0932962	-0.7347739	0.97864246	-1.1573666
-0.77344686	-0.96993786	-0.88183963	0.92702127	-0.9420468	-1.0964837	1.025469	0.84137505	0.81190544	1.0812516	-1.0744482	-1.0297348	-1.01791	0.9714408	-0.98958856	-1.021151	1.0575154	0.8588191	-1.0653247	-0.9613267	-1.0697774	-0.877381	1.0282682	0.9912197	1.0145782	0.878318	-0.87968993	-0.89447325	1.023521	0.9863873	-0.89788336	1.0602154	-0.9694514	-0.8477758	0.9408848	-1.1073139	-0.93276304	0.8972915	-0.90960455	0.9009621	1.0994781	-1.1033597	-1.1286836	-0.99445254	-1.0215445	1.0927529	-1.0024921	-0.999066	1.0237361	1.0486429	-0.70285195	-1.0378823	-0.82278496	-1.006455	-1.0380822	-0.9724623	1.1021829	-1.0974466	-1.1606113	-0.7885842	-0.9346939	0.97806585	0.81424284	-1.1089435	1.0198554	0.94375014	-0.73944265	0.77294886	1.021709	-0.98320645	0.88640344	1.0246067	-0.99641365	-1.0280555	0.9963325	0.99230194	1.0957919	-1.0559886	-1.0568368	0.8974684	0.7769067	-0.7777389	0.8925215	0.82116145	0.72372025	0.72709686	0.9327564	0.79086316	-1.058151	-1.0511234	1.0373838	0.97077245	-0.93719465	0.96666473	-0.99875224	0.81306833	1.0849168	-0.8174562	0.8920343	-1.0756607
-0.85538024	-0.9901345	-0.9356516	1.0795873	-0.9770848	-0.9238501	0.8995288	0.8462633	0.9864999	0.96126163	-0.94931513	-1.0277514	-1.0648338	0.9202411	-0.96349305	-1.0023009	0.9518299	0.9178504	-0.91850847	-1.0180744	-1.0711992	-1.0244627	0.95269614	0.9701586	0.9669298	1.0061176	-1.016882	-0.9046913	1.0312209	0.9610582	-0.929609	1.0072042	-1.0205454	-0.79628974	1.0016024	-1.0215158	-0.8664996	0.94456613	-0.8779723	0.87398446	0.9855876	-0.98215634	-0.9800187	-0.9896194	-0.9283792	0.985613	-0.81303215	-0.9428284	0.9976617	0.88263404	-0.81007826	-0.98708075	-0.8798845	-0.944222	-0.98464286	-1.0479033	0.98384833	-0.94930595	-0.94966066	-0.97289515	-1.0381873	0.8795933	0.85047793	-1.0514159	0.98229975	1.0041641	-0.84432447	0.9411003	1.0102391	-0.9501315	0.8787088	1.0421095	-0.9541221	-1.0005776	0.99766546	0.9365429	0.88170385	-1.0170232	-0.8646059	0.86960876	0.92897165	-0.85335267	1.011757	0.9207871	0.8017759	0.986091	0.99560845	0.9247793	-0.8956251	-0.94527614	0.9664137	0.8887706	-0.964043	1.0509608	-0.9668352	0.9518076	1.0164156	-0.73256797	0.89612335	-1.0570718
-0.8986302	-0.9963101	-0.99442923	1.0078697	-0.9961548	-1.0575145	1.1007533	0.9405921	0.9911895	1.0673112	-1.0575608	-1.1135654	-1.0182581	1.050517	-1.0720623	-1.0914356	1.0576669	0.92645633	-1.1071768	-1.0522119	-1.1331961	-1.0876149	1.087067	1.080874	1.1104264	0.97875434	-1.0747439	-0.9852082	1.0529933	1.0846794	-0.9913846	1.1511605	-1.0077299	-0.9257583	1.0778261	-1.1488417	-0.9652598	0.9914252	-1.0120412	0.9707637	1.0673904	-1.1173912	-1.0957083	-1.1131088	-1.1382481	1.0374484	-1.0016757	-1.0789266	1.0164211	1.1229254	-0.86243224	-1.1649129	-1.0350443	-1.0475394	-1.1106827	-1.0170282	1.0979815	-1.0910269	-1.0773281	-0.959899	-1.0015382	0.9928804	0.9255141	-1.187532	1.1759801	1.1162937	-0.8592809	0.97182196	1.0938858	-1.0620311	0.9758415	1.0328351	-1.1411258	-1.0294768	1.0720907	1.0796119	1.194357	-1.0882914	-1.1154218	0.976509	0.9534199	-0.9644779	1.0485284	0.9087296	0.82393336	0.9640882	1.0628086	1.0159082	-1.1604832	-1.1168716	1.1014396	1.0011787	-1.0715864	0.9706012	-1.082061	0.94260955	1.0846976	-0.9544326	1.0539033	-1.133203
-0.7250211	-0.95609486	-0.8923836	0.91648746	-0.84117675	-1.1822702	1.0263902	0.7742097	0.83755666	1.1180127	-1.1997132	-1.1265308	-1.0062462	0.9297925	-1.0858305	-1.166931	1.1320225	0.85519004	-1.1089582	-1.0484256	-1.0958729	-0.9736104	1.0671918	1.106458	1.1654713	0.7986969	-0.8396717	-0.86526954	1.2104639	1.018472	-0.8540208	1.1425093	-0.95840704	-0.83329463	0.90238625	-1.1772473	-0.8282252	0.77880836	-0.8788739	0.8061229	1.1529438	-1.2593082	-1.1877211	-0.8876504	-1.0031983	1.156119	-1.1323112	-0.9520299	1.1570283	1.2101547	-0.7314836	-1.0676069	-0.79399776	-0.997363	-1.0867331	-0.9637657	1.1395879	-1.2621776	-1.2098782	-0.8175259	-0.9818169	0.8902469	0.7914934	-1.1982048	1.1987829	1.0217196	-0.6993468	0.7805845	1.1323808	-1.0915626	0.7593704	1.0652691	-1.0750427	-1.1465405	1.1000142	1.0606269	1.1226251	-1.0700771	-1.2368705	0.90261745	0.7857796	-0.7791956	0.9193419	0.8463938	0.696563	0.75151587	0.9348175	0.78314394	-1.1837473	-1.1475798	1.059411	1.0145522	-0.91412276	1.093237	-1.0242248	0.84229666	1.0853881	-0.83754516	0.96816295	-1.2517195
-0.7207146	-0.962838	-0.8707417	0.8576291	-0.7859782	-1.1078249	0.8978481	0.7087229	0.87620646	1.0339	-1.0740047	-1.0061384	-1.0246828	0.9018757	-0.9327409	-1.055	0.985704	0.7661441	-0.9433546	-0.8808293	-0.9638923	-0.9364315	0.98941714	0.89747304	0.94727224	0.7613908	-0.88974166	-0.8250577	1.0995857	0.91774505	-0.7874141	1.0857776	-0.9498321	-0.7952939	0.9064511	-0.9730509	-0.763086	0.745422	-0.86239177	0.84709835	1.0856811	-1.0297514	-1.0704467	-0.9310917	-0.9187864	1.0194614	-0.9102676	-0.92742884	0.9957071	0.9788542	-0.63467914	-1.0503116	-0.8075826	-0.8710486	-0.9563579	-0.91685784	0.99795866	-1.1027365	-1.0086458	-0.7893708	-0.85846305	0.84001917	0.75075346	-1.049525	1.1094438	0.98548394	-0.6977146	0.7145305	0.9743938	-1.039842	0.8244692	0.8641765	-0.9752772	-0.9683674	0.9483176	0.88103694	1.0301025	-0.95555055	-1.0533016	0.7564503	0.7127107	-0.7367592	0.836861	0.8159615	0.56917155	0.750629	0.99499357	0.85035986	-1.045859	-1.0013177	0.9357499	0.9554864	-0.83687264	1.0190696	-0.90027684	0.83677304	0.9444449	-0.6568846	0.88391745	-1.0479493
-0.979631	-1.0029832	-0.9345277	0.9748712	-0.9191634	-0.84682536	0.8544488	0.8157866	1.0945749	0.9205944	-0.8413154	-0.9632581	-1.0823666	0.8437484	-0.93338025	-1.0314474	0.9806611	0.92147	-0.9093801	-0.93770766	-1.0024005	-1.0201758	0.9488206	0.9724877	0.90029526	1.0256006	-0.98522544	-0.87842345	1.072378	1.0487453	-1.0382801	0.9955234	-1.0390468	-0.8232067	1.0288545	-1.0213814	-0.7176578	1.0400456	-0.9380623	0.9011985	1.0025567	-0.89639413	-0.9170248	-0.91906166	-0.94705355	0.9084257	-0.7190733	-0.89047414	1.0178415	0.92228144	-0.87393135	-0.989965	-0.9020023	-1.0294507	-0.9852509	-1.0783699	0.9922197	-1.0163479	-0.9361716	-0.99909693	-1.0080489	0.87863535	0.88683003	-0.96646667	0.9974757	1.0143551	-0.9144364	0.8955014	1.0056351	-1.0279787	0.95211303	0.9751912	-0.94938695	-0.94951934	0.8846131	0.8799211	0.81834656	-0.97705245	-0.7894044	0.7429676	0.9775755	-0.8242816	1.0625473	0.99573874	0.8101038	1.0487609	1.0392392	1.0475734	-0.87138504	-0.8954364	0.9123415	0.89919585	-1.015236	0.984123	-0.9464099	1.0230436	0.9836586	-0.78002644	0.9158582	-1.0394546
-0.798767	-1.0857947	-0.9619476	1.0224608	-0.97979856	-1.0399828	0.94227153	0.791774	1.069599	1.0106641	-1.0752532	-1.1624777	-1.149041	0.8826169	-1.069021	-1.2054017	1.140023	0.9024239	-1.0375001	-1.0298929	-1.2075846	-1.0939977	1.0978904	1.0893438	1.1210082	0.94724894	-1.0368927	-0.8922704	1.21704	1.1421533	-0.9356678	1.1498376	-1.0354759	-0.82988197	1.0678449	-1.0688624	-0.8058131	0.9979398	-0.97221476	0.9488609	1.2191013	-1.0584724	-1.1359402	-0.99977016	-1.02908	1.1035583	-0.9570869	-0.96939224	1.1350174	1.0167481	-0.81944954	-1.091456	-0.94497865	-1.0629743	-1.1481854	-1.1220592	1.0422211	-1.1169912	-1.05064	-0.91435313	-1.0150843	0.96462333	0.85384953	-1.158053	1.1379801	1.127677	-0.7974658	0.87603194	1.0905069	-1.1177368	0.87917244	1.0447475	-1.0903009	-1.0938227	1.0210162	0.9482196	1.0318825	-1.1669314	-0.9689418	0.740243	0.85183746	-0.75460017	0.96389025	0.9393381	0.7473518	0.9545306	1.0814122	0.9598357	-1.0382453	-0.99607706	1.0454625	0.96299446	-1.0002624	1.1405451	-1.0421684	0.9864541	1.1900432	-0.75259984	1.0314132	-1.1402291
-0.79886717	-1.0447942	-0.8710378	1.1213986	-0.9363351	-1.0595278	0.8222817	0.7353069	1.0986782	0.99398017	-0.99659634	-1.1270355	-1.2017517	0.87767136	-1.0428472	-1.1003642	1.0701424	0.90810525	-0.9550083	-0.97150266	-1.1391622	-0.9505588	1.036562	0.9570261	0.98925674	1.0238582	-1.0791001	-0.9294696	1.1629564	1.1086606	-0.9917431	1.1483833	-1.1319889	-0.6739706	1.0154095	-1.133904	-0.713229	0.97062814	-0.9033639	0.8330522	1.1926811	-0.99097604	-1.0009507	-0.90446424	-0.87837243	1.1236526	-0.7347864	-0.95045954	1.1417433	0.96512717	-0.6914594	-1.0532461	-0.85165626	-0.9579123	-1.0095229	-1.1460545	0.9991474	-1.1350199	-1.0312496	-1.0002751	-1.0438131	0.88893294	0.8557268	-1.083012	0.9493225	1.0683602	-0.85716075	0.8760365	1.1030722	-1.0046706	0.883747	1.0904684	-0.9591086	-1.0097821	0.90266544	0.7971359	0.8044791	-1.0717301	-0.7730607	0.6197934	0.8687514	-0.7267399	1.044931	1.0285308	0.7051917	1.0459278	0.95660186	0.92972976	-0.8048291	-0.92798513	0.9587957	0.9442245	-1.0177929	1.2334616	-0.9139378	1.0449164	1.0599451	-0.5795824	0.97616297	-1.1298474
-1.0989449	-1.0268694	-1.0008167	1.0044551	-0.9807308	-0.51997787	0.9835273	1.0026302	1.1333807	0.9867544	-0.80283874	-0.9217788	-0.90689826	0.9355024	-0.8316154	-0.9625322	0.83388406	1.0958831	-0.89725226	-0.9718013	-0.9817312	-1.0634631	0.93799573	1.0158572	0.9361163	1.1070709	-1.1032811	-1.033179	0.8008047	1.0072765	-1.0744741	0.93622607	-0.94905806	-0.9002288	1.074951	-0.85119927	-0.9245886	1.1135676	-1.0268496	0.93610954	0.80651873	-0.9067087	-0.81431454	-1.055289	-0.9671305	0.7408378	-0.84751654	-1.0078183	0.7825606	0.80175227	-1.0206425	-1.0453942	-1.0450503	-1.0193979	-0.9689423	-0.92360073	0.9884243	-0.738487	-0.7392736	-1.0877429	-0.9875372	0.9599093	1.0357997	-0.8820526	1.0535191	1.0830002	-1.0661432	1.0647918	0.82496905	-1.037422	1.0297035	0.95872176	-0.9496917	-0.8699036	1.0036627	0.99922717	0.84387416	-1.014806	-0.7686951	0.833255	1.1409713	-1.0275987	1.1062838	1.014815	1.0381044	1.201375	1.0048699	1.125105	-0.7665034	-0.9073692	1.033765	0.9695601	-1.110811	0.81390333	-0.9935658	1.0609545	0.9040236	-0.84475607	0.9864248	-0.828745
-0.73944885	-1.1285529	-0.8274079	1.0783305	-0.9912594	-1.1096842	0.8186748	0.6848897	1.0756341	0.95326203	-1.0329058	-1.0835024	-1.1883334	0.8440122	-1.0520732	-1.1261148	1.076881	0.7993272	-1.0286531	-0.98295534	-1.118025	-0.9699208	1.0995446	0.992625	1.0193199	0.91103935	-0.93151283	-0.7652088	1.2510833	1.0949064	-1.0044972	1.1429694	-1.1271204	-0.6084837	1.00414	-1.0969214	-0.70179474	0.9748034	-0.82082736	0.7837	1.1669034	-0.915401	-1.0688412	-0.8960617	-0.95741004	1.1172873	-0.76754576	-0.94347143	1.1455362	1.037576	-0.6255104	-1.0465534	-0.81482095	-0.9890574	-1.0051919	-1.111965	0.96682835	-1.184012	-1.0639607	-0.9108168	-1.0805727	0.88395435	0.807858	-1.1164633	0.9563171	1.0549476	-0.72442955	0.80502725	1.1425699	-1.0195698	0.85378706	1.077003	-0.9426015	-0.98459184	0.89695555	0.8222705	0.8319458	-0.99705124	-0.7512305	0.6187162	0.83521724	-0.586498	0.99863863	1.0122906	0.6937388	0.99239266	0.8985714	0.8681424	-0.8758791	-0.8955027	0.8651578	0.88777375	-0.95989436	1.2226502	-0.93889683	0.963782	1.1117704	-0.5709556	0.87669486	-1.102633
-0.5200544	-1.0748552	-0.75269675	1.0059956	-0.8671827	-1.3358335	0.81710154	0.5937179	0.9330307	0.97809446	-1.1253804	-1.1296569	-1.2940363	0.77818274	-1.1779991	-1.2326018	1.1194816	0.6325127	-1.1056645	-1.0548865	-1.1335021	-0.89441	1.0792395	0.9968545	1.1117548	0.8056161	-0.852166	-0.701309	1.262339	1.0588688	-0.8100315	1.1962252	-1.1534008	-0.61723936	0.84389013	-1.2175257	-0.6790318	0.8679533	-0.7446635	0.71049553	1.3008572	-1.0966034	-1.1612251	-0.8320977	-0.95579237	1.2190688	-0.85618246	-0.81522924	1.2810425	1.0848035	-0.53276396	-1.0737885	-0.6943151	-0.9426555	-1.0934329	-1.1368825	1.0050343	-1.3233955	-1.1971493	-0.716899	-0.9971306	0.8265991	0.6037034	-1.1724045	0.9756006	1.0393537	-0.5913706	0.62861526	1.2552013	-0.9899418	0.79464763	1.0408604	-0.97398984	-1.0955166	0.88782996	0.79385835	1.0242182	-1.0169275	-0.94133383	0.6521505	0.6260507	-0.40425724	0.92381847	0.8915501	0.5464265	0.8336296	0.9071283	0.68967694	-1.0188323	-1.0069076	0.82366776	0.94712454	-0.8155084	1.3973283	-0.8482892	0.870554	1.2006104	-0.5806246	0.8495102	-1.2604758
-0.6508294	-1.0681732	-0.93076706	1.054529	-0.91404593	-1.1776303	0.8782119	0.69065404	1.0188999	1.0229378	-1.1254927	-1.1656889	-1.1954721	0.82686806	-1.1456496	-1.1985989	1.1444335	0.80847245	-1.1034288	-1.0011735	-1.1782206	-1.0230556	1.1046582	1.0478816	1.0528989	0.9490153	-0.955632	-0.80002636	1.2447981	1.0544747	-0.94707483	1.1861879	-1.1542258	-0.75116783	0.91278625	-1.1024137	-0.75321066	0.93732417	-0.8964508	0.7968225	1.2183273	-1.103231	-1.1955183	-0.9714436	-1.0572864	1.1710742	-0.9387653	-0.91305137	1.2593585	1.1120719	-0.5873337	-1.090514	-0.8031428	-0.94420826	-1.0619028	-1.0999569	1.101587	-1.2260138	-1.1153947	-0.8835775	-1.006726	0.9743896	0.74013776	-1.242987	1.0751312	1.0989674	-0.7025633	0.8071355	1.2001972	-1.0174997	0.8891692	1.0922072	-1.0328888	-1.0895286	0.9721994	0.8473903	0.979275	-1.0799639	-0.9627722	0.76235336	0.7330471	-0.58608514	0.982595	0.9243994	0.6336258	0.8579776	1.0382186	0.8676792	-0.9950481	-1.0378582	0.9908673	0.92709786	-0.9542512	1.2085551	-0.9148252	0.93858725	1.1285254	-0.70055145	0.9379587	-1.2164506
-0.98754966	-1.0172367	-0.93125325	1.0583595	-1.025149	-0.94249415	0.9365815	0.9916205	1.0777975	0.98324376	-1.0132451	-1.0610262	-1.1189141	0.92429286	-1.0500532	-1.0059968	1.0289928	1.047366	-0.97350436	-0.98936456	-0.9817339	-1.0373867	0.996652	1.0036886	0.94590104	1.0383842	-1.0247294	-0.8797463	0.94193214	0.97524536	-1.078076	0.9403981	-1.0795025	-0.9541085	1.0583907	-0.92299974	-0.9481068	1.0470406	-0.9708919	0.9312204	0.945197	-0.9715064	-0.8748774	-0.92437345	-0.97281194	0.9945164	-0.9246583	-0.9256689	0.9788737	0.9887348	-1.0003445	-1.0124247	-0.99413645	-0.9578818	-0.9993915	-1.0678746	1.0018228	-0.9130537	-0.912528	-1.053897	-1.0359432	0.9380437	0.96834105	-0.9624882	0.98926455	1.0520773	-0.99038684	1.031869	0.9974611	-1.0064495	0.9879411	0.9951867	-0.97549486	-0.9993503	0.9302872	0.97716326	0.87970346	-0.9793855	-0.9508679	0.8647089	0.96901083	-0.87988895	1.0052766	1.0921899	0.9286878	1.1389687	0.94802195	1.0404105	-0.87930596	-0.8810736	0.980272	0.9392541	-0.9845022	1.0258979	-0.97451556	1.0954436	0.96438015	-0.88387215	0.95536447	-0.9718226
-0.79764813	-1.0257584	-0.86139476	0.9572999	-0.8801827	-0.9820996	0.8864572	0.714058	1.018178	0.9929139	-0.9712174	-0.9956085	-1.1180048	0.88092166	-1.0169785	-1.0319963	0.97314084	0.81824946	-0.97555065	-0.94149804	-1.1129696	-1.0101303	0.95265263	1.0308578	0.90946174	0.91650397	-1.0306973	-0.87115777	1.0710019	1.0561903	-0.87922466	1.0205626	-0.98297215	-0.6431142	0.9836888	-0.9990389	-0.648364	0.95747524	-0.8073673	0.832429	1.12472	-0.9451653	-0.96032035	-1.0099612	-0.9847019	1.009916	-0.78519833	-0.89036036	1.0577838	0.8784423	-0.6929455	-1.1057576	-0.81536096	-0.94396883	-1.0168557	-1.0853804	0.99505216	-1.1102754	-0.9094805	-0.8829655	-1.0074881	0.82385427	0.828971	-1.0842655	1.0632417	1.0495797	-0.8476475	0.8683886	1.0313499	-1.0303893	0.9248688	0.96295244	-1.0473839	-0.92363244	0.90669847	0.8512323	0.8985601	-1.0697906	-0.8421807	0.5403526	0.8154861	-0.7054448	0.923635	0.92892164	0.6492149	0.9577936	0.95125926	0.8753554	-0.85493326	-0.88548684	0.90696806	0.9122908	-0.98322463	1.1123099	-0.90410304	0.9733481	1.0615789	-0.581476	0.9047177	-1.095519
-1.062945	-1.1203809	-1.0198954	1.1465915	-0.99592245	-0.97101617	0.8832349	0.8767802	1.1688459	0.97402936	-1.0056298	-1.0546148	-1.1275713	0.8926671	-1.0387683	-1.0982789	1.0157075	0.9701294	-0.96012634	-1.0510513	-1.0465899	-1.0333477	1.0683299	0.976166	0.9723	1.1165469	-1.1297241	-0.94398886	1.0980357	1.0321862	-1.0410252	1.0191242	-1.1063476	-0.8452391	1.108011	-1.0758414	-0.87125224	1.1206195	-1.0044633	0.94308615	1.0969833	-0.86991453	-0.91289663	-0.9742668	-0.96774447	1.0403436	-0.753821	-0.9510396	1.0645717	0.9512054	-0.9812951	-1.0664616	-0.96480477	-1.048401	-1.0262907	-1.0997092	0.9525469	-0.9683174	-0.92480195	-1.1161586	-1.1084535	0.9210126	0.97170776	-0.98198444	0.9675065	1.0940768	-0.9962843	1.0630738	1.0818738	-0.97545207	1.0529983	1.0810094	-1.0148543	-0.95851713	0.9579381	0.9582318	0.8703152	-1.0840191	-0.7986426	0.71424097	0.9958888	-0.9063891	1.0904865	1.0870837	0.99707335	1.1189249	1.0538648	1.0246221	-0.92887884	-0.85106575	1.0394516	0.99295723	-1.084471	1.0621283	-0.97248787	1.0426539	1.0720644	-0.74776876	1.0248785	-0.9467153
-1.0287728	-1.071101	-0.9380306	1.0911162	-1.0357623	-0.9385982	0.8578015	0.86790425	1.1875435	0.93610686	-0.938264	-1.0667695	-1.1307086	0.82089704	-1.070173	-1.0379114	1.0093498	1.0031078	-0.9413897	-0.9714447	-1.0722398	-1.0857933	1.0182604	0.9912723	0.9311551	1.0659846	-1.1008768	-0.88779217	1.0494046	0.9897306	-1.0910487	0.9787206	-1.1808623	-0.752063	1.0134872	-0.9957536	-0.7880347	1.1091454	-0.89645934	0.8397359	1.0905534	-0.839058	-0.97007984	-0.92383415	-0.96568346	1.046264	-0.6989971	-0.909043	1.0275608	0.8702008	-0.89908975	-0.9636184	-0.86107635	-1.0347325	-0.94188815	-1.066174	0.88207906	-0.98589104	-0.9289058	-1.1006153	-1.0193523	0.889174	0.90526104	-0.94767827	0.9265175	1.1319916	-0.98769134	1.0112761	1.0792093	-0.9626302	0.9930163	1.0613587	-0.8924283	-0.9336802	0.8827045	0.8714985	0.7883035	-1.0030439	-0.7053403	0.6607347	0.9737889	-0.85468996	1.0313702	1.1002574	0.92281896	1.2037312	0.9704778	1.0525779	-0.8150567	-0.8265703	0.9041137	0.9265185	-1.031752	1.1400585	-0.9070783	1.0597459	1.03953	-0.6404207	0.9028442	-0.9187163
-0.9522674	-1.0540866	-0.91515845	1.0844247	-0.8977711	-0.93271315	0.81455636	0.81245285	1.1724946	0.9507447	-0.85858387	-1.0353755	-1.1900933	0.8358618	-1.0076331	-1.1104741	1.0499355	0.8804628	-0.89299375	-0.94400096	-1.1173402	-1.0308474	0.99159473	1.0305011	0.9069415	1.0065638	-1.0946163	-0.8644132	1.1782731	1.0136136	-0.96593	1.0186644	-1.1605785	-0.6281242	1.1015533	-1.0364251	-0.6551832	1.0343307	-0.8858865	0.823058	1.1487262	-0.8873323	-0.89830273	-1.0132397	-0.9146099	0.98993665	-0.6755331	-0.9484612	1.0461684	0.840024	-0.7194762	-1.1575686	-0.8077846	-0.98806614	-1.0047346	-1.170094	1.00853	-1.0927283	-0.90595216	-1.0828121	-1.060178	0.8837962	0.79871184	-1.0096724	0.9749518	1.1801639	-0.8996627	0.943324	1.0587788	-1.0136546	0.8820603	1.070066	-0.97456056	-0.858504	0.90814	0.86623716	0.83513397	-1.0403503	-0.6617132	0.4830618	0.9415735	-0.8078324	1.006941	0.88737476	0.7347559	1.1054579	1.0162475	1.078257	-0.77994955	-0.8177764	0.9692254	0.8422556	-1.0658076	1.1400579	-0.96996623	1.0301013	1.0398154	-0.5574753	0.8774886	-1.1155759
-0.78834945	-1.0216682	-0.84948105	1.0068061	-0.9105658	-0.95702416	0.848382	0.7088575	0.94657105	0.88320804	-0.98963785	-1.0078489	-1.045888	0.88968694	-1.0439141	-0.9925148	0.9934066	0.82957363	-0.9524537	-1.0023394	-0.9614555	-0.9150142	0.93832415	0.9570187	0.99238443	0.8467988	-0.94281435	-0.8618013	1.0641774	1.0187659	-0.9527699	1.0148028	-0.99054986	-0.6573912	0.8883371	-1.0468122	-0.7420534	0.9105027	-0.8861982	0.8257547	1.0792514	-0.9892869	-0.9930141	-0.90237904	-0.8332699	0.97624373	-0.8389464	-0.92937124	1.0038295	0.9662134	-0.6841849	-0.9571888	-0.81642777	-0.87751836	-0.9779861	-1.0350822	0.9128362	-1.032759	-1.0324982	-0.8701856	-0.95719737	0.88261646	0.77926546	-0.9501536	0.957232	0.9619416	-0.8394038	0.7246147	0.98630655	-0.9807101	0.8677702	0.91205835	-0.9267169	-0.9458377	0.88599813	0.8043263	0.8765421	-0.9187054	-0.86520195	0.6330009	0.80811214	-0.7250023	0.8772653	0.9457951	0.6388703	0.8862222	0.90219396	0.81315786	-0.96814674	-0.94911855	0.90921193	0.85972404	-0.91016835	1.0781848	-0.8550165	0.9550221	0.97348875	-0.63996595	0.86802614	-0.95049477
-0.7392126	-0.983648	-0.8643924	0.9102807	-0.8765544	-1.0450584	0.9053078	0.7493352	0.82248485	1.0228641	-1.0566976	-0.99702126	-0.99687904	0.91682565	-1.1009324	-1.0210887	1.0209973	0.83617765	-1.0210947	-0.9663322	-1.0349389	-0.8342339	1.0551729	0.9546115	1.0967963	0.7870523	-0.8097894	-0.8063019	1.0123941	0.98477733	-0.79033655	1.0304303	-1.0124722	-0.79511267	0.80375284	-1.0136775	-0.8783377	0.83662194	-0.81465375	0.87748015	1.0654596	-1.0326226	-1.0412592	-0.83655715	-1.027607	1.0518935	-0.9669639	-0.9355934	1.024278	1.079567	-0.68188924	-0.9485608	-0.75366545	-1.0068797	-1.0317262	-0.95073617	0.94462025	-1.0638896	-1.098613	-0.7309174	-0.9208392	0.8808878	0.7885129	-1.0314136	0.9684467	0.9144091	-0.76499397	0.7250632	1.0011065	-0.8919023	0.86451715	0.9613587	-0.9417743	-1.0086291	0.9784155	0.95015776	0.9876194	-0.94025147	-1.0183458	0.7823706	0.69698876	-0.64750886	0.91970456	0.9315856	0.69280314	0.7581503	0.9295365	0.70731246	-0.9616918	-0.9508462	0.9505796	0.9909075	-0.85414124	1.0344138	-0.880076	0.86074716	0.985323	-0.7770446	0.8705536	-0.99375343
-0.8703517	-1.0774993	-0.9190721	1.1582154	-0.9183493	-1.0408889	0.85657996	0.85332257	1.1146946	0.9197772	-0.9350125	-1.1611748	-1.3379177	0.8239637	-1.1460352	-1.1605222	1.0787245	0.9176768	-1.013472	-0.98486316	-1.1716708	-1.0472988	1.1318402	1.0701514	0.9839228	0.99690443	-1.0835439	-0.88856333	1.2340672	1.1039703	-0.96301305	1.0669882	-1.184874	-0.70119685	1.065611	-1.0651037	-0.77470624	0.9889149	-0.9098927	0.7700841	1.201769	-0.904867	-1.0482143	-0.8802705	-0.96591413	1.058846	-0.7695916	-0.9090133	1.2113461	0.9887847	-0.7774886	-1.0656687	-0.8291689	-1.0022413	-1.0767995	-1.1924338	0.9989457	-1.1107771	-0.9754842	-0.94673723	-1.0170025	0.86302286	0.8203173	-1.1409266	0.9901378	1.1753942	-0.879441	0.9682874	1.1350377	-1.0648274	0.9161491	1.1255666	-1.013422	-1.0023539	0.8769036	0.8925744	0.89759177	-1.0923849	-0.7603079	0.6313013	0.90532947	-0.6939811	1.0765176	1.0365106	0.75668263	1.0388985	0.9571652	0.9819473	-0.8967167	-0.8647372	0.9182239	0.9077284	-1.0613847	1.3433017	-0.84696746	0.9928671	1.1641809	-0.55820996	0.89619803	-1.0684092
-1.1062381	-1.0814545	-1.0272642	1.0737178	-1.0813373	-0.56234705	0.88131934	0.99503785	1.0994629	0.96876097	-0.89035356	-1.0386747	-0.9102661	1.010368	-0.9019175	-0.97233295	0.9460295	1.1345772	-0.8805142	-1.0450205	-1.01196	-1.0690066	0.9332252	1.0251957	0.96189696	1.0813203	-1.1486348	-1.0474157	0.86868775	1.0109895	-1.0387022	0.9327263	-0.97209513	-1.0011516	1.0860229	-0.9113001	-0.8951634	1.0863575	-1.0678573	1.0860215	0.8230125	-0.8769824	-0.87093335	-1.0435753	-0.957304	0.8153641	-0.81741846	-1.0283077	0.87687504	0.8275772	-1.0863808	-1.0462204	-1.0907581	-1.0365132	-0.9401311	-0.97675025	0.9795947	-0.77844536	-0.74811584	-1.1043382	-1.0269862	1.0376413	1.0601116	-0.8696566	0.90903157	1.0242605	-1.1518238	1.1088005	0.96977	-0.98235273	1.1034808	1.0950248	-0.9700182	-0.94330543	0.9479863	0.96401453	0.90783095	-1.0501517	-0.83808357	0.93485546	1.1198448	-1.0907232	1.1106386	1.0451854	1.0932853	1.2074909	1.0384525	1.1608585	-0.8550576	-0.89154524	1.040025	0.9450577	-1.0717164	0.8235323	-1.0274689	1.1594179	0.9323723	-0.93193644	1.0789984	-0.85304046
-1.1749806	-0.95317507	-1.0256908	0.9846654	-0.9408876	-0.4935661	0.91335917	1.0135761	1.1617907	0.9039655	-0.83499557	-0.94259363	-0.8966969	0.99072856	-0.8718202	-0.8877833	0.8594638	1.1293575	-0.90766525	-0.9148747	-0.8869226	-1.0630739	0.91884947	1.0235635	0.82301205	1.1134459	-1.100864	-1.0102658	0.7969368	0.9568001	-1.0877302	0.90532994	-0.95665616	-0.920304	1.1033361	-0.8385638	-0.92378426	1.1423869	-1.0289668	0.9918571	0.7956261	-0.7921763	-0.7984534	-1.0200611	-0.9736125	0.6722646	-0.8388972	-1.0703024	0.6992933	0.7273136	-1.095896	-1.0446439	-1.026439	-0.98582095	-0.9213403	-0.93178767	0.962732	-0.69684064	-0.6551323	-1.0866714	-0.967487	0.9242548	1.0506529	-0.778876	0.9220293	0.9824948	-1.0882055	1.1447668	0.839537	-0.9951309	1.0979104	0.9305216	-0.95628697	-0.86833125	0.9197209	0.91614693	0.8482139	-0.9286056	-0.69921875	0.83802223	1.1514987	-1.0099064	1.0423005	1.0419437	0.9777062	1.1700305	0.99378705	1.1016476	-0.75674415	-0.7878457	0.9940629	0.8856081	-1.0960546	0.7810868	-0.95000154	1.133609	0.9428616	-0.8763618	0.99908286	-0.8046056
-0.82032347	-1.134812	-0.9006002	1.0942658	-0.96523356	-0.9897957	0.80521375	0.7757837	1.0230997	0.99236655	-0.96353424	-1.1478801	-1.2736539	0.8062602	-1.0534538	-1.1900568	1.0649772	0.8764027	-0.9902326	-0.9696822	-1.1466614	-0.96797186	1.0693909	1.0244266	1.0436113	1.0315087	-1.0637764	-0.8114041	1.2186089	1.0876988	-0.96688676	1.1596925	-1.1781999	-0.7463689	0.9752981	-1.1170031	-0.7277254	1.0338392	-0.89786357	0.8562668	1.1832836	-0.97135025	-1.0143646	-0.921258	-0.911108	1.0979749	-0.7634881	-0.9044102	1.1734225	0.92667174	-0.80894864	-1.1202325	-0.8540252	-1.0020165	-1.0172566	-1.150474	0.9886697	-1.0994728	-0.98288846	-0.9456171	-1.0255679	0.93751734	0.7949897	-1.134066	0.9971436	1.1387882	-0.8213682	0.86050045	1.1356747	-1.0465965	0.8736863	1.115293	-0.9862322	-0.9891482	0.9723806	0.8440005	0.88036466	-1.0305973	-0.8002917	0.63535243	0.85133266	-0.69914955	0.9638888	1.0206466	0.7457985	1.0134845	0.97302043	0.95535755	-0.844295	-0.9273246	0.8906953	0.94784224	-0.9991703	1.2308476	-0.9680208	1.0149478	1.1368811	-0.59571886	0.9652617	-1.1448383
-0.7645348	-1.0422881	-0.8776629	1.0657605	-0.8698435	-0.97781336	0.87999874	0.7510857	1.044453	0.89744186	-0.89366484	-1.0583842	-1.1283804	0.8800819	-0.96743625	-1.0348152	0.99563915	0.8147632	-1.0017567	-0.9696375	-1.0734756	-1.0376859	1.0200273	0.9526141	0.9395563	1.0160072	-1.0117059	-0.8491345	1.1377469	1.0330331	-0.9238554	1.068882	-1.0512633	-0.640041	1.010631	-0.9996419	-0.74935406	0.9433187	-0.79332	0.7770819	1.1356215	-0.91158605	-0.98023134	-0.982193	-0.919894	0.98709124	-0.7429422	-0.9174856	1.0656108	0.95110357	-0.7054232	-1.0288768	-0.82660574	-0.910888	-0.9946074	-1.087215	1.0442989	-1.1120288	-0.90195817	-0.8965435	-0.95787704	0.88330555	0.7481935	-1.0270865	0.97523236	1.1154257	-0.8046849	0.8442516	1.0146499	-0.98571336	0.8855658	1.0546664	-0.9859033	-0.91399956	0.9059153	0.86229414	0.90557206	-1.0447799	-0.8419501	0.6514331	0.9097099	-0.7558722	0.97200656	0.89617836	0.7063367	0.9797343	1.001891	0.88530034	-0.88259745	-0.90074	0.94995195	0.8773257	-0.99319345	1.0778655	-0.92999196	0.96484023	1.1122745	-0.63970155	0.9023359	-1.0562981
-0.53596085	-1.0678214	-0.8537017	1.0185366	-0.859997	-1.2188559	0.95432293	0.599712	0.915268	1.0606614	-1.1459067	-1.1211481	-1.1834582	0.841016	-1.0871172	-1.1900915	1.1817898	0.77217305	-1.0956091	-1.000773	-1.178488	-0.959625	1.0608064	1.0001473	1.0990839	0.8536166	-0.86184084	-0.797536	1.2876631	1.0815183	-0.80525446	1.1197832	-1.1372479	-0.6748157	0.8600223	-1.2095885	-0.7342334	0.8519985	-0.86926275	0.768587	1.290491	-1.1298805	-1.1465566	-0.8854861	-1.0214682	1.2076384	-0.9656355	-0.9611518	1.2248263	1.13056	-0.5560513	-1.0943959	-0.69363403	-0.9958098	-1.1094879	-1.1356369	1.1084822	-1.2441373	-1.1938844	-0.6973868	-1.0178365	0.85469496	0.63821125	-1.2699827	1.0575447	1.1107163	-0.6220599	0.7199231	1.1656489	-1.0728939	0.81888926	1.056851	-1.0667754	-1.0433022	1.0574589	0.9895663	1.0555615	-1.1129045	-1.1161798	0.78731424	0.6683532	-0.5449263	0.93045163	0.7962908	0.5169033	0.7819011	0.9119737	0.6777598	-1.0606484	-1.1114662	0.94025165	0.9891933	-0.9225181	1.2334543	-1.0104314	0.8662185	1.109853	-0.70705014	0.86928976	-1.3201823
-0.60424584	-0.94760764	-0.87269235	0.9612191	-0.89068687	-1.0792125	0.96157473	0.77459896	0.8601301	0.9954732	-0.9934827	-0.9784198	-1.0374782	0.8705639	-1.0212346	-1.0635515	0.9981611	0.7776576	-1.0549967	-0.9948307	-1.0180594	-0.860262	1.0365918	0.94149315	1.0410821	0.8120044	-0.8703512	-0.83252025	1.1262561	0.9664036	-0.7972078	1.0923735	-0.946816	-0.7489429	0.83206844	-1.0647501	-0.83739877	0.78392917	-0.84790146	0.84458464	1.0790352	-1.0912292	-1.0572115	-0.842623	-0.9956891	1.0877242	-0.9812947	-0.91838914	1.0698692	1.0609592	-0.65085274	-1.0261164	-0.81903255	-0.9213319	-0.996907	-1.0177091	1.0667607	-1.1398735	-1.0322504	-0.79108673	-0.9676209	0.885248	0.7733375	-1.1072239	1.0177907	0.9559694	-0.67865855	0.7469009	1.0171107	-1.0368209	0.8377374	0.9077885	-1.0164176	-1.0019165	0.9613362	0.8818706	1.0071175	-0.99823475	-1.0558468	0.84120667	0.6995386	-0.71655846	0.86434084	0.8695453	0.6939106	0.70414144	0.938391	0.7087572	-1.0757518	-1.0080354	0.9830438	0.9644941	-0.8606835	1.014766	-0.9815036	0.80482674	1.0722533	-0.75420845	0.8588079	-1.13506
-0.85551995	-0.98912627	-0.96724474	0.9883998	-0.88027424	-0.94040793	0.85998183	0.775994	0.9524069	0.91401	-0.88864034	-0.979763	-0.95525444	0.93571687	-0.91306007	-0.9934184	0.9273856	0.85754657	-0.9852411	-0.8990944	-1.0438628	-0.9846051	0.90674084	0.95531625	0.9210081	0.8924579	-1.0094924	-0.8877641	1.0115383	0.995117	-0.9098557	1.0083861	-0.9718436	-0.78971213	0.98807085	-1.0066335	-0.7771077	0.905371	-0.9011887	0.88850087	0.99764013	-0.90829885	-0.9419867	-0.9697538	-0.98041385	0.99303204	-0.81797355	-0.91294914	1.0095476	0.9147353	-0.8159921	-1.0428305	-0.8187116	-0.94636625	-0.97550124	-0.95589626	1.011339	-0.9809239	-0.9217867	-0.8853991	-1.0013136	0.8632474	0.78941053	-1.0725524	1.006867	0.9905712	-0.8579665	0.87004626	0.9718775	-0.97718704	0.89914644	0.97823143	-0.9661512	-0.85876095	0.9664079	0.93770283	0.9069467	-1.0213265	-0.87493473	0.78530216	0.92009073	-0.7917415	0.93573177	0.90286463	0.7977874	0.9457533	0.9751839	0.97112274	-0.89847726	-0.9820906	0.91200924	0.85776424	-0.9707873	0.93871003	-0.9271993	0.91448665	1.0324234	-0.6590918	0.9651966	-1.0162836
-0.8529191	-1.0646464	-0.9423871	1.0205346	-0.8741742	-1.0872301	0.92241573	0.76981395	0.9871158	0.9739829	-1.0149142	-1.0149814	-1.1267085	0.84776425	-1.039076	-1.1051252	1.0283935	0.87681615	-0.9853387	-0.99143416	-1.0837415	-0.9627068	1.0968356	0.94893044	1.0222071	0.9835543	-0.95870197	-0.8829485	1.1406666	1.0303504	-0.95806503	1.0700779	-1.1369113	-0.80799377	0.9569855	-1.065186	-0.7621827	0.9828574	-0.93092877	0.804227	1.1363957	-0.9642362	-1.0054902	-0.8972686	-0.93839496	1.0949923	-0.83546495	-0.915493	1.1028168	0.9802837	-0.78903186	-1.0790131	-0.84335357	-1.029762	-1.079464	-1.0548749	1.0138271	-1.0641807	-1.0177399	-0.932228	-1.0569023	0.8677707	0.86640656	-1.0925273	0.97229695	1.0172085	-0.85147154	0.8776657	1.0629177	-1.0490202	0.93689626	1.027936	-1.0221722	-1.0379193	0.8883211	0.8466479	0.8958797	-1.0120765	-0.95826036	0.74766815	0.8663004	-0.73274946	0.9592628	0.97633106	0.7264921	0.9793051	0.949877	0.91410977	-0.95100075	-0.9178601	0.93429434	0.8896225	-0.92269576	1.1190335	-0.909316	0.9303876	1.1242294	-0.77756125	0.90956515	-1.0880866
-1.1040624	-1.0502278	-1.0017561	0.98899776	-0.95020294	-0.61816555	0.9535485	0.96780306	1.1067352	0.9676217	-0.86537546	-0.9817664	-0.8932807	0.97684616	-0.8526812	-0.8654541	0.9182604	1.0887686	-0.9475908	-0.9205393	-1.0176785	-1.0577803	0.9135163	1.0325135	0.96632016	1.1106433	-1.0584486	-1.0781549	0.79499936	0.98649263	-0.973148	0.8610748	-0.9219804	-0.87853616	1.0747211	-0.8275088	-0.8802406	1.1066868	-0.9868829	0.9860122	0.81482023	-0.8976231	-0.89087254	-1.0354939	-0.9247982	0.72801846	-0.77595675	-1.0401306	0.727628	0.7702085	-1.0514829	-1.0820665	-1.0596836	-0.99690664	-0.8804064	-0.9339431	0.9621383	-0.7623478	-0.6957879	-1.0770664	-1.0111729	0.9320231	1.0007432	-0.864241	1.0550773	1.0269535	-1.077882	1.0679263	0.849465	-0.9989246	1.0237304	0.9470234	-1.0188766	-0.88012993	0.93713	0.9552759	0.932499	-0.96500474	-0.87952745	0.9230197	1.1103182	-0.98476857	1.0556568	1.0534523	0.9378559	1.0895909	1.0943315	1.089375	-0.8168147	-0.8876735	1.0251937	0.96240675	-1.0923346	0.7669895	-0.9963474	1.0513308	0.97009814	-0.8627325	1.0125291	-0.9172215
-0.9822273	-1.0568515	-0.939272	1.0273263	-0.9373112	-0.710555	0.80559486	0.88201517	1.1449382	0.796971	-0.8254879	-0.96066296	-0.99489427	0.7600646	-0.9784164	-0.89979863	0.95590943	0.9035113	-0.91017854	-0.96854305	-1.0054649	-0.9952779	0.98709595	0.9013052	0.8933275	0.9883298	-0.99109006	-0.9083378	0.89699966	0.9800442	-1.0422488	0.9297978	-1.0062529	-0.72229654	0.96997404	-0.8955142	-0.7238428	1.0285783	-0.92534834	0.85097516	0.88869774	-0.7814421	-0.755241	-0.97302574	-0.83865494	0.86875916	-0.5936473	-0.9094061	0.95417386	0.6894916	-0.85372263	-0.9781562	-0.8865705	-0.95326763	-0.8924813	-0.986022	0.884031	-0.89149433	-0.79354537	-1.0125757	-1.0003728	0.87796074	0.9117992	-0.81913763	0.90476173	1.0502259	-0.93430287	0.9667381	0.8920072	-0.9005644	0.94046533	0.9531091	-0.9098578	-0.9044094	0.8989579	0.76635545	0.72617954	-0.9616671	-0.60747886	0.6180791	0.9478477	-0.81207037	1.020991	1.0453122	0.87791216	1.1887524	0.91660446	1.0252222	-0.7242811	-0.7062193	0.89615715	0.8446557	-0.9835141	0.9563633	-0.8521569	1.0442615	0.92087543	-0.7143572	0.8996035	-0.82042235
-0.85953176	-0.9916907	-0.9346776	1.0068896	-0.9324717	-1.0492926	0.8437943	0.76517963	0.9909288	0.93173844	-0.95334464	-1.0425943	-1.0581089	0.833505	-1.0488275	-1.0360199	1.0250344	0.8267478	-0.9444164	-1.0026194	-1.0024047	-0.99882555	0.94569623	0.9629535	0.95802194	0.92979646	-0.9954548	-0.8262909	1.0457195	0.97330385	-0.9783083	1.0531049	-1.0354748	-0.7722489	0.9285678	-0.9601347	-0.73511857	0.8962448	-0.8887023	0.8469671	1.0457355	-0.9714214	-1.0069135	-0.88457036	-0.97564614	1.0442157	-0.800318	-0.87901366	1.0401592	0.9484	-0.801848	-0.9834588	-0.8541755	-1.0111182	-0.9353677	-1.0032015	0.98527396	-1.0581999	-0.9439826	-0.85820645	-1.0347315	0.868474	0.85763866	-1.0450921	0.90694773	0.97766024	-0.83896375	0.85409254	1.0782077	-0.94880927	0.84518933	1.0001454	-0.99763435	-0.92473376	0.9191344	0.8731674	0.91844517	-0.9803309	-0.87525606	0.66397625	0.90994227	-0.7910492	0.94771147	0.95351475	0.77503324	0.983276	0.9785684	0.88368	-0.92263323	-0.88606095	0.9597536	0.8647184	-0.9208942	1.0703623	-0.9179218	0.9807382	1.0069174	-0.75652325	0.9518655	-1.0196254
-0.64062864	-0.9832335	-0.8644838	0.9753206	-0.979658	-1.1568906	1.0014948	0.78638524	0.78298366	1.0773532	-1.1173077	-1.1170067	-1.0399344	0.9233949	-1.1696699	-1.090577	1.1172972	0.8372693	-1.0969461	-1.0260453	-1.0637299	-0.8776731	1.0608743	1.0235246	1.0684327	0.7771089	-0.8190326	-0.8648881	1.152439	1.0814954	-0.89175624	1.0528129	-0.95984024	-0.8021978	0.9136439	-1.1597301	-0.8551519	0.77667224	-0.86815107	0.8715971	1.1947032	-1.1421797	-1.1356106	-0.86460733	-0.97275746	1.162994	-1.0237352	-0.93884206	1.2047396	1.0979761	-0.7534922	-1.0256044	-0.8618391	-0.9844088	-1.1220909	-0.991277	1.0109984	-1.1111658	-1.2147692	-0.78530616	-0.96528494	0.91287804	0.8369605	-1.1347227	1.0556245	1.026849	-0.7605552	0.7733517	1.1520698	-1.0563893	0.84033334	1.0380056	-1.0984116	-1.1105626	0.99938387	0.94094884	1.0922093	-1.0737171	-1.124184	0.8539704	0.8284441	-0.68878293	0.9032276	0.8484395	0.67023116	0.72725666	1.0093963	0.82468045	-1.0973346	-1.0616753	1.0238924	1.0426569	-0.88782424	1.0148907	-0.94794947	0.84707665	1.1139568	-0.796898	0.91184086	-1.1276367
-0.8520227	-1.0172557	-0.8678118	1.0016643	-0.82887244	-1.0754901	0.7755632	0.75503135	0.97420245	0.970142	-0.9198253	-1.0078542	-1.1121551	0.7988764	-0.99606985	-1.116614	1.0346733	0.7657062	-0.91785765	-0.98460466	-1.0910753	-0.9866462	0.9915528	0.9176483	0.9312958	0.9023493	-0.98779905	-0.79811484	1.1423709	1.0183368	-0.87182915	1.041051	-1.0139697	-0.6947681	0.9772419	-0.96952504	-0.6901711	0.9521528	-0.80169404	0.8489419	1.1184995	-0.9981386	-0.9937272	-0.9542809	-0.9666237	1.0303583	-0.74054396	-0.88820297	1.0965852	0.93558216	-0.7095938	-1.0399005	-0.81253034	-0.93312216	-0.92183805	-1.1048336	0.9793026	-1.1313765	-1.0027208	-0.8833398	-0.97310185	0.8729494	0.83312255	-1.086465	1.0123273	1.0524154	-0.79890686	0.84005284	1.0884397	-0.94302446	0.8850235	0.99469537	-0.936384	-0.8935752	0.9359591	0.7938672	0.93550587	-0.99970573	-0.8022388	0.70438445	0.8302296	-0.6785402	0.9470863	0.92036253	0.6578448	0.95711285	0.99228925	0.87392163	-0.8682646	-0.9117625	0.9068455	0.87603337	-0.9422855	1.1833371	-0.96218616	0.9359075	1.1252706	-0.61436594	0.90677524	-1.0903323
-0.74391687	-0.94344026	-0.85526943	0.8966009	-0.8268302	-0.73829496	0.77878964	0.75885445	0.9233039	0.8043593	-0.8433211	-0.8686131	-0.9037436	0.7582074	-0.8010544	-0.96054596	0.811543	0.7593225	-0.8392209	-0.8258678	-0.94484055	-0.9085449	0.74473196	0.9152378	0.8061573	0.89307016	-0.922914	-0.7912627	0.9198877	0.9017953	-0.90424347	0.9450654	-0.9023551	-0.6322202	0.9160706	-0.87985593	-0.6603853	0.8516251	-0.798494	0.8011065	0.8839894	-0.79456025	-0.81239736	-0.9208188	-0.7564609	0.80209315	-0.6649121	-0.88887054	0.90670806	0.7629091	-0.69569725	-0.97542816	-0.7410673	-0.87041223	-0.85823154	-0.9588153	0.84767276	-0.8662151	-0.81012565	-0.828296	-0.84145325	0.81397235	0.7392116	-0.90185815	0.92400753	0.956712	-0.7529299	0.8369689	0.8503048	-0.9120236	0.7702786	0.8896893	-0.8581156	-0.8404331	0.85509825	0.8089664	0.72728896	-0.9173542	-0.74973655	0.63380224	0.7957358	-0.73978716	0.86136204	0.7508976	0.6797079	0.8858113	0.86974394	0.91215205	-0.78398377	-0.8173559	0.8210544	0.77489007	-0.92184603	0.8508762	-0.8628074	0.9053485	0.9389781	-0.57020783	0.79407126	-0.9277981
-0.74029964	-1.012527	-0.9270619	0.9979005	-0.9593061	-1.0452965	0.98465437	0.81399435	0.8896182	0.96761787	-1.0304074	-1.038961	-1.0682857	0.9090066	-1.0433913	-1.0858824	1.0196071	0.8779996	-1.0220081	-1.0138241	-1.060463	-0.9631861	1.0116283	0.97648317	1.0282602	0.90157366	-0.92462677	-0.9034637	1.09924	1.0458577	-0.8704186	1.020035	-0.9714557	-0.83113575	0.9566753	-1.0537041	-0.89617413	0.8619952	-0.91097397	0.84986687	1.0550324	-1.0608103	-1.0714246	-0.9328172	-1.0520879	1.098177	-0.9812477	-0.9787682	1.0737338	1.051531	-0.7063993	-0.9582979	-0.86974275	-0.9875518	-1.0469315	-1.0029165	1.0167054	-1.0586438	-1.1386169	-0.847037	-0.94593674	0.95651263	0.84212583	-1.0569092	1.0176508	1.0030724	-0.82523984	0.83747095	1.0460992	-1.0540949	0.8415804	0.9608458	-1.0248514	-1.0307295	0.9470941	0.9523027	0.99342984	-0.98318946	-1.0325776	0.8156626	0.7955546	-0.7939833	0.9198199	0.9010777	0.7439384	0.8535158	0.98090637	0.80005276	-1.036989	-1.033739	1.0010121	0.9635144	-0.9174817	1.0606998	-0.953915	0.8982435	1.0936131	-0.8865441	0.9339468	-1.1351304
-0.79164416	-0.956036	-0.938307	0.8740115	-0.88513464	-0.9258373	0.8578093	0.7896517	0.9032241	0.92752177	-0.95020705	-0.9584828	-0.8447239	0.8750428	-0.9303741	-0.98249096	0.9721395	0.8591075	-1.0071694	-0.96436244	-0.9395972	-0.90977156	0.90917116	0.9455826	0.9409455	0.8110811	-0.90145904	-0.87677747	0.96782583	0.9491869	-0.93070334	0.92037606	-0.8632423	-0.85789984	0.8954774	-1.052777	-0.83747417	0.89945424	-0.94779587	0.85357213	0.8873774	-1.0286498	-0.97978616	-0.9922726	-0.9496412	0.9667712	-0.8642725	-1.0106523	0.8891652	1.0518224	-0.8065697	-1.0269305	-0.8687094	-0.99025476	-0.97491366	-0.9340326	0.9741679	-0.9314143	-0.94716203	-0.85275096	-0.88545066	0.88534236	0.81683487	-0.9707174	0.99383247	1.0025858	-0.86669856	0.8247842	0.955431	-1.0315272	0.89359504	0.9036658	-0.9734368	-0.94130725	0.9459885	0.9053247	0.9401679	-0.93858796	-1.031645	0.8033403	0.8787322	-0.85545766	0.95468235	0.85698736	0.7062293	0.8718544	0.9065426	0.92156637	-0.9963847	-1.02336	0.9825693	0.9392057	-0.944922	0.82721066	-0.90787786	0.87862104	0.95506805	-0.755154	0.8897676	-0.9694184
-1.0237728	-1.1158991	-1.0329889	1.1597376	-0.913894	-0.89908254	0.8563786	0.9182321	1.2764373	1.0483751	-0.94760686	-1.1477056	-1.1524308	0.93275625	-1.0508653	-1.1162088	1.0922842	0.9872583	-1.0234472	-1.0707475	-1.2244165	-1.1087258	1.0160952	1.1094549	1.0395024	1.1549258	-1.1909441	-1.0219831	1.2000502	1.0871568	-1.0407622	1.1623998	-1.183209	-0.79554254	1.118395	-0.97835386	-0.714322	1.148152	-1.0006593	0.9518213	1.1533082	-0.9783345	-0.99659675	-1.142296	-1.0493118	0.93900436	-0.76834	-1.081296	1.1142068	0.92994875	-0.90819484	-1.2156948	-0.9961715	-1.1334249	-1.0639685	-1.1536883	1.0886984	-1.0821952	-0.9298217	-1.0559111	-1.1399512	0.9290529	0.9258981	-1.1632509	1.109345	1.2382352	-1.0629292	1.0173634	1.0873941	-1.075901	1.0812186	1.0584892	-1.1256278	-0.94153416	1.0339054	0.96324944	0.9428614	-1.1801147	-0.7617857	0.62632114	1.0933666	-0.9327083	1.1114525	1.0264813	0.79997313	1.1863568	1.0906024	1.1065059	-0.87492555	-0.8752437	1.0119596	0.90428185	-1.1632406	1.0901073	-1.081498	1.141822	1.1414808	-0.65986794	0.9863941	-1.1466587
-1.0129716	-1.0840958	-0.99111485	1.0964236	-0.91851234	-0.6891423	0.7892553	0.8704413	1.133624	0.78833455	-0.7536313	-0.9973353	-1.1340768	0.88143104	-0.9742239	-0.99755317	0.99655133	0.9332566	-0.9004379	-0.93403596	-1.0230147	-0.97689193	0.9112117	0.9252381	0.89571995	1.0150629	-1.1240898	-0.8408188	0.93333185	1.0120955	-1.0061188	0.9767038	-1.0579106	-0.6633271	1.0308018	-0.935453	-0.6929704	1.0239261	-0.8682979	0.90918374	0.9937973	-0.7841723	-0.88266426	-1.0171695	-0.8638441	0.85645044	-0.6447123	-0.9194058	1.011191	0.7547174	-0.9281741	-0.9738409	-0.83707255	-0.93327606	-0.9039056	-1.0949144	0.86767644	-0.8445127	-0.8195882	-1.0512698	-1.0522113	0.8420424	0.9023259	-0.91528386	0.8854692	1.0441779	-1.016729	0.9683151	0.9804608	-0.9421039	0.9742361	1.0654268	-0.9422937	-0.90276986	0.8695802	0.84599096	0.7046684	-1.0526363	-0.52631336	0.57782745	0.9560863	-0.79750025	0.9642588	0.93783426	0.86723447	1.1743393	1.0114301	1.060339	-0.7221098	-0.7867353	0.9471961	0.81255144	-1.0421596	0.97889125	-0.92585874	1.0483599	0.98013103	-0.61000854	0.86426544	-0.9705448
-1.0504366	-0.99042475	-0.9972634	0.97356075	-0.95248324	-0.6444163	0.80435675	0.9695971	1.074004	0.9036574	-0.8545343	-0.95605296	-1.0076339	0.85663617	-0.92661566	-0.9417182	0.962205	0.97342503	-0.8842192	-0.9451109	-0.9730377	-1.0486734	0.921833	0.9318595	0.89730585	1.0252339	-1.104869	-0.9647803	0.92164516	0.99612975	-1.0623877	0.9273424	-1.0641264	-0.7982354	1.0846422	-0.83783746	-0.79448575	1.0629383	-0.9848308	0.9939279	0.94942623	-0.85178363	-0.8094014	-1.0163925	-0.93917584	0.85088444	-0.742834	-0.9952141	0.86111224	0.7523429	-0.9629754	-1.0028688	-0.98781174	-1.02224	-0.92764646	-1.0102978	0.88904816	-0.84759367	-0.8145158	-1.1264268	-1.0324653	0.8323935	0.96165967	-0.9128046	0.9414235	0.9926689	-1.0649543	0.99729204	0.9040535	-0.94478023	0.9727069	1.0237355	-0.9046013	-0.88413876	0.8992802	0.9593235	0.8005889	-1.0018501	-0.69784427	0.6669663	1.0059673	-0.97924346	0.98725057	0.9541644	0.9239703	1.1251402	1.0463703	1.0724993	-0.7545931	-0.8662554	0.93806446	0.8921383	-1.0983844	0.944699	-0.9677047	1.1153206	0.99810314	-0.6736901	0.9611483	-0.8828739
-0.9640122	-1.1457653	-0.89412177	1.1239678	-0.99274415	-0.944555	0.7655155	0.82084775	1.1985538	0.8742802	-0.9162404	-1.0720131	-1.2051545	0.8360829	-1.083152	-1.1234094	1.0940413	0.98536277	-0.9404896	-1.0202667	-1.1344289	-1.0287535	1.093299	0.9769415	0.9691987	1.0954719	-1.1255949	-0.8369405	1.1022127	1.0132983	-1.0657934	1.0552794	-1.1705996	-0.6657766	1.0337241	-0.9919688	-0.73620534	1.0882168	-0.93859214	0.843699	1.112841	-0.9296002	-0.8979086	-0.9194594	-0.95274204	1.0436289	-0.72416204	-0.88749915	1.13346	0.9388758	-0.806938	-1.0594593	-0.87667274	-1.0666066	-0.97538096	-1.2047011	0.96503884	-1.0045738	-0.9265221	-1.073865	-1.049023	0.89136004	0.89430207	-0.938316	0.881288	1.1102136	-0.9096746	0.9945712	1.0924343	-1.0107023	1.0094137	1.1164393	-0.9477034	-0.9980783	0.87217015	0.80556494	0.79509383	-0.99529666	-0.66310847	0.5914905	0.99375844	-0.8175125	1.02995	1.0559716	0.85812265	1.1794972	0.9494887	1.0275171	-0.76926595	-0.8332872	0.9571888	0.8753207	-1.0486817	1.178578	-0.909815	1.0356599	1.0963057	-0.6288735	0.93658835	-1.0630702
-1.0671843	-1.0728644	-1.0376631	1.0468811	-1.0018141	-0.8496335	0.94010913	0.9618024	1.150928	0.98709905	-0.92787373	-1.018932	-1.0949657	0.99038124	-1.0456843	-1.0154335	1.0179932	0.9762019	-0.9782524	-1.0070578	-1.1137248	-1.1187663	1.0396224	1.0076989	0.97135943	1.1143503	-1.0578277	-0.9852036	0.95399624	0.9995353	-1.047286	1.0117706	-1.0669539	-0.85346234	1.1185843	-1.0125463	-0.8900846	1.0641012	-0.95548725	0.9010406	0.98105115	-0.917023	-0.9260612	-1.0392001	-0.9597264	0.9788975	-0.8423832	-0.9965179	1.0012794	0.8880562	-0.93676126	-1.0452732	-0.9987571	-1.0680193	-1.0313747	-1.1056879	1.0558945	-0.9258992	-0.9497076	-1.0247579	-1.0542402	0.97348493	0.92197555	-0.9391893	0.9830046	1.1224566	-0.9839842	1.037695	0.9836546	-1.049412	1.0184551	1.0200948	-0.9625618	-0.9990894	1.0159686	0.97820705	0.95126784	-1.1005763	-0.8040969	0.86307216	1.0552545	-0.97055954	1.0572712	1.0461818	0.88646895	1.1342475	1.0009515	1.0412207	-0.8721844	-0.8997735	1.0265025	0.9771098	-1.1189227	0.93574566	-0.97031724	1.0404456	1.0967429	-0.8165261	1.0284551	-0.9990059
-0.8160382	-0.96791106	-0.8336541	0.9326857	-0.88158816	-0.7693975	0.8330174	0.87764436	0.86900276	0.9489298	-0.85027415	-0.91498613	-0.86068076	0.8790474	-0.85569775	-0.9017637	0.8344884	0.86425203	-0.9128224	-0.8831433	-0.9753123	-0.89646566	0.8745334	0.9047961	0.92182684	0.845412	-0.8534704	-0.85219735	0.8682624	0.9822822	-0.95251364	0.9194799	-0.9066879	-0.79191744	0.9179288	-0.84040254	-0.8181125	0.8597174	-0.868844	0.82768726	0.9213644	-0.94524056	-0.853416	-0.829234	-0.8878044	0.8070289	-0.78313303	-0.8625387	0.8868054	0.81940836	-0.84984064	-0.94972503	-0.8726419	-0.9720984	-0.8767364	-0.87315416	0.91249514	-0.8208843	-0.8033846	-0.85059583	-0.9463461	0.8663047	0.8372229	-0.87184054	0.93840045	0.98108554	-0.78645706	0.793188	0.92962915	-0.97312367	0.82268554	0.89988565	-0.9912772	-0.83834344	0.85862565	0.86151826	0.8491321	-0.92692035	-0.86210555	0.79674476	0.85224706	-0.75540024	0.9132463	0.90517855	0.7693674	0.7970271	0.9597636	0.9020382	-0.85275495	-0.87267536	0.9147248	0.9129691	-0.85607773	0.85074	-0.92915434	0.8973639	0.9481706	-0.77823293	0.88124007	-0.92618096
-0.96789056	-1.0598809	-0.98041403	1.0510832	-0.97041076	-0.9811977	0.8548906	0.8479188	1.106934	0.96226054	-0.90957606	-1.004614	-1.0918795	0.827957	-1.0875931	-1.0755111	1.0371311	0.9453236	-0.9660496	-1.0553756	-1.1029602	-1.0236502	1.0447214	0.92461723	0.92853475	1.0869836	-1.1014447	-0.93599737	1.0895022	1.0580686	-1.0558845	1.0130743	-1.1472882	-0.76963097	1.0217816	-0.96724707	-0.69924974	1.0202734	-0.8920342	0.9044258	1.0895257	-0.88726133	-0.8903961	-0.94817847	-0.9063113	1.0395638	-0.77210665	-0.9694019	1.0405369	0.89269346	-0.8509875	-1.0536726	-0.87667054	-0.9727933	-0.9895076	-1.1280074	0.93519276	-0.9615198	-0.9035548	-0.98572236	-1.0991888	0.9164072	0.8682649	-0.98928076	0.9215712	1.1131663	-0.9783624	0.94069314	1.0276074	-0.947729	0.953729	1.0842954	-1.0035021	-0.9833698	0.9097441	0.86457837	0.81191987	-0.983621	-0.7200266	0.6766539	0.9310325	-0.82483447	1.0390048	1.0175365	0.87941486	1.0951813	1.045287	1.0464091	-0.8821861	-0.8448417	0.89912367	0.88744307	-1.0764109	1.0356605	-0.9700847	1.0458614	1.0137408	-0.75326246	1.0019934	-0.9956517
-0.9806427	-0.9149705	-0.90855795	1.0230013	-0.87482804	-0.58501077	0.79889756	0.9188842	1.1055369	0.84270316	-0.7721136	-0.8827882	-1.0070723	0.7758338	-0.87856793	-0.8956745	0.81430507	0.9049804	-0.8099825	-0.88303554	-0.9250792	-0.94623107	0.9001819	0.9637544	0.7734157	1.0227491	-1.0248566	-0.8346786	0.87508416	0.94593483	-0.912216	0.9280416	-0.99222463	-0.7448059	0.961246	-0.8302495	-0.70413715	1.0194575	-0.8761651	0.83788437	0.8617966	-0.7609977	-0.7898821	-0.9691581	-0.8027916	0.7198279	-0.60515094	-0.9250252	0.8903075	0.6567808	-0.8207238	-0.9709414	-0.89187384	-0.91021365	-0.8695545	-0.9983898	0.8669623	-0.8285797	-0.6915363	-1.0602711	-0.93384165	0.79807985	0.85270125	-0.83680767	0.84750456	0.9970996	-0.9934447	0.947807	0.91617495	-0.86011994	0.9611841	0.920477	-0.9397743	-0.82751536	0.85492575	0.7863791	0.71016717	-0.98556453	-0.5975799	0.63736147	0.9375108	-0.86362886	0.9944509	0.97467655	0.88004434	1.0824795	0.9284317	0.9954795	-0.70060706	-0.6654064	0.914949	0.78956914	-1.005482	0.84007716	-0.8709174	0.97086155	0.93269235	-0.66611284	0.8399773	-0.8233139
-0.8431403	-1.0355595	-0.92432994	0.99572027	-0.85148686	-0.90914035	0.8716116	0.7820989	0.96285266	0.9217472	-0.98720443	-1.0744542	-1.0181894	0.8268628	-0.9415034	-1.0918375	0.98407644	0.78816944	-0.9880075	-0.93475133	-1.0602595	-0.9963057	0.9984483	0.9767623	1.0170811	0.9344486	-1.0086801	-0.9190632	1.063023	1.023188	-0.94076854	1.0584508	-1.00908	-0.76674056	0.9982746	-1.0482144	-0.7072408	0.9365124	-0.8420991	0.83330566	1.1229628	-1.0339117	-1.0379939	-0.960687	-0.9243558	0.9821126	-0.8644078	-0.95403564	1.0706704	0.9194052	-0.74822825	-1.0206535	-0.7829996	-0.9571324	-1.0555995	-1.0813375	1.0480256	-1.069986	-1.0125796	-0.9241533	-0.92715234	0.8654338	0.75133127	-1.0496117	1.0715102	0.98084456	-0.8439756	0.8094392	1.0487338	-0.9905064	0.85615003	1.002466	-1.0462877	-0.91140246	1.0046657	0.8784603	0.99970645	-1.046685	-0.9301847	0.7013729	0.8786893	-0.70377755	0.9142296	0.89030147	0.65672	0.8991616	0.9816842	0.9408577	-0.9240628	-0.9080419	1.0026879	0.9382193	-0.9981398	1.0205994	-0.98493034	0.94168204	1.0604032	-0.6776358	0.9307526	-1.08023
-1.0754395	-1.0159792	-0.9749319	1.0247653	-1.024923	-0.617091	0.8897866	0.9780734	1.064535	0.96196944	-0.82192737	-0.9740927	-0.9110385	1.025737	-0.92645955	-0.8975564	0.9364073	1.0184178	-0.9058267	-0.9511669	-1.0141605	-1.0880328	1.0039827	1.0153669	0.9448904	1.0856056	-1.1154954	-1.042805	0.8588527	0.99054325	-1.0730151	0.9133504	-1.0190952	-0.8710311	1.0943564	-0.8760094	-0.95519	1.1079578	-0.97701526	0.983926	0.8624885	-0.894095	-0.7997993	-1.0838264	-0.992174	0.824685	-0.87982154	-1.0283252	0.83112454	0.7957502	-1.0438191	-1.0036863	-1.0423651	-1.069119	-0.9229744	-0.96168953	0.91186464	-0.72353965	-0.81809556	-1.1572486	-1.0572517	0.93058294	0.9982608	-0.8988998	0.96263486	1.0688546	-1.0784038	1.0681088	0.94858617	-0.9375803	1.0177313	1.0154296	-0.99031264	-0.933165	0.9551566	0.96908164	0.82848805	-1.0202492	-0.75981355	0.87756085	1.0595576	-1.0384674	1.0550864	1.0567784	1.0479332	1.1093402	0.9919692	1.1264563	-0.7713183	-0.88561356	1.0164582	0.9386866	-1.0541382	0.8449244	-1.0319941	1.0692976	0.98060614	-0.83509815	1.0140548	-0.83928
-0.9917979	-1.0569996	-0.9870953	1.1075133	-0.9521508	-0.7987353	0.8801025	0.8832139	1.1546962	0.95473045	-0.8388353	-1.0203333	-1.0732158	0.8969349	-1.0332773	-0.9999394	0.9837908	0.97944766	-0.93377155	-0.9533023	-1.085241	-1.0483029	0.96385574	0.9842146	0.90158725	1.132573	-1.0901245	-0.8884495	1.0506357	0.99356	-1.0375348	1.0052243	-1.0417393	-0.76742244	1.0919116	-0.9588038	-0.8092403	1.0552881	-0.93275875	0.8824591	0.9717421	-0.8489295	-0.8677962	-1.0112785	-0.92251784	0.9512388	-0.69267344	-0.9081127	0.96565634	0.8524473	-0.91635394	-1.0387466	-0.9513765	-1.0626739	-0.9536393	-1.104376	1.0051334	-0.872442	-0.8742703	-1.0641996	-1.1126908	0.9454895	0.930684	-0.89833915	0.8502348	1.0824776	-1.0418773	1.0264512	1.0311614	-0.98128456	0.9955378	1.0759845	-0.9806729	-0.8927161	0.8709525	0.8489098	0.7749472	-0.98302895	-0.72537017	0.7061127	1.0450549	-0.87539995	1.0657057	1.0667938	0.9189601	1.1708231	1.0049756	1.0932024	-0.7465716	-0.8652271	0.91226685	0.84401214	-1.1051625	0.98953897	-0.95276064	1.1202587	0.9927147	-0.7168486	0.9723948	-0.9789089
-0.5797518	-1.0547643	-0.8162621	0.98606586	-0.82844985	-1.2068465	0.9467773	0.6333124	0.8588337	1.0654575	-1.1158737	-1.0932199	-1.1775659	0.9162383	-1.0782204	-1.1262132	1.1326449	0.7705396	-1.0978107	-0.9505324	-1.1276374	-0.8625591	1.0730867	1.0223346	1.067074	0.7937783	-0.86376566	-0.8171837	1.2619249	1.0294689	-0.8683064	1.1812575	-1.0256106	-0.74192065	0.88250357	-1.1273699	-0.70361364	0.7649659	-0.76005214	0.76064163	1.2225748	-1.1250808	-1.2162106	-0.9276251	-0.9828556	1.2168226	-0.95836437	-0.8961655	1.1553056	1.135215	-0.49875948	-1.0943177	-0.77963555	-0.9394988	-1.073497	-1.0191578	1.1203724	-1.2881962	-1.1526898	-0.75876826	-1.0090101	0.82848996	0.5976345	-1.2144029	1.1174791	0.9897831	-0.65737504	0.6613639	1.1176921	-1.1080276	0.72087187	1.0497321	-1.0779235	-1.0343962	0.97404855	0.9479016	1.1189567	-1.027791	-1.0479289	0.65821785	0.66198725	-0.6277701	0.8385529	0.79168564	0.4858434	0.7475613	0.9683051	0.7138684	-1.1075343	-1.0958765	0.96507484	0.9784115	-0.8932659	1.1858072	-1.0078038	0.75417006	1.1609924	-0.5997662	0.90942585	-1.2181379
-1.1793939	-1.019792	-1.0174111	1.0559475	-1.0639004	-0.4621801	0.89482796	1.0372102	1.2099144	0.93893707	-0.8673124	-1.0012001	-0.9658544	0.94435173	-0.8760997	-0.91737187	0.94496703	1.1105454	-0.8815429	-1.0195745	-1.0002279	-1.1481415	0.9299095	1.0728184	0.87822104	1.1861596	-1.1540623	-1.0537204	0.8042088	1.057711	-1.1460147	0.96326625	-1.0115997	-0.9737629	1.1316057	-0.8803407	-0.91147596	1.1782703	-1.0383815	1.0511954	0.8372283	-0.8836098	-0.7617052	-1.1214525	-1.0053324	0.73993933	-0.8016875	-1.0705928	0.8121965	0.79221326	-1.177092	-1.0378971	-1.1341938	-1.1143732	-0.9420262	-1.048821	1.0028372	-0.63627744	-0.75173527	-1.216984	-1.102512	0.9820726	1.0867549	-0.81343263	1.0032587	1.1222061	-1.2009075	1.191367	0.9065579	-0.9828022	1.0946211	0.9848369	-0.9768483	-0.932888	0.95460194	0.95216185	0.8968094	-0.9943326	-0.65125483	0.8164647	1.2074959	-1.0787395	1.1568233	1.1002842	1.068573	1.2738568	1.1388383	1.2170287	-0.7876461	-0.7756218	1.089987	1.0187691	-1.2081785	0.9214246	-1.0299243	1.1940707	0.99518925	-0.87930375	1.0868388	-0.8818777
-0.8732388	-1.0754095	-0.97533923	1.0545114	-0.93660116	-1.0992031	0.9468109	0.83210784	1.0507406	1.1079768	-1.0826014	-1.0705588	-1.0870987	0.96789557	-1.0439235	-1.1662691	1.0819247	0.92967105	-1.0710139	-0.9836195	-1.183985	-1.0958265	1.0277516	1.1240497	1.0639054	0.9413401	-1.0612359	-0.9465571	1.1650952	1.0881833	-0.950731	1.1556108	-1.0018803	-0.7507039	1.1009481	-1.0984734	-0.78284	0.9168778	-0.93418247	0.949474	1.1432616	-1.16816	-1.1705258	-0.99827147	-1.0004932	1.0634694	-0.9010984	-1.0960692	1.0485724	0.98780656	-0.8088932	-1.1112376	-0.9739513	-1.0969917	-1.085859	-1.0877702	1.0788234	-1.2135684	-1.0846926	-0.9681793	-1.0364736	0.9315037	0.8695226	-1.1703957	1.170012	1.1462892	-0.90075547	0.85023576	1.1342462	-1.1402919	0.887137	1.0392033	-1.0917723	-1.0081208	1.07368	1.0446185	1.0665034	-1.1044573	-1.0553803	0.7505317	0.95364046	-0.78925174	1.0206112	0.88445264	0.76222366	1.0239347	1.0500845	0.9664162	-1.0820297	-1.0279924	1.0066953	0.9586464	-1.0403146	1.0606277	-1.0467856	0.98579925	1.1436846	-0.6886049	1.0342304	-1.1979668
-0.73787844	-1.0585908	-0.9524823	0.95668495	-0.9053164	-1.2689976	0.9285163	0.72516865	0.9280794	1.1612661	-1.1803651	-1.0992923	-1.146435	0.9797428	-1.1571728	-1.1516024	1.1469159	0.80572623	-1.1593875	-1.0445098	-1.1984314	-0.95340496	1.0472461	1.0826193	1.1445369	0.9238588	-1.0133666	-0.88872564	1.2562045	1.0430082	-0.8790322	1.1338233	-1.0167192	-0.83690065	0.9436715	-1.1966052	-0.80250025	0.8624905	-0.8677203	0.8833089	1.2426687	-1.2339522	-1.1870273	-0.9553141	-1.0322917	1.1815989	-1.0350331	-0.96553946	1.1744226	1.1526518	-0.7302202	-1.1022805	-0.80099934	-1.0284585	-1.1598245	-1.0511242	1.1270112	-1.2978927	-1.1938984	-0.79849035	-1.0090301	0.9860028	0.79710627	-1.1890031	1.1046746	1.0611581	-0.6941992	0.7558643	1.2192777	-1.0852519	0.9255392	1.0626858	-1.1011817	-1.1032125	1.0545878	0.9539609	1.1291212	-1.0528411	-1.1641817	0.786311	0.7856023	-0.69356906	0.99077106	0.9054879	0.72702295	0.82753986	0.9806901	0.79732573	-1.0967673	-1.0828338	1.0869803	1.0929645	-0.940228	1.1363037	-1.0382406	0.88097	1.1914593	-0.80047446	0.9554899	-1.1922606
-1.0145719	-0.9062331	-0.9201305	0.9086287	-0.92243207	-0.6015506	0.9878743	0.9365956	0.9429551	0.9006718	-0.8678734	-0.9465259	-0.7181535	0.915837	-0.8504476	-0.8798282	0.81571186	1.0129306	-0.9430151	-0.94400954	-0.92294043	-0.9896799	0.85699093	1.0108955	0.9885093	0.9891348	-0.9403368	-1.0280683	0.78033364	0.89294654	-0.9724824	0.88969564	-0.88346004	-0.94461113	0.9317182	-0.86800736	-0.9605969	0.9624231	-0.97901875	0.98570216	0.7507398	-0.87565976	-0.8379383	-0.93561363	-0.93780214	0.7858282	-0.88754624	-0.9299805	0.7229839	0.87629706	-1.0136069	-0.8996967	-0.9256501	-0.919162	-0.9108639	-0.8495542	0.9933517	-0.76851964	-0.81715876	-0.9563915	-0.93887347	0.93629634	0.9735164	-0.87487596	0.8706483	0.8871622	-0.9889513	0.97947717	0.84690547	-0.9543019	1.0137603	0.8926512	-1.0081997	-0.87149864	0.9293911	0.9857851	0.8725963	-0.97997	-0.8154007	0.97455394	1.0299647	-1.026448	0.9586737	0.9722168	1.0221547	0.9945414	0.94409895	1.0213627	-0.8629149	-0.8964552	0.9503684	0.9417191	-0.98920286	0.7025976	-0.9296633	0.94628805	0.8473114	-0.94008756	0.9425983	-0.881775
-1.0007244	-0.9931864	-0.9797318	0.97405875	-0.9058489	-0.80341685	0.89179796	0.82959795	1.028319	0.96621895	-0.8895272	-1.0300902	-1.0220829	0.94014496	-0.9292233	-1.0486073	1.0101637	0.9965845	-0.9566698	-0.929707	-1.0033871	-0.98749536	0.96444964	1.0387623	0.98242736	0.9368983	-1.0284523	-0.92483425	0.96354705	1.0341464	-1.0018638	1.0532005	-0.99203885	-0.82340246	0.9772137	-1.0229374	-0.82554984	1.0144429	-0.9184909	0.89918923	0.9787877	-0.9749608	-0.90123105	-1.0027702	-0.9438578	0.89200425	-0.8409547	-0.96820897	0.99447644	0.895326	-0.8966314	-1.0374179	-0.8829032	-0.97065777	-1.0197644	-1.0067204	1.0250251	-1.0163076	-0.9247799	-0.9548825	-1.0376172	0.9629068	0.8727531	-1.0163809	1.0385598	1.0443656	-0.93528783	1.000507	1.0380399	-1.005143	0.90492254	0.9647346	-0.99921405	-0.93733186	0.99489003	0.91824996	0.9096834	-0.97350806	-0.8884226	0.7645662	0.9253571	-0.8720106	0.92720586	0.95019054	0.89747304	0.97685397	1.0323095	0.921971	-0.93083483	-0.92019063	0.9688746	0.9741927	-0.9806909	0.9299675	-0.9522973	1.0275947	1.0238024	-0.7439294	0.9247578	-0.9718942
-1.0309703	-1.0674182	-1.0057014	1.0721178	-0.9962684	-0.80596644	0.944921	0.9847416	1.1001812	1.0538653	-0.92068887	-1.0355	-0.97629297	0.9797556	-0.99034345	-1.0107963	0.94510925	1.031992	-1.0355024	-0.9687333	-1.0318711	-1.0251412	0.9668539	0.99364585	1.0253503	1.0789676	-1.1061891	-1.0403527	0.93666464	1.0334117	-1.042996	1.0375582	-1.0207253	-0.95029837	1.1045709	-1.0091525	-0.93133277	1.0985905	-0.9776645	1.007061	0.97800004	-0.9455508	-0.9663094	-1.0075054	-1.0011928	0.9278415	-0.8734218	-1.005093	0.91774225	0.9675275	-0.998989	-1.1197221	-1.026486	-1.0420738	-1.0131154	-1.022884	1.0207359	-0.863311	-0.89736474	-1.0512706	-1.0319761	1.0248063	1.0013629	-0.97884953	0.99442714	1.0813743	-1.0155733	0.97969294	1.0461272	-0.99507314	1.0704672	1.0647553	-1.0470647	-0.9590989	1.0077579	0.99339706	0.9447019	-1.0364966	-0.8554892	0.8967245	1.0372066	-0.9238812	1.0581102	1.0411955	1.0060974	1.1020682	1.0838597	1.0199475	-0.9323984	-0.976149	1.0822923	0.97760415	-1.0693532	0.7920047	-0.9994346	1.0727316	1.0228676	-0.8707083	1.0832707	-1.0045769
-0.6123655	-1.1302902	-0.88892287	1.0389848	-0.9085198	-1.3421557	1.0173651	0.6383675	0.903858	1.1202154	-1.2119983	-1.1791819	-1.2728151	0.87509835	-1.1716977	-1.3066192	1.2429152	0.8065456	-1.1756608	-1.1336194	-1.2292335	-0.9285299	1.2031562	1.0659682	1.1812533	0.9060244	-0.9961301	-0.87013245	1.364865	1.1330183	-0.9027962	1.2991711	-1.0930583	-0.7701126	0.9810028	-1.2568791	-0.735165	0.8173609	-0.8547395	0.8549018	1.3117713	-1.2374909	-1.2565883	-0.99085677	-1.0681309	1.2877868	-1.062322	-0.99921334	1.2675136	1.21972	-0.60167253	-1.2108845	-0.73978525	-1.0838344	-1.1834362	-1.1614184	1.1280646	-1.3531384	-1.2848625	-0.7762169	-1.0901757	0.9875071	0.6991298	-1.2895774	1.0858228	1.1702576	-0.6505655	0.7209213	1.292439	-1.1362721	0.87322676	1.0553851	-1.0883849	-1.1934582	1.0318514	0.9946792	1.1426481	-1.2081535	-1.1925868	0.71159995	0.6875458	-0.6093099	0.990835	0.9081097	0.5193594	0.787335	1.0259224	0.81627494	-1.1639353	-1.2100617	1.0498568	1.0314944	-0.9421665	1.3304363	-0.97329354	0.8323799	1.249246	-0.7586613	0.9553372	-1.2900927
-0.9959632	-0.9493494	-1.0052015	0.9716672	-0.9973027	-0.7321817	0.9869124	0.9992253	1.0829723	0.99130094	-0.9446672	-0.9519913	-0.857892	0.9691641	-0.8840286	-0.8781859	0.914417	1.0518161	-0.9321342	-0.9816038	-0.94221544	-0.997202	0.99334687	0.94958264	0.9330428	1.0698401	-1.0181489	-1.0138491	0.8176761	1.0345281	-1.0128967	0.97481734	-0.913458	-0.95100754	1.0188656	-0.8619648	-0.885811	1.0650972	-0.931956	1.0129764	0.85403234	-0.948848	-0.8512386	-0.99310577	-0.9752078	0.84892136	-0.90037334	-1.0157664	0.7849233	0.91030866	-0.96157235	-0.97515357	-0.96193326	-1.0580573	-0.93175423	-1.0085745	1.0037122	-0.87014157	-0.8993062	-1.1039516	-1.0181829	0.9631508	0.99813896	-0.95529807	0.96641773	1.0120223	-1.0308164	1.0263275	0.93172675	-0.9615476	1.0410072	0.9561272	-0.9711474	-0.922313	0.98649734	0.91462284	0.9064117	-0.9538583	-0.9031251	0.85069615	1.0694015	-0.99152124	0.9957269	1.0056534	0.9563564	1.0730747	1.0380229	1.0934558	-0.8829761	-0.9388174	0.98694587	0.9264539	-1.0242033	0.79897153	-0.9927229	1.0180779	0.9439955	-0.83962756	1.0090753	-0.85096633
-1.0213715	-1.0423928	-1.0226549	0.982195	-0.94771785	-0.81259286	0.9185583	0.8809976	1.0070882	1.0510577	-0.9323057	-1.0686859	-0.9648453	0.9867395	-0.9866273	-1.0536058	1.047859	1.0120561	-1.0325623	-1.0151272	-1.078653	-1.0621879	0.9962143	0.9975959	1.0592141	0.9652463	-1.0630318	-0.9970337	0.9390637	1.010573	-1.0250388	0.9889332	-0.96541476	-0.89311117	1.0154916	-0.9922039	-0.8584567	0.9521158	-0.9393695	0.91250545	0.936985	-1.0334963	-1.0379819	-1.0230207	-1.0200354	0.9815774	-0.8764621	-1.0060931	0.8851041	1.0013415	-0.88418716	-1.1035259	-0.9745651	-1.0672109	-1.0073818	-0.9628701	1.0122343	-0.96406025	-0.9511252	-1.0299653	-0.9852413	0.9701864	0.94589055	-1.0584154	1.0398397	1.0777056	-1.0013454	0.93105435	0.99952275	-1.0692121	0.99554896	1.0412614	-0.99499714	-0.99789053	0.9925926	1.036702	0.95109737	-1.0457217	-0.9232789	0.8719762	0.97364545	-0.93101746	1.047044	0.93245625	0.9060936	1.0514034	1.0161282	1.0034842	-1.021335	-0.96806884	1.0545409	1.0057616	-1.065946	0.8626925	-1.0497993	1.0331637	1.0323559	-0.8881475	1.0257404	-1.0686861
-0.21705212	-0.974176	-0.7903579	0.8451731	-0.85343826	-1.631654	1.1759224	0.46425375	0.46673867	1.3428688	-1.4697813	-1.245296	-1.333484	1.0163091	-1.3961551	-1.3844718	1.4435096	0.5066763	-1.3328513	-1.0694919	-1.3605958	-0.7756467	1.2596351	1.1419761	1.382556	0.40559444	-0.57513595	-0.7774705	1.524368	1.2242541	-0.6364996	1.4524142	-1.0276045	-0.75015265	0.67792255	-1.521908	-0.8182967	0.47028893	-0.747296	0.70674616	1.5623741	-1.5148005	-1.5563024	-0.8655783	-1.2438785	1.4654899	-1.3234491	-0.9870341	1.4649366	1.5071611	-0.22629954	-1.2256716	-0.6095527	-0.9706769	-1.2985709	-1.0752907	1.2926068	-1.6732035	-1.6171016	-0.38105884	-0.93578464	0.8960889	0.48434022	-1.5601608	1.2601999	1.0107371	-0.2589574	0.36467123	1.395968	-1.2396127	0.4983601	1.053235	-1.1905825	-1.2654296	1.1436751	1.1050866	1.4071459	-1.1524159	-1.5283256	0.94397485	0.3489117	-0.43680105	0.7440642	0.5795871	0.18654038	0.16337301	0.91330415	0.37102163	-1.5356935	-1.4206272	1.0483152	1.1983777	-0.6418669	1.4624512	-1.087702	0.46511668	1.2962207	-0.7465533	0.88227326	-1.6091756
-1.0916506	-1.0275773	-0.96573275	1.0369983	-0.92027295	-0.6833683	0.81191105	0.907139	1.092856	0.88884807	-0.84056836	-1.0342624	-1.0885379	0.91817373	-0.89884526	-1.05018	0.96008104	0.969214	-0.82369745	-0.92717266	-0.9818232	-1.0621117	0.9578859	1.0130211	0.9224682	1.0216205	-1.1365154	-1.000491	0.9525	1.03215	-1.0054085	0.93257934	-1.0374619	-0.83930105	1.1144782	-0.89105105	-0.7249015	1.0562173	-0.97104794	0.93008494	0.9456341	-0.86400145	-0.8532475	-1.0651789	-0.94790584	0.81992	-0.7298304	-0.9450021	0.9322336	0.7679555	-0.9392232	-1.0216205	-0.9610047	-1.0264666	-0.91788316	-1.0727847	0.95079666	-0.9402788	-0.811889	-1.1012229	-1.0577489	0.944968	0.91621906	-0.99414605	0.9746665	1.0417745	-1.0211434	0.9688749	1.0140966	-1.0473447	1.0333384	0.9750441	-1.0482062	-0.9151632	0.96359324	0.9092372	0.8024208	-0.99173623	-0.7153516	0.6779886	1.007917	-0.9353732	1.0508558	0.9993567	0.9688769	1.1951922	1.0779214	1.1506735	-0.7772645	-0.75663877	0.9688913	0.84669423	-1.0534202	1.008663	-0.9803337	1.1280361	1.0574405	-0.65929073	0.97927153	-0.9840363
-0.80695283	-0.9659235	-0.8602759	0.8535508	-0.8460836	-0.8360117	0.8608498	0.8259884	0.9113247	0.9477964	-0.95027524	-0.9518797	-0.9254237	0.86364746	-0.94943297	-0.9955877	0.9557471	0.79089427	-0.95854795	-0.88824934	-0.91140836	-0.89970577	0.9693485	0.9031527	0.9494061	0.8095712	-0.8988354	-0.84101987	0.8643076	0.94514567	-0.8296598	0.9703772	-0.93234557	-0.8497994	0.9113806	-0.92788106	-0.8753835	0.9123023	-0.8672905	0.8320215	0.9240492	-0.959051	-0.9823451	-0.8852955	-0.9040444	0.88292	-0.85787183	-0.8830171	0.8854203	0.906621	-0.8335794	-0.98026365	-0.84969753	-0.92439705	-0.9512393	-0.8619755	0.97530794	-0.9505192	-0.8819439	-0.79122865	-0.9007206	0.8923527	0.8615719	-0.9658068	0.914083	0.95706815	-0.80844647	0.86544454	0.9231351	-0.9129724	0.8535923	0.87960947	-0.9829789	-0.95330304	0.88265353	0.8632942	0.9112941	-0.9427915	-1.0056779	0.8620255	0.8319359	-0.8273279	0.89798135	0.8896247	0.75458354	0.84730184	0.9023323	0.7916906	-0.96634716	-0.8937886	0.95215476	0.9404827	-0.8799705	0.8669237	-0.93451214	0.82119906	0.95035416	-0.83421993	0.9078403	-0.90481585
-0.57348835	-0.90667075	-0.81540364	0.91275984	-0.84758806	-1.2522774	0.98777527	0.63929147	0.7300729	1.1275328	-1.1023526	-1.0296323	-1.0269567	0.8789333	-1.0867014	-1.1366808	1.1539305	0.7582689	-1.102638	-0.967163	-1.0809538	-0.86834854	1.0621785	1.0358527	1.0892022	0.7273846	-0.82724625	-0.865975	1.2333754	1.0636517	-0.78801954	1.1001431	-0.90031135	-0.73339355	0.8825164	-1.1359159	-0.79552615	0.7010297	-0.84329057	0.77991235	1.1817685	-1.1605266	-1.1623833	-0.89823234	-1.0052968	1.1362524	-1.0389912	-0.94024354	1.1837156	1.1747528	-0.6157956	-1.0487074	-0.7486654	-0.91004187	-1.0841068	-0.96272564	1.0577657	-1.2653922	-1.1585618	-0.6904073	-0.88679373	0.9100154	0.66198003	-1.2147052	1.1061139	1.0285294	-0.63034284	0.61633086	1.0977687	-1.0503172	0.71946347	1.0188016	-1.050373	-1.0148226	1.0292867	0.9943299	1.1675658	-1.027667	-1.1438416	0.84872407	0.62519526	-0.6567734	0.80330116	0.76003724	0.54372245	0.6009113	0.9450596	0.64128053	-1.1972349	-1.1411434	1.0048187	0.9835385	-0.83338976	1.0049685	-1.0024914	0.6828468	1.0169066	-0.7877349	0.9018406	-1.1760789
-0.8897022	-1.0066142	-0.9673195	1.00801	-0.856423	-0.93321574	0.7880664	0.89304274	1.0931107	0.9805801	-0.8853791	-0.98302376	-1.1162245	0.8365313	-1.010774	-1.0343349	1.0073689	0.888228	-0.9494182	-0.9419098	-1.0403209	-1.02422	0.9750759	0.9784461	0.96498394	0.9407303	-1.0646597	-0.91864675	1.0412018	1.0411999	-0.96569806	1.0332091	-0.97935164	-0.74321795	1.0243155	-0.9586597	-0.765934	1.0230693	-0.90312374	0.8772066	1.0775497	-0.9199707	-0.97914493	-0.9486986	-0.96223474	0.91327703	-0.72440743	-0.9749659	1.0582719	0.8796665	-0.81197894	-1.0043358	-0.88179445	-1.0116253	-0.9496983	-1.0267392	0.94477946	-1.0169255	-0.8911323	-0.98725796	-0.96268755	0.89165217	0.84788597	-1.0465034	0.95951796	1.07443	-0.86564285	0.9838923	1.0061902	-1.034461	0.9257811	0.9994664	-0.924038	-0.9135159	0.9150501	0.854752	0.8417821	-1.0442437	-0.7452909	0.68408585	0.9579949	-0.8293769	1.0132822	0.9370875	0.8611826	1.0395211	0.9628597	1.0121864	-0.8659114	-0.8964016	0.92900294	0.92544353	-1.0462039	0.99353504	-0.9840855	0.97265816	1.0346811	-0.67551386	0.9668915	-1.0737573
-0.95104957	-0.8150665	-0.9026505	0.87831175	-0.8592169	-0.60765076	0.85085684	0.94667125	0.9844523	0.8548507	-0.82720584	-0.8934855	-0.7438675	0.924401	-0.8550493	-0.8185829	0.7980683	0.9864416	-0.8550988	-0.9059785	-0.8808867	-0.91761416	0.81408715	0.93128246	0.9538123	0.9269691	-0.97923076	-0.8502771	0.68300664	0.89694697	-0.94505376	0.80304074	-0.7787524	-0.8331988	0.9601161	-0.8454636	-0.84282345	0.9631582	-0.9084324	0.9320354	0.72818476	-0.8657811	-0.7972586	-0.90631753	-0.91585475	0.75068194	-0.874121	-0.9090496	0.6709447	0.7814069	-0.9479512	-0.9518667	-0.9997268	-0.8958113	-0.8340018	-0.8101957	0.8905944	-0.6929472	-0.7665199	-0.9478398	-0.9236685	0.8782562	0.93167573	-0.80046636	0.9113638	0.9394075	-0.9026206	0.97030306	0.8608758	-0.8633692	0.8959985	0.84251076	-0.9513988	-0.86123073	0.96351385	0.946045	0.9132405	-0.8716397	-0.8547302	0.87802744	0.9205378	-0.95466745	0.9561009	0.90312576	0.9817353	1.0103606	0.99663484	0.96293056	-0.8430823	-0.8355123	0.90891236	0.851648	-0.9785082	0.64504105	-0.9376544	1.0007732	0.8515709	-0.88147974	0.9361042	-0.8222051
-1.0892574	-1.0168293	-1.0636067	1.0029545	-1.0273525	-0.5434916	1.0386951	1.0330621	1.1019453	1.075008	-0.9449477	-0.95501083	-0.7805462	1.0673339	-0.8360861	-0.9288091	0.9483005	1.0582641	-1.0004855	-1.0410564	-1.0979958	-1.1215757	0.9274526	1.0667007	1.0505912	1.0847876	-1.1413132	-1.1213313	0.85527074	1.1125252	-1.1101682	1.0179372	-0.8961223	-0.9076719	1.1025	-1.0164951	-0.98934597	1.0362506	-1.0500259	1.083956	0.79564357	-1.0569438	-0.98468405	-1.1858869	-1.0610085	0.81896555	-0.93161666	-1.1602849	0.7440132	0.90205866	-0.99192744	-1.1447052	-1.0779266	-1.1426493	-1.0961771	-0.87498856	1.110199	-0.85855615	-0.8607058	-1.1250055	-0.9985247	1.0037526	1.023487	-0.93288106	1.2054775	1.0372881	-1.0805073	1.1535176	0.9412008	-1.151515	1.0330029	1.0278839	-1.1103134	-0.93620366	1.0642794	1.0539234	1.0073332	-1.0903732	-1.0175496	0.85903805	1.1658869	-1.1052848	1.097465	0.9584812	1.0058743	1.116728	1.0996608	1.2159164	-0.93694943	-1.0285898	1.0962526	1.0797459	-1.2135707	0.57839704	-1.1493703	1.154932	0.9701846	-0.9221962	1.0506625	-0.94110334
-1.0604978	-1.0785918	-0.9423985	1.0955751	-0.9060728	-0.74414825	0.7176162	0.87182975	1.1864935	0.89549494	-0.86723447	-1.0258205	-1.1372876	0.80435133	-0.925347	-1.0682794	1.0084872	1.0031948	-0.92449164	-0.95110285	-1.0534577	-1.09728	0.9023488	0.98537344	0.93041855	1.045151	-1.1580851	-0.8926703	1.0395137	0.98227537	-1.0597426	1.0072623	-1.079839	-0.6367574	1.1130421	-0.9280588	-0.5877102	1.0819837	-0.87678754	0.82125545	1.0557538	-0.84307706	-0.86051136	-1.0172639	-0.8874806	0.8850121	-0.58414793	-0.88444626	1.0144777	0.72178113	-0.8413409	-1.0296348	-0.86622924	-0.9828265	-0.9898419	-1.1273532	0.9356616	-0.9402333	-0.780639	-1.1241963	-1.1262424	0.8508773	0.8715771	-0.9226299	0.93807447	1.1184456	-1.0370843	0.9978645	1.0298142	-0.9936911	1.0025008	1.0684415	-0.96983504	-0.8269539	0.8704081	0.7991115	0.7229136	-1.0195166	-0.5078072	0.53779805	0.9768642	-0.8769973	1.025176	1.0305468	0.89813864	1.2238158	0.98953664	1.0437703	-0.6638108	-0.73092794	0.91132027	0.8285055	-1.1459175	1.0419747	-0.9436787	1.1289417	1.0759481	-0.5736539	0.9765692	-0.90165263
-0.89369005	-1.0974897	-0.9342154	1.1493102	-1.0123127	-1.0714426	0.8376198	0.8026038	1.1534764	0.9643687	-1.0756724	-1.1239316	-1.2227072	0.92823917	-1.1070397	-1.1478789	1.151671	0.9375671	-1.021102	-1.0929368	-1.1459818	-1.0507606	1.0583515	1.0137897	1.038896	1.0469679	-1.1025211	-0.9333019	1.2093709	1.1193337	-1.0522399	1.1595771	-1.1042485	-0.80121374	1.0214918	-1.076731	-0.82709825	1.0204964	-0.9389535	0.9096226	1.2142864	-0.97873306	-1.0199575	-0.94668376	-0.9712572	1.1133549	-0.8318921	-0.9897223	1.1563526	0.98812956	-0.8123716	-1.0558673	-0.9040204	-1.0326134	-1.0482056	-1.1585921	1.029837	-1.1172466	-0.9905734	-1.0615394	-1.0612758	0.92466533	0.8181567	-1.1140069	1.001386	1.1538275	-0.9568586	0.9706257	1.152727	-1.0133747	0.96731687	1.1013578	-0.9665922	-1.0507771	0.98527235	0.9417364	0.89372176	-1.0902994	-0.8601954	0.6703651	0.987291	-0.8098492	1.0317937	1.0713043	0.8604582	1.0508342	1.0650879	1.0092107	-0.987521	-0.9504579	1.0327668	0.96588916	-1.0966991	1.2165645	-0.9668594	1.1023304	1.1694075	-0.7652024	1.0159844	-1.0467267
-0.4554463	-1.0229933	-0.8119034	0.89581555	-0.84371686	-1.2263317	0.9466584	0.5503687	0.77766526	1.0223695	-1.1810948	-1.0690219	-1.1952529	0.8715016	-1.1786472	-1.199536	1.1700875	0.7170714	-1.0619054	-0.9555262	-1.127117	-0.854311	1.0830503	1.0178674	1.0881623	0.7379606	-0.8539289	-0.7573962	1.1885562	1.0338775	-0.7616682	1.1086158	-1.0747318	-0.73670566	0.8480318	-1.1721548	-0.74974525	0.7585342	-0.8324787	0.74396056	1.2597327	-1.1658058	-1.1475486	-0.822585	-0.9496317	1.1822971	-0.9869633	-0.86209595	1.1956583	1.2176679	-0.4623523	-1.0058694	-0.6663299	-0.9046083	-1.1191142	-1.0605316	1.0633333	-1.2430036	-1.1984884	-0.6877978	-0.9645483	0.82742506	0.5998897	-1.1987556	0.9949433	1.0573773	-0.4944826	0.5506701	1.1693496	-1.0558784	0.67286247	1.0251348	-1.0266397	-1.0640503	1.013305	0.9837974	1.1279393	-1.0730494	-1.1237522	0.7878377	0.5480076	-0.53881997	0.77389145	0.841041	0.5124604	0.6660195	0.9016049	0.579404	-1.0896846	-1.0777575	0.9092597	1.0261804	-0.85850203	1.2584484	-0.98924935	0.7511824	1.0943035	-0.71430737	0.88277745	-1.1503135
-0.9024105	-1.1063395	-0.91488266	1.0865754	-0.9914552	-1.1054982	0.9330195	0.8419191	1.0858026	0.9864509	-1.0929753	-1.1325997	-1.2162689	0.89709693	-1.0864626	-1.1338303	1.0733128	0.9479077	-1.034815	-1.032218	-1.1167216	-1.046781	1.055158	1.0417302	1.0712478	0.97926223	-1.0501765	-0.95334923	1.1749766	1.0828048	-1.0145911	1.0655314	-1.0908725	-0.77755624	0.9814311	-1.0983565	-0.80030817	0.98273104	-0.88988084	0.86513186	1.1823732	-1.0291909	-1.0411371	-0.99776894	-1.0162326	1.0717074	-0.8664901	-0.94785696	1.1696972	1.0586631	-0.78810394	-1.0749662	-0.84394336	-1.073525	-1.1045384	-1.1184509	1.0624341	-1.1065499	-1.094751	-0.9864861	-1.0552104	0.93616664	0.8544091	-1.1114652	0.9981676	1.139659	-0.9235689	0.92852587	1.0816395	-1.006068	0.9575831	1.0269605	-1.0181295	-1.0390373	1.0318719	0.8999135	0.98623466	-1.0981321	-0.9380641	0.7676568	0.90052825	-0.7368126	1.0647987	0.93665045	0.7698559	1.0525032	0.9939925	0.95246613	-0.97731656	-0.99969894	0.9338619	0.9197773	-0.99969006	1.198598	-0.9389486	1.0287012	1.050364	-0.72020924	0.9290564	-1.1393389
-0.81483	-1.0415121	-0.91403174	1.0101495	-0.92627597	-0.9840404	0.96114165	0.8620791	0.97451127	1.003553	-1.0485097	-1.0343491	-1.0212289	0.9698073	-1.074259	-1.1008476	1.0857561	0.8929593	-1.0358647	-1.003145	-1.1193572	-0.99699634	1.0858647	1.0375222	1.0989332	0.90476656	-0.9609765	-0.9828547	1.0738482	1.0766965	-0.8917829	1.0798688	-0.9738102	-0.80622655	1.0115398	-1.083013	-0.8155948	0.91549134	-0.9530812	0.8746435	1.1148098	-1.1137303	-1.0674084	-0.92454946	-1.0300967	1.0694971	-0.9440977	-0.98906934	1.0630602	1.0650822	-0.7300746	-1.0775752	-0.8685	-1.0814605	-1.0195309	-1.045529	1.0118179	-1.0434827	-1.0093869	-0.90467757	-0.9986458	0.90496254	0.8201955	-1.1148825	1.0517694	1.0998467	-0.81698555	0.87256324	1.0722795	-1.0379765	0.860257	0.98350674	-1.1153915	-0.9494486	0.95434946	0.9429842	1.0150174	-1.0523868	-1.0825217	0.77045935	0.8499526	-0.80100876	0.9627109	0.86270803	0.76501685	0.9002655	0.98521084	0.90135723	-0.9769232	-1.0426158	0.9666654	0.9909996	-1.0393791	1.0087165	-0.9591268	0.8838263	1.0858955	-0.78961027	1.0175858	-1.1225175
-1.1007874	-1.0650645	-1.0619148	1.1062407	-0.98283863	-0.682367	0.9727391	1.0266308	1.1862476	0.9940424	-0.8719308	-1.0754528	-0.9163716	0.98082626	-0.938511	-1.0164125	0.966333	1.0886933	-1.0050806	-0.9941067	-1.0445968	-1.1385851	0.9986152	1.0848936	0.968427	1.0868806	-1.113445	-1.0224863	0.9158427	1.0410496	-1.139066	1.0315119	-1.0573683	-0.90942925	1.1327785	-0.92100817	-0.94475716	1.1414425	-1.0717309	1.0590209	0.9284005	-0.9813552	-0.96120274	-1.1274602	-0.9916289	0.88511205	-0.84679824	-1.0288117	0.8776953	0.92321	-1.0788502	-1.0483404	-1.0470594	-1.0471635	-1.0439951	-0.9848094	0.9861516	-0.8172359	-0.8737824	-1.165632	-1.0730776	0.989146	1.002269	-1.0086355	1.0099722	1.1158091	-1.1191863	1.1354122	0.9375838	-1.0315028	1.0914047	1.0044266	-1.0248777	-0.96523094	1.0151161	0.9683038	0.9697303	-1.027187	-0.76502466	0.9000804	1.1127843	-0.99348426	1.1164536	1.0962967	1.0180782	1.1522105	1.1239763	1.1966598	-0.917083	-0.9325587	1.0176494	0.9886106	-1.0931548	0.797823	-1.0502714	1.1300528	0.9921565	-0.9140267	1.0281881	-0.94523996
-1.0188406	-0.95134425	-0.99152416	0.9364233	-0.9884861	-0.5467574	0.8831176	1.0210301	0.9925114	0.937613	-0.8888655	-0.9420672	-0.852537	0.9150268	-0.8588349	-0.88368946	0.8935465	0.98063815	-0.8634972	-0.97317374	-0.95515525	-0.99811786	0.86380523	0.8982156	0.86482215	1.0144218	-1.0504909	-0.90699255	0.75040543	0.96028185	-0.9804099	0.9085415	-0.8977524	-0.93259895	0.9522271	-0.87838876	-0.8998649	0.99997514	-0.97904664	0.9692545	0.8126119	-0.8772269	-0.7378244	-1.0254765	-0.9610359	0.8240418	-0.85700804	-0.9517467	0.7341501	0.7938497	-0.9784285	-0.9433571	-1.0356741	-0.9373564	-0.874622	-0.933852	0.8921185	-0.6897185	-0.7328565	-1.0299156	-0.9925968	0.8897037	0.99552	-0.8467962	0.91990036	0.9682618	-1.065927	1.0370549	0.89161634	-0.86891216	0.9630267	0.919762	-0.8888729	-0.8921166	0.89544076	0.91092366	0.8273026	-0.9014419	-0.7212008	0.84194326	1.0551909	-0.9057108	0.98630285	0.9658972	0.9630429	1.0242273	1.007413	0.9995381	-0.79182625	-0.807038	0.89477795	0.9270319	-1.0057003	0.72941756	-0.91306216	1.0086098	0.946425	-0.8829616	0.9226817	-0.7769565
-0.8722028	-1.0412861	-0.9258646	1.000987	-0.9445712	-1.0738989	0.83335954	0.78941876	1.0188317	0.9993014	-0.94049644	-1.0969955	-1.1804848	0.866245	-1.0662841	-1.0614862	1.0255446	0.8285758	-0.94825506	-1.0202811	-1.0532686	-0.96119565	1.0556831	0.9632763	0.99438816	1.0361818	-1.065766	-0.899938	1.1746318	1.0566503	-0.9890063	1.0888212	-1.0713222	-0.66780144	1.0402638	-1.0923584	-0.6768752	1.022786	-0.93583626	0.80870306	1.1120116	-0.9471655	-1.0436666	-0.94329125	-0.9762785	1.0784965	-0.7531095	-0.9295089	1.0823822	0.9680609	-0.78510237	-1.083407	-0.8051456	-0.98781294	-1.0360708	-1.0386754	1.0155473	-1.125734	-1.0500218	-0.9450004	-1.040824	0.87008023	0.8099472	-1.0576328	0.97723484	1.0884806	-0.83592856	0.870163	1.0447655	-0.97588444	0.94742614	1.0204034	-0.9589129	-1.0059998	0.9530245	0.8579861	0.8458801	-1.0472362	-0.78571224	0.6628543	0.85821605	-0.7668685	0.9888278	0.8861048	0.6844464	1.0451438	0.9219241	0.9605028	-0.8621512	-0.9429121	0.90604335	0.95451117	-1.0808871	1.1490778	-0.90341014	0.9778874	1.0474586	-0.66182536	0.93063897	-1.0856429
-1.0374569	-1.1145695	-0.9019406	1.0362345	-0.9536386	-0.9253681	0.8232055	0.87711924	1.0919423	0.84856564	-0.9075684	-1.0351282	-1.1587882	0.8456463	-1.0202308	-0.9773721	1.005195	1.0013481	-0.854949	-0.9711612	-0.99526304	-1.0318276	0.9826433	0.9474941	0.9205055	1.0470356	-1.042728	-0.8330168	1.0114553	1.0468392	-1.0252213	0.93573856	-1.1591974	-0.7734353	0.99368095	-0.9859026	-0.7742057	1.0575347	-0.9186504	0.9370023	1.0119035	-0.80387104	-0.8250859	-0.92527515	-0.8564599	1.0052551	-0.72054964	-0.8337704	1.0491701	0.8472433	-0.9677821	-1.0031413	-0.92792135	-0.95956296	-0.96554947	-1.1169132	0.8627437	-0.90379184	-0.83968043	-1.0440848	-1.0261081	0.956308	0.97436696	-0.8733885	0.78797776	1.0914482	-0.9264395	0.9933203	1.00398	-0.92056274	1.0233934	1.0224359	-0.8046251	-0.9510709	0.8896512	0.743525	0.74752975	-0.9680508	-0.6536632	0.7355091	1.0440038	-0.7854792	1.018419	1.0918709	1.021932	1.1708856	0.90868676	0.97367173	-0.7877115	-0.74102205	0.9459282	0.9112511	-1.0198035	1.0833699	-0.88574994	1.0190771	1.0410005	-0.76590365	0.950669	-0.9242062
-0.8904256	-0.88471854	-0.84227866	0.8504694	-0.8346407	-0.8166019	0.8915677	0.84990424	0.9134008	0.8727931	-0.8156829	-0.8567638	-0.85363996	0.8806335	-0.8496862	-0.90387154	0.8906238	0.9141656	-0.8967047	-0.8375372	-0.9200198	-0.8954676	0.866846	0.89785796	0.87825966	0.8325232	-0.959801	-0.88349056	0.86120105	0.8797453	-0.8909828	0.9250627	-0.8256186	-0.7544499	0.9519321	-0.8828087	-0.8645081	0.8446036	-0.8090935	0.85831	0.869717	-0.8357376	-0.8913297	-0.91306466	-0.89035344	0.87185526	-0.8150398	-0.86728925	0.8023581	0.80080545	-0.8333798	-0.9160538	-0.9166815	-0.9296039	-0.927357	-0.9380243	0.8789586	-0.8367511	-0.815332	-0.91733724	-0.8592346	0.86368215	0.86220986	-0.9258135	0.8951965	0.8833807	-0.89341617	0.9074676	0.8950318	-0.91845715	0.901443	0.9318404	-0.8774707	-0.8461464	0.9127614	0.8274557	0.8338671	-0.9210333	-0.8601008	0.7494251	0.86178696	-0.78640413	0.93279535	0.8276545	0.81255955	0.8963598	0.9157465	0.89340186	-0.9050636	-0.82239896	0.91643167	0.8322311	-0.91551095	0.83577967	-0.9321567	0.8424463	0.8776165	-0.7623623	0.8947924	-0.84491986
-0.89295477	-1.0632237	-0.9270344	1.0668409	-0.9246278	-1.050328	0.9004108	0.8569589	1.0358057	1.0502243	-1.0249163	-1.049769	-1.096773	0.91201115	-1.0231665	-1.1408529	1.1311897	0.9325959	-1.0240294	-1.060845	-1.1523191	-1.0894108	1.0201437	1.0755143	1.1007152	1.0092272	-1.0906644	-0.92018086	1.1293181	1.0507348	-0.96283865	1.1502248	-0.98512036	-0.7974799	1.0216022	-1.088305	-0.82014495	0.9809394	-0.93604195	0.8754332	1.1045638	-1.0237044	-1.1202	-1.0204936	-1.0585326	1.0657687	-0.8794533	-1.0473862	1.057782	1.0639645	-0.8141816	-1.1357224	-0.90603125	-0.9571204	-1.077538	-1.0439246	1.0731596	-1.1083101	-1.0035633	-0.94650877	-1.0142376	0.8979054	0.8719165	-1.1174821	1.0223612	1.0513711	-0.8440357	0.87676734	1.0865364	-1.1214526	0.9626641	1.0693686	-1.022454	-1.0099057	0.980051	0.95196855	0.96961075	-1.0998627	-0.941684	0.7520503	0.9713165	-0.82695764	1.0029993	0.8955519	0.8023546	1.035722	1.0178279	1.0265905	-1.0154767	-1.0299671	1.0408438	0.9569739	-1.087688	1.0758132	-1.0366974	1.0255287	1.1090593	-0.74436474	0.9761413	-1.1850123
-0.9747549	-0.84829634	-0.96737415	0.85336536	-0.87343293	-0.6574861	0.9125456	0.9080314	0.93980086	0.9059259	-0.8429563	-0.90805286	-0.76028675	0.9106108	-0.81126404	-0.7840797	0.8132716	0.9568871	-0.8560436	-0.89360404	-0.8769607	-0.9876528	0.82337993	0.87694335	0.8757274	0.9438721	-0.9801161	-0.9055373	0.73971885	0.89070743	-0.86565197	0.88509154	-0.785878	-0.8710917	0.9530244	-0.88814116	-0.8709532	0.9679284	-0.9517682	0.9362131	0.74766695	-0.85318273	-0.83266795	-0.9767014	-0.86577916	0.7227642	-0.85985416	-0.8785389	0.7565987	0.8116966	-0.9366132	-0.98316187	-0.9022904	-0.923192	-0.83553296	-0.8383076	0.9002658	-0.72865754	-0.7507651	-0.93326	-0.8807151	0.92203873	0.9418083	-0.8625788	0.8885518	0.8634197	-0.95366496	0.9166	0.76345515	-0.89538836	0.9088139	0.89276886	-0.9004019	-0.89029336	0.9055995	0.9092174	0.9327255	-0.8966587	-0.9065252	0.9020934	0.9403043	-0.96524185	0.8834606	0.8572647	0.9456812	0.89904183	0.9372484	0.95063925	-0.85567117	-0.833652	0.8905724	0.94616485	-0.9563693	0.5931315	-0.9378374	0.97771454	0.8186252	-0.8519706	0.9267089	-0.7895598
-1.0008566	-1.0117952	-0.9201153	0.9833465	-0.895264	-0.6950334	0.7699407	0.8365934	1.1183859	0.84710586	-0.8151282	-0.9497509	-1.0069767	0.8683093	-0.9796616	-0.9115627	0.9120804	0.91415817	-0.8692062	-0.90034413	-1.0278858	-1.0003251	0.91667426	0.90642357	0.83410704	1.0359316	-1.0459486	-0.9118296	1.0110133	0.93061036	-0.96327984	0.99304503	-1.0504082	-0.71426564	1.0499969	-0.8679663	-0.7282747	1.064081	-0.88983375	0.90444744	0.97299963	-0.791283	-0.8150423	-0.9832537	-0.8938195	0.78927225	-0.648369	-0.888399	0.9807109	0.76172495	-0.9493335	-1.0022643	-0.93187535	-0.9431892	-0.898654	-1.0243803	0.9418369	-0.8898703	-0.7749634	-1.0149776	-1.0434021	0.8615959	0.91907275	-0.82639647	0.88675886	1.0135067	-1.0479755	0.9597288	0.9023222	-0.89510727	1.0060039	0.9890309	-0.9037365	-0.829167	0.87153685	0.7862141	0.7395599	-0.9741969	-0.5559072	0.65989536	0.94607735	-0.8259731	0.9700677	1.0833325	0.9026422	1.0842478	0.9799306	1.0657618	-0.7284938	-0.7987405	0.9268494	0.81195915	-1.0100653	1.0224439	-0.8295782	1.0837013	0.9598444	-0.6846914	0.93745667	-0.89001197
-0.4807322	-1.0726863	-0.84991544	0.96655077	-0.9643523	-1.3785001	1.0569788	0.62630534	0.7286761	1.1670157	-1.226985	-1.2146165	-1.1905677	0.972332	-1.2251595	-1.2277112	1.2043644	0.6554846	-1.2572725	-1.0263674	-1.2233028	-0.8158954	1.175295	1.054494	1.2166259	0.6874507	-0.7988355	-0.82562685	1.2824407	1.0577095	-0.81333303	1.2427224	-1.0443332	-0.8298622	0.8545065	-1.2224996	-0.8095084	0.6468169	-0.837791	0.82250786	1.3699503	-1.2760273	-1.2994347	-0.86762387	-1.0676098	1.2764697	-1.1192989	-0.971994	1.271554	1.2613503	-0.46031302	-1.155807	-0.69047934	-0.9065085	-1.2041898	-1.1155452	1.1668643	-1.397549	-1.3256809	-0.6228094	-1.0102105	0.9726734	0.65988296	-1.3279817	1.1249053	1.0297381	-0.54285556	0.5114317	1.2770047	-1.1156484	0.7068615	1.0662309	-1.1112338	-1.1434578	1.0904026	0.9802054	1.1566064	-1.1015041	-1.2028612	0.82096773	0.6135578	-0.4935743	0.8561781	0.77052504	0.4397118	0.49504757	0.980567	0.5505116	-1.1784385	-1.2081039	0.98348665	1.0506516	-0.7578599	1.294041	-1.0315433	0.6669478	1.1969876	-0.78453135	0.8730711	-1.3014506
-0.4893967	-1.0944241	-0.84567225	1.0489583	-0.8272432	-1.3567783	0.94108754	0.53973925	0.9237417	1.0103937	-1.173089	-1.1192377	-1.3316553	0.780892	-1.1863294	-1.3082799	1.2366883	0.6765996	-1.055308	-1.0815502	-1.2199842	-0.87369466	1.1401792	1.000595	1.1570176	0.749837	-0.9187813	-0.74425673	1.3826632	1.1095157	-0.8310338	1.1932983	-1.099553	-0.67015326	0.85223556	-1.2187622	-0.6396448	0.78508383	-0.7585463	0.744899	1.2776128	-1.1133455	-1.2521923	-0.8488642	-0.9504921	1.2050824	-0.86720055	-0.9267086	1.2845719	1.1042705	-0.4944157	-1.1215202	-0.6350897	-0.93010885	-1.1014332	-1.1481458	1.049076	-1.3932377	-1.2263566	-0.7202299	-0.9489279	0.80716306	0.6107918	-1.2092669	1.0785769	1.115587	-0.5215319	0.6575552	1.2683337	-1.0283695	0.7339204	1.074176	-1.0592302	-1.0470054	0.97890306	0.94399357	1.0243149	-1.0898131	-1.05119	0.6864281	0.541027	-0.47779614	0.89381087	0.8341515	0.50967497	0.76380354	0.9028108	0.63076687	-1.032258	-1.0979422	0.9542214	0.93710154	-0.92684406	1.397763	-0.94747907	0.7459866	1.1557171	-0.56358266	0.8787359	-1.2961808
-0.78615934	-0.9839372	-0.9353831	0.9438451	-0.955181	-1.137866	0.9913095	0.77235	0.9099989	1.1375309	-1.1349406	-1.0562623	-1.0637974	0.9554718	-1.114569	-1.1128008	1.1179142	0.8162604	-1.1044887	-1.0745497	-1.1305366	-0.9362264	1.1119573	1.0368844	1.1118839	0.8303469	-0.8725797	-0.89983636	1.1490312	1.0347321	-0.86640966	1.0899353	-1.0218563	-0.87245315	0.92459613	-1.1987046	-0.9100035	0.876578	-0.9300282	0.8712464	1.1439196	-1.1873201	-1.1213629	-0.89816314	-1.0375254	1.1230549	-1.0230901	-1.0152577	1.1026206	1.1214113	-0.7470575	-1.0356096	-0.8955303	-0.9846676	-1.0623993	-0.9693204	1.0838716	-1.1735361	-1.1987069	-0.7934207	-1.022438	0.96273285	0.7736168	-1.1356788	1.0652841	1.0617752	-0.7971093	0.82036287	1.1163448	-1.0416828	0.9016946	0.9692774	-1.096191	-1.1003406	1.0109715	1.0300545	1.1352779	-1.0297358	-1.1828718	0.8791356	0.7996768	-0.7108197	0.97973794	0.8856642	0.7316511	0.78243536	1.0417278	0.7872608	-1.130939	-1.1418605	1.0110421	1.0317496	-0.98194	1.0895258	-1.0154264	0.902386	1.0850297	-0.83982855	0.95934486	-1.1135186
-0.90372777	-1.0076842	-0.9409986	1.0762599	-0.93121225	-0.99893814	0.93520653	0.8674441	1.0105807	0.9832946	-0.9684896	-1.0542196	-1.0662385	0.9405105	-1.0323626	-1.0783368	1.0771382	0.9506814	-1.0060751	-0.96809715	-1.1268824	-1.0612872	1.0697408	1.0466981	1.005814	0.95337194	-1.0618382	-0.94681716	1.0725791	1.0289592	-0.92499053	1.0316561	-1.071989	-0.7659222	0.9817389	-1.0982044	-0.7719976	0.98807293	-0.9204878	0.8511288	1.1470109	-1.021338	-1.0578307	-0.98776305	-0.992007	1.044217	-0.88245094	-0.970665	1.0864049	0.9942247	-0.8185959	-1.1290218	-0.89776844	-1.0286919	-1.0563203	-1.0270269	1.0507888	-1.0902506	-0.9886036	-0.9198725	-1.0389154	0.955013	0.8917994	-1.0669903	1.0229092	1.0305992	-0.91188586	0.90192467	1.0452805	-1.0340663	0.93401885	0.9782336	-1.0785205	-1.0261176	0.95962757	0.94523066	1.0091952	-1.063632	-0.89593947	0.7709952	0.92982507	-0.7909752	0.97067845	0.9323353	0.7917378	0.9492322	1.0527023	0.96948576	-1.0003216	-0.9094573	0.9940814	0.94098616	-1.0667874	1.0922824	-1.0345327	0.9913819	1.1295274	-0.70974416	1.0049121	-1.1033269
-1.0571128	-1.1281359	-1.0920683	1.0748757	-1.1159135	-0.8308055	0.99621034	1.0139325	1.1404287	1.1155894	-1.0321939	-1.1611816	-1.0455872	1.0413538	-1.0674858	-1.0682429	1.0081307	1.0397569	-1.0478528	-1.0747565	-1.089036	-1.0911412	1.04384	1.0602381	1.1065438	1.065369	-1.1201676	-1.117388	1.0057747	1.1131744	-1.0629332	1.0995442	-1.1128733	-1.0518938	1.0884733	-1.0289932	-1.0614347	1.085419	-1.1086498	1.0686802	1.0380942	-1.0936743	-1.0130616	-1.0804583	-1.0450281	0.97290087	-1.0380644	-1.0572454	0.97917616	1.0339814	-1.074251	-1.1658126	-1.0815146	-1.1595042	-1.0604153	-1.1080528	1.0969715	-0.9319179	-0.9542481	-1.0909499	-1.1015637	1.0703084	1.0548966	-1.009082	1.13632	1.0910647	-1.1231639	1.069785	1.0708889	-1.1284933	1.1153903	1.0551008	-1.0470293	-1.0124892	1.0765152	1.0442309	1.0593964	-1.1120055	-0.99441105	1.0374955	1.0442083	-1.071611	1.1122937	1.0986106	1.0562918	1.0741407	1.1334167	1.1360677	-1.0279062	-1.0203675	1.1449952	1.0522995	-1.1654872	0.9304315	-1.0838898	1.0637919	1.1022125	-0.91738963	1.0212046	-0.99148744
-0.70828766	-0.83548105	-0.8273754	0.8501761	-0.79513425	-0.9999831	0.98151654	0.8185822	0.78913426	0.9441226	-0.9123832	-0.96118546	-0.91381234	0.906796	-0.9036495	-0.9311157	0.92420006	0.76575065	-0.9253919	-0.90984344	-0.9460853	-0.8393867	0.9342306	0.9627624	1.0164721	0.7724098	-0.7712644	-0.86123735	0.9577617	0.8965818	-0.807052	0.9495225	-0.8080099	-0.86000043	0.8474975	-0.97590905	-0.88062465	0.7276572	-0.849187	0.8003993	0.9371579	-0.9727964	-0.96947676	-0.8674839	-0.9679149	0.9626186	-1.0056044	-0.90664524	0.8924477	1.0046362	-0.73853296	-0.9010544	-0.795739	-0.9244315	-0.9134256	-0.883879	1.0034285	-0.9564449	-1.0022829	-0.7293017	-0.89773315	0.8874134	0.82669693	-1.0159626	0.9700275	0.88254243	-0.68408144	0.7377497	0.9076622	-0.9422456	0.7513113	0.933714	-0.9869922	-0.9507965	0.94084215	0.983	0.9591244	-0.9872676	-0.98176247	0.82999885	0.73474485	-0.7551529	0.8151456	0.75000024	0.66766495	0.67753386	0.856155	0.74967873	-0.9739405	-0.99863476	0.97753346	0.9060259	-0.79985607	0.86236596	-0.89144343	0.7718142	0.9299383	-0.80615836	0.91057754	-1.0053179
-0.4281205	-0.9742502	-0.77259463	0.9242806	-0.84290427	-1.3012165	0.9453414	0.62053967	0.7139285	1.0934737	-1.1926275	-1.0975995	-1.1800067	0.87758976	-1.1403229	-1.1776484	1.1948403	0.7078397	-1.142273	-1.0437567	-1.1358142	-0.777202	1.0557194	1.032614	1.1453133	0.702446	-0.7626901	-0.7460009	1.2390519	1.0250565	-0.74384665	1.2073779	-1.002927	-0.7384189	0.7974538	-1.23166	-0.8363897	0.7468098	-0.81415355	0.7934809	1.263066	-1.1737512	-1.2592158	-0.78233993	-0.9916884	1.2921027	-1.0349537	-0.86543185	1.2136793	1.1983747	-0.4707661	-1.0133623	-0.64779717	-0.9135568	-1.1657803	-1.0231165	1.0966145	-1.2931423	-1.2492504	-0.56011605	-0.95074517	0.95390034	0.60287774	-1.2720523	1.0057514	1.0102023	-0.51845855	0.5468342	1.1572077	-1.021502	0.7069877	1.018193	-1.0646328	-1.0975343	0.9907629	0.9464348	1.1653165	-1.0722849	-1.1712685	0.7858465	0.6021431	-0.5516102	0.8525373	0.75901616	0.45231247	0.6042817	0.93865585	0.6040771	-1.1341401	-1.0901896	0.9716801	1.0015237	-0.75952077	1.2492048	-0.87490827	0.7254526	1.10913	-0.742292	0.91539246	-1.3117138
-0.64201367	-1.018548	-0.92328626	0.9555913	-0.8776111	-1.1037803	0.98472375	0.72755086	0.86775845	1.03431	-1.1171852	-1.0224676	-1.0307624	0.8888374	-1.0718328	-1.0682819	1.0531135	0.7735959	-1.0463474	-0.95390266	-1.0982721	-0.8656802	1.0282607	0.9419658	1.0832163	0.78823996	-0.8583654	-0.86459166	1.1545115	1.0209552	-0.8802233	1.0999224	-0.95949984	-0.8169464	0.86776316	-1.1446196	-0.84943825	0.7893532	-0.83757144	0.7799788	1.1373866	-1.0934626	-1.1260047	-0.95656484	-0.99024206	1.1500248	-0.98283905	-0.9751605	1.1139938	1.0860696	-0.5710209	-1.0402169	-0.8011448	-1.0118549	-1.1102237	-0.98852456	1.0162288	-1.1876298	-1.1187458	-0.7925119	-0.91624814	0.8960703	0.7590181	-1.1623322	0.99070984	1.0081778	-0.72587526	0.781114	1.1118155	-1.0713888	0.8571173	0.9738078	-1.0458205	-1.0670995	1.028849	0.8901308	1.101791	-0.98992866	-1.0717952	0.81189096	0.77681315	-0.71102357	0.8745483	0.8521264	0.66616875	0.7457824	0.9416533	0.8219389	-1.1225746	-1.103296	0.91624045	0.9624772	-0.91237855	1.0431647	-0.95568585	0.80779135	1.0543524	-0.8010072	0.9123614	-1.0928499
-0.7804631	-0.8975231	-0.89031625	0.9419831	-0.8351499	-0.91370577	0.8967424	0.758394	0.9691158	0.98660386	-0.9721646	-0.9704525	-0.85795295	0.8814987	-0.9372682	-0.99858254	0.97166693	0.8485731	-0.98393506	-0.8911536	-1.0346301	-0.96515167	0.9009675	1.0102627	1.0102872	0.89773214	-0.9600327	-0.8850376	0.9392217	1.014855	-0.8394642	0.9730738	-0.8853808	-0.7706609	0.99975	-0.97011673	-0.75254565	0.8201506	-0.8341781	0.8574385	0.9612942	-0.9741763	-0.99355525	-0.9333642	-0.9344267	0.96750695	-0.9284485	-0.9475384	0.9251813	0.9199645	-0.6948554	-1.093005	-0.8830404	-0.9877513	-0.9665098	-0.96266764	1.0495646	-0.9940579	-0.91066086	-0.845211	-0.92388123	0.8909956	0.7218402	-1.0062952	1.0562794	1.0188465	-0.76139396	0.8719248	0.9713975	-1.0932934	0.81513345	0.9260118	-1.0249602	-0.915553	0.9180561	0.96086997	1.0246596	-1.0455639	-1.0323174	0.75712764	0.89120775	-0.7936087	0.88185865	0.7931269	0.6617106	0.8303546	0.9546286	0.9293274	-1.0112485	-1.0078921	0.93476117	0.94722396	-0.9074673	0.8748865	-0.98854953	0.914537	1.0150902	-0.71464807	0.9139173	-1.0004352
-0.8364777	-0.82823133	-0.9058006	0.89138836	-0.8449328	-0.7570913	0.8135462	0.80987555	0.9682599	0.8355806	-0.7774398	-0.91503686	-0.7944717	0.9197936	-0.80151945	-0.8655208	0.8810431	0.81807655	-0.8008814	-0.8603083	-0.94346553	-0.94268596	0.83343726	0.9185251	0.82409304	0.89609855	-0.94063634	-0.8905765	0.8356555	0.92217034	-0.94635105	0.8157011	-0.8693633	-0.7869938	0.9574176	-0.88643825	-0.82589155	0.9111469	-0.85602415	0.81617105	0.8847776	-0.8287007	-0.7925388	-0.9046685	-0.9222986	0.7554292	-0.7856298	-0.88914144	0.7777068	0.8058143	-0.8185694	-0.8643803	-0.86584437	-0.85918665	-0.86200446	-0.93054855	0.9227267	-0.80896413	-0.80315197	-0.89002115	-0.897285	0.8067887	0.79446363	-0.8203563	0.8992893	0.9520785	-0.8414286	0.8827955	0.85257065	-0.8680164	0.9109241	0.8759003	-0.90366	-0.880226	0.83229655	0.8793507	0.82621855	-0.9722757	-0.7882504	0.70504713	0.8825272	-0.86050314	0.9338273	0.86171585	0.83189696	0.87826264	0.9071884	0.9470018	-0.86921406	-0.8548813	0.8563286	0.8364317	-0.91367656	0.73436785	-0.8759233	0.8883492	0.8923685	-0.6997933	0.82845724	-0.8826498
-0.6806111	-1.0549445	-0.8401672	0.98086184	-0.9029198	-1.2358475	0.9305683	0.62518656	0.9329794	0.9571073	-1.0496393	-1.0712816	-1.2029477	0.8143524	-1.0740076	-1.1521664	1.1086612	0.7992268	-1.047819	-1.0392107	-1.0481778	-0.8557626	1.1237051	0.9705695	1.0967174	0.8772558	-0.9052651	-0.82622343	1.1998271	1.0671495	-0.9206137	1.1115837	-1.0182996	-0.72867584	0.9144186	-1.1001351	-0.66536057	0.8258871	-0.8293385	0.7482304	1.2535845	-1.0735438	-1.1202205	-0.8668534	-0.9376169	1.1863834	-0.8799128	-0.94580907	1.1913106	1.1125847	-0.55207425	-1.0774242	-0.71843696	-0.9397645	-1.0159317	-1.0801212	1.061736	-1.2374253	-1.1272931	-0.78985804	-1.0100511	0.8516545	0.6303462	-1.1286247	0.9769619	1.0377221	-0.7117036	0.7476756	1.1115775	-1.0209391	0.78170013	0.961391	-1.003539	-1.0547736	0.9584244	0.8380524	0.95150423	-1.0518376	-0.9221887	0.64384675	0.710404	-0.5592666	0.91767323	0.8827045	0.56741226	0.8227363	0.89976984	0.77689767	-0.98493063	-1.012775	0.92805016	0.97466224	-0.9358473	1.1588645	-0.94331044	0.9099239	1.1206292	-0.6133616	0.9139807	-1.1490327
-0.65717816	-1.0275234	-0.8525281	1.0039277	-0.86694074	-1.2109021	0.8701123	0.6220888	0.9794881	1.0513905	-1.0572016	-1.128161	-1.2355689	0.76178765	-1.1112162	-1.1861068	1.1278974	0.69610906	-1.0675894	-1.0303981	-1.1112934	-0.93378085	1.053426	1.0123199	1.0180242	0.8199287	-0.9134168	-0.80572355	1.2681437	1.110895	-0.8523954	1.1322345	-1.0705085	-0.6560437	0.83985484	-1.1217221	-0.6600252	0.82357055	-0.8425633	0.7820229	1.2274883	-1.0605097	-1.0908251	-0.89888453	-0.9730135	1.165147	-0.8082	-0.9426192	1.2540576	1.0291978	-0.610786	-1.0144178	-0.79710984	-1.0101143	-1.1098603	-1.0922273	1.0617557	-1.2793543	-1.1201313	-0.7496883	-0.97287637	0.89861876	0.6535624	-1.1627319	1.0358057	1.0274949	-0.6998933	0.69088525	1.1475822	-1.0398914	0.79902303	0.98830867	-0.9932814	-1.05877	0.9229494	0.90629524	0.93515307	-1.0849085	-0.85550505	0.60123956	0.6838823	-0.5332687	0.93678325	0.8707532	0.58466077	0.8400914	0.8997844	0.7005252	-0.97846156	-1.0273498	0.97818774	0.97413486	-0.9061145	1.1979749	-0.8682093	0.8869969	1.1144912	-0.5326047	0.9055065	-1.1908478
-1.0876079	-1.0918734	-1.070651	1.0556861	-1.0096515	-0.83724743	1.020396	0.9687051	1.1110986	1.0526612	-1.0302808	-1.1192273	-0.93580306	1.073486	-0.92507535	-1.0451168	1.0526884	1.0105144	-1.0584239	-1.0305945	-1.148633	-1.1705673	0.97873986	1.0799375	1.0431371	1.0808235	-1.1107612	-1.0813932	1.0094901	1.1046346	-1.0719231	1.0784323	-1.0136654	-0.9696582	1.1405041	-1.0238382	-0.9677126	1.0832337	-1.084513	1.0042725	0.95266306	-1.103709	-1.058533	-1.1455355	-1.089621	0.9030736	-0.9842027	-1.1585617	0.9458858	1.0097439	-0.9740689	-1.1635735	-1.004859	-1.126663	-1.0361314	-1.0605785	1.1426139	-0.9958075	-1.0351061	-1.1432998	-1.028511	0.99192196	0.9947477	-1.0791181	1.1258544	1.1592464	-1.0369767	1.0731896	1.0457858	-1.1328396	1.0308077	1.0575259	-1.2144855	-0.9581057	1.0611067	1.051457	1.0945486	-1.0864906	-0.9984315	0.8615343	1.0556765	-1.077764	1.088971	0.93142134	0.9560801	1.1501831	1.1432087	1.1465337	-1.0179842	-1.0643812	1.0683731	1.0353965	-1.2120434	0.8709301	-1.1444725	1.085609	1.1235726	-0.90470785	1.0826613	-1.1285973
-0.6829558	-0.95887464	-0.85705656	0.9513934	-0.8958214	-1.0312531	0.88248664	0.7897307	0.88397163	0.90026265	-0.94093007	-0.94173604	-0.97185075	0.8082977	-0.94805455	-1.0447015	0.97429585	0.7845383	-1.0205611	-0.91158915	-0.97721964	-0.85347337	0.9072276	0.9521914	0.9640781	0.80027115	-0.90988004	-0.78435385	1.0039295	0.9566699	-0.8966029	0.9384793	-0.9374964	-0.73128	0.92754316	-0.98892605	-0.69080776	0.8356203	-0.81649786	0.80943054	1.0589238	-1.0088543	-1.0205892	-0.8827947	-0.90102214	1.0154548	-0.787847	-0.875901	0.9884191	0.95974016	-0.6877862	-1.0120482	-0.8069221	-0.891523	-0.9950618	-0.93465716	0.8804643	-1.0186635	-0.9748793	-0.7842799	-0.96479803	0.85092664	0.6916274	-0.9556724	0.9033054	0.9345601	-0.7334187	0.75689346	0.97181404	-1.0094967	0.82896966	0.9260378	-0.9479429	-0.91134495	0.91260546	0.87815976	0.8954073	-0.9408913	-0.9208768	0.671574	0.80526394	-0.69247335	0.82799226	0.8503524	0.66306293	0.829914	0.8710663	0.8173582	-0.9092855	-0.91084474	0.8491282	0.8844315	-0.8903584	0.98187816	-0.93463063	0.8568808	0.93201095	-0.7025429	0.9283651	-1.0321075
-0.9820308	-0.9276861	-1.0441358	1.0168254	-0.90179175	-0.79549545	1.0234814	0.93291706	1.0214907	1.0179158	-0.95640033	-0.9784532	-0.90440273	1.0841379	-0.9039481	-1.0514169	0.9711069	1.0274222	-0.9806142	-0.9708378	-1.019115	-1.0524154	1.0066274	1.100594	1.0852424	0.96132195	-1.003945	-1.0216678	0.8910534	0.98767143	-0.9447059	1.0083151	-0.8628979	-0.8995056	1.0593528	-0.95940244	-0.9184535	0.99203086	-0.96182173	0.95447683	0.9782518	-1.0648211	-1.0223391	-1.1231972	-1.0405036	0.87554723	-0.98870033	-1.0707569	0.8757695	1.0098659	-0.93740994	-1.1401236	-0.9893962	-1.0246116	-1.0486809	-0.99485844	1.0712191	-0.96930826	-0.94331783	-1.0013835	-1.0389701	0.9520723	0.97777224	-1.0492377	1.1363587	0.98194265	-0.99324137	0.95073676	0.94076496	-1.0980412	1.0222069	1.0254514	-1.1244268	-0.94403887	1.0255793	1.1149524	1.0695441	-1.0685235	-1.0131449	0.98031783	1.0287299	-0.95408034	1.0361637	0.8835003	0.89634335	0.97286177	1.0501844	1.0275319	-1.0695764	-1.0426649	1.0280182	0.98980224	-1.0849411	0.78858227	-1.1212153	0.93548036	1.0256292	-0.90104336	1.0259538	-1.0888063
-0.83784294	-1.152137	-0.94418633	1.0833437	-0.90985745	-1.1879841	0.8766731	0.7558512	1.1474934	1.0749782	-1.0688288	-1.1970537	-1.262329	0.9337654	-1.1219018	-1.2123605	1.1906781	0.9045619	-1.139896	-1.0725001	-1.2494932	-1.0481994	1.1400988	1.0988693	1.0659888	0.9632473	-1.0583692	-0.8770676	1.2774367	1.1617713	-1.0420972	1.202035	-1.1787932	-0.7242236	1.0825367	-1.2170637	-0.7419032	0.993611	-0.9359034	0.8095705	1.2992979	-1.0664437	-1.1547257	-1.0257092	-0.99297285	1.2413902	-0.8907722	-1.0420847	1.2253798	1.0968518	-0.7067242	-1.1248846	-0.8852314	-1.0763474	-1.1579771	-1.1831871	1.0508716	-1.2722514	-1.1347327	-0.9658748	-1.1301942	0.93546754	0.689148	-1.2278793	1.0629582	1.1382353	-0.76046467	0.848918	1.1740317	-1.1365639	0.8904052	1.0801443	-1.0104855	-1.041773	1.0260731	0.96933633	1.0034091	-1.1144029	-0.9998518	0.65567905	0.81994414	-0.64930326	1.0440124	0.9648378	0.71388996	0.9911205	1.0720911	0.911012	-1.091338	-1.0820215	0.9738844	0.9544388	-1.0531918	1.3116584	-1.0503801	1.0490594	1.1919497	-0.6541742	1.0116539	-1.2148176
-0.6174621	-1.0675558	-0.84886914	0.9573662	-0.929143	-1.2796783	0.8959597	0.6031432	0.8739923	1.0630022	-1.162584	-1.1321925	-1.2376518	0.7850948	-1.173225	-1.214749	1.132184	0.7934591	-1.1587996	-0.9948618	-1.0779264	-0.8839212	1.0502956	0.9952837	1.1170949	0.8163657	-0.96334374	-0.7205755	1.2206479	1.065662	-0.8662546	1.1606658	-1.1582696	-0.7208426	0.8898223	-1.1403463	-0.7134929	0.84650856	-0.8822952	0.7843032	1.2715071	-1.0938948	-1.097766	-0.7947814	-0.9675853	1.2603542	-0.9660943	-0.86200094	1.2370263	1.1536323	-0.61691856	-1.0586457	-0.74149483	-0.91630006	-1.0557644	-1.0861104	1.0147098	-1.2911335	-1.1498617	-0.77403724	-0.9852203	0.9152317	0.688106	-1.2254834	0.96496683	1.0494705	-0.6368048	0.65093684	1.1418043	-1.038322	0.75008196	1.019769	-0.991763	-1.0112104	0.9037291	0.9322597	0.99296457	-0.972561	-1.06119	0.7329399	0.7145889	-0.58194727	0.94108135	0.9099122	0.5964866	0.74909014	0.92031074	0.68362325	-1.084045	-1.0535436	0.87645423	1.0098573	-0.8247253	1.2630186	-0.9280828	0.8297628	1.1035098	-0.7293855	0.8648278	-1.144796
-0.9695563	-1.0441393	-0.92046565	1.0307336	-0.9490636	-0.8701344	0.6491852	0.7181867	1.1546665	0.8511038	-0.8432855	-1.0642607	-1.1832765	0.8083157	-0.9767376	-1.1140754	1.0161176	0.92294097	-0.821682	-0.8930626	-1.0288355	-1.0233008	0.9654164	0.8834193	0.8653924	1.0639695	-1.0859292	-0.8253193	1.0396066	1.0518892	-0.99277246	1.0409203	-1.129567	-0.59407157	0.9686231	-0.99262726	-0.6163948	1.0503587	-0.882105	0.7789604	1.0853969	-0.83473206	-0.8564964	-0.929448	-0.859491	0.9804391	-0.5261848	-0.81616896	1.0095586	0.7974306	-0.82466036	-0.98592335	-0.797247	-1.0045017	-0.9924575	-1.1069536	0.8902665	-1.0397483	-0.9088972	-1.0408473	-0.97815746	0.7984232	0.7786842	-0.97926134	0.84794885	1.0903718	-0.9592621	0.9672017	1.0556103	-0.8912779	0.89692324	1.032061	-0.8594902	-0.89132977	0.83507085	0.780399	0.7141755	-0.95354843	-0.622908	0.5149528	0.9743484	-0.7541078	0.99292916	0.9709826	0.73067296	1.1947289	0.9779403	1.0202808	-0.6545017	-0.7967253	0.89600456	0.848705	-1.0701476	1.1610495	-0.85988855	1.0617752	1.0456095	-0.56773204	0.8746668	-0.9096287
-0.9727459	-1.008064	-1.0053015	0.9761524	-0.9716001	-0.76681346	1.030388	0.971946	0.93827546	1.0264509	-1.004093	-0.98099923	-0.8786499	0.96672213	-1.0148002	-1.0485387	1.0069027	0.96398985	-1.0534074	-1.0053537	-1.0762318	-1.0805968	0.9896971	1.1190346	1.0878935	0.94877046	-1.0055612	-1.0268457	0.975234	1.0818267	-0.9628849	1.0204296	-0.99759847	-0.94155884	1.0436275	-0.9899241	-0.9707996	0.98416203	-0.9452244	1.0144274	0.9110733	-0.9811414	-1.0090625	-1.0654995	-0.98577064	0.97763515	-1.0371386	-1.0695654	0.895109	0.94466984	-0.9362874	-1.050326	-1.0654309	-1.067336	-1.0441321	-1.0078169	1.0499169	-0.91586787	-0.97841674	-0.9510593	-1.0479717	1.0189426	0.94644326	-1.024365	1.1324615	1.0260051	-0.9749804	1.0005559	1.0236707	-1.1058588	0.96685904	1.0075128	-1.0220665	-1.042056	1.0595349	1.0369691	1.1049243	-1.0210292	-1.0317837	0.9561649	0.94689554	-0.91231275	1.0402448	0.93608737	0.9524384	0.99846244	1.0407765	1.0245868	-0.9730973	-0.9672531	1.0121983	1.0176355	-1.0545639	0.8544172	-1.0655128	1.0323242	1.062163	-0.90700275	1.0443263	-1.0859894
-0.67234176	-0.88582504	-0.88172907	0.83850044	-0.82848144	-0.90560174	0.9417805	0.7813433	0.82409966	1.0287433	-1.0145855	-0.97224504	-0.90926987	0.88808554	-0.8918529	-0.99990976	0.9572579	0.76358557	-1.0193317	-0.97487956	-1.009481	-0.87319034	0.9133495	0.95788246	0.98678	0.8044514	-0.8452223	-0.8736972	0.9406817	1.0262804	-0.82461727	0.9625247	-0.92892	-0.76965857	0.935457	-0.98159117	-0.7981228	0.83555657	-0.8441487	0.81323415	0.9908168	-1.0799173	-1.0263404	-0.8923043	-0.9110361	0.9937289	-0.916571	-0.929434	0.90256196	1.0174642	-0.7271118	-0.9797584	-0.83796173	-0.97798103	-0.9675818	-0.89738405	1.013215	-1.0396404	-1.0392351	-0.8250473	-0.9015653	0.90885234	0.7740005	-0.9862436	1.0136924	0.97230226	-0.7229696	0.78168195	0.9996686	-1.0386446	0.8478284	0.9724163	-1.0198842	-0.97918314	0.9925505	0.87818027	1.0480613	-1.0199103	-0.99095047	0.85436153	0.8163356	-0.7377648	0.8729554	0.76626074	0.6846243	0.7866266	0.94073623	0.8267713	-0.98316723	-0.99439627	0.99053794	0.9998248	-0.88773704	0.8234606	-0.8910849	0.85879797	0.9828267	-0.7566923	0.8764675	-0.9746849
-0.91339207	-0.9879668	-1.0229671	0.981502	-0.94533753	-0.8781236	0.9764728	0.96140563	0.98647714	1.0806001	-0.94192004	-1.0642687	-0.9234674	0.9491588	-0.98167706	-0.9912385	0.9557488	0.98984057	-1.0118766	-0.99685645	-1.0758617	-1.013253	0.9369441	1.0392102	0.9918665	0.9913352	-1.0540965	-1.0070174	1.0131986	1.0912445	-0.99096096	1.0662613	-0.9330542	-0.8455063	1.0524454	-1.0394336	-0.8967418	0.94368804	-1.0136147	0.9212216	1.0165076	-1.0279645	-1.0633487	-1.1091552	-1.019309	0.9641245	-1.0172662	-1.0279737	0.94812554	1.0126116	-0.92353237	-1.1162795	-0.93417066	-1.0177292	-1.002741	-0.9665176	1.1126181	-1.0631666	-0.9330796	-1.0000281	-1.0060352	0.9708107	0.9204189	-1.0702541	1.0867057	1.0635074	-0.96007204	0.9908343	0.9939876	-1.0874823	0.9590886	0.9782407	-1.1184345	-0.98939514	0.97279054	1.0654758	1.0919406	-1.09039	-0.9913912	0.92116785	1.0068215	-0.9059172	1.0052228	0.91634184	0.84465474	0.9844019	1.0266371	1.0374365	-0.9776659	-1.0564538	1.050695	0.9744174	-1.0585514	0.82284904	-1.0382237	0.99212855	1.0014077	-0.8516046	1.0233827	-1.0826899
-0.37151432	-0.9727043	-0.9030167	0.91497844	-0.878959	-1.4121684	1.0971464	0.5328088	0.7181722	1.1334846	-1.3470868	-1.2965567	-1.2177104	1.0101861	-1.3195441	-1.3628559	1.2938751	0.6993828	-1.2731531	-1.1418935	-1.285174	-0.8465729	1.2311647	1.1456518	1.3845456	0.6377055	-0.77295524	-0.8282848	1.3741305	1.185562	-0.73374933	1.3545924	-1.0145118	-0.74517435	0.8596338	-1.3766775	-0.80063355	0.6928398	-0.76797813	0.798222	1.3779513	-1.3106953	-1.3855152	-0.9566553	-1.072855	1.4064833	-1.1595391	-1.0552336	1.3857199	1.3627825	-0.34891975	-1.2777278	-0.6585715	-1.0428971	-1.2938521	-1.1748542	1.2462984	-1.4481434	-1.4380692	-0.58415854	-1.0016712	0.9937337	0.5997511	-1.4762888	1.2816588	1.153258	-0.43031615	0.5663236	1.2932608	-1.2449027	0.70823383	1.1980428	-1.2279614	-1.203079	1.1020058	1.073642	1.2646046	-1.1765074	-1.3186728	0.82294106	0.5413413	-0.56140697	0.77735406	0.6563059	0.37867656	0.5343292	1.0337076	0.59889954	-1.3453366	-1.3701526	1.0913662	1.1773653	-0.9019046	1.2888925	-1.0784049	0.69759166	1.3426423	-0.72382104	0.96994925	-1.4994842
-0.73831344	-1.0751737	-0.8884811	1.1308659	-1.0278366	-1.17821	0.89275205	0.70354414	1.0386674	0.9335003	-1.1027708	-1.1820272	-1.3106896	0.85810333	-1.2031406	-1.128416	1.1948098	0.8461654	-1.0935181	-1.0921805	-1.151	-0.99276286	1.1801032	0.99456954	1.0825948	0.88230366	-1.0235484	-0.8744837	1.2552762	1.0950878	-0.9708974	1.1029226	-1.1576934	-0.75831074	0.9065929	-1.1142596	-0.78001595	0.9772782	-0.9249544	0.7909164	1.2073776	-0.99084926	-1.0564251	-0.88769984	-0.9244801	1.1947646	-0.7988517	-0.9201637	1.1845227	1.0209296	-0.68059087	-1.0348963	-0.8036113	-1.0154836	-1.0975878	-1.1541796	1.0570526	-1.1356039	-1.1339617	-0.90872324	-1.1006926	0.9770311	0.71999913	-1.142174	0.9737265	1.1072476	-0.76171625	0.8410943	1.2202692	-0.9837965	0.87048733	1.0529372	-1.0206114	-1.0234984	0.8962239	0.83116466	0.96675146	-1.0837431	-0.8802838	0.70739496	0.7453451	-0.62815475	0.92281604	1.0361997	0.7215441	0.9024709	0.97301334	0.7771064	-0.9717761	-1.002255	0.9225397	0.9708837	-1.0061398	1.3200654	-0.88120884	0.9195285	1.0989394	-0.7515911	0.92003316	-1.1472889
-0.86275256	-0.8887017	-0.8107009	0.9048583	-0.855915	-0.71463627	0.81671774	0.7879554	0.9764732	0.827548	-0.79687226	-0.8794726	-0.92294884	0.7890735	-0.9272577	-0.8893086	0.81610715	0.83118427	-0.8126319	-0.85701865	-0.9038989	-0.8571295	0.8432924	0.900825	0.81753373	0.9276392	-0.9596572	-0.83078015	0.8550266	0.8864531	-0.8595043	0.91079104	-0.90854883	-0.81197506	0.8983476	-0.8259532	-0.7604402	0.87559974	-0.86571944	0.8382276	0.8796739	-0.74748594	-0.78459316	-0.82473564	-0.8526534	0.82354	-0.71092427	-0.86222726	0.8583314	0.83012295	-0.8056768	-0.922101	-0.8640061	-0.92229396	-0.8632157	-0.9263657	0.86270756	-0.8031927	-0.79914695	-0.8703279	-0.94412297	0.7906202	0.8808333	-0.7978812	0.862386	0.9126879	-0.834085	0.9309379	0.90165764	-0.8938913	0.9034675	0.84990036	-0.80369085	-0.80485916	0.8107825	0.84386235	0.74933755	-0.8289517	-0.6975691	0.69499946	0.8631575	-0.78512114	0.92837757	0.86650294	0.88301206	0.98150384	0.8782078	0.8650595	-0.7450246	-0.81151444	0.81105417	0.8404407	-0.95149463	0.8998393	-0.8554665	0.94015956	0.8803159	-0.7821448	0.89082336	-0.87366563
-1.0666476	-1.1307951	-0.98442554	1.136195	-1.0006967	-0.97998726	0.9258634	0.97201407	1.1197872	0.985278	-1.0404245	-1.1482536	-1.2002414	0.95297146	-1.1164259	-1.1579746	1.0722278	0.96071786	-0.9974664	-1.0946329	-1.0542634	-1.0169804	1.0978256	1.0481197	0.9789058	1.1403881	-1.0855135	-0.9681961	1.0699034	1.086694	-1.0362816	1.0730458	-1.1509693	-0.84419894	1.1187183	-1.059974	-0.83206093	1.0545611	-0.9779015	0.9855282	1.0558712	-0.9879685	-1.018309	-1.0302067	-0.9869233	1.0881156	-0.8217585	-1.0221701	1.069044	0.9535878	-0.89825433	-1.122922	-0.93305826	-1.0579137	-1.0675601	-1.18297	1.050022	-1.0119596	-1.0022174	-1.1016772	-1.1395422	0.9716555	0.9525758	-1.0436682	0.94952226	1.1313717	-1.0152435	1.0687648	1.127018	-1.0146517	1.0313227	1.0947199	-0.9872715	-1.0724432	0.9932349	0.90193766	0.9508067	-1.0523474	-0.7557163	0.86062753	1.0469896	-0.85805684	1.10715	1.0917344	0.9416808	1.1416925	1.0185473	1.1079947	-0.9460291	-0.9276239	1.0076144	0.97036797	-1.0733055	1.1600001	-0.9949857	1.132978	1.1426747	-0.7916217	0.95816207	-1.0825741
-0.8723655	-1.0562084	-0.94231987	1.0405488	-0.9679823	-0.7549975	0.90632844	0.91025007	1.1176538	0.9377316	-0.86270523	-1.0299797	-1.020633	0.8794217	-0.934479	-1.0335203	0.9894773	0.95135397	-0.94118863	-0.93452036	-1.0392287	-0.9966495	0.9835991	0.9383362	0.9487407	0.9920907	-1.0095468	-0.9195003	0.9268848	1.050936	-0.9899488	0.96727204	-1.0212066	-0.82765853	0.98174334	-0.9422099	-0.79028827	1.059736	-0.8914082	0.91320556	0.9821568	-0.9365201	-0.8757911	-1.0122623	-0.9739796	0.8876185	-0.7661207	-0.9674163	0.964169	0.8676035	-0.85923743	-1.0185548	-0.89673495	-1.0196244	-0.99905014	-1.0459754	0.9995562	-0.85787636	-0.82519466	-1.059803	-1.0281534	0.89136726	0.84828764	-0.91806394	0.9102848	1.0956626	-0.98518515	0.9776803	0.9474494	-0.9544581	0.95334685	1.0098072	-0.9470122	-0.91682494	0.9596462	0.8557548	0.8463556	-1.0064923	-0.70224565	0.65552294	0.9524665	-0.8335183	1.0146985	1.0129087	0.8526558	1.0972017	1.0167323	1.0196532	-0.8441296	-0.8424315	0.9648937	0.96199614	-1.0189152	0.9561474	-0.9395252	0.9994847	0.98138434	-0.7655192	1.0073953	-0.98323655
-0.9460909	-1.1457243	-0.97023773	1.130401	-0.93245494	-1.0667022	0.760828	0.7834658	1.2351446	0.98557264	-0.95602685	-1.1145362	-1.2308867	0.86868525	-1.0632702	-1.180425	1.0373546	0.916666	-1.0142322	-1.0069461	-1.2051176	-1.1079673	1.0666717	0.99733233	1.0438827	1.0574775	-1.1166334	-0.8483721	1.209835	1.1276616	-1.0389206	1.166293	-1.1594117	-0.67201614	1.1126659	-1.0772085	-0.7257356	1.0447447	-0.8941337	0.8047733	1.2324579	-0.9337228	-1.0470965	-0.97268325	-0.902896	1.0771989	-0.62669164	-0.9605567	1.1694282	0.92878574	-0.670736	-1.1335558	-0.8644208	-1.0616888	-1.0154966	-1.2244338	1.0415109	-1.190567	-1.0445093	-1.00562	-1.0649168	0.8236045	0.7871736	-1.1004564	1.0034194	1.2007346	-0.7969556	0.8932948	1.163236	-1.0540403	0.922008	1.1190062	-0.9525174	-0.95031196	0.9681053	0.83870375	0.78848684	-1.116468	-0.74777037	0.5486166	0.881461	-0.7077481	1.0294338	0.97909796	0.71767545	1.1346649	0.97707856	1.0177249	-0.80347323	-0.9056225	0.9377205	0.88130516	-1.114086	1.2535003	-0.9314516	1.0952927	1.131213	-0.5256811	0.9404714	-1.1528214
-0.9649702	-1.0110865	-0.94220555	1.1065731	-1.0250107	-0.88211817	0.8511861	0.837772	1.1221216	0.9468141	-0.94002277	-1.0619622	-1.0889359	0.87416035	-1.0229808	-1.0742532	1.0129359	0.99444	-0.9162364	-1.0456891	-1.0968148	-0.9844687	1.0610379	0.9223584	0.9388503	1.0003577	-1.1129524	-0.9158928	1.053886	1.0138932	-1.0866593	1.0255954	-1.0843809	-0.7168726	1.0789754	-0.98855126	-0.82140815	1.0652825	-0.91929334	0.9452856	1.0307486	-0.93493587	-0.99075705	-0.95734745	-0.94034475	0.96015936	-0.75441235	-0.94531304	1.0460002	0.914111	-0.8943463	-0.97999084	-0.9468209	-1.0283724	-0.9743944	-1.0975143	0.9799391	-1.0143296	-0.9006103	-0.9846462	-1.0738326	0.8849235	0.93073434	-0.9848708	0.869054	1.049197	-1.0075548	0.9977665	1.0099936	-1.0332943	1.0218155	1.0024787	-0.96436006	-0.97531	0.91832244	0.84572303	0.81503993	-0.9783475	-0.7214042	0.634933	0.97240126	-0.81992126	1.0255803	1.0691631	0.9193222	1.1254382	1.0153966	1.0534173	-0.839675	-0.87922853	0.95512694	0.92421997	-1.0475785	1.0321	-0.96945065	1.0995607	1.0318679	-0.69877404	0.96156865	-0.9700291
-1.0821834	-1.0797507	-1.0574949	1.1145197	-0.97511244	-0.5446447	0.8782347	1.0231091	1.1999741	1.026589	-0.84104866	-1.024003	-0.91277945	0.9331512	-0.8617352	-1.0251061	0.8888533	1.0587225	-0.933206	-1.0315261	-1.0931938	-1.1245282	0.93865985	1.061401	0.88381815	1.1148539	-1.2041651	-0.99953604	0.90781265	1.1128165	-1.06138	1.0370657	-1.001112	-0.80206436	1.1844943	-0.90978676	-0.8318201	1.1032332	-1.0257066	1.0170324	0.9029082	-0.8978066	-0.86512685	-1.158691	-1.0120976	0.84209526	-0.82146513	-1.0664626	0.8579291	0.81310135	-1.0389001	-1.1065198	-1.0373658	-1.0365713	-1.0168326	-1.0901941	1.0703447	-0.9264428	-0.7832429	-1.1670103	-1.0900033	0.8931298	0.9331267	-0.93363345	1.0891908	1.160739	-1.0921563	1.0650338	0.9192512	-1.0447915	1.0643003	1.0167122	-1.0920223	-0.90877175	1.0262111	0.9144199	0.9282914	-1.1229144	-0.75128275	0.7141859	1.0611596	-1.0197732	1.0893228	0.9948689	0.986319	1.1861705	1.1294595	1.127596	-0.78214043	-0.86018914	1.0533038	0.9702876	-1.2070248	0.79242516	-1.0800719	1.1742544	1.0075631	-0.72568625	1.0027262	-0.9975887
-0.69406044	-0.8159739	-0.8035171	0.82085663	-0.75504595	-0.848219	0.7086775	0.72362775	0.8434814	0.84292686	-0.86537945	-0.89018095	-0.8970316	0.6966476	-0.8497448	-0.86400366	0.8482544	0.7384107	-0.775414	-0.78028274	-0.86531	-0.79577196	0.88070303	0.8411041	0.8404264	0.75976926	-0.8017082	-0.7812209	0.90285224	0.82902855	-0.77924395	0.9098201	-0.89481944	-0.6894897	0.8232579	-0.9049506	-0.6759502	0.72785765	-0.7737731	0.6782351	0.95093006	-0.84785056	-0.83445895	-0.76961744	-0.8261603	0.8734558	-0.69256204	-0.80824226	0.94029456	0.83300203	-0.5985527	-0.8433128	-0.685316	-0.84943527	-0.78240925	-0.9111489	0.8022887	-0.94137245	-0.87724227	-0.6934093	-0.8719902	0.74232763	0.66443795	-0.8673502	0.80526656	0.84266	-0.73077947	0.7312925	0.879393	-0.87341326	0.73154235	0.8714487	-0.8476461	-0.76577294	0.7652104	0.8058937	0.75751585	-0.86463606	-0.78135365	0.61287004	0.6763263	-0.5963852	0.7518814	0.81105727	0.64056194	0.75019604	0.8079618	0.7464239	-0.8267432	-0.8102315	0.7515419	0.7380165	-0.79145676	0.9559098	-0.81337935	0.80564153	0.90877897	-0.5922957	0.7656026	-0.9241267
-0.9072237	-0.99496	-0.98010814	0.9433676	-0.95844305	-0.8465385	0.8321353	0.8423297	1.0371581	0.91368234	-0.9216369	-0.99450356	-0.9763639	0.8502869	-0.8939232	-0.93964595	0.93524325	0.9835024	-0.96948606	-0.92111564	-0.99719286	-1.0239835	0.93409103	1.0034225	0.8765641	1.0333585	-1.0424511	-0.9639279	0.9979318	0.99831426	-0.96752316	0.94228673	-0.98352766	-0.7579295	1.0404583	-0.905343	-0.73924005	0.99312514	-0.9273989	0.88565826	0.95750314	-0.8813575	-0.9440738	-0.9237532	-0.8453964	0.8581123	-0.7521587	-0.94456893	0.9813323	0.92155117	-0.856577	-1.007895	-0.84511924	-0.9683533	-0.9843754	-1.0396799	0.9225568	-0.90928316	-0.89638925	-1.0558782	-1.0298566	0.86948323	0.8861038	-0.9707882	1.0009952	1.0179433	-0.92674595	0.97991836	0.9522483	-0.95432794	0.979245	0.99601096	-0.93264335	-0.9326352	0.9293284	0.83792025	0.85366476	-0.9787445	-0.76719016	0.6542682	0.948996	-0.89866203	0.9335486	0.9107471	0.8474478	1.0152766	1.0056151	0.9661212	-0.8542362	-0.9030017	0.9403687	0.8729284	-0.9762485	0.9507913	-0.98305964	1.0168644	1.0086355	-0.7231597	0.94061536	-0.9659959
-1.0797182	-1.0607542	-1.099016	1.0859029	-0.9665745	-0.66861874	1.0724262	0.9954146	1.112891	1.0598464	-0.9114522	-0.97744775	-0.81337	1.0518559	-0.8934839	-0.95918626	0.96055686	1.0591042	-0.9936951	-0.9811991	-1.0706197	-1.0869547	0.918006	1.0390143	1.0114403	1.1315486	-1.1534966	-1.1063495	0.8806141	1.0390619	-1.0424932	0.91839725	-0.90827924	-0.944184	1.1101924	-0.8732101	-1.0208238	1.1458113	-1.091831	1.0679815	0.8035329	-1.014936	-0.9659817	-1.1067533	-1.0591401	0.83232856	-0.95902485	-1.1343286	0.8182618	0.8658771	-1.070554	-1.0835166	-1.0681195	-1.0270733	-1.0194949	-1.0131197	1.0498612	-0.7846507	-0.85237104	-1.1062826	-1.0679246	1.0295764	1.0399563	-0.98244876	1.1069422	1.1205636	-1.1538453	1.1180943	0.91172963	-1.0886152	1.0774682	1.051207	-1.1039153	-0.9624362	1.0058684	1.0920275	1.0128195	-1.0695401	-0.9000299	0.88904965	1.1563882	-1.0857015	1.0994109	1.068306	1.0318776	1.113723	1.0978614	1.1513017	-0.96356666	-0.9205219	1.066024	1.053955	-1.1407119	0.75410223	-1.0439533	1.0813676	0.9769495	-0.8965385	1.0513072	-0.9389965
-0.6682402	-1.0676175	-0.84729433	1.0406926	-0.9428783	-1.2509795	0.9264357	0.6482358	0.8962001	1.0110872	-1.1279413	-1.1175624	-1.203208	0.8572915	-1.1770037	-1.10089	1.0888371	0.7890188	-1.0595205	-1.0364007	-1.1640996	-0.92933315	1.0759711	1.0361943	1.0713791	0.8646779	-0.9193154	-0.7922284	1.1614174	1.075791	-0.93124336	1.0944604	-1.0529157	-0.69311285	0.8713831	-1.1060241	-0.8083154	0.84583884	-0.89283955	0.85734814	1.1464051	-1.1042494	-1.1596696	-0.9033152	-1.0000385	1.192243	-0.953134	-0.96342725	1.2338545	1.1552576	-0.6397022	-1.0156866	-0.76188254	-1.0266023	-1.107926	-1.1141318	1.076256	-1.2321373	-1.1459886	-0.8143542	-1.0187392	0.9441708	0.7512577	-1.2225074	1.0376257	1.0660124	-0.64330995	0.6816471	1.1129724	-1.0193858	0.792183	1.0709499	-1.0933448	-1.0653512	0.9768989	0.9075475	1.0038776	-1.0495723	-1.0067893	0.7206186	0.68999785	-0.63763106	0.91627425	0.9435455	0.65358233	0.7446503	0.97249013	0.73331624	-1.0549446	-1.041705	0.9990603	0.9880878	-0.9692183	1.1977963	-0.93318766	0.8577098	1.0917712	-0.69549143	0.960168	-1.2101053
-0.86353207	-1.1933522	-0.98755527	1.1522973	-1.0235534	-1.1915972	0.8946391	0.79485327	1.1209204	1.0322177	-1.031083	-1.1681923	-1.2649895	0.86776334	-1.1977788	-1.2431229	1.19297	0.93051416	-1.0220503	-1.0810118	-1.1549239	-1.070786	1.1801208	1.0888115	1.0425314	1.0114533	-1.0718224	-0.9321699	1.2135783	1.12747	-1.0637741	1.1840678	-1.1744105	-0.71270496	1.0339026	-1.1245677	-0.7251938	1.064098	-0.93251747	0.91614825	1.2643049	-1.030854	-1.1161894	-1.0316925	-1.0396057	1.1297209	-0.7885386	-1.0135624	1.2653451	1.0340455	-0.8031292	-1.1604496	-0.88676226	-1.0808687	-1.0752958	-1.2020124	1.0897441	-1.1724563	-1.0473479	-1.0385064	-1.0906241	0.9107117	0.81810224	-1.176377	1.0554225	1.1899519	-0.87926257	0.9864022	1.2045584	-1.0393633	0.93859255	1.1238728	-1.0764408	-1.0104162	0.9728719	0.90787655	0.9569173	-1.1497468	-0.818867	0.64342874	0.9309777	-0.7145685	1.0082866	1.079683	0.82713115	1.119408	1.0592481	1.0407647	-0.94860107	-0.91980714	1.0464157	0.94515353	-1.1289896	1.2204593	-0.9771462	1.060087	1.1913108	-0.67841905	1.000586	-1.1271843
-0.8884986	-0.87253684	-0.930219	0.85690206	-0.8475304	-0.63672495	0.8505854	0.8906539	0.8920986	0.8895676	-0.8112455	-0.877132	-0.8212186	0.9014842	-0.88015777	-0.7878382	0.8358262	0.8602135	-0.8575305	-0.9032236	-0.87404555	-0.9096405	0.84874415	0.8773136	0.7902357	0.8768727	-0.96737176	-0.92757004	0.73951155	0.9085479	-0.865107	0.8500255	-0.8797218	-0.7967705	0.94598943	-0.7929243	-0.8535059	0.87823373	-0.9063936	0.8531852	0.8315841	-0.76395845	-0.76544416	-0.8508355	-0.8835057	0.7913525	-0.7775709	-0.90199685	0.7178618	0.7316218	-0.9146636	-0.91629285	-0.8844227	-0.8918663	-0.863664	-0.8857047	0.88342655	-0.7491126	-0.6990576	-0.965505	-0.8759424	0.87606204	0.918068	-0.75860906	0.8439541	0.9418631	-0.8896795	0.87877077	0.8273144	-0.90261173	0.9046067	0.89920264	-0.86146873	-0.8642355	0.85918504	0.85561013	0.81310976	-0.84700316	-0.68786424	0.83278716	0.94750583	-0.87074363	0.87463737	0.87721807	0.8512719	0.92588717	0.9638244	0.9526231	-0.8161442	-0.8193659	0.91738486	0.8360167	-0.92585456	0.7989371	-0.9307354	0.945216	0.8383794	-0.81756264	0.8353348	-0.77305144
-0.8721403	-1.0849519	-0.9141728	1.0606709	-0.9614935	-0.9300879	0.835018	0.7874083	1.0481771	1.0321801	-0.9109151	-1.0598464	-1.1038017	0.8802134	-0.99597204	-1.070127	1.0421352	0.91201556	-0.94670105	-1.0010482	-1.0437835	-0.98855495	1.0162625	1.023371	0.9859023	0.92736673	-0.9839925	-0.8317078	1.0487546	1.013994	-0.9999016	0.9925906	-1.0020512	-0.78694814	1.0309265	-0.9871678	-0.79328275	0.9715679	-0.88244	0.88554853	1.0954975	-1.006687	-0.9968983	-0.94815946	-0.9605465	1.0153528	-0.83119404	-0.9812516	1.0617001	0.96402997	-0.7606081	-1.06664	-0.8923876	-0.90242237	-0.9412212	-1.0117166	0.9929785	-1.037718	-0.98867494	-0.8873565	-0.9948602	0.88448906	0.8211484	-1.0501444	1.0393463	1.0666618	-0.8459296	0.84103996	0.96686405	-1.0043838	0.9130503	0.9990138	-0.9878115	-0.9376418	0.9575003	0.94744724	0.90796953	-1.0688771	-0.8833084	0.70082515	0.82872087	-0.785399	0.9492888	0.9511258	0.75286335	0.9766939	0.9993774	0.8764018	-0.8712459	-0.94883597	0.966302	0.928875	-1.0288434	1.0505815	-0.9678949	0.9975764	1.0318661	-0.7047426	0.8680253	-1.060317
-0.9923464	-0.85607237	-0.9638531	0.95176446	-0.8479423	-0.5111587	0.7640392	0.9125869	1.0055721	0.82211256	-0.76936644	-0.899169	-0.85972273	0.8983097	-0.7567152	-0.82245046	0.7966346	0.9338151	-0.7910945	-0.8800081	-0.8704026	-0.98074144	0.81196535	0.8647288	0.79715526	1.0216937	-0.97942823	-0.90240467	0.8031129	0.91533154	-0.9571963	0.8986449	-0.87806094	-0.7475504	1.0298523	-0.8412621	-0.70603967	0.97660756	-0.8748936	0.9056628	0.8230653	-0.76650804	-0.84623504	-1.008854	-0.8366231	0.70708644	-0.6964337	-0.9070765	0.7325697	0.75171053	-0.8694998	-0.9105043	-0.94334394	-0.8846301	-0.92400354	-0.8446142	0.93554425	-0.72711676	-0.65724444	-0.9668949	-0.8992243	0.86197793	0.9104677	-0.7898667	0.8843761	0.9639764	-0.95685285	0.93934983	0.83353716	-0.9285245	0.96561694	0.87499034	-0.9564759	-0.8321727	0.8701138	0.8549386	0.81053036	-0.90794146	-0.6714504	0.6816382	0.9862452	-0.87176365	0.97252357	0.92841077	0.8412664	0.98018765	0.94869995	1.0574304	-0.80007374	-0.77285826	0.9688596	0.8997734	-1.0286136	0.7180246	-0.89750534	0.9780275	0.850783	-0.7032321	0.94305706	-0.8385432
-1.0025848	-1.0892776	-0.9606757	1.0997571	-0.9717815	-0.7117859	0.83458674	0.8950891	1.1464134	0.8462205	-0.7844973	-1.0110351	-1.0056368	0.9002714	-0.8996206	-1.0072026	0.9828979	0.9922816	-0.87927175	-0.9582986	-1.0019187	-1.069217	0.97508097	0.93868023	0.8929217	1.1052368	-1.1624727	-0.96230215	0.9530759	0.9842415	-1.0938897	0.92281586	-1.0885203	-0.6844803	1.0703378	-0.88339525	-0.77566975	1.0521457	-0.97660315	0.9715544	0.9739114	-0.8548741	-0.8165353	-1.0016072	-0.95288527	0.88634086	-0.66116154	-1.0019945	0.9698833	0.7912322	-0.9945513	-0.9949777	-0.97285116	-1.0105399	-0.9547809	-1.0689007	0.9691271	-0.81597304	-0.771581	-1.0924128	-1.0910733	0.86573917	0.9548039	-0.9297306	0.89079976	1.1365937	-1.0444143	1.0628167	1.0220355	-1.0204531	1.03967	1.0648041	-0.9356804	-0.88264936	0.959194	0.89108527	0.71910584	-1.0416142	-0.6064849	0.6317063	1.0137346	-0.8598317	1.101476	1.0613121	0.9206121	1.2114416	1.0085341	1.1282676	-0.7950629	-0.8452746	0.93353134	0.90906733	-1.0569798	0.9187752	-0.9614526	1.0899749	0.9751327	-0.6589264	1.007218	-0.9539375
-1.0502878	-1.1181504	-0.95412546	1.0861379	-0.94659704	-0.79352915	0.88928324	0.96731085	1.137722	0.9366579	-0.83309555	-1.0007544	-1.0796905	0.892544	-1.0011319	-1.0295894	0.9804076	1.0177675	-0.9279664	-0.9330901	-0.993828	-1.1096613	0.9764298	1.0124878	0.9168559	1.1263931	-1.1218176	-0.9005601	0.9640739	0.98957753	-1.0230035	0.9695811	-1.0668561	-0.80903023	1.136127	-0.9192827	-0.8195732	1.1529	-0.98993206	0.8936188	0.9192468	-0.8363841	-0.8849408	-1.0193954	-0.9412808	0.8997988	-0.7637203	-0.94151735	1.0280969	0.84836376	-1.0049503	-1.0690432	-1.055765	-1.064136	-0.89764833	-1.1393371	0.97250134	-0.87956387	-0.79765576	-1.1514041	-1.0147939	0.94673574	0.9743953	-0.9603206	0.9531583	1.08709	-1.0726681	1.072012	1.0219744	-0.8983829	1.0293022	1.0891124	-1.0302795	-0.92314035	0.92912614	0.85912263	0.8567771	-1.0541857	-0.6027493	0.7748609	1.1251394	-0.91796577	1.1078492	1.0443119	1.0608647	1.2246494	1.0582192	1.0819654	-0.741508	-0.77524763	0.9296787	0.94166106	-1.1052284	1.0615002	-0.9942464	1.0946865	1.0752599	-0.7370359	1.007041	-0.9376523
-0.87433153	-0.96585476	-0.9680473	1.0408909	-0.90938675	-0.9454705	0.83579296	0.84279054	1.0552987	0.92452425	-0.84707344	-1.0252665	-1.0687943	0.90528554	-0.98654956	-1.0263256	0.99258554	0.91017497	-0.98640704	-0.9805049	-1.0280453	-0.9752527	0.97830665	0.971721	0.983736	0.92073417	-0.98405635	-0.93666536	1.0656283	0.9840131	-0.8966324	1.0617617	-1.0279818	-0.7862213	0.9849751	-1.0097951	-0.77275676	0.95381147	-0.88466954	0.82492805	1.0179557	-0.8983537	-0.948731	-0.917816	-0.92452234	0.9578385	-0.78009903	-0.9803551	1.0155456	0.90345997	-0.81077063	-1.0547736	-0.8891809	-0.9894208	-0.91008425	-0.9937743	0.9722943	-1.0405226	-0.9525513	-0.89841276	-0.96513766	0.91564536	0.8916841	-0.9854773	0.96749675	1.004473	-0.8666191	0.9275257	1.0085956	-0.954832	0.96536267	0.9799617	-0.9939793	-0.9128115	0.9581353	0.8963557	0.957484	-1.0115577	-0.8003072	0.71374714	0.8595393	-0.76694953	0.91928166	0.92030233	0.77573204	0.9608296	0.9700333	0.89414203	-0.8995215	-0.86374825	0.9480777	0.8524051	-1.0023843	1.0679005	-0.93372196	0.9981732	1.0240207	-0.7424108	0.9117371	-1.019051
-1.033689	-1.1742438	-1.0525328	1.207911	-1.0556508	-1.084908	0.83858395	0.90188044	1.2993027	0.99838626	-1.0835739	-1.1836474	-1.2576944	0.8917711	-1.2153205	-1.2047973	1.1649815	0.9945579	-1.0294378	-1.0671483	-1.2294718	-1.1385239	1.1891898	1.1144503	1.1409984	1.1145267	-1.1487107	-0.99772024	1.2592609	1.2250885	-1.1252173	1.217155	-1.2297692	-0.70961607	1.1787517	-1.1493281	-0.7355936	1.2021588	-0.9717655	0.9544255	1.2818063	-1.0481277	-1.0574235	-1.0738196	-1.0074258	1.1864548	-0.67231816	-0.9956552	1.2467302	1.0271348	-0.90112346	-1.192327	-0.9689535	-1.0876217	-1.075793	-1.197406	1.0642931	-1.224589	-1.0390459	-1.1437591	-1.2025294	0.9890902	0.9568364	-1.1776137	1.0525913	1.1944594	-0.96049917	1.0309669	1.2275776	-1.1123852	1.0120698	1.1887493	-1.1072903	-1.0597092	0.99978477	0.9314251	0.8691992	-1.2209679	-0.81363916	0.6798903	1.0631945	-0.7767152	1.1686548	1.1420029	0.8633105	1.2081945	1.1214081	1.1304003	-0.91150683	-0.898151	1.0682062	0.9672564	-1.208875	1.3065001	-1.0583425	1.1415617	1.1801269	-0.6963989	0.99409	-1.1997782
-0.538172	-0.9418685	-0.8175458	0.9510527	-0.8703569	-1.1324645	0.86546534	0.6173508	0.84065515	0.95532525	-1.0813411	-1.038657	-1.0653787	0.8184105	-1.056712	-1.1060371	1.0451548	0.66149056	-1.0083272	-1.0012963	-1.0810736	-0.80279875	1.0000634	0.91797876	1.0331296	0.7581506	-0.79512465	-0.8083955	1.1824868	1.0442132	-0.7716528	1.129272	-1.0318099	-0.6710186	0.7743578	-1.0935081	-0.7331385	0.8014859	-0.7852576	0.810422	1.1500311	-1.0874699	-1.0447494	-0.8222201	-0.9428526	1.0961893	-0.90333784	-0.81465614	1.1769406	1.0477874	-0.5026009	-0.95821136	-0.70986116	-0.91145986	-0.97856325	-1.0169305	0.9769138	-1.1886443	-1.0822146	-0.7051668	-0.96508336	0.900543	0.7093091	-1.115507	1.0360624	0.95173913	-0.6006221	0.637456	1.0942649	-0.9425777	0.803564	1.0197728	-0.9351129	-0.951005	0.9140202	0.9000045	1.0209683	-0.95320475	-1.0546567	0.78553927	0.61940974	-0.5789975	0.8903252	0.8166918	0.5631273	0.7191011	0.9195185	0.69794863	-1.0707048	-1.022185	0.8387824	0.89256006	-0.83589745	1.1727624	-0.8511583	0.80637	1.0689609	-0.69877225	0.8274084	-1.1611025
-0.6876251	-0.9930198	-0.86987597	0.9964951	-0.8648805	-1.0782479	0.9433984	0.7497274	0.95512277	0.93453413	-0.94052106	-0.996304	-1.0397402	0.9137268	-1.041287	-1.0194246	1.0261643	0.8444758	-1.0437852	-0.97443914	-1.0854721	-0.94716233	0.99884015	0.9669671	1.0026311	0.7988627	-0.8796493	-0.8073487	1.038492	0.96831197	-0.8137675	0.98616844	-0.948875	-0.69434726	0.9382165	-1.0101767	-0.76261294	0.8157269	-0.806485	0.8091951	1.1079413	-1.0280913	-1.0648094	-0.9016899	-0.9195304	1.0613278	-0.9035009	-0.9697284	1.0675328	0.9711932	-0.66798985	-1.0525807	-0.8083325	-0.97441375	-0.98480654	-0.98490375	1.0348207	-1.0445448	-1.052494	-0.7652462	-0.95445555	0.8073773	0.7352135	-1.0781895	1.021993	1.0221283	-0.7781599	0.76494855	1.0032828	-0.9432105	0.78544855	0.9312345	-1.0075992	-0.9603299	0.9202335	0.9192144	1.0122002	-0.9750586	-0.9462825	0.71711576	0.7353154	-0.6467597	0.8976546	0.8655936	0.6236325	0.8158274	0.8957644	0.76366	-1.0200695	-0.9677886	0.9542763	0.90233207	-0.9609108	1.1233139	-0.9476369	0.9077872	1.0204736	-0.66772425	0.8712929	-1.097294
-0.8640967	-0.91228586	-0.8709583	0.9943583	-0.92215616	-0.7945902	0.90064794	0.82793134	0.9458013	0.91519684	-0.8584274	-0.93114007	-0.90353036	0.8197874	-0.9628668	-0.91236967	0.9875811	0.88526344	-0.9084252	-0.9491015	-0.98394066	-0.9398428	0.91996247	0.95190626	0.966527	0.95010376	-0.9773534	-0.84435755	0.9402835	0.97273844	-0.9576654	0.97486055	-0.908699	-0.74979573	0.96411663	-0.96569824	-0.73055875	0.96900326	-0.90984493	0.8155261	0.9598936	-0.91911095	-0.85817313	-0.94517714	-0.90557957	0.91315836	-0.7995336	-0.907607	0.92660743	0.8463558	-0.8797571	-1.0126109	-0.8523367	-0.97389036	-0.95910144	-0.96154666	0.8754038	-0.9185661	-0.88127047	-0.9530307	-0.9098199	0.8591019	0.89379925	-0.96935064	0.94747496	0.99513334	-0.8657243	0.9300431	0.9171328	-0.9321267	0.85203665	0.93635267	-0.9300591	-0.8363662	0.86794215	0.83431387	0.904929	-0.909779	-0.81570554	0.7113418	0.9247908	-0.8190994	0.95086586	0.93588126	0.8653741	0.9623162	0.92351824	0.9088621	-0.85165393	-0.82692236	0.865814	0.8297318	-0.9558521	0.90627986	-0.9279402	0.9594882	0.9844512	-0.6470775	0.8655156	-0.9597382
-0.6906829	-1.020971	-0.9372712	1.0203019	-0.92987174	-0.99920547	0.9841922	0.7357348	0.92617863	1.0621868	-1.0061868	-1.076602	-1.069557	0.9181381	-0.96626616	-1.1094995	1.0122021	0.83961296	-1.0357703	-1.0031872	-1.0995834	-0.94788146	0.9973314	1.0153207	1.0048894	0.8571995	-0.93726236	-0.84853256	1.0943356	1.0810522	-0.9224988	1.1034533	-0.97082746	-0.7753409	0.99227387	-1.0008913	-0.7781541	0.8788413	-0.84101087	0.86910516	1.060996	-1.0541607	-1.094964	-0.9274764	-0.9631293	1.0428044	-0.8856077	-0.97019154	1.0774218	0.9929952	-0.7013913	-1.0365463	-0.8044709	-0.96611625	-1.014277	-1.1036675	1.0461471	-1.110835	-0.9830152	-0.79812986	-0.9978925	0.93055254	0.8212499	-1.0606875	1.1060315	1.0577958	-0.77430457	0.73738503	1.0574063	-1.0657741	0.8870229	0.9827251	-0.9985543	-1.054838	0.98354834	0.9282452	1.0171942	-1.1048689	-0.99702	0.8358425	0.80903625	-0.6999557	0.89956504	0.845313	0.710661	0.7622207	1.0253454	0.82129943	-0.967911	-1.0347569	0.96999514	0.9792111	-0.96743244	0.99962354	-0.99397916	0.86230475	1.1106122	-0.7231954	0.9143796	-1.1008197
-0.3497656	-1.0934486	-0.7410606	0.9910452	-0.92380476	-1.3725752	1.0631691	0.57855994	0.74456966	1.1280761	-1.2205158	-1.1908001	-1.2717695	0.865761	-1.1855516	-1.2646474	1.2343845	0.6324885	-1.1396903	-1.0877278	-1.2055557	-0.845609	1.2023178	1.0796654	1.1818727	0.70982283	-0.8128472	-0.75456756	1.3067231	1.1088226	-0.74720746	1.2554569	-1.1535369	-0.69873756	0.813928	-1.2322192	-0.73761195	0.7182667	-0.80234987	0.7399672	1.3200128	-1.213436	-1.3092748	-0.78219384	-1.0939177	1.2588986	-1.0622052	-0.92327625	1.2673789	1.1873597	-0.4227493	-1.0955219	-0.6632946	-1.0044705	-1.1953852	-1.1195345	1.1146452	-1.3467069	-1.2891932	-0.594912	-0.9753515	0.96106297	0.5471778	-1.230907	1.0680332	1.0720936	-0.4369193	0.5451788	1.262131	-1.1136148	0.68346137	1.0287706	-1.06081	-1.1390734	0.9560904	0.9999315	1.2094275	-1.0540745	-1.1244197	0.8517469	0.5556421	-0.47721538	0.8210781	0.8641377	0.42679933	0.6406526	0.8682838	0.5115456	-1.1999103	-1.1223152	1.0254245	1.0572954	-0.8189734	1.3363929	-0.9916966	0.6774145	1.1744828	-0.752409	0.91172713	-1.2989134
-0.88356674	-0.87346184	-0.86384857	0.9257007	-0.9194844	-0.7884403	0.87862176	0.8375295	0.85580903	0.9486385	-0.8847474	-0.8616995	-0.856852	0.9087351	-0.9302955	-0.89889365	0.83030206	0.9287492	-0.93254864	-0.9144824	-0.87506837	-0.87800616	0.9556187	0.88366807	0.9002339	0.86412364	-0.90760374	-0.8373998	0.86421674	0.903589	-0.9235359	0.94279176	-0.8250227	-0.88127106	0.9301508	-0.84980595	-0.93871856	0.8875231	-0.8462004	0.9145289	0.8174614	-0.89838004	-0.8716845	-0.86509866	-0.8927603	0.86756724	-0.87396836	-0.8718352	0.8830806	0.87162083	-0.78159755	-0.9265546	-0.9185541	-0.9828168	-0.88008183	-0.8251386	0.9021208	-0.8535219	-0.83937794	-0.8453721	-0.86918646	0.9079027	0.8806528	-0.87678015	0.9006975	0.9044028	-0.8251917	0.9106861	0.91291255	-0.9093113	0.8740612	0.8763179	-0.9070992	-0.8475306	0.85697335	0.96857494	0.914157	-0.9148653	-0.9027763	0.8453685	0.81552684	-0.8180686	0.8884525	0.8606688	0.8004213	0.83499473	0.88264686	0.8142588	-0.89724755	-0.93642735	0.9655111	0.89881194	-0.8653473	0.7540035	-0.8730347	0.8460091	0.9486342	-0.8537638	0.8577801	-0.9019034
-0.68247235	-0.9711076	-0.82526463	0.9411817	-0.9016275	-1.0471913	0.8337597	0.7052398	0.8328776	0.99673253	-1.0480638	-0.9515447	-0.9899349	0.8249097	-1.011632	-0.94975936	0.97573423	0.7789284	-1.0129112	-0.8743636	-0.97396916	-0.9136551	1.0049155	0.9417747	1.0040107	0.7906992	-0.9044992	-0.8204372	1.0576091	0.9649784	-0.7923488	1.0437428	-1.0027235	-0.7457986	0.8367126	-1.027191	-0.7583946	0.81745744	-0.85314965	0.80957323	1.0392983	-1.0233008	-0.9946834	-0.84131366	-0.8961021	0.98096305	-0.9046448	-0.88319314	1.0225954	0.96921957	-0.59732264	-0.9902165	-0.7337631	-0.8786612	-0.952711	-0.98274446	0.94644713	-1.0871041	-1.0440409	-0.7951478	-0.87750965	0.8879586	0.6994939	-0.99470705	0.92550516	0.9547836	-0.69847924	0.70038855	1.0433272	-0.9047533	0.8247584	0.9568764	-0.9663189	-0.9590519	0.9185719	0.8533138	0.93512326	-0.90019596	-0.99966556	0.7713812	0.72515935	-0.6633652	0.8380082	0.8895585	0.63929385	0.74424356	0.92422074	0.71280324	-0.9899468	-0.90846306	0.87869203	0.90791816	-0.8480595	1.0499879	-0.9280009	0.7940593	0.9497732	-0.77483183	0.84868723	-1.072897
-0.30075434	-0.9345197	-0.7316875	0.9160951	-0.7534364	-1.2300525	0.88274705	0.50577855	0.6114613	0.93597966	-1.0259627	-1.0266299	-1.153598	0.7993443	-1.1379517	-1.11058	1.0539049	0.50325555	-1.0142512	-0.9556577	-1.0635649	-0.76360446	0.99588484	0.8473405	1.0670084	0.65072507	-0.6793993	-0.7054433	1.2126248	0.9602692	-0.7087242	1.0769265	-0.9498482	-0.6806157	0.7182886	-1.1273259	-0.7296952	0.62190026	-0.7002536	0.7252602	1.1885337	-1.0070343	-1.0748043	-0.6730117	-0.9658584	1.2143973	-0.9634383	-0.83728826	1.1127086	1.034532	-0.35637563	-0.9293349	-0.635082	-0.8545647	-1.0331002	-1.059506	1.0236013	-1.1762631	-1.0878781	-0.4803411	-0.8788081	0.8116051	0.5328074	-1.1252774	0.9497842	0.90881276	-0.42086688	0.41905433	1.1670744	-0.9592283	0.61772656	0.9181568	-0.9483697	-0.9969625	0.90113086	0.898251	0.9644602	-0.9395745	-1.0917785	0.7355187	0.42298007	-0.35136423	0.70909816	0.7199119	0.35732326	0.51254463	0.84478676	0.39914516	-1.0022386	-1.0419769	0.8288294	0.8985019	-0.6793477	1.1997664	-0.8264466	0.6634456	1.030552	-0.6813989	0.7985253	-1.1582074
-0.9732064	-1.0474784	-1.0256001	1.0607743	-0.944038	-1.0333117	0.8999367	0.80533737	1.1601517	1.0354642	-0.9430919	-1.0792254	-1.1253759	0.9285129	-1.0724947	-1.0988456	1.0250825	0.9616999	-0.9966859	-1.0407357	-1.0867875	-1.0694417	1.0396396	1.0464123	1.0262136	1.0454582	-1.074826	-0.98695016	1.0732453	1.1237162	-1.0086339	1.126627	-1.1013768	-0.74772114	1.0619115	-1.1183419	-0.8250236	1.0915323	-0.93808687	0.8986673	1.1312077	-0.9915192	-1.0741198	-0.98706174	-1.0302408	1.0332332	-0.7806819	-0.99559754	1.0927099	1.0559727	-0.7982388	-1.1470214	-0.94189864	-0.99231005	-1.1012691	-1.136457	0.9937093	-1.1050928	-1.0749017	-1.0813367	-1.0337967	0.89014775	0.84154826	-1.0999752	1.0438122	1.1039915	-0.9739901	0.98744583	1.0925243	-1.0259984	1.0138328	1.0328438	-1.0063581	-0.98847866	0.99903566	0.9546741	0.9063864	-1.1014141	-0.8839986	0.662889	0.9711217	-0.8227266	1.0455095	0.98750454	0.82116383	1.0666034	1.078358	1.0737299	-0.9481972	-1.0171213	0.973406	0.94357646	-1.126315	0.9819391	-0.99799603	1.0639228	1.1053683	-0.7252415	0.9741719	-1.0610981
-0.80182236	-0.9354197	-0.8727005	0.94725174	-0.8706172	-0.909803	0.90427667	0.85409737	0.87977386	0.97377014	-0.89523864	-1.028572	-1.0195246	0.855487	-0.91048783	-0.96583474	1.0033152	0.8023001	-0.9946764	-0.87626255	-0.98586655	-0.98413104	0.97962785	0.99621254	1.0044765	0.8749566	-0.9678674	-0.8473906	1.0527179	1.0137165	-0.86677015	0.9886482	-0.93298274	-0.7780031	0.9522532	-0.9376682	-0.8353921	0.8272834	-0.890605	0.893802	1.0624313	-0.96057284	-0.9312085	-0.93826705	-0.9945551	0.9773072	-0.8365751	-0.899354	0.93017304	0.8824378	-0.7447203	-1.0649182	-0.8282732	-1.00015	-0.95719403	-0.9864456	1.0213742	-1.0032972	-0.94818	-0.8995822	-0.9326111	0.89134187	0.8417372	-0.9816079	0.96989083	0.9918606	-0.84558624	0.8557652	1.0025593	-0.96927065	0.8089965	0.9597783	-0.99196833	-0.91809803	0.9718734	0.9258431	0.9323196	-0.9749904	-0.9446824	0.786455	0.8694254	-0.78961927	0.9587566	0.86302	0.6924307	0.90341216	0.918684	0.8296407	-0.927043	-0.93959373	0.9928503	0.8768529	-0.91981024	0.9536587	-0.9165511	0.90181386	1.0334287	-0.718161	0.8790048	-1.0367545
-0.9408471	-1.1192753	-1.0067941	1.185516	-0.9807171	-1.0595008	1.0260588	0.95576584	1.2088029	1.096472	-1.0478933	-1.195694	-1.22638	0.94326794	-1.0634633	-1.1929224	1.1039957	0.9541982	-1.0993811	-1.1410686	-1.2493265	-1.1053811	1.1184297	1.1183584	1.053466	1.0543545	-1.1416132	-0.98447806	1.1548463	1.1051373	-1.1207691	1.1433388	-1.1962099	-0.82065344	1.078856	-1.0662806	-0.8174035	1.088302	-0.98611104	0.9589215	1.2128805	-1.1367384	-1.0592257	-1.0772771	-1.0216289	1.1239982	-0.93002266	-1.0331793	1.1278954	0.99275994	-0.9345421	-1.1539496	-1.0332036	-1.0865407	-1.1035825	-1.1815041	1.1125225	-1.116368	-1.1187657	-1.0475005	-1.1558839	0.977491	0.9624644	-1.1672375	1.139602	1.198238	-1.0180956	0.9482869	1.16065	-1.1209053	1.0441128	1.1472417	-1.1584103	-1.0956407	1.104598	1.0558327	1.1042335	-1.1723646	-0.9769183	0.81684965	1.0248166	-0.8820445	1.117132	1.0526527	0.8942078	1.139131	1.0597286	1.05934	-1.0331966	-0.9947358	1.0521069	1.0037675	-1.126914	1.193199	-1.0764413	1.0966802	1.1517553	-0.808984	1.0495147	-1.1880999
-1.0650493	-0.91526717	-0.9710336	0.98368335	-0.92073685	-0.6662924	0.8853194	0.9181959	1.0527207	0.8786104	-0.7679173	-0.9776451	-0.9092929	0.8701759	-0.8907434	-0.9184146	0.8600838	0.98924065	-0.92982775	-0.89160764	-0.95489144	-1.03416	0.9435129	0.95291305	0.86354846	1.0655187	-1.080859	-0.93542135	0.86483324	0.9894086	-1.0043874	0.8857746	-0.9826709	-0.8744462	1.0159186	-0.9080149	-0.81303984	1.0081981	-0.9019558	0.97434163	0.82644	-0.81987816	-0.8396061	-1.0159504	-0.96293664	0.7535648	-0.82369614	-0.9777901	0.8207782	0.80004036	-0.9595882	-1.011653	-1.0184408	-0.98619497	-0.8886798	-0.9829769	0.93320537	-0.8134985	-0.74616575	-1.039895	-0.94839674	0.91571516	0.9272519	-0.87947446	1.000263	1.0098027	-0.9951328	0.97367555	0.89452237	-1.0000278	0.9813076	0.9709235	-0.9597576	-0.8616268	0.941338	0.87516254	0.88825876	-1.012944	-0.80068904	0.8017087	0.9888252	-0.96894807	1.0312831	0.9595436	0.894819	1.0433854	0.9700749	1.0705802	-0.8514039	-0.79124427	0.9005964	0.8631996	-0.9872441	0.81974494	-0.98115647	0.98440415	0.9161426	-0.7725923	0.9109238	-0.86927116
-0.8650077	-0.99276793	-0.87953264	0.9190801	-0.82921946	-0.9533478	0.8302925	0.72272074	0.95989686	0.89059246	-0.908854	-0.96881515	-0.9359384	0.8617404	-0.993607	-1.0177503	0.9658049	0.79549897	-0.9501685	-0.9596744	-1.0396322	-0.9121275	0.9414649	0.9327607	1.012802	0.9208262	-0.97872263	-0.8100236	1.0293838	0.95858496	-0.8685453	0.9828049	-0.970887	-0.7235088	0.95869845	-0.9245704	-0.7181148	0.91688114	-0.84612507	0.82662666	0.98285526	-0.9495459	-0.93351287	-0.9010914	-0.88410497	0.9593203	-0.75748396	-0.91870934	1.0027609	0.8704804	-0.72978336	-0.98497945	-0.8323664	-0.91888523	-0.93033075	-1.0129701	0.9415057	-0.98981196	-0.9658513	-0.9028991	-0.92454684	0.86543906	0.78196174	-0.93895507	0.9504025	0.9826337	-0.8115324	0.84845775	0.98929006	-0.9890499	0.9053738	0.9407546	-0.95533323	-0.94437295	0.92292774	0.8438285	0.87950456	-0.9376838	-0.82508266	0.65686005	0.8664126	-0.6935323	0.9035724	0.91710943	0.6960388	0.8836063	0.90066653	0.8477907	-0.8610691	-0.8923888	0.8951123	0.8988012	-1.0040622	0.97484195	-0.8969034	0.8932314	1.0109708	-0.6161518	0.8596116	-0.9731631
-0.7663595	-1.0552002	-0.858178	1.072701	-0.902884	-1.0703478	0.8598886	0.70756876	1.0920608	0.9408833	-0.99023694	-1.1148833	-1.2326444	0.7787762	-1.0348591	-1.1161042	1.102831	0.8200073	-1.0530022	-1.068207	-1.0952382	-0.9159982	1.0491444	0.95263815	1.0653701	0.9573586	-0.95717686	-0.86139446	1.1489774	1.0371827	-0.88794696	1.0971729	-1.099228	-0.6927835	0.97267956	-1.092782	-0.71953666	0.92645	-0.82745475	0.77148265	1.1539376	-1.0142496	-1.0682267	-0.912123	-0.92712563	1.1212177	-0.82450897	-0.87432986	1.1275716	1.0110023	-0.6489601	-1.0848866	-0.8081164	-0.9803638	-1.0741858	-1.1203396	0.9807848	-1.1430373	-1.0844404	-0.90272886	-1.0475817	0.82062495	0.78068525	-1.0977862	0.955863	1.041226	-0.7587014	0.7982586	1.1397518	-0.98296386	0.8447212	1.0241935	-1.0222197	-0.97900623	0.89102435	0.8234549	0.9546991	-1.0843772	-0.83561987	0.6040679	0.81146526	-0.6887708	0.93337613	0.9460563	0.70761925	0.90056753	0.97000855	0.88064975	-0.9377549	-0.98236084	0.93029225	0.9329532	-1.0274758	1.1234416	-0.90072274	0.9035106	1.0706306	-0.6135904	0.8791295	-1.0646033
-0.71411574	-0.98569083	-0.91856754	0.95313954	-0.85173476	-1.0825913	1.0246739	0.83501273	0.78040916	0.99885476	-1.0398638	-0.99082875	-0.96263653	0.90908164	-1.046348	-1.0488896	1.0610367	0.85290927	-1.0283139	-0.98243946	-0.99601364	-0.90057343	0.9626637	0.96288836	1.0238913	0.76375747	-0.90909636	-0.9175633	1.0893435	0.97685975	-0.9016162	1.007996	-0.9624298	-0.8404226	0.9376581	-1.0845337	-0.9107169	0.8238765	-0.9104895	0.87872905	1.0303187	-1.1207458	-1.0414119	-0.95039886	-1.0386884	1.064689	-0.9861053	-0.9877029	1.025002	1.039806	-0.7704162	-1.0165068	-0.86552835	-0.9989107	-0.98281825	-0.95630854	1.0524687	-1.0668644	-1.0489187	-0.81418645	-0.89369506	0.9338696	0.771846	-1.0777895	1.0391635	0.92933965	-0.7330391	0.81087226	1.038072	-1.0417895	0.85860306	0.92889977	-1.0554249	-0.97821033	1.0440508	0.9628029	1.094608	-1.0294726	-1.0840496	0.9090909	0.73709303	-0.82380295	0.849735	0.8010075	0.7668146	0.7757351	0.9898165	0.8118578	-1.1042084	-1.0697336	0.9798566	1.043745	-0.8701888	0.94932854	-1.034109	0.82475644	0.9963108	-0.86549646	0.9186493	-1.0633339
-0.69935864	-0.92844075	-0.8294238	0.96067095	-0.77659684	-0.9848401	0.8503226	0.72287375	0.9789738	0.9030672	-0.962023	-0.9579574	-1.0412527	0.8507647	-0.91101986	-1.0537012	1.0052222	0.8549947	-0.92192584	-0.9090359	-0.99245167	-0.9429755	0.9551044	0.9553759	0.9699791	0.8845478	-0.9092409	-0.7957246	1.1005343	0.9609675	-0.8545036	1.0229069	-0.9983908	-0.73186886	0.89748055	-0.94880015	-0.77237445	0.83882946	-0.873198	0.8301975	1.0117642	-0.9740803	-1.0131612	-0.8697617	-0.94091547	1.0175703	-0.7859462	-0.9198091	1.0328108	0.92461324	-0.6670592	-0.95311093	-0.7724782	-0.9351022	-0.9326629	-0.9440718	0.9845498	-1.0671481	-0.97289133	-0.86881864	-0.92397386	0.8067784	0.72132176	-1.0474685	0.92108506	0.9403583	-0.71859074	0.7496151	1.0529288	-0.9402012	0.7613761	0.98927015	-0.97860557	-0.9129303	0.85712713	0.83207864	0.94509363	-0.9646088	-0.9040524	0.7099884	0.76144326	-0.6814021	0.90550655	0.84598887	0.65922964	0.84517545	0.92709947	0.89641273	-0.8987813	-0.8684202	0.9002967	0.8903408	-0.94027597	1.0949426	-0.8775832	0.8565146	0.93297815	-0.65117985	0.8672119	-1.0602366
-0.9433907	-1.0459701	-1.0714334	1.0746583	-1.000414	-0.7582746	0.972924	0.9703933	1.0738934	1.03257	-0.9734953	-1.020852	-0.9368232	1.0259348	-0.92289424	-1.0351492	0.9373852	1.0063878	-0.97924274	-0.98199165	-1.0441281	-1.0715417	0.94680136	1.1098099	1.0716807	1.0411128	-1.1262345	-1.002708	0.9836337	1.077592	-1.0271486	1.026089	-0.9826	-0.95012856	1.1205119	-0.9594734	-0.884889	1.0697763	-1.0044866	1.0056096	0.94444025	-1.0021425	-1.002867	-1.1081883	-1.0365238	0.91816336	-0.91905844	-1.0677326	0.9503913	0.941656	-0.9574733	-1.0995259	-0.9953315	-1.0391929	-1.0375998	-1.0216514	1.0975968	-0.9286253	-0.9523311	-1.0824131	-1.1133713	0.9376273	0.98759073	-1.096755	1.1257932	1.0908414	-0.9627705	1.0625745	0.9750356	-1.1032403	1.0648677	1.0318323	-1.1119354	-0.9973491	1.0006119	1.0595726	1.0050983	-1.0781546	-0.9685656	0.8803157	1.0641855	-0.9819631	1.1088225	1.0206261	0.94087636	1.0586041	1.0343211	1.0410048	-0.94763446	-1.0284654	1.0862671	1.0486889	-1.1104825	0.9478258	-1.0926923	1.0293305	1.0986435	-0.85710937	1.0630902	-1.0482473
-1.0332962	-0.87344104	-0.9802504	0.95456094	-0.97717285	-0.62681216	1.0137631	0.9129828	0.94933254	1.0218822	-0.85418564	-0.95269924	-0.7591383	1.0031939	-0.83495003	-0.8952228	0.82130194	0.9812618	-0.94888115	-0.9068803	-0.9408802	-1.0280129	0.8205829	0.9668421	0.92491776	0.98559314	-0.9935052	-1.0402477	0.7842415	0.9794275	-0.9854305	0.90552086	-0.8926796	-0.9523769	1.0494982	-0.896902	-0.9207864	0.9330489	-0.93630236	0.9913947	0.7860893	-0.92541987	-0.9016551	-1.0162078	-1.0016748	0.7821059	-0.89928305	-0.9927001	0.7699346	0.9009669	-0.9007886	-1.0526099	-0.9702029	-0.9520511	-0.9613924	-0.8929031	1.0213819	-0.76795113	-0.86595833	-1.0534918	-0.9448197	0.9579435	0.9189382	-0.9162032	1.0413699	0.9804922	-1.0105194	1.011754	0.8841052	-0.95293206	1.0281148	0.9568264	-1.0042877	-0.8893768	0.975345	0.98970073	0.9279213	-1.0196319	-0.9308659	0.90579855	1.0059732	-1.0069125	1.0334166	0.92797375	0.8869344	0.99849886	0.9966998	1.0584452	-0.8668019	-0.8989634	1.0479773	0.9616773	-1.0273541	0.60017014	-1.0009037	0.93451655	0.87686676	-0.93355757	1.0046502	-0.90386933
-0.9788127	-1.0889596	-1.0316507	1.0381306	-1.0048891	-0.8411377	0.9466853	0.9214408	1.1317333	1.0061306	-0.9183599	-1.0855905	-1.0391942	0.9330915	-0.9675347	-0.97344744	0.96612644	0.9529615	-0.94352347	-1.0570155	-1.0509328	-1.103441	1.0096228	1.034364	1.0520076	1.0498537	-1.0710689	-0.94634897	0.99220395	1.0024438	-1.0023421	1.0239102	-1.0230924	-0.8309454	1.0424179	-0.97911537	-0.8471657	1.1059465	-0.99742264	0.94922185	0.99483037	-0.9217122	-0.97569174	-1.0534674	-0.945528	0.9463411	-0.846616	-1.020327	1.0012192	0.8909914	-0.9644659	-1.0659305	-0.99392843	-1.0715904	-1.0080279	-1.0674186	1.0659379	-0.88667536	-0.9258821	-1.0019647	-1.0765803	0.9960729	0.9500772	-1.016841	1.0140301	1.1097091	-0.94498485	1.0125098	1.0655504	-1.0275152	0.97428864	1.0633643	-0.98840827	-0.97366726	0.96455497	0.9247182	0.9235138	-1.0049158	-0.8483688	0.82083994	1.0374268	-0.90166706	1.0180985	0.9931274	0.9228089	1.096497	0.9941545	0.9992889	-0.90958863	-0.9439709	1.0227766	0.9487153	-1.1244985	0.9221965	-1.0339543	1.04406	0.99904746	-0.8302393	1.0099137	-0.94731873
-1.0401517	-1.1037014	-1.0279772	1.1278609	-1.025339	-0.8730039	0.9789563	0.96274537	1.1058655	1.0468224	-0.98667413	-1.0432166	-0.9572254	1.0104355	-1.009074	-1.0518309	1.0166346	1.0338237	-1.0572213	-1.0343772	-1.0440735	-1.1524655	0.998286	1.08896	1.0317935	1.0707133	-1.1247308	-1.0628754	0.9618745	1.0974466	-1.1203663	0.9965351	-1.0672191	-0.9752202	1.1268717	-1.0748432	-1.0177505	1.1294799	-1.0083574	1.0017338	1.0192016	-1.032699	-1.0056053	-1.0385201	-1.0923532	1.023027	-0.92808235	-1.0116897	0.9995908	0.9391191	-1.0026478	-1.1124779	-1.093609	-1.1337134	-1.0919434	-1.091623	1.0898688	-0.96564114	-0.9756644	-1.0957428	-1.0472767	1.0544672	0.9712616	-0.99787265	1.0857795	1.0811692	-1.0604701	1.0314178	1.0742449	-1.0234364	1.0401465	1.0653906	-1.0799096	-1.0451741	1.053904	1.0188416	0.993041	-1.0780015	-0.9641006	0.91064405	1.0970109	-0.9994361	1.1255947	1.0995378	1.0740614	1.0737166	1.0404032	1.1111964	-0.92995465	-0.991469	0.997352	1.0145463	-1.1162653	0.9709668	-1.0379404	1.0900327	1.1037313	-0.96437824	1.0501293	-0.9441206
-0.9138126	-0.94126415	-0.9026047	0.893245	-0.9247863	-0.60792917	0.8911092	0.8272899	0.9870935	0.82252014	-0.77676046	-0.9034663	-0.8858613	0.87631947	-0.82508415	-0.8608676	0.8763738	0.93205255	-0.8625716	-0.8566733	-0.9335596	-0.90367615	0.8622635	0.86795175	0.85170656	0.92082673	-0.93792725	-0.88572437	0.79787195	0.8839325	-0.90410924	0.84420586	-0.9318609	-0.8308967	0.897283	-0.8271551	-0.82404006	0.96757436	-0.8675887	0.87998605	0.80377585	-0.8326751	-0.75611293	-0.87081194	-0.93035144	0.70189947	-0.7965107	-0.9196565	0.8406611	0.7796961	-0.91910565	-0.9207445	-0.87890446	-0.9306502	-0.8680655	-0.86916864	0.91977596	-0.7691194	-0.75276726	-0.9367938	-0.9002087	0.8829629	0.8397054	-0.88312787	0.861479	0.9043292	-0.96493953	0.9237182	0.81586987	-0.8612888	0.947165	0.92739046	-0.84610754	-0.78743273	0.86889106	0.85171777	0.7946378	-0.91508335	-0.71166193	0.7380929	0.9729513	-0.8960952	0.91611254	0.9233731	0.91863817	1.0062366	0.89513725	0.9744333	-0.7703799	-0.7002486	0.93344635	0.7992291	-0.9369525	0.8215659	-0.87324506	0.9254574	0.88971025	-0.72998244	0.8981543	-0.8844626
-1.1864009	-1.0432637	-1.079824	1.0071175	-0.9955807	-0.5456139	0.8669716	0.9935302	1.1445609	1.0091774	-0.8341517	-1.003429	-0.9588122	0.9535755	-0.85685754	-0.9777558	0.9048785	1.0317093	-0.9186206	-0.95928943	-1.0077828	-1.1013062	0.8860347	1.059136	0.9207452	1.0746554	-1.1829647	-1.0012537	0.89769673	0.9869806	-1.1134672	0.9719196	-1.0284909	-0.82820845	1.0934818	-0.90789896	-0.8395086	1.061389	-0.968551	0.9410289	0.8801641	-0.87656695	-0.8245329	-1.1454931	-0.9513096	0.7889311	-0.7857953	-1.0457014	0.82222587	0.79120195	-1.0836039	-1.034173	-1.0284928	-1.0536813	-0.9207008	-0.9978325	0.9904668	-0.81614435	-0.79080075	-1.1843418	-1.0261105	0.89321804	0.9998433	-0.8924123	0.99096984	1.0527643	-1.1475037	1.1447467	0.9399588	-0.9938657	1.0241729	0.96430856	-1.0627863	-0.8400467	1.0193884	0.90510386	0.7786964	-1.0290785	-0.65458095	0.7217173	1.0652654	-1.0461214	1.0574545	1.060791	0.9674088	1.1859691	1.1180747	1.2173483	-0.7957814	-0.8143764	0.9959467	0.8996864	-1.1224214	0.8546502	-0.961963	1.1709814	0.98059726	-0.7809365	1.0003994	-0.86543095
-0.47345084	-1.0332824	-0.8154041	0.9715872	-0.8453701	-1.3672726	1.0682086	0.6009774	0.77378154	1.1271076	-1.1779944	-1.1870769	-1.2371044	0.974	-1.1840441	-1.3109972	1.2030003	0.6830021	-1.1751982	-1.0783015	-1.2161218	-0.898658	1.1535506	1.0885317	1.1855196	0.662017	-0.7758232	-0.85281736	1.2678927	1.1366359	-0.75386053	1.2172667	-1.0709288	-0.8034061	0.8488611	-1.2146238	-0.8395553	0.69786847	-0.7947839	0.85487	1.3419819	-1.2264413	-1.2928565	-0.85790455	-1.0977677	1.2908256	-1.1332495	-0.9461239	1.2658688	1.2226034	-0.45104963	-1.0984498	-0.7337789	-1.0313483	-1.221182	-1.1790243	1.189391	-1.3419932	-1.2555535	-0.6054991	-1.0087008	0.9705426	0.62406045	-1.2601973	1.1395733	1.1306336	-0.4996639	0.5859846	1.2683257	-1.0900173	0.67148244	1.1222309	-1.1417675	-1.1503325	1.0972657	1.0198109	1.2320048	-1.1003556	-1.2254639	0.9240708	0.6036685	-0.59520054	0.85602915	0.758007	0.43851683	0.5390212	0.9619532	0.58245295	-1.2605975	-1.1502376	1.0729128	1.0960978	-0.8701537	1.2862594	-0.99564844	0.7464244	1.192362	-0.8344876	0.9164375	-1.2832513
-0.71190697	-0.958261	-0.9105325	0.96683836	-0.8826367	-1.0249141	0.9425744	0.78400725	0.93946326	1.051496	-1.0251032	-1.050701	-1.0538912	0.953075	-1.0304855	-1.0823601	1.0345622	0.88361675	-1.0225492	-0.9975465	-1.0838652	-0.90357137	0.97777903	0.9940866	1.0122459	0.9065838	-0.86481625	-0.8796185	1.136747	1.0384197	-0.88842386	1.0684195	-0.9940886	-0.83211714	0.92341936	-1.0530386	-0.78482413	0.8053724	-0.8960157	0.9173682	1.0993313	-1.065289	-1.0846211	-0.9311924	-0.9465846	1.0785396	-0.9268909	-0.9006018	1.0421268	1.0092081	-0.6993388	-1.0479807	-0.8248766	-0.96386397	-1.0554585	-0.9748758	0.9970367	-1.0862875	-1.1001694	-0.86115474	-0.99531364	0.90696263	0.7744364	-1.0599331	1.089386	1.0390892	-0.8259279	0.80857354	1.0638994	-1.0336037	0.8871909	0.97441113	-1.0331775	-1.0207063	1.0109925	0.89468956	1.0593121	-0.99726224	-1.0860112	0.82082695	0.8620165	-0.71248007	0.945877	0.87996846	0.687118	0.85126436	0.93224853	0.83858746	-1.0326056	-1.0013734	0.9384965	0.99988514	-0.9814098	1.0261009	-0.96308446	0.907222	1.0509223	-0.68822896	0.9699847	-1.1105597
-0.86065334	-0.97505677	-0.87608176	0.95061904	-0.8283129	-0.82393736	0.8032351	0.756105	0.8963445	0.8676845	-0.86733055	-0.9439096	-0.9742522	0.84541917	-0.8717846	-0.9218895	0.92027044	0.86363834	-0.86268747	-0.9461675	-0.9098853	-0.92167	0.8663564	0.93352437	0.8852449	0.88568175	-0.94090706	-0.8434686	0.96095896	0.9739587	-0.85341084	0.894278	-0.8770518	-0.77442485	0.9016224	-0.8837749	-0.6823781	0.8647841	-0.8494293	0.8109719	0.9263118	-0.84195393	-0.88134235	-0.89045113	-0.91738176	0.9082041	-0.83366925	-0.9181811	0.9530074	0.8145533	-0.6915734	-1.0026996	-0.74907047	-0.8643982	-0.8804595	-0.91235083	0.9505773	-0.9230801	-0.8150326	-0.846587	-0.9384723	0.8647947	0.80899787	-0.9106947	0.97850835	0.9693563	-0.76352143	0.8160374	0.89311165	-0.9065408	0.8792196	0.9307187	-0.92945933	-0.88684505	0.90267086	0.8645874	0.8509925	-0.9640526	-0.759597	0.6498903	0.82787895	-0.80418235	0.93870616	0.8619124	0.69207084	0.87094057	0.9511178	0.9093488	-0.85929376	-0.906747	0.84802854	0.90167433	-0.9342967	0.9066713	-0.91828734	0.88531554	0.95189357	-0.6868262	0.90091985	-1.0053227
-1.0671946	-0.9628096	-0.96576285	0.9668471	-1.0279866	-0.72262335	0.9655846	1.0113723	0.97355086	0.9560005	-0.9419881	-0.9415364	-0.8496865	1.021679	-0.8836443	-0.8661845	0.8919621	1.0069864	-0.94073045	-0.9968149	-0.8998896	-1.0068386	0.8725713	0.9570382	0.89976287	1.0471214	-1.0762272	-0.9393518	0.8000972	0.99910015	-1.0178047	0.85645837	-0.9416193	-0.9110242	1.0097227	-0.8494778	-0.8757522	1.0530872	-0.9458129	1.032738	0.78986704	-0.883428	-0.82293427	-1.028853	-0.8789973	0.809032	-0.93931055	-1.0372756	0.7493428	0.9047984	-1.0069312	-1.0179095	-1.035269	-0.9989133	-0.94032496	-0.9319923	0.9170712	-0.7020985	-0.8063736	-1.075275	-1.035316	0.9271891	0.993453	-0.9231688	1.0279881	1.002599	-1.0506124	1.0314074	0.855923	-1.0025731	0.9932052	0.91384816	-0.91422004	-0.88893425	0.9694694	0.97347236	0.91558605	-1.0206221	-0.880767	0.9340044	1.009028	-0.9458879	0.9877444	1.0414269	1.023173	1.0204887	1.0184406	1.0099547	-0.8294651	-0.9003513	1.0061613	0.9982042	-1.0161911	0.73258114	-0.98491216	1.0550594	0.91185033	-0.90792465	0.97650045	-0.8644611
-0.9122927	-1.0176898	-0.8966856	1.0184699	-0.94494003	-0.88311267	0.850948	0.7982713	1.0903044	0.89510345	-0.85495895	-0.9869176	-1.0181608	0.87227553	-0.9810336	-1.0438089	0.971812	0.9038507	-0.86906713	-0.9685148	-1.0779735	-1.0124665	0.8923855	0.9561544	0.8677958	0.9889794	-0.98948914	-0.9085505	1.0755326	0.96011055	-0.9424369	0.9654056	-0.9794368	-0.77518886	1.0029471	-0.9984499	-0.72079206	0.9665169	-0.932727	0.82669115	1.0426326	-0.9314022	-0.9772753	-0.9742093	-0.95040184	0.9453877	-0.73403966	-0.9205794	0.97818613	0.9177896	-0.84547555	-0.96312475	-0.81623083	-0.97669905	-0.9140422	-1.067552	0.9266971	-0.9912293	-0.8831077	-0.9418118	-1.0070221	0.9022792	0.82832783	-0.99346834	0.927801	0.9958736	-0.9197025	0.96548307	0.999623	-0.9944999	0.9132375	0.9403339	-0.97543424	-0.889034	0.86464685	0.8228803	0.8848965	-0.9518413	-0.72665066	0.6033305	0.929457	-0.78870124	0.9770784	0.9818323	0.8017985	1.049134	0.9763119	1.0297544	-0.88228697	-0.85380256	0.9692063	0.9256749	-1.0539542	1.0497253	-0.9706157	0.99779457	1.002418	-0.66977143	0.91153	-0.9715508
-0.9266133	-0.90829635	-0.9324182	0.96086186	-0.8552997	-0.8469254	0.9224206	0.9433756	1.0301607	1.0102865	-0.94220465	-0.96532476	-0.94964886	0.9287973	-0.8771808	-1.0186889	0.94003105	0.9505292	-0.97870576	-0.9499231	-1.0117335	-1.0114422	0.8689315	0.94158727	0.949006	0.99218446	-1.0496936	-0.9386265	0.99942124	1.0064588	-0.891603	0.9762216	-0.88664794	-0.83483046	1.0207453	-0.9362203	-0.76319945	0.9613396	-0.88039374	0.88842744	0.9686087	-0.94314194	-0.8839017	-1.0016335	-0.92691696	0.8386396	-0.83473706	-0.99581575	0.85006577	0.8209679	-0.81607044	-1.0354339	-0.908029	-0.9767594	-0.94446063	-0.98018974	0.9404557	-0.8853988	-0.84350735	-1.0062943	-0.9618969	0.9013114	0.8825828	-1.0151428	1.0147952	1.0536941	-0.95094466	0.9877604	0.9572936	-1.0475951	0.9587451	0.92513233	-1.0252146	-0.84823966	0.91711354	0.88714206	0.89701676	-1.0454865	-0.8210408	0.73850995	0.9476161	-0.9130879	0.97453225	0.8551066	0.8152246	1.0502751	0.9804844	0.97883064	-0.8481651	-0.95020324	1.0143328	0.9318103	-1.0499247	0.86509913	-0.94774395	0.9491114	1.0345612	-0.68407404	0.97670496	-0.9499416
-1.0130773	-0.9006851	-0.9832363	0.9373604	-0.9921523	-0.6319026	0.8685595	0.94527435	0.99981487	0.92105955	-0.9134837	-0.96355397	-0.7799134	0.91896564	-0.81613636	-0.86727786	0.8790102	0.97242624	-0.94083315	-0.9340356	-0.92254794	-0.97471684	0.8751683	1.0037254	0.883263	0.9962046	-1.0275238	-0.99814844	0.8047208	0.95853937	-0.9952144	0.9191746	-0.87352866	-0.9248688	1.0606654	-0.85870314	-0.92671984	1.0092697	-0.9958856	0.95115167	0.7598393	-0.87477976	-0.8607084	-1.0466478	-0.9038548	0.838542	-0.8546685	-0.9947024	0.76241446	0.879906	-0.96991676	-0.99279034	-0.9799409	-0.96598977	-0.92226017	-0.85723877	0.89808947	-0.7391496	-0.7765197	-0.9950612	-0.97489953	0.9128121	0.91092336	-0.8630861	1.0011978	0.91735667	-0.9900518	0.99609673	0.84384966	-0.97936445	1.0116825	0.9136596	-0.952303	-0.91036034	1.0047463	0.9495949	0.83751935	-1.0224497	-0.8609615	0.8153763	0.97662026	-1.0016108	1.0152164	0.9827208	0.9274443	0.9899005	0.972876	1.0871814	-0.86339676	-0.9433351	0.9701434	0.93699735	-0.9808968	0.6204232	-1.0040406	1.0357093	0.9348816	-0.8788323	0.9644355	-0.8187691
-0.83666277	-0.89807826	-0.8647576	0.95414364	-0.9077122	-0.8156213	0.8750275	0.8545568	0.853375	0.9553311	-0.87218887	-0.93437064	-0.9344962	0.94413155	-0.94402677	-0.9639797	0.97259253	0.8804367	-0.90972704	-0.908894	-0.9663346	-0.9270005	0.871063	0.97951007	0.9017161	0.86674637	-0.87765133	-0.8215922	0.94708365	0.98145837	-0.866767	0.94464964	-0.86643136	-0.7577203	0.96904725	-0.9457044	-0.74975723	0.8122921	-0.8150109	0.8336619	0.92872244	-0.92801917	-0.94466406	-0.90949875	-0.8683057	0.897823	-0.8698962	-0.94630635	0.91619414	0.9275148	-0.753172	-1.0001646	-0.86198276	-0.94242924	-0.97891814	-0.9081194	1.0053844	-0.92170465	-0.91052485	-0.9088271	-0.9020909	0.8472498	0.8088917	-0.99462694	1.0151931	0.9937267	-0.7693635	0.7798226	0.9171646	-0.9654194	0.8134954	0.915539	-0.95415455	-0.89701825	0.8830871	0.9004611	0.924217	-0.9079188	-0.933862	0.76835686	0.8925423	-0.80831	0.9215895	0.76738065	0.7339474	0.8962279	0.91749585	0.85716474	-0.9290879	-0.87780064	0.9443947	0.89542496	-0.9126882	0.8384992	-0.8833489	0.88550884	0.9712136	-0.71204215	0.88826257	-0.9262905
-1.0352348	-0.88520944	-0.97296023	0.97722614	-0.90083337	-0.51407784	0.9088146	1.0048958	1.0361236	0.90687084	-0.8153264	-0.91766596	-0.7905047	0.948953	-0.7972179	-0.9172961	0.79701036	0.9462765	-0.8803926	-0.9443192	-0.9687609	-1.0408506	0.81189734	1.0191674	0.9185257	0.9680284	-1.0222129	-0.9276992	0.8614671	0.9136369	-0.9805286	0.86046404	-0.85855085	-0.90064406	0.9789652	-0.7792473	-0.8530649	0.9617807	-0.9088526	0.9816658	0.77382714	-0.8380987	-0.8072125	-1.0499034	-1.0049397	0.6754815	-0.8270785	-0.9919561	0.74327767	0.69127125	-0.9486955	-0.95412636	-1.0327907	-0.95329356	-0.8411752	-0.931434	0.9626677	-0.81212825	-0.7189022	-1.0469012	-0.9590947	0.8982218	0.9731432	-0.9439886	1.0447624	1.0079786	-0.9766065	1.0052713	0.8396053	-0.95756185	0.978315	0.93354577	-1.0103965	-0.87575394	0.9820909	0.9464629	0.93224585	-0.94790536	-0.8415508	0.7968701	1.0360866	-1.0220697	0.9702709	0.8735608	0.9655269	1.0050008	0.98872364	1.004383	-0.8135529	-0.8274639	1.0219126	0.8886504	-1.0428758	0.7281248	-1.0040938	0.98650837	0.97120976	-0.8059154	0.9615722	-0.8798235
-0.86446357	-0.8350154	-0.8664954	0.90653944	-0.8237636	-0.65610695	0.8950823	0.84959215	0.8744971	0.888933	-0.82502896	-0.8699198	-0.8500751	0.84733546	-0.81733495	-0.78670645	0.80861276	0.8591251	-0.82579684	-0.8418326	-0.8139326	-0.89266855	0.8775703	0.8827261	0.8569596	0.847857	-0.83598125	-0.8474691	0.8178549	0.8218904	-0.80745864	0.75299776	-0.8676371	-0.8875635	0.873376	-0.79846305	-0.88403064	0.8831822	-0.88480794	0.9131757	0.7900541	-0.83001673	-0.7789763	-0.8675474	-0.8693427	0.79456174	-0.85386443	-0.90623176	0.7361978	0.74168336	-0.8668918	-0.84525824	-0.90466374	-0.86274886	-0.7985839	-0.80220276	0.905688	-0.7425897	-0.76736856	-0.9036069	-0.8158419	0.8420205	0.8549045	-0.79210544	0.86554796	0.91012996	-0.8895756	0.7933356	0.8069879	-0.88086337	0.8340181	0.8835815	-0.8245645	-0.8319962	0.83520186	0.8896871	0.8786102	-0.88201404	-0.76357186	0.8833098	0.8695836	-0.83377004	0.85594535	0.86062366	0.81258476	0.8682164	0.87738806	0.8488052	-0.771684	-0.816599	0.9169047	0.8243305	-0.8593938	0.7538104	-0.7737602	0.8872332	0.8558039	-0.86116374	0.83697265	-0.82480425
-0.9173212	-0.8941832	-0.90272504	0.92139757	-0.9084484	-0.7187396	0.92570937	0.89313567	0.95989656	0.9295931	-0.8446948	-0.8739972	-0.83159125	0.8607957	-0.8281447	-0.85812277	0.8732435	0.87606525	-0.8593046	-0.8374067	-0.91434324	-0.98635936	0.8734466	0.8933919	0.8446109	0.91353613	-0.95209736	-0.875215	0.77496874	0.9084057	-0.9328614	0.8587358	-0.82775915	-0.81586146	0.98452264	-0.8524336	-0.8314389	0.94275606	-0.87362087	0.9610994	0.7675169	-0.8864488	-0.8285108	-0.99672216	-0.93463403	0.7681237	-0.7873974	-0.9184115	0.78307766	0.85210127	-0.88041043	-0.9467795	-0.95739967	-0.8664471	-0.8914405	-0.9220826	0.8771008	-0.7378833	-0.77101535	-1.0063474	-0.89699936	0.8432731	0.9601278	-0.93059564	0.9349735	0.89065146	-0.90002763	0.9427076	0.89060616	-0.9361984	0.8701091	0.87380904	-0.9138922	-0.8911266	0.8971547	0.88599783	0.85205144	-0.95783186	-0.8406172	0.8863838	0.9701502	-0.9360129	0.9297646	0.8801396	0.9356107	0.9824177	0.98048216	0.9513923	-0.83338046	-0.83771384	0.9029013	0.9069778	-0.9849107	0.7960756	-0.967454	0.8985918	0.8765246	-0.8290415	0.8760611	-0.82646495
-1.0285722	-1.0177393	-1.0789754	1.0277227	-0.8955028	-0.8613228	0.9937011	1.0043182	1.0798057	1.0547613	-1.0280435	-1.1117628	-1.0119255	1.0520647	-0.99479514	-1.1157434	1.0470908	1.0388261	-1.0321043	-0.99645615	-1.1734095	-1.1392446	0.9848284	1.1635604	1.1280748	1.0297539	-1.0483348	-1.0157237	0.98356265	1.0757494	-0.9814861	1.1236563	-1.0224205	-0.92729944	1.0509028	-1.0069367	-0.8956972	1.0213088	-1.0050594	0.94063073	1.0497625	-1.0606016	-1.0917507	-1.1299199	-1.0455722	0.923447	-1.0402309	-1.0543146	0.95698965	0.9950038	-0.9118208	-1.1413083	-0.9901845	-1.033058	-1.0494266	-1.0465288	1.0925472	-1.0410404	-0.94489324	-1.0377574	-1.0676235	0.9771606	0.93073106	-1.0993259	1.2119516	1.0806859	-1.0128087	0.96501416	1.0645362	-1.1049409	0.970057	0.99046105	-1.0894666	-0.95162076	1.0586596	1.0133541	1.093868	-1.0712065	-1.0351073	0.87659514	1.0432471	-0.9427096	1.0481988	1.0083736	0.90736544	1.0217535	1.0736121	1.0665277	-1.0398117	-1.0193641	1.062189	1.0663745	-1.1532426	0.9059247	-1.0931743	1.0445865	1.1585848	-0.85640997	1.0645285	-1.1346599
-0.8043809	-1.0951539	-0.9537783	1.07275	-0.9314283	-1.1836436	1.0526284	0.8141404	0.99549186	1.1148757	-1.1547062	-1.1372308	-1.0942647	0.99447083	-1.0740954	-1.1749141	1.1562741	0.85969615	-1.1141635	-1.0459845	-1.1892154	-1.0570824	1.1092693	1.0863487	1.1777933	0.9251387	-1.024939	-0.93917227	1.1497871	1.048596	-0.8997005	1.1712482	-0.9959681	-0.873028	0.9619798	-1.1675711	-0.89002824	0.8932802	-0.9164777	0.8525224	1.2301679	-1.1514078	-1.1881894	-1.0514874	-1.0935167	1.1069901	-0.99118936	-1.0412716	1.1010525	1.0753528	-0.74499506	-1.1043267	-0.9212034	-1.0083553	-1.0624282	-1.0567684	1.0981133	-1.1834253	-1.1146303	-0.91219765	-1.063309	0.9518594	0.8605678	-1.1723963	1.1169814	1.0362761	-0.7721086	0.82338315	1.1253331	-1.1410958	0.8640773	1.0214617	-1.0647637	-1.095141	1.0130575	1.0416291	1.118519	-1.093059	-1.1281412	0.7896447	0.8370115	-0.75917536	1.008183	0.9326905	0.7347399	0.9006009	1.0734543	0.8871258	-1.1642935	-1.1194897	1.0820497	1.0276742	-1.0059843	1.1368589	-1.0545208	0.9749455	1.1312729	-0.8068735	1.0173863	-1.1706029
-0.9002636	-0.9312533	-0.92890096	0.9613333	-0.870533	-0.7950772	0.81372756	0.7745528	1.0123477	0.86517835	-0.90754163	-0.9366245	-0.9928129	0.8511905	-0.96367216	-0.9577246	0.9529751	0.92504746	-0.86208373	-0.9265076	-0.9378257	-0.9343249	0.8917177	0.92120075	0.942916	0.9578984	-0.9735173	-0.9040162	1.0039268	0.9908988	-0.96647704	0.9280319	-0.9380717	-0.73828053	0.98759913	-0.9436191	-0.7044654	0.94296527	-0.9127351	0.864343	1.0143704	-0.88923323	-0.85989463	-0.87466234	-0.8917575	0.8766569	-0.7294191	-0.9256082	0.9261304	0.8616817	-0.8051867	-0.9341081	-0.86991084	-0.9086293	-0.87728524	-0.9563092	0.9578376	-0.92808795	-0.8760227	-0.93813765	-0.91291004	0.8151628	0.8387826	-0.93886554	0.88321424	1.0305073	-0.9090221	0.90289253	0.9837536	-0.9154968	0.92092663	0.95519227	-0.9666576	-0.86906266	0.94109046	0.8644164	0.8010259	-0.96931475	-0.7383242	0.6561083	0.93684703	-0.8717935	0.9657671	0.9320284	0.90259606	1.0080059	1.0021094	0.9394657	-0.77810633	-0.8759229	0.8814702	0.84541404	-0.96363485	0.9607014	-0.85477346	0.9405587	0.9822414	-0.75468993	0.86429256	-0.9009386
-0.88425046	-1.0865664	-1.0094731	1.0732388	-0.9583915	-0.9832955	0.833784	0.8273414	1.1750495	0.97743934	-0.91990745	-1.1371616	-1.1722169	0.8369704	-1.0836797	-1.1612048	1.1158658	0.9241338	-0.9792098	-1.0609851	-1.1025699	-1.0053105	1.0038701	1.0591879	1.0270579	1.0267771	-1.1195526	-0.8624185	1.165808	1.1284779	-1.0487843	1.0703322	-1.1494204	-0.6651089	1.0681766	-1.0803349	-0.7104679	1.0995908	-0.93258446	0.90704215	1.1277136	-0.9744035	-0.9366874	-0.9768859	-0.9913675	1.0472921	-0.7114296	-0.9584983	1.0946543	0.8682639	-0.78559524	-1.0698596	-0.8547611	-1.0347592	-1.056233	-1.1697814	1.0163587	-1.0631192	-0.9453366	-0.995811	-1.0955398	0.8663914	0.89959514	-1.0615997	1.0475338	1.1392488	-0.910822	0.9417983	1.1004534	-1.041506	1.0073582	1.1401491	-1.0504116	-0.9992533	0.9036928	0.8374017	0.83192647	-1.0735205	-0.74937284	0.5908355	0.9595593	-0.72991467	1.0592059	1.0280297	0.74731666	1.0699999	1.0172672	0.97897416	-0.80605286	-0.9339084	0.9993371	0.96467704	-1.0833092	1.1892325	-0.9851462	1.0527112	1.0799941	-0.5507896	0.94289327	-1.1295465
-0.8389555	-0.8794868	-0.81634194	0.83900493	-0.7850098	-0.67889166	0.6769332	0.7854434	0.8743423	0.75280493	-0.71465653	-0.83996654	-0.8792932	0.75315255	-0.77639836	-0.8207697	0.80938435	0.8040579	-0.7704101	-0.7789062	-0.8614412	-0.77338463	0.8253979	0.76331806	0.80393106	0.83265054	-0.85137576	-0.7839146	0.74630463	0.852826	-0.8714507	0.72360533	-0.83904576	-0.6478447	0.8163243	-0.75934815	-0.7396261	0.86797696	-0.7362001	0.7797815	0.7384267	-0.69004524	-0.7192214	-0.8483137	-0.7260088	0.69061136	-0.5802742	-0.70469964	0.81265825	0.72888416	-0.7814178	-0.8057463	-0.7503693	-0.8353038	-0.82356936	-0.8008956	0.7262469	-0.69219995	-0.72721314	-0.76882523	-0.88581884	0.71380407	0.7713207	-0.7487476	0.7884356	0.8212485	-0.7960777	0.851556	0.75674945	-0.7440286	0.79145753	0.8008929	-0.8156727	-0.75129527	0.72597575	0.7121482	0.7099551	-0.7599699	-0.5871906	0.616688	0.8370138	-0.7135626	0.79635596	0.8813731	0.8169378	0.8847201	0.7576744	0.8728863	-0.66584146	-0.6551378	0.81179625	0.7757902	-0.8460336	0.8261332	-0.7506592	0.78355163	0.7898993	-0.6632619	0.73811114	-0.7044175
-1.1088094	-1.0801262	-1.0534664	1.0633377	-1.0149916	-0.8509745	0.91629404	0.97608244	1.1346945	0.9467805	-0.8963745	-1.0071189	-1.0574608	0.9842559	-0.92806524	-0.9749572	0.9101648	1.0235181	-0.9783366	-1.0378444	-1.0078717	-1.0922046	1.0428473	0.9648635	0.97138697	1.0810416	-1.1373647	-0.96749	0.95787644	1.0431869	-1.093889	0.95622706	-1.0260469	-0.92831707	1.0840489	-0.93470573	-0.8880966	1.067968	-1.0355142	0.93809503	0.94605994	-0.8696957	-0.82042	-1.0470858	-0.9372202	0.87172353	-0.7485737	-1.0119069	0.9830415	0.9027271	-0.967487	-1.0644866	-0.9885205	-1.0518488	-0.944245	-1.0925591	1.0052252	-0.8789722	-0.8245903	-1.068284	-1.1223181	0.9928948	0.96900177	-0.90798575	0.9622323	1.0984634	-1.0782013	1.0137532	1.0288576	-0.9749621	1.010926	1.0378525	-0.96433675	-0.908961	1.0034679	0.8670647	0.8597425	-1.02398	-0.7139109	0.8249158	1.092709	-1.0009942	1.0164223	1.071759	1.0129654	1.185977	0.9958803	1.1175535	-0.84664476	-0.851109	0.9432772	0.9430957	-1.0733436	1.0016621	-0.9468938	1.0686933	1.0418237	-0.8033534	0.9744905	-0.9566741
-0.8695942	-0.9022759	-0.92848116	0.9485748	-0.9480979	-0.8525476	0.9338792	0.84534	0.8864782	0.9993265	-1.0081612	-1.0012479	-0.8609882	0.90379393	-0.91562134	-0.8842001	0.9591968	0.9182163	-0.98543876	-0.9196397	-0.996236	-1.0173142	0.8775951	1.0055724	0.96411955	0.85543716	-0.968215	-0.88363326	0.8845874	0.98676634	-0.9514683	0.9744849	-0.86807126	-0.8762164	0.91083145	-0.963358	-0.85723597	0.86815333	-0.8719955	0.8881676	0.9139691	-0.98949975	-0.98052984	-1.0022262	-0.9261407	0.93140715	-0.943074	-0.9174722	0.90228343	0.9812993	-0.8210823	-0.9643917	-0.9200243	-0.95251936	-0.9728765	-0.8939544	0.9388837	-0.9196523	-0.9801747	-0.92630285	-0.93464524	0.9063903	0.91898704	-0.96816665	0.9974403	0.9429186	-0.84124917	0.89462507	0.90732425	-1.0182583	0.90179867	0.9815381	-1.0474265	-0.95759296	0.9753292	0.9937508	0.97813594	-0.9387969	-1.0341464	0.8406623	0.8847232	-0.87116134	0.9095459	0.82925826	0.74527174	0.91399604	0.9278556	0.9526043	-0.9877668	-0.95032686	0.96106005	0.9691934	-0.9786357	0.75094944	-1.0160979	0.9184444	0.91387916	-0.78699195	0.9662116	-0.9214124
-1.0146124	-1.1793239	-1.0056866	1.1012801	-1.045609	-0.94186413	0.9470343	0.9491793	1.1809669	0.92987216	-0.9339505	-1.0848334	-1.2123659	0.96416885	-1.0670809	-1.1040443	1.0551091	0.98803115	-1.0289195	-1.0596131	-1.1510644	-1.0482961	1.0054297	1.0728527	1.0008963	1.1036237	-1.1518077	-0.9970625	1.054686	1.1099021	-1.0204002	1.0742288	-1.1367518	-0.80447084	1.0672534	-1.0495971	-0.8520081	1.020774	-1.0242633	0.9977979	1.0219446	-0.930637	-0.97730005	-0.98251337	-0.96805173	1.0375537	-0.8366747	-1.0712785	1.093999	0.940612	-0.9439452	-1.1347024	-0.9581699	-1.0452367	-1.0069389	-1.1621932	0.96699995	-1.0448081	-0.93777937	-1.097222	-1.0373175	0.9818474	0.94125813	-0.98889405	1.0165194	1.0859345	-1.050128	1.0234905	1.0482668	-1.0474709	1.045238	1.1204789	-1.040699	-0.9926963	0.93568516	0.8787438	0.88672465	-1.0657613	-0.7562423	0.74761957	1.0272621	-0.89645714	1.0302325	1.0745788	0.88865304	1.1515344	1.1173874	1.0791445	-0.87898326	-0.9310719	1.0370947	1.0203909	-1.0579823	1.1777843	-1.0052205	1.0717125	1.1133657	-0.7761619	1.0274657	-0.98630935
-0.8074155	-0.90529877	-0.8452772	0.8779911	-0.8406894	-1.0353162	0.8745337	0.6901405	0.9052149	0.93700975	-0.8850474	-0.98434377	-0.97158146	0.8304911	-0.9211294	-1.0068501	0.9609094	0.8253257	-0.92786676	-0.92751545	-0.9956116	-0.83896035	0.8869677	0.8942641	0.93462324	0.8295615	-0.9404608	-0.7871283	0.9820366	0.9631381	-0.82449955	0.9792799	-0.9287564	-0.6752173	0.9187442	-0.9236262	-0.7177682	0.90917706	-0.85355425	0.8105268	1.038923	-0.92790926	-0.92506105	-0.88597924	-0.8669764	0.9805872	-0.7765607	-0.8241278	0.988373	0.9598919	-0.67982966	-0.91465074	-0.7562164	-0.901533	-0.94206804	-0.9528931	0.9274131	-0.9675886	-0.95065266	-0.8685929	-0.9494762	0.844422	0.6889691	-0.9650364	0.909995	0.9809557	-0.78925323	0.8026969	0.92311907	-0.9199996	0.8569057	0.944029	-0.9515568	-0.937655	0.91065425	0.8455029	0.9446238	-0.9830825	-0.7921769	0.66426164	0.7914498	-0.65767604	0.9077981	0.8616247	0.6996645	0.8136818	0.8700977	0.8442074	-0.94975084	-0.88865685	0.8935234	0.80341965	-0.90396595	0.9274084	-0.8502848	0.8526919	0.9535862	-0.6684673	0.81436926	-1.0317587
-0.8665242	-1.0942106	-0.9168785	1.1165496	-1.0077717	-1.0456142	0.8449966	0.7864086	1.1099738	0.9690404	-1.0324726	-1.100584	-1.2300067	0.89726335	-1.0686554	-1.1430639	1.0877569	0.88974345	-0.96676636	-1.0095264	-1.1083595	-1.02365	1.1198077	1.0198566	0.99098945	1.0910354	-1.0614622	-0.8851256	1.2088653	1.11919	-1.0583216	1.1013051	-1.1801301	-0.78891957	0.97655654	-1.0317949	-0.7786809	1.0228451	-0.9540245	0.9294819	1.1819148	-0.9786841	-1.0660628	-0.9359492	-0.94440883	1.1312466	-0.79682326	-0.9266111	1.1319752	1.0098076	-0.8658255	-1.1126832	-0.8242897	-0.96955043	-1.0781308	-1.188139	1.00242	-1.128411	-1.0094242	-0.93488294	-1.1456934	0.98517895	0.8259387	-1.0499779	0.98921585	1.1343288	-0.9003294	0.93727535	1.1622313	-0.98906845	0.9913823	1.0180868	-0.95452726	-0.9891714	0.9034339	0.8359359	0.88977104	-1.009033	-0.7118674	0.65321636	0.88482016	-0.72528434	1.0198437	1.0181168	0.8092618	1.078209	0.97039723	0.9304041	-0.8613973	-0.9272328	0.97883105	0.95080566	-1.0146456	1.2330184	-0.9340577	0.9938198	1.1236391	-0.65612686	0.96306735	-1.0773109
-0.8777209	-1.0690405	-0.89574486	1.0449029	-0.9985495	-0.96830505	0.8923283	0.90448195	0.9845565	1.0356487	-1.0103623	-1.0790349	-1.1136115	0.91018045	-0.99506485	-1.0436499	1.0727158	0.932358	-1.0114923	-1.0191272	-1.0253642	-0.9950045	1.0679206	0.965912	1.0191102	1.0546918	-1.0669224	-0.95186454	1.0383868	1.0573014	-0.9679651	1.0853465	-1.0290495	-0.87117326	1.038738	-1.0569429	-0.91714704	0.96829695	-0.94552076	0.93969876	1.0368707	-0.98586583	-1.0318564	-0.9135874	-0.98386353	1.0455178	-0.93052346	-0.960193	1.0884569	0.96950126	-0.9255705	-0.9631971	-0.92309767	-0.9158363	-1.025594	-1.0473018	0.99255204	-1.0445019	-0.9918046	-0.9780872	-1.0109129	1.0347826	0.9440363	-1.0325524	0.92320156	1.0685724	-0.923244	0.97481334	1.0527022	-1.0299548	0.9662908	1.04502	-1.0260941	-1.0303384	0.9443944	0.8931507	0.8950339	-1.0515934	-0.8451399	0.87956345	0.9657269	-0.83337307	1.0193365	1.0690261	0.9094355	0.9338718	0.9805813	0.96581125	-0.93776447	-0.9793864	1.0049472	0.9540806	-0.957482	1.0841419	-0.9607217	1.0031832	1.049949	-0.8434561	0.9946077	-1.0393925
-0.66712976	-1.1241564	-0.88036436	1.0153432	-0.8904456	-1.2854902	0.96047384	0.71963775	0.9664196	1.0513895	-1.1017561	-1.1283181	-1.239145	0.91593224	-1.2110645	-1.1976161	1.153324	0.8472586	-1.1309999	-1.0381907	-1.1897068	-0.98818445	1.0934472	0.9917154	1.1473997	0.90428776	-1.0041208	-0.89185417	1.3357099	1.0757303	-0.9394257	1.2141865	-1.159494	-0.7254568	0.96939003	-1.2367492	-0.76725894	0.92809594	-0.8965494	0.8783066	1.3206232	-1.097904	-1.1520239	-0.97618806	-1.0126494	1.1992536	-0.90955734	-0.92932385	1.2225281	1.1167306	-0.65091175	-1.0781156	-0.84309876	-1.0166584	-1.158695	-1.1030985	1.0940037	-1.2629439	-1.1856233	-0.7958561	-1.0393752	0.94602793	0.76421934	-1.2198234	1.118668	1.0606475	-0.7031706	0.77130955	1.1866429	-1.0734316	0.8350964	1.0804837	-1.0888973	-1.1047947	0.9752532	0.93502957	1.0180137	-1.1126977	-1.0028868	0.67735505	0.78547823	-0.5870883	0.9893772	0.94306993	0.6332409	0.91846544	1.0361999	0.7838692	-1.037889	-1.0265363	0.9911145	0.98464745	-0.9355142	1.2888662	-0.9695685	0.93924165	1.2248329	-0.7089378	0.9126508	-1.2012342
-0.59097	-1.0227652	-0.8624079	1.0683035	-0.883745	-1.2914717	0.9942345	0.73001367	0.90698636	1.0306278	-1.1695625	-1.1878668	-1.1971292	0.90124094	-1.1668258	-1.2379647	1.235349	0.82149523	-1.1470363	-1.1144878	-1.2268436	-0.95350415	1.1358311	1.0539705	1.1957415	0.88749725	-0.9789987	-0.8394802	1.3046186	1.1160792	-0.953245	1.1792908	-1.1312518	-0.7801967	0.9596065	-1.2341323	-0.7424738	0.86995137	-0.9032749	0.83658975	1.317273	-1.1390535	-1.219536	-0.9907408	-1.0377549	1.2235425	-0.9265916	-1.0255371	1.2542506	1.1295378	-0.5822225	-1.1516755	-0.8228631	-1.0189456	-1.1264625	-1.1483417	1.0969598	-1.2986541	-1.1946496	-0.78601235	-1.0149968	0.937594	0.74816495	-1.2066001	1.0553033	1.0564704	-0.69118947	0.77082616	1.1935135	-1.1393238	0.8574809	1.1401647	-1.1156118	-1.1511445	1.0506017	1.0281662	1.0321031	-1.130737	-1.0288248	0.81615967	0.76714003	-0.7049283	0.92857635	0.9131812	0.576307	0.7581602	0.9449802	0.81308895	-1.1210543	-1.0893754	0.9692806	1.0247723	-1.01058	1.3195969	-1.0274296	0.8451938	1.1460035	-0.7367206	0.9916614	-1.2889757
-0.7249806	-0.99188685	-0.8801842	1.0230578	-0.8845091	-1.0741996	0.80719984	0.69439316	0.9486072	0.9420521	-1.0212224	-1.0930713	-1.1408677	0.8818326	-1.0118552	-1.1045494	1.0908638	0.8121009	-1.0219473	-0.9213863	-1.0651891	-0.9498747	0.9517983	0.9443581	0.94748586	0.9331329	-0.9974893	-0.8484985	1.1373061	1.0646532	-0.9361595	1.0211337	-1.0410944	-0.5918507	0.9328578	-1.0769266	-0.72767735	0.9690233	-0.83732253	0.85032594	1.1049749	-0.99330044	-0.9966223	-0.89106977	-0.90775174	1.0339134	-0.7921401	-0.9172161	1.0651891	1.0178264	-0.61795396	-0.9769073	-0.7640354	-0.9200087	-1.0403963	-1.1047229	0.9231908	-1.1487212	-1.0098522	-0.88223064	-1.0239686	0.88692594	0.7320436	-1.0145822	0.981352	1.0706815	-0.7754807	0.7972583	1.0802437	-1.0176501	0.89885736	1.0258604	-0.9228759	-0.9537131	0.9427526	0.76860666	0.8873302	-1.0046507	-0.8423121	0.647118	0.7460078	-0.62173194	0.9548755	0.945597	0.6208483	0.8576899	0.9059642	0.8556662	-0.8822972	-0.92076623	0.9193995	0.9302872	-0.96846575	1.1117809	-0.898752	0.8504075	1.0634315	-0.5999	0.88430953	-1.0518231
-0.9414704	-1.0688598	-0.974823	1.1555231	-1.0351963	-0.86423737	0.86886036	0.81137127	1.1852078	0.8903366	-0.85168433	-1.078468	-1.1577599	0.913665	-1.0410746	-1.0503716	1.0306616	0.9343608	-1.0110221	-1.057165	-1.1123018	-1.1059345	1.0950624	0.96686846	0.93095696	1.0845269	-1.1801964	-0.95325565	1.04858	1.1255416	-1.0240301	1.0905297	-1.1563609	-0.71683365	1.0861417	-0.9787045	-0.7573728	1.1230978	-0.9487136	0.8949847	1.0349833	-0.8838445	-0.95045924	-0.9547963	-0.9043869	1.0173284	-0.6757077	-0.8927587	1.0456566	0.9226137	-0.8434882	-1.0655938	-0.8391363	-1.0085268	-1.0529684	-1.1339952	0.9606237	-0.94325376	-0.8943771	-1.099646	-1.1392465	0.93539107	0.8285813	-0.98780745	0.9505127	1.186237	-0.94346225	0.90129375	1.0364044	-0.99271387	0.9936481	1.0747217	-1.0189177	-0.9640756	0.8827308	0.81159276	0.74627143	-1.0887089	-0.67476684	0.5187601	0.9727595	-0.8179282	1.0985056	1.0481508	0.8698631	1.170279	1.0185186	1.1161643	-0.7552072	-0.8459012	0.9150077	0.90571195	-1.0755043	1.1716993	-0.9415834	1.0529996	1.1080912	-0.6458692	1.0035452	-0.9994908
-1.0835714	-0.98107153	-1.1068145	0.9735628	-0.99810684	-0.58846754	0.9761822	1.008912	1.0707666	1.041812	-0.883515	-0.9526233	-0.7815229	1.0325158	-0.87980753	-0.93554014	0.97037613	1.0768607	-0.95149034	-1.0079746	-1.0097435	-1.086225	0.96087116	1.0673925	0.940063	1.1171259	-1.0917222	-1.052651	0.8231346	1.0381666	-1.1159226	0.9233398	-0.93773204	-0.9193446	1.0674585	-0.8496044	-0.8997367	1.1147984	-1.0318005	1.0105006	0.8076409	-0.92163	-0.9259494	-1.0429673	-0.9744836	0.76284367	-0.896002	-1.0446295	0.73635507	0.8336465	-1.0479845	-0.9981379	-1.0150558	-1.0314558	-0.945523	-0.9020998	1.0353192	-0.7644588	-0.7405755	-1.0737114	-0.98141664	1.0091176	1.0386313	-0.8865524	1.0183948	1.066358	-1.0609164	1.078804	0.9064572	-1.0344865	1.0646772	0.9980315	-1.0453793	-0.99341804	1.0020483	0.9756693	0.9471565	-1.0020322	-0.80512863	0.8132248	1.0562904	-1.0923767	1.08089	0.9816127	1.0353069	1.088817	1.0527881	1.1503509	-0.9053771	-0.9326757	1.0543917	1.0400814	-1.0774583	0.65217036	-1.0622228	1.108409	0.9724757	-0.8742547	1.0011506	-0.78655875
-0.83294505	-1.0326656	-0.9177006	1.0184377	-0.9806936	-0.9966404	0.86676943	0.80728257	1.0195836	0.86842924	-0.98329556	-1.0854527	-1.1119865	0.88603866	-1.0293059	-1.0756004	0.9888097	0.8813689	-0.9639151	-0.9226566	-1.0155671	-0.91866076	0.9842943	0.97349167	0.95999265	0.9174528	-1.0472747	-0.85869724	1.017431	1.047085	-0.93165904	1.036762	-1.0867189	-0.7371864	0.9270689	-1.0053258	-0.692681	0.98634887	-0.9207126	0.79066116	1.0966709	-0.89948577	-0.9805716	-0.91118735	-0.8866345	0.9710807	-0.7693852	-0.9082574	1.072532	0.9707985	-0.72288436	-0.99981	-0.8045236	-0.9710231	-0.9373241	-1.0275785	0.9480445	-1.0278927	-0.95542866	-0.891568	-0.97056204	0.83829904	0.7673182	-1.0410213	0.9172845	1.0258718	-0.7899866	0.87476087	1.0103348	-1.01022	0.9340465	0.99978966	-0.95262265	-0.9383354	0.8935641	0.832314	0.8476168	-1.0092853	-0.7554864	0.6687716	0.9116434	-0.7626734	0.942337	0.9328518	0.72145456	1.0260588	0.94047326	0.94141805	-0.82013404	-0.9194681	0.8882651	0.90070426	-0.98315287	1.0214558	-0.9443004	1.0020976	1.0206585	-0.6461678	0.89604086	-0.9746175
-1.113843	-1.0330211	-1.0015004	1.0236069	-1.0353417	-0.4716468	0.95099866	0.9983086	1.1492783	0.9741358	-0.8263219	-0.9846144	-0.8985089	0.9347222	-0.8498136	-0.8896508	0.86906546	1.0283967	-0.90782595	-0.9576738	-0.9815186	-1.0889846	0.973099	0.9733713	0.87609446	1.0979248	-1.176303	-0.98842865	0.8217494	0.99883574	-1.0412723	0.8985874	-0.9399454	-0.92386335	1.1142058	-0.87638324	-0.8712706	1.0897735	-1.0473958	0.9707409	0.8701278	-0.81161296	-0.85458726	-1.1233325	-0.94488287	0.744499	-0.8149027	-1.0143515	0.7952031	0.74812084	-1.098093	-1.0444424	-1.0495089	-1.019785	-0.95354176	-1.020345	0.9598971	-0.67662525	-0.65522623	-1.1530192	-1.043294	1.0047581	1.0330786	-0.8831418	1.0022931	1.0365938	-1.0792822	1.1536818	0.8690771	-1.0071033	1.0340909	1.0160382	-0.9997589	-0.9199439	1.0081878	0.9432748	0.8426103	-1.0536155	-0.6824684	0.8837145	1.1075609	-0.9975269	1.0709447	1.0467343	0.9952748	1.2433263	1.030248	1.1787009	-0.77919096	-0.84100753	1.0489434	0.9262503	-1.1198092	0.7859692	-0.94245225	1.0816785	0.9358976	-0.901757	0.9984519	-0.8947641
-0.90059596	-1.0940281	-0.8851376	1.0296268	-0.89545494	-1.0509962	0.84095716	0.7956629	1.0966817	0.9314728	-0.9023157	-1.0130742	-1.1205713	0.86214274	-1.0445828	-1.0864115	1.0476041	0.9163341	-0.8932468	-1.018703	-1.0826052	-1.0110809	1.0725586	0.88858896	0.9869675	1.0342172	-1.0244485	-0.86682373	1.0907719	1.0435654	-0.9593067	1.0299699	-1.1000648	-0.7823654	0.99657613	-1.0576969	-0.69314843	1.0157045	-0.9434753	0.8997359	1.0842166	-0.9286505	-0.9056051	-0.8847343	-0.89643914	0.9906519	-0.7075761	-0.88498884	1.115006	0.90537125	-0.80627126	-1.0112342	-0.8591885	-0.972159	-0.9902204	-1.1149133	0.9774328	-1.0653157	-0.9049929	-0.9729695	-1.0926343	0.930158	0.88321835	-0.932375	0.8904057	1.1203767	-0.8780438	0.8823953	1.0107828	-0.93829125	0.8925547	1.0539771	-0.9077093	-0.89744955	0.9108269	0.8559077	0.8967593	-1.0522712	-0.725956	0.66012114	0.8790105	-0.76044154	0.98830366	0.94648767	0.8582748	1.050133	1.0030625	0.94017667	-0.87990737	-0.84961593	0.9872872	0.85129046	-0.9937147	1.1309462	-0.9714013	1.0490878	1.0487351	-0.65932035	0.97238046	-0.9994353
-0.71792036	-0.8568375	-0.7772428	0.8759339	-0.8389636	-0.9644771	0.8029916	0.64639866	0.8589636	0.8705224	-0.8789548	-0.961846	-1.0246357	0.72745776	-0.9323342	-0.9802875	0.9314022	0.69788563	-0.8860331	-0.89609617	-0.9446773	-0.78709054	0.84507143	0.8361769	0.9046417	0.81993663	-0.82997435	-0.7193583	0.97752994	0.9279287	-0.80618495	0.93590665	-0.95810574	-0.6528086	0.7794427	-0.91730326	-0.6733966	0.79571795	-0.7731255	0.7744489	0.9681203	-0.8868063	-0.92235625	-0.8120538	-0.80028015	0.91243076	-0.8429769	-0.8413041	0.9522257	0.94915247	-0.6608733	-0.89289325	-0.72662866	-0.8293343	-0.86444134	-0.9507609	0.8987325	-0.9764523	-0.9187841	-0.77070856	-0.86679745	0.7990805	0.68996894	-0.95288855	0.8447785	0.873065	-0.65728986	0.6836498	0.99416286	-0.8666109	0.81724554	0.85873544	-0.88750196	-0.85542	0.78378785	0.7514019	0.8663396	-0.91751087	-0.8578387	0.66771585	0.6927155	-0.6344905	0.8462231	0.7882843	0.6661838	0.78504694	0.8359678	0.6948767	-0.89175725	-0.87580425	0.8376031	0.8337769	-0.8442617	0.9503431	-0.81092054	0.7598861	0.91831994	-0.6360073	0.8223105	-0.98978215
-0.6610936	-0.97000545	-0.7369982	0.92636734	-0.8841935	-1.0875748	0.79576415	0.65788364	0.86527616	0.965383	-0.96819776	-1.0274639	-1.0940235	0.8135568	-1.0801573	-1.0369563	1.0718646	0.742037	-0.9831118	-0.96652496	-1.0668366	-0.87276435	0.98222446	0.9150291	0.93526864	0.8114992	-0.85440856	-0.7618738	1.1693578	0.9921539	-0.797314	1.030822	-1.0545752	-0.5881053	0.85173607	-1.0472896	-0.6746353	0.8467746	-0.78752595	0.7751554	1.1024054	-1.0022992	-1.0229846	-0.8640914	-0.88218015	1.0090722	-0.8494179	-0.80311584	1.1188962	0.95214045	-0.54611546	-1.0367321	-0.74596715	-0.9475328	-0.96955776	-1.0346146	1.0001805	-1.0969925	-1.0313967	-0.7897044	-0.9778259	0.8438036	0.6741361	-1.1312801	0.94165957	1.0031407	-0.63815325	0.74248874	1.092183	-0.96085644	0.7819137	0.9651451	-0.91898113	-0.93911403	0.9259903	0.82077473	0.88676846	-1.0188607	-0.86341625	0.6352956	0.71931535	-0.55972064	0.8344275	0.8275909	0.63550967	0.81586653	0.87388045	0.70537066	-0.87873256	-0.9049042	0.8698205	0.87259275	-0.873827	1.1372117	-0.88869077	0.8196584	1.1006743	-0.5647513	0.80864716	-1.157691
-0.9665706	-1.0757151	-0.9113825	1.0918876	-0.97533196	-0.91495824	0.8634559	0.9068764	1.142312	0.9466861	-0.98762226	-0.99066085	-1.0896461	0.903581	-1.0528741	-1.0506957	0.9603347	1.0018834	-0.9196421	-0.9623765	-0.99717194	-0.98813677	1.0229369	0.9771116	0.9954729	1.0393021	-1.0524646	-0.8727598	1.0727309	1.0149195	-0.97652644	1.0628223	-1.1157824	-0.80822015	1.0085983	-1.037029	-0.7955641	1.0060383	-0.9381206	0.9167007	1.0183717	-0.93195456	-0.9085843	-1.0047883	-0.9734782	0.9496748	-0.7640666	-0.9176129	1.0666891	0.9434571	-0.88819945	-1.0018666	-0.9519491	-1.0326381	-1.0123193	-1.036758	0.9237312	-0.9855251	-0.95825046	-1.0367317	-1.0459803	0.98046994	0.9443685	-1.0145335	0.9747252	1.0627679	-0.9352761	0.9849534	1.012825	-0.99930066	1.006964	0.9940061	-0.9791673	-0.93079644	0.96429646	0.8726521	0.8290536	-0.98847896	-0.7218877	0.6659495	0.92009103	-0.84710467	1.0485685	1.0522066	0.87357074	1.1377054	0.9641097	1.0208215	-0.8340794	-0.89083576	0.9792712	0.90795946	-1.0067642	1.056226	-0.9406045	1.0430579	1.0299278	-0.7550019	0.97841674	-1.0194402
-0.7712306	-1.0866355	-0.8821557	1.0337582	-0.9576058	-1.111831	0.89667857	0.76233643	0.9976393	0.9463677	-1.0520688	-1.1418142	-1.143877	0.8811046	-1.0780059	-1.0915238	1.1434251	0.8989306	-1.0112745	-1.045189	-1.1676618	-0.9597014	1.0446136	0.9636276	1.0380987	0.9596196	-1.0289223	-0.90334177	1.2226168	1.0222074	-0.97909504	1.1382936	-1.1008908	-0.73126405	0.9311572	-1.0780456	-0.7059087	0.9474457	-0.8951476	0.8232042	1.1805801	-0.99341	-1.1313263	-0.9022257	-1.0375111	1.1207197	-0.86989844	-0.9442146	1.1941472	1.0783573	-0.71728003	-1.094123	-0.8503274	-0.9690822	-1.0127327	-1.0594708	0.9998505	-1.2024701	-1.0774045	-0.93817616	-0.99126285	0.9256812	0.8329938	-1.1409464	0.98113424	1.091162	-0.8243387	0.8434516	1.1341206	-1.061991	0.8757047	1.0035069	-0.99203557	-1.0245825	0.9512093	0.914772	0.98135555	-1.072746	-0.93647534	0.6392949	0.873878	-0.7080632	0.9313059	0.9650522	0.7168912	0.91199607	0.930622	0.86530614	-0.99749583	-1.0181154	0.9471261	0.94083685	-0.9525794	1.1268924	-0.9560761	0.96032923	1.1429783	-0.7388302	0.9875258	-1.0841035
-0.77761793	-1.106253	-0.93349516	0.98741484	-0.96411425	-1.149214	0.96251327	0.7736955	0.9983192	1.038084	-1.1036413	-1.093483	-1.1422808	0.9223243	-1.0592284	-1.1293517	1.119361	0.8479914	-1.0872676	-1.0864542	-1.0790467	-0.98091465	1.0975379	1.0371188	1.0718375	0.8872824	-0.9576675	-0.9230869	1.1478517	1.0972794	-0.91710234	1.0926418	-1.1143863	-0.77012765	0.98163307	-1.0952822	-0.83403987	0.91487104	-0.9636098	0.8581309	1.1245571	-1.1186514	-1.1356095	-0.90870243	-1.0168014	1.100899	-0.9531865	-0.9428198	1.1092367	1.0569988	-0.67599833	-1.0675733	-0.89107066	-1.0403671	-1.0519377	-1.1063764	1.0648688	-1.1836201	-1.1542345	-0.85972595	-1.0305601	0.91508096	0.822136	-1.1506966	0.9969594	1.0639386	-0.7961198	0.82324976	1.1668549	-1.0385872	0.9186945	1.0325911	-1.0369743	-1.0772189	1.0252427	0.90945673	0.98670805	-1.0221484	-1.0031441	0.72264034	0.8367975	-0.7233299	0.95475936	0.94364774	0.71787596	0.8294687	0.94418985	0.8528729	-1.008237	-1.041838	1.0288882	0.96260935	-0.9354652	1.1927954	-1.0356108	0.8782799	1.1295707	-0.79685783	0.9831063	-1.0810541
-0.764677	-0.88904786	-0.78999406	0.8968676	-0.8358149	-0.8579301	0.7937029	0.7412125	0.89089686	0.8126602	-0.83956474	-0.87121856	-0.9091682	0.8384397	-0.9425762	-0.8662779	0.93622947	0.80101854	-0.8251935	-0.8145437	-0.8804982	-0.85975343	0.93953973	0.81798595	0.8276113	0.90304697	-0.9183138	-0.8456648	0.8507739	0.8384923	-0.8710875	0.8991406	-0.94832003	-0.68678033	0.874404	-0.8830269	-0.7149125	0.90802443	-0.86899793	0.78020954	0.8768536	-0.8333929	-0.8059022	-0.77151513	-0.86079556	0.8467832	-0.7687942	-0.78612584	0.9107616	0.79756266	-0.7813898	-0.9197242	-0.8395079	-0.8965504	-0.9010113	-0.94341844	0.85412055	-0.8384721	-0.8861296	-0.85177207	-0.85664487	0.8257153	0.800283	-0.88675684	0.77669096	0.88671654	-0.80927795	0.7864159	0.86277556	-0.80777335	0.7980606	0.8629223	-0.80163777	-0.861799	0.78773373	0.73277897	0.74365425	-0.83528614	-0.72129035	0.6842225	0.85652316	-0.69328994	0.85408074	0.8941069	0.8004121	0.86381316	0.8610636	0.82844657	-0.8262221	-0.7680916	0.7894957	0.7964843	-0.844042	0.9403765	-0.81949115	0.86090255	0.86263657	-0.73672503	0.8347182	-0.8603038
-0.9056793	-0.9764994	-0.871814	1.0310563	-0.91445524	-0.83396643	0.8622099	0.77315485	0.96432465	0.9301008	-0.89885855	-0.9454666	-0.9810418	0.8313641	-1.0095615	-1.0320045	0.98762155	0.8843653	-0.9825713	-0.9378904	-0.99646705	-0.9546116	0.9847855	0.9095482	0.9435789	0.9628396	-0.97899956	-0.8995781	1.0026228	1.0077932	-0.8977563	0.9398664	-1.0242037	-0.8065772	0.90885967	-0.93886775	-0.7202359	0.9278976	-0.8775347	0.7878236	0.9955482	-0.94199204	-0.93663377	-0.94706327	-0.9187846	0.9066759	-0.7099345	-0.94765085	0.939119	0.90792483	-0.75487596	-1.0157558	-0.8842656	-0.9521785	-0.91849965	-1.0437869	0.9575221	-0.9082395	-0.9328369	-0.9573328	-0.94433606	0.87835634	0.7847172	-0.950128	0.9345715	1.0461494	-0.819074	0.9053107	0.9859715	-0.9238418	0.88632387	0.9473827	-0.95984846	-0.8794477	0.93000793	0.8517043	0.8298052	-0.9328282	-0.8421945	0.7241242	0.93521506	-0.7634224	0.91996604	0.98695534	0.78542197	1.0170072	0.9675867	0.89774346	-0.88806117	-0.87698144	0.91100013	0.89550364	-0.9625657	0.99472314	-0.95698845	0.92858875	1.0288252	-0.7352781	0.95612717	-0.93969876
-1.0668235	-1.2701861	-1.0419627	1.2334756	-1.0759476	-1.0221748	0.8701054	0.8370435	1.2981769	0.95278805	-1.060575	-1.2269679	-1.3268676	0.9384031	-1.2158452	-1.253544	1.148842	1.0611455	-1.079903	-1.0869795	-1.2796229	-1.1165485	1.1346937	1.097236	1.1013708	1.1983079	-1.1872343	-0.9292017	1.29316	1.1531445	-1.1432645	1.2249517	-1.2738398	-0.71681184	1.1118342	-1.2086775	-0.7822633	1.2175016	-0.9804094	0.9469209	1.2678182	-0.9519316	-1.075019	-1.0334018	-1.043541	1.1031013	-0.6303443	-1.0039991	1.2830815	0.9966355	-0.9330073	-1.1801624	-0.92203736	-1.0999733	-1.1738605	-1.3275948	1.0377204	-1.1333832	-1.0118141	-1.1384083	-1.1944425	0.9432505	0.9540271	-1.1215621	0.9790789	1.1963718	-1.0021853	1.0422726	1.2152478	-1.1148255	1.0991669	1.1603504	-1.0610281	-1.0734471	1.018291	0.82143664	0.87123156	-1.1496913	-0.662145	0.64771986	1.0566555	-0.81675786	1.1166005	1.184109	0.920702	1.2112892	1.1127131	1.0865339	-0.88922083	-0.8777478	1.0430211	0.9813943	-1.2399776	1.2839406	-0.9880471	1.2235847	1.17602	-0.6255923	1.0661086	-1.08715
-0.8238881	-0.8796289	-0.871451	0.8694249	-0.844728	-0.8568275	0.88961405	0.8751798	0.95524013	0.96766824	-0.9356948	-0.928892	-0.90598196	0.91504323	-0.8515295	-0.92180765	0.89623487	0.8324028	-0.9652519	-0.9513717	-0.9822595	-0.9615154	0.8780272	0.95740217	0.9402913	0.87777096	-0.90375614	-0.9257468	0.9302087	0.9026767	-0.8513774	0.9216812	-0.8534197	-0.8501643	0.9389581	-0.9422878	-0.826604	0.85160065	-0.8947615	0.8560079	0.9818821	-0.96594507	-0.94139755	-0.8989416	-0.9107028	0.84816366	-0.823677	-0.9212866	0.8979663	0.91502756	-0.7617221	-1.0454606	-0.8248063	-0.88004863	-0.9796293	-0.8894686	0.9566195	-0.9231396	-0.9000535	-0.9369687	-0.9339826	0.82929766	0.79091066	-0.99478126	1.0297985	0.9438568	-0.8275408	0.8175632	0.8998957	-0.99607944	0.86720705	0.9194679	-1.0048357	-0.93243283	0.899912	0.9089803	0.9538374	-0.94223166	-0.91292137	0.7053608	0.8263935	-0.7930785	0.9244162	0.8812036	0.67812234	0.8230376	0.91135603	0.88329303	-0.92935336	-0.8814616	0.97245014	0.94630677	-0.96718687	0.84057313	-0.924787	0.8533553	0.9948657	-0.73913753	0.8753564	-1.0209262
-0.47081417	-0.9736308	-0.88762045	0.98431844	-0.8837218	-1.2033253	1.0781621	0.749535	0.73475724	1.175574	-1.1825029	-1.1127608	-1.1178273	0.9255124	-1.0779933	-1.2093363	1.1237637	0.74858797	-1.1841654	-1.0057498	-1.0856943	-0.8742911	1.1386969	1.1161932	1.1598375	0.67218095	-0.7294087	-0.85468847	1.1882342	1.0303993	-0.7940381	1.1461056	-1.0367151	-0.8474682	0.8214948	-1.1464089	-0.9467528	0.7931532	-0.93173194	0.8303187	1.1831715	-1.200767	-1.2495394	-0.96894616	-1.1022433	1.1447034	-1.1782751	-1.00248	1.180312	1.1603367	-0.62666315	-1.0664387	-0.7896495	-0.9811236	-1.1243898	-0.9934366	1.1656728	-1.2542075	-1.2186403	-0.69370794	-0.9543024	1.0062248	0.6956923	-1.2160207	1.1830627	0.99485254	-0.5690557	0.65517545	1.1883903	-1.1041024	0.74539566	1.0583998	-1.060358	-1.1283299	1.1033237	1.0346287	1.1544319	-1.0715016	-1.1934075	0.96098804	0.6953069	-0.70377207	0.9114664	0.8402713	0.55992234	0.54650027	1.0078018	0.61825067	-1.1757706	-1.1702701	0.9885302	1.0369686	-0.8416999	1.0801984	-1.0215492	0.7057166	1.156928	-0.88925064	0.9042224	-1.2296784
-0.83959854	-1.0317981	-0.9078517	0.9924294	-0.9324281	-0.9253293	0.96245396	0.89900625	1.0040315	1.0455561	-0.99468935	-0.9906095	-1.0322329	0.9056611	-1.0309451	-1.0127364	0.95957524	0.97115594	-1.0030957	-0.9664468	-1.0611045	-0.99411535	0.97445863	0.9777502	0.993454	0.99765635	-1.0115753	-0.96238583	1.0261478	1.0253656	-0.98614645	1.0303653	-1.0285877	-0.8653724	0.94098085	-1.010589	-0.8602406	0.96561694	-0.9012416	0.87004805	1.0062528	-0.96432126	-1.0185311	-0.9791111	-1.0283937	0.99175215	-0.859434	-0.9566075	0.94823116	0.95272017	-0.832108	-1.0372884	-0.88562936	-1.0065134	-0.9748062	-1.0147662	1.0447165	-1.004451	-0.98688763	-0.9266238	-1.0265893	0.9071277	0.88481927	-0.9883491	1.0502678	1.0062039	-0.8420229	0.93307036	1.0302937	-0.9876549	0.964904	1.0063026	-1.0305597	-0.96901613	0.96289796	0.95948637	0.9758122	-1.0494623	-0.9352901	0.85665226	0.84790754	-0.8290158	0.950922	0.9489318	0.87978584	0.9267479	0.9750384	0.9176429	-0.9779899	-0.9006825	0.9844927	0.93055505	-0.99285924	1.014879	-0.94697064	0.9987863	1.0386645	-0.77173305	0.9891341	-1.022427
-0.57929766	-0.91444534	-0.8763165	0.8316038	-0.84488297	-1.0979751	1.0151167	0.6986928	0.74955815	1.0662862	-1.0223408	-0.9785224	-0.9518318	0.97139144	-1.0171741	-0.9878484	1.0537798	0.7653332	-1.0648768	-0.9993938	-0.9760666	-0.87146264	0.9489974	0.9513926	1.0595675	0.7393943	-0.84317774	-0.881374	0.9935495	0.9920375	-0.85945314	1.0746602	-0.8708193	-0.8245368	0.8316314	-1.0439248	-0.83713496	0.7547433	-0.86256516	0.7873767	1.1091622	-1.0654874	-1.1455019	-0.8777608	-0.9600751	1.0486047	-0.99437726	-0.9728908	1.0039495	1.0487703	-0.60681367	-0.99484277	-0.8349994	-0.95836234	-0.98223174	-0.90576375	1.0074432	-1.1327798	-1.119583	-0.69256216	-0.89070475	0.8545106	0.744295	-1.0579965	1.0721874	0.90583235	-0.6563085	0.71528006	0.9804521	-1.0000793	0.7474677	0.9492442	-1.0253204	-1.0069486	1.0054729	0.92931706	1.0736374	-0.9510071	-1.1074605	0.8002453	0.68488985	-0.7151643	0.7980161	0.797823	0.600963	0.6370718	0.95528185	0.6944101	-1.0972201	-1.0455728	0.9003389	0.97761565	-0.90357506	0.9473324	-0.9870269	0.79338706	0.99888694	-0.7439235	0.9288484	-1.051978
-0.27460846	-1.0508901	-0.80476946	1.015434	-0.87093115	-1.3952544	1.0200529	0.57197547	0.71072155	1.1368116	-1.2309	-1.0987524	-1.2436943	0.93003684	-1.201781	-1.1877576	1.2159843	0.64889544	-1.2010818	-1.10928	-1.1345667	-0.782378	1.1620033	1.0214566	1.1668519	0.5992562	-0.7419919	-0.7619298	1.2433897	1.088814	-0.79306006	1.1830761	-1.1226748	-0.80440277	0.8237498	-1.2544452	-0.8023352	0.73315203	-0.8355004	0.74607134	1.2921046	-1.2006962	-1.1930616	-0.8612846	-1.033263	1.2924504	-1.0932883	-0.91834795	1.3036968	1.2086012	-0.38150334	-1.0626187	-0.7273355	-0.97291493	-1.1749845	-1.1421438	1.1028948	-1.3394021	-1.2827854	-0.5088516	-0.9702359	1.0088837	0.5604429	-1.2991835	1.1099497	1.0709136	-0.39583462	0.4706194	1.1753302	-1.134385	0.7434122	1.0421507	-1.0327697	-1.1449068	0.9921692	1.011256	1.2417051	-1.1434771	-1.1626971	0.8763953	0.472456	-0.38427716	0.80965513	0.78222805	0.35831317	0.41248086	0.96502936	0.4668696	-1.2334666	-1.1920949	1.0265434	1.0304629	-0.71321917	1.3244156	-0.98423	0.69440323	1.1942816	-0.819938	0.929243	-1.2306211
-0.7068698	-0.88420683	-0.8812959	0.9061155	-0.8245507	-0.94991994	0.8489434	0.7780124	0.93125916	0.9291614	-0.92158175	-0.903069	-0.95820004	0.865531	-0.9961284	-0.92522866	0.8859077	0.84593105	-0.8877066	-0.90310454	-0.9660709	-0.9151135	0.95284295	0.91288155	0.9301111	0.88097274	-0.843022	-0.8588389	0.9585889	0.9062583	-0.86141807	0.88396394	-0.9062942	-0.7760928	0.8957691	-0.90506965	-0.78486603	0.8520823	-0.89943874	0.79944086	1.0105535	-0.8545012	-0.9084543	-0.85092324	-0.8441395	0.9527555	-0.80615014	-0.80547655	0.95141757	0.84161925	-0.7563444	-0.8682722	-0.85011876	-0.88281584	-0.9083813	-0.95199734	0.92879134	-0.95290536	-0.8862704	-0.810335	-0.95387286	0.81012213	0.8508241	-0.8885891	0.8965414	0.9032146	-0.7588473	0.7678624	0.9473485	-0.88953507	0.79021	0.86882234	-0.9408042	-0.9047991	0.8695801	0.80453676	0.8084909	-0.8998551	-0.7711048	0.75114036	0.7585636	-0.74292153	0.82265615	0.9136787	0.70537436	0.8810862	0.93225294	0.80261236	-0.86813736	-0.862369	0.8218208	0.9127017	-0.829196	0.96371293	-0.8570783	0.84158385	0.94279367	-0.69083387	0.8940295	-0.9503915
-0.8983776	-0.9716413	-0.97833985	0.9567319	-0.92775375	-0.9166687	0.92021674	0.83654505	0.9919865	0.9788272	-0.92003256	-0.98709834	-1.0084496	0.8723132	-0.9051053	-1.0374091	0.950336	0.83046615	-0.94121313	-0.9047416	-0.9854137	-1.04913	0.91005033	1.0061196	0.96993697	0.98307115	-1.0152245	-0.88517	0.97579163	1.006967	-0.8993989	0.9959665	-1.0029795	-0.84725696	0.9765102	-0.93055546	-0.8345419	0.95186186	-0.8674666	0.8827101	1.0053905	-0.9546022	-0.9558853	-0.9631415	-0.9641998	0.8800388	-0.82917696	-0.9591597	0.9103136	0.91054106	-0.79503816	-1.0332037	-0.8365893	-0.97536814	-0.9586745	-0.97646695	1.0322641	-0.93741405	-0.9138815	-0.9967948	-0.97867966	0.86349106	0.879645	-1.0257502	1.0194908	1.0159513	-0.8694498	0.9169833	0.95085156	-1.0083189	0.9483475	0.98751205	-0.95137334	-0.93377155	0.90491766	0.9510487	0.9291469	-0.9917849	-0.87008476	0.71393895	0.877651	-0.798577	0.92653865	0.9390038	0.7829532	1.0067035	0.9657127	0.9238252	-0.86820155	-0.9275217	0.9887871	0.9214902	-1.0343523	0.99606985	-0.93973124	0.9796568	1.052777	-0.73760986	0.91926664	-1.0299062
-1.0362316	-1.1410859	-0.991325	1.1228185	-0.9410459	-0.8545796	0.93693674	0.941238	1.1859156	1.0162971	-0.88696086	-1.1377444	-1.082918	0.9620868	-0.9934378	-1.1270719	1.0163983	1.009115	-1.0021417	-1.0721914	-1.1032572	-1.045514	1.062606	0.9984869	0.9720157	1.0991418	-1.102085	-0.915559	1.0655587	1.1198558	-1.0795743	1.0586957	-1.1245294	-0.81444275	1.0914454	-1.0377072	-0.8035173	1.0939428	-1.0212641	0.95056903	1.0565087	-0.9108608	-0.9877243	-0.9965983	-1.0191412	0.94223773	-0.7174737	-1.0174657	1.0601768	0.8786866	-0.92874765	-1.1100411	-0.9641683	-1.0343251	-0.9683936	-1.1191081	0.9837029	-1.052469	-0.8942678	-1.048894	-1.1125792	0.97126096	0.97908837	-0.99890006	1.0440294	1.109292	-1.0382397	1.0425264	1.1077107	-1.0521865	1.0206605	1.0387794	-0.9914927	-1.0089031	1.0519212	0.90309256	0.8784915	-1.0572554	-0.8046633	0.7362889	1.0260016	-0.8338371	1.0696285	1.0190519	0.88986856	1.1260939	1.0686246	1.0810704	-0.84834325	-0.8853299	1.0232354	0.8970615	-1.0709379	1.0834073	-1.000265	1.0394166	1.1152349	-0.73963726	0.9622433	-1.0937233
-0.48331597	-1.0866554	-0.8816926	0.99620247	-0.833338	-1.2379614	0.9787567	0.6008337	0.8422218	1.0330858	-1.1563581	-1.1975049	-1.1994216	0.8992876	-1.212465	-1.1891086	1.141443	0.68287617	-1.1037	-1.0440356	-1.19655	-0.8626341	1.1496756	1.0143751	1.1808343	0.80213827	-0.83005023	-0.746006	1.3186312	1.1046634	-0.8241746	1.2092805	-1.0981971	-0.6445762	0.8542268	-1.2124748	-0.71067065	0.8124984	-0.8231213	0.8203808	1.2624165	-1.1440341	-1.216665	-0.91050905	-1.0460076	1.2205753	-0.920106	-0.9955554	1.2371165	1.1849482	-0.48396713	-1.1372132	-0.73746115	-0.99984807	-1.1636149	-1.1488674	1.1411129	-1.3327976	-1.2276701	-0.6731761	-0.9567308	0.9156354	0.6401231	-1.3002203	1.1006762	1.0490199	-0.5376936	0.6092653	1.2429365	-1.1181226	0.7399855	1.0860012	-1.1113603	-1.0770941	0.9807827	0.9301655	1.0914859	-1.1386427	-1.0649732	0.78840137	0.6808587	-0.46377492	0.9030443	0.79093856	0.55610996	0.66456896	1.0173045	0.60520184	-1.0679148	-1.1168644	0.93204993	1.0523825	-0.89923507	1.322437	-0.96885157	0.8154498	1.1989145	-0.66816556	0.894949	-1.2986734
-1.0481951	-1.0329226	-1.0360947	1.0461279	-1.0317417	-0.8982076	0.8800616	0.8750214	1.0477122	0.9903788	-0.9098628	-1.0773706	-1.0776982	0.9258729	-1.0537215	-1.0098531	1.040072	0.9656173	-0.94119513	-1.0650837	-1.1062856	-1.1095197	1.0181705	1.0685928	1.0064787	1.0213815	-1.1470122	-0.9003212	0.9820303	1.0880278	-1.0074273	1.0260181	-1.041489	-0.8597482	1.0723245	-1.028861	-0.88497967	1.1162473	-1.0155573	0.93531454	0.98332274	-0.93115336	-0.9147569	-0.9823604	-0.93310285	0.9698291	-0.8144987	-0.999594	0.9497647	0.93360543	-0.91909134	-1.0842664	-0.9372108	-1.0687033	-1.0542431	-1.105566	1.005275	-0.95156044	-0.9430687	-1.040866	-1.0483944	0.9342509	0.9770885	-1.0216508	0.9651947	1.0943911	-0.95798093	1.0690302	1.0505159	-1.0621082	0.99309206	1.0049509	-1.0335172	-0.95634985	0.9637435	0.96352273	0.9137864	-1.048066	-0.77296454	0.78259635	0.99996954	-0.93433917	1.0245632	1.0499269	0.9482328	1.1607716	1.0238743	1.0466572	-0.8802679	-0.9248275	1.021135	0.9634586	-1.0879722	0.94625145	-0.936433	1.117025	1.0478933	-0.78012294	0.9461085	-0.93248713
-1.0333252	-1.1460357	-0.9718647	1.1206566	-1.0402052	-0.8627099	0.7498566	0.8873992	1.2324371	0.90213233	-0.89522606	-1.0512233	-1.2136428	0.7957243	-0.97806096	-1.0267576	1.0327595	0.9509788	-0.9619645	-1.056829	-1.0242953	-0.9933803	0.9925256	0.9445135	0.8981753	1.1170617	-1.1165928	-0.8321442	1.1271847	1.0754907	-1.0772293	0.98007005	-1.199717	-0.7401452	1.0755957	-0.95134896	-0.715255	1.0759429	-0.91579264	0.9469675	1.0412561	-0.84757286	-0.83926797	-0.94024795	-0.86176014	0.9932319	-0.6571097	-0.8611171	1.0591748	0.8321982	-0.88055503	-0.9693926	-0.91835356	-1.0079709	-0.9594909	-1.0805209	0.9311011	-0.875251	-0.8175248	-1.0869381	-1.0426642	0.9177389	0.95315665	-0.9239543	0.82955414	1.1573246	-1.0209152	1.0653124	1.0232638	-0.9752359	1.0359596	1.0996722	-0.93787456	-1.0024382	0.89779335	0.7595879	0.6959164	-0.9810425	-0.6083673	0.63655674	0.98910147	-0.792137	1.0845021	1.1239312	0.9465435	1.2238356	0.9667059	1.0807027	-0.6799291	-0.8196783	0.91782814	0.84876764	-1.1019244	1.1298727	-0.93341005	1.1415727	1.0947516	-0.702377	1.0260042	-0.8529202
-0.6582911	-1.0895259	-0.91296905	1.0881029	-0.9571295	-1.281818	0.99197656	0.7666878	0.8902141	1.0991248	-1.1787108	-1.1927704	-1.2438608	0.9105408	-1.1770229	-1.2596636	1.1633489	0.8167788	-1.132103	-1.1120294	-1.2181436	-0.9104276	1.0882708	1.0631679	1.1805224	0.8943033	-0.8947761	-0.8489596	1.3272016	1.125919	-0.88345927	1.2530806	-1.1786345	-0.7225703	0.89279467	-1.2226175	-0.79567343	0.880424	-0.8505852	0.80882806	1.2593616	-1.1538082	-1.206827	-0.9587615	-1.0059602	1.2011439	-1.0520278	-0.93488103	1.2986778	1.1518891	-0.61004585	-1.1614094	-0.7870553	-0.99285907	-1.1937071	-1.1704669	1.1701612	-1.2614133	-1.1847674	-0.82231575	-1.0311304	0.92999834	0.70904076	-1.2172102	1.1344016	1.1549227	-0.66731894	0.76766294	1.225817	-1.0843999	0.7892971	1.1399187	-1.0911665	-1.0780057	1.0755012	1.0009168	1.1356374	-1.161476	-1.0628055	0.77588964	0.6887898	-0.6024408	0.9756831	0.89278984	0.5838881	0.7538173	1.02951	0.77282745	-1.1725879	-1.166166	1.0502148	1.021606	-0.97692156	1.2628868	-0.98136425	0.8338598	1.227975	-0.69101727	0.9528095	-1.2752967
-0.8401125	-0.9112113	-0.89851564	0.93622124	-0.84217477	-0.8196693	0.84720623	0.8599411	0.90415716	0.8512629	-0.8694366	-0.9160448	-0.94218075	0.8742244	-0.90510076	-0.94954836	0.85681075	0.8706898	-0.8637495	-0.8599845	-0.88512564	-0.90375674	0.8495851	0.91266096	0.88599646	0.91516596	-0.89365894	-0.8254187	0.86488485	0.9216485	-0.85252106	0.85447353	-0.95573545	-0.8211271	0.90127563	-0.8842781	-0.7482349	0.9298253	-0.80690604	0.78929704	0.8845605	-0.8220783	-0.8861174	-0.93050426	-0.87518317	0.8540765	-0.77290976	-0.85309136	0.8240954	0.84376144	-0.7716213	-0.9390788	-0.8298393	-0.90490496	-0.880794	-0.9057707	0.9556503	-0.8975729	-0.8160242	-0.8326172	-0.86475843	0.78829837	0.7876005	-0.9351228	0.8867225	0.8980817	-0.8325769	0.8948428	0.8832061	-0.9328042	0.9056068	0.8993501	-0.9260665	-0.8262204	0.889363	0.88813156	0.928469	-0.9103847	-0.7679408	0.74688804	0.9031667	-0.8507109	0.94723105	0.8810793	0.74105483	0.8608385	0.9452645	0.848148	-0.80386657	-0.8128672	0.8512056	0.8928324	-0.89904857	0.911972	-0.9272965	0.8798679	0.9750718	-0.75875425	0.9102404	-0.9637493
-0.9292079	-1.0102882	-0.9042993	1.036461	-0.99680835	-0.98199457	0.9172979	0.835433	0.91771525	1.0096619	-0.9905377	-1.0371249	-0.9531645	0.88499695	-0.9717418	-1.0039804	1.0205793	0.96160614	-0.9457013	-0.99067	-0.96053815	-0.95301443	0.9956452	0.9720205	0.9417401	0.91882324	-0.9150759	-0.95537543	0.9407728	0.9891887	-0.97569585	0.99112016	-1.0005606	-0.8370584	0.9776801	-1.0088027	-0.8938546	0.94159	-0.9919747	0.92860574	1.0079306	-0.9493892	-0.9586388	-0.92596966	-0.89864326	1.0121217	-0.8724978	-0.9962149	0.96300703	0.9348625	-0.88291657	-0.96893513	-0.93202347	-0.9434692	-1.0201515	-0.9915383	1.0057864	-0.9780662	-0.96046597	-0.9541459	-1.0129408	0.9225578	0.8974796	-0.9957671	0.96218246	0.96327263	-0.92996395	0.8903825	1.0283309	-0.93456036	0.90374374	1.0040703	-0.93963695	-0.9885686	0.9308607	0.8789138	1.0054545	-0.9791799	-0.88032806	0.8848769	0.96109307	-0.8997024	0.9468175	0.9945044	0.8299101	0.9477688	0.9332755	0.8947617	-0.92372626	-0.90474886	1.001913	0.93976134	-0.95792454	0.91006786	-0.95618975	0.96514106	1.056066	-0.8792541	0.9691155	-0.96074474
-0.77851653	-0.9090336	-0.9182667	0.9248253	-0.82295376	-0.92943794	0.89359874	0.75034004	0.9332889	0.96248543	-0.8990879	-0.9362264	-0.9264501	0.8825629	-0.8976045	-0.99056524	0.9626171	0.86591876	-0.9484035	-0.88632774	-0.9952897	-0.88226277	0.9552095	0.9463138	0.8898184	0.871512	-0.93995744	-0.91168416	0.9575113	0.99317104	-0.9262613	0.91561025	-0.95823634	-0.75633603	0.9102829	-0.9162973	-0.7751892	0.8790953	-0.8188651	0.88341147	0.96938366	-0.88755417	-0.9444191	-0.87457746	-0.9348468	0.96682215	-0.80386007	-0.9529804	0.9317362	0.88164574	-0.73789686	-0.9766783	-0.8031527	-0.87836367	-0.9089922	-0.9109525	0.9534811	-0.9937837	-0.93122965	-0.91850245	-0.9341307	0.8713716	0.75955415	-1.0078789	0.88023156	0.97117025	-0.82421243	0.83486295	0.97574914	-0.89926064	0.8198374	0.93987375	-0.8936785	-0.88712907	0.9234895	0.8546944	0.8990209	-0.97321385	-0.84835666	0.7387192	0.7966951	-0.7987161	0.9415225	0.84087545	0.71076936	0.87600356	0.8806544	0.83843255	-0.94571203	-0.91534114	0.9090584	0.8895774	-0.8734121	0.9461129	-0.90667224	0.84053427	0.9282046	-0.7271224	0.85947233	-0.93298113
-0.8571429	-1.0219084	-0.9153021	0.9975647	-0.8404379	-0.99764043	0.90058875	0.763597	1.0591666	0.9461818	-0.9871166	-1.1017585	-1.0390557	0.8232705	-1.0074298	-1.0106446	0.9803185	0.9149642	-0.9675481	-0.9899703	-1.0728736	-0.95764804	0.9732993	0.96120167	0.99620837	0.9291498	-0.9983466	-0.8300175	1.080288	1.0200418	-0.95415276	1.0065289	-1.0116658	-0.758002	0.9506694	-1.0126334	-0.7656108	0.9140203	-0.87529814	0.82826686	1.0464278	-0.9366979	-1.0193317	-0.9330043	-0.92117226	0.93949366	-0.84548247	-0.9103933	0.99126583	0.94009995	-0.8161206	-1.0636735	-0.8971833	-0.9884992	-0.99844456	-0.9763535	1.00376	-1.0805944	-0.9716232	-0.97005963	-1.021543	0.8349503	0.8368152	-1.0549341	1.0127147	1.0191778	-0.8697744	0.8715842	1.0511256	-1.0268252	0.91877687	0.9596486	-0.98495805	-0.9678158	0.9781832	0.929287	0.9592783	-1.0051355	-0.88254386	0.66535276	0.89145195	-0.7816139	0.92624587	0.9322913	0.7221157	1.0526422	0.9389863	0.9778172	-0.9606811	-0.9135467	0.97248775	0.87180525	-0.9653945	1.0265183	-0.92294014	1.0173482	1.0812371	-0.62694997	0.94278353	-1.0394422
-0.8633954	-0.8489132	-0.8830307	0.8316743	-0.88502395	-0.7936529	0.89583373	0.87813914	0.8317989	0.8888387	-0.8988076	-0.9296685	-0.7375525	0.91632396	-0.8149482	-0.9082528	0.869128	0.8449375	-0.93139416	-0.8525553	-0.9065174	-0.8930054	0.85830915	0.90025973	0.8782575	0.8039636	-0.83074206	-0.8559977	0.84864193	0.9087774	-0.8546136	0.8549918	-0.7828887	-0.82257915	0.89770633	-0.9168222	-0.7640636	0.8595804	-0.8289931	0.82674944	0.82930654	-0.96536976	-0.94246495	-0.88247323	-0.8571646	0.8075518	-0.88470507	-0.89487916	0.8174032	0.9248187	-0.7936539	-0.87234825	-0.88804275	-0.93167174	-0.8754385	-0.8512593	0.9047848	-0.81269795	-0.889805	-0.8760049	-0.878134	0.8694247	0.7830511	-0.87122154	0.95939463	0.83229023	-0.8744612	0.7851137	0.9041498	-0.8820225	0.89117706	0.94314265	-0.90496635	-0.914672	0.8553077	0.97720075	0.95936966	-0.88260376	-0.89036125	0.817686	0.8580851	-0.77921766	0.83290213	0.85785353	0.7987595	0.76504314	0.91846764	0.81059545	-0.94211143	-0.93511593	0.9354164	0.8527432	-0.8651918	0.7157543	-0.90444237	0.8025507	0.84323007	-0.81100696	0.9176999	-0.8749332
-0.910142	-1.012063	-0.95356065	0.96105784	-0.9735566	-0.85298413	0.8709082	0.8859641	0.9909092	0.8799554	-0.9356136	-0.98440886	-0.94193774	0.83774704	-0.92033434	-0.971876	0.9399624	0.9593801	-0.91094506	-0.89407444	-1.0135065	-0.9448257	0.86899346	0.9508645	0.86358684	0.98256147	-0.941804	-0.88246274	0.9533737	1.007141	-0.9378369	0.9281999	-0.92977	-0.774153	0.9423031	-0.95445454	-0.7516622	0.9662755	-0.8721818	0.9023149	0.8711205	-0.8412327	-0.8876637	-0.9490889	-0.8599823	0.91232544	-0.7588217	-0.9673636	0.88416713	0.90201414	-0.84240717	-0.97837394	-0.90603	-0.94868666	-0.93212414	-0.9352444	0.8782132	-0.8796211	-0.8354752	-0.96126723	-1.0014635	0.93785477	0.9322002	-0.96968025	0.8927255	1.0011129	-0.88093805	0.95456976	0.94195235	-0.92080235	0.9678868	0.93909395	-0.95053583	-0.9081763	0.88824135	0.8616939	0.85495234	-0.95495063	-0.71663576	0.673492	0.98159003	-0.8412573	0.9978214	0.9617743	0.8457288	1.0465951	1.0011486	0.9707147	-0.8634705	-0.8538278	0.928382	0.93775094	-1.0142564	0.9089957	-0.91477066	0.9986605	0.9715263	-0.6914691	0.95883435	-0.8695363
-0.8152036	-1.1018882	-0.9234342	1.0672189	-0.94975305	-1.057756	0.83152914	0.7623103	1.1206448	0.9775876	-1.0444263	-1.1237172	-1.1958082	0.90555316	-1.0727129	-1.1424141	1.149285	0.86482465	-1.0142688	-1.0577579	-1.12812	-0.9936117	1.1277839	0.97773063	1.0380198	0.9718357	-0.992403	-0.85073495	1.1239213	1.0543798	-1.0186554	1.1407483	-1.1514251	-0.74358326	0.95772225	-1.0861849	-0.7626803	0.934186	-0.88789946	0.9192237	1.1888758	-1.0423476	-1.0074469	-0.8926232	-0.9771411	1.0485479	-0.8031036	-0.9364393	1.1629043	1.0258402	-0.8082388	-1.0457423	-0.82969296	-0.96328294	-1.0133746	-1.1452532	1.0249392	-1.0913379	-1.0386275	-0.9059504	-1.0796101	0.95090055	0.85032636	-1.0769801	0.94516814	1.080008	-0.79638845	0.90587926	1.1631428	-0.99011976	0.9739572	1.0356611	-0.9816407	-1.0276674	0.9237321	0.91405225	0.88772297	-1.0181595	-0.82916147	0.6703709	0.8732121	-0.6933746	0.9739335	1.0128547	0.7061142	1.0217727	0.9521215	0.9401775	-0.8950212	-0.9247111	0.92769754	0.92473423	-0.9856842	1.1701783	-0.9287693	0.9777301	1.1378331	-0.6346754	0.99276626	-1.0626317
-0.74046284	-1.0256939	-0.9410491	0.94636166	-0.87589353	-1.1261531	0.8889261	0.7677507	1.0188453	1.0286782	-1.0006301	-1.0570453	-1.0079448	0.88918394	-1.0038772	-1.0885358	1.0053427	0.8874544	-1.0549251	-0.9565139	-1.0550444	-0.9722622	0.98047847	0.9833829	1.0734046	0.88222796	-0.9790987	-0.87441534	1.1268774	1.031151	-0.8991076	1.1306919	-0.98874867	-0.7262653	0.97791207	-1.0494112	-0.8050028	0.9013158	-0.91016835	0.8489991	1.1167839	-1.0443825	-1.0656328	-1.0098547	-0.99856406	0.9973203	-0.9631459	-1.0231965	1.1136265	1.0655109	-0.71042424	-1.0351315	-0.837451	-1.0151706	-1.0050989	-0.98697656	1.0212806	-1.1711669	-1.0980967	-0.8740265	-0.97549844	0.9031837	0.7503294	-1.1410543	1.0437088	1.0349324	-0.81747526	0.80026376	1.0495063	-1.0848154	0.8631067	0.93958825	-1.0474081	-1.0088912	1.0132223	0.9338165	1.0459484	-1.021222	-0.9839714	0.6589546	0.81937873	-0.7884988	0.9079897	0.8841661	0.59885395	0.9217325	1.0225358	0.83949	-0.9871704	-0.99744177	0.9984186	0.9834102	-1.0162014	1.1084162	-1.0342202	0.8996921	1.0887636	-0.7178533	0.97423965	-1.1418535
-0.96451205	-0.99096185	-0.97112256	0.95250404	-1.0382217	-0.7535761	0.97376	0.89990884	1.018385	0.91441566	-0.9941137	-1.001241	-0.87137383	0.9977348	-0.9168602	-0.92058015	0.9440862	0.9851154	-0.98618555	-0.94759923	-0.9975338	-0.98077667	0.96823627	0.9768045	0.9287808	1.0531524	-1.078347	-0.93531615	0.89515686	1.0007021	-1.0293591	0.9872503	-0.93007195	-0.8583782	0.9833611	-0.91411954	-0.9505298	1.0780327	-0.97586715	0.94761586	0.8973627	-0.94419754	-0.8964431	-0.9937363	-0.95363635	0.8690655	-0.9382975	-0.93969065	0.83726865	0.9640055	-0.90111893	-0.97971463	-0.9473827	-1.0056368	-0.963015	-1.0095048	0.94959974	-0.8740641	-0.9384686	-1.0405571	-1.0090088	0.96047413	0.940779	-0.8865118	0.9768908	0.9733382	-0.9972935	0.9861896	0.9182413	-0.9837871	0.9474305	1.0270633	-0.9384746	-0.98635054	1.0162544	0.96466446	0.938646	-0.9558761	-0.8346477	0.8818721	0.9967556	-0.9004385	0.98914963	0.9762384	0.8977232	0.9867373	0.97656125	1.0587994	-0.9298103	-0.90047336	0.9682656	0.977891	-0.98989856	0.8864909	-0.9323356	1.0239106	0.99885637	-0.8226504	1.0491447	-0.8628466
-1.0080212	-0.93191856	-0.91138476	0.9851803	-0.9787887	-0.7318474	0.88356125	0.93545336	1.020325	0.92681354	-0.867844	-1.007194	-0.89703125	0.89927506	-0.93347704	-0.97105616	0.9573977	1.0050849	-0.89774764	-0.93873835	-0.9640685	-0.96792585	0.8996763	0.9370132	0.882841	0.97423595	-1.0058562	-0.91609806	0.8931278	0.9593113	-0.9465543	0.99699974	-0.9844148	-0.82242566	0.97461265	-0.9306712	-0.8595698	0.97679704	-0.98944765	0.8822684	0.9234842	-0.9050955	-0.88361216	-1.0030649	-0.8858435	0.8145806	-0.84568554	-0.9903972	0.86651516	0.8803646	-0.8722025	-1.0514351	-0.97216827	-1.0079848	-0.95935243	-1.0036525	0.99518913	-0.8302339	-0.7916522	-1.0203763	-1.0215696	0.8868724	0.9449015	-0.9109045	0.9659314	0.9915995	-0.9832717	1.0369165	0.89837956	-0.9354238	1.0123686	0.93099844	-0.9565309	-0.8597228	0.89213455	0.9517716	0.9273806	-1.0147005	-0.7984208	0.8099965	1.006007	-0.9161664	1.0356376	0.9506597	0.90955585	1.0476291	0.94156283	1.065747	-0.90360415	-0.8759525	1.0041945	0.9002237	-1.0505644	0.7890931	-0.93790007	1.0190877	1.0147512	-0.8138675	0.9059707	-0.9722647
-0.6682873	-0.95973706	-0.88959014	0.9209878	-0.92758584	-1.1917466	1.048787	0.73723066	0.86502755	1.0534885	-1.175173	-1.0927631	-1.1178483	0.9746191	-1.0778253	-1.1229213	1.1950755	0.8236935	-1.1543121	-1.0549192	-1.1132238	-0.9573649	0.9936627	1.0573981	1.1089584	0.86681765	-0.9453805	-0.90342164	1.1688107	1.026867	-0.8850951	1.1669899	-0.986602	-0.8549444	0.9937434	-1.118992	-0.86073875	0.80070645	-0.8557264	0.90898836	1.1707884	-1.1729192	-1.2110572	-0.92563385	-1.0716828	1.1616279	-0.9782225	-1.0073838	1.0958977	1.2154645	-0.740003	-1.0737871	-0.8557097	-0.9861492	-1.1631815	-1.010338	1.095727	-1.1455796	-1.1554233	-0.8622208	-0.96984255	0.92250806	0.7598289	-1.2004465	1.0666953	0.98513097	-0.7297124	0.81543237	1.0646828	-1.099956	0.8777175	1.0127761	-1.0852307	-1.0786102	1.0668223	1.0138352	1.0597637	-1.0962149	-1.1903629	0.7989647	0.7960533	-0.75352275	0.87162185	0.8734742	0.66047686	0.82489973	0.9902783	0.8789829	-1.1821442	-1.1031498	0.96336675	1.0514133	-0.999347	1.0288637	-1.0038048	0.91397285	1.1313609	-0.80865526	0.99470204	-1.1582382
-0.66573346	-0.94325316	-0.8607281	0.92550117	-0.86600137	-1.0172086	0.92210656	0.71872807	0.80849546	0.93610114	-0.9959659	-1.0333581	-0.9577627	0.8922894	-0.9659661	-1.0654758	1.0353886	0.80361485	-0.9940847	-0.9365665	-0.98643064	-0.8413084	1.0261436	0.9723264	1.0486069	0.79849946	-0.8226711	-0.8783841	0.9883711	1.0125651	-0.8097629	1.0383137	-0.94065386	-0.8301913	0.8429938	-1.0214374	-0.8488077	0.82007134	-0.86811745	0.8047284	1.0670273	-0.98149365	-0.9648317	-0.8532508	-1.0044162	0.9944621	-0.90129393	-0.95629984	0.9952641	1.0109788	-0.5972262	-0.95735794	-0.79343474	-0.9473535	-1.0204853	-1.0245143	1.0030926	-1.0464805	-1.0141326	-0.7342334	-0.89734966	0.9482616	0.78009534	-1.055865	1.0064708	0.9248135	-0.6661821	0.73998296	0.9817806	-1.0053918	0.83170736	0.9574138	-1.0146521	-0.9382192	0.9569443	0.90825635	1.0305684	-0.9583719	-0.9258448	0.86096174	0.67957956	-0.71165454	0.8958383	0.8111768	0.62857366	0.72429836	0.8765656	0.7668895	-0.97747827	-0.9942364	0.9003292	0.9421488	-0.8432237	0.98941046	-0.9208895	0.7692563	0.9641635	-0.8102417	0.8723738	-1.0809855
-1.0572406	-1.026702	-1.0363464	1.0173256	-0.9394185	-0.7145381	0.9054694	0.9165242	1.1588892	0.9968598	-0.8736724	-1.0107021	-1.0465547	0.9536218	-0.9630719	-1.0196801	0.9803243	0.99363947	-0.8915991	-0.96196353	-1.0836035	-1.0735991	0.9490355	1.0232261	0.96719056	1.0799918	-1.0984086	-0.9931438	1.0120983	1.0161029	-1.0582453	1.0101415	-0.9913182	-0.86944765	1.1058513	-0.9936861	-0.8485583	1.0529495	-1.0040003	0.9444294	0.9328251	-0.9403702	-0.92062366	-1.0310767	-0.97606397	0.8360183	-0.7696239	-1.0518523	0.91492796	0.90294856	-0.92152065	-1.0687835	-1.0144835	-1.0702404	-1.0160377	-1.0724262	0.9849714	-0.8994163	-0.8226825	-1.0586487	-0.97215647	0.9358642	0.9296452	-0.9576029	1.0295365	1.144545	-1.003768	1.0443205	0.94336444	-1.06649	1.075337	1.0318004	-1.0589387	-0.90361774	0.9920726	0.9705868	0.90254146	-1.0848415	-0.80583125	0.77384806	1.039748	-0.9015888	1.0543343	0.99690205	0.9199958	1.1569595	1.1037681	1.1278677	-0.8754411	-0.9024492	1.0444123	0.9147239	-1.1021636	0.8825164	-1.0113386	1.1015666	0.9556169	-0.7540741	0.95821506	-0.96895653
-0.9890746	-1.162745	-0.9485666	1.1370025	-1.0287781	-1.023196	0.93249923	0.90585643	1.1624184	0.98604274	-0.9663867	-1.1414759	-1.192341	0.91666037	-1.0646412	-1.1518056	1.1298965	0.9511835	-0.9981672	-1.011789	-1.1485912	-1.016492	1.0881708	1.0341077	1.0484176	1.1004181	-1.1648558	-0.97007495	1.1524851	1.1176038	-1.0898507	1.1212745	-1.134135	-0.7857177	1.0440063	-1.0600865	-0.81986886	1.1124692	-0.9670791	0.91858387	1.146241	-0.9588835	-0.98114043	-0.99788284	-0.94470954	1.0224679	-0.79032505	-1.0264392	1.0936453	0.9365283	-0.936893	-1.0904164	-0.92213726	-1.1011182	-1.0539492	-1.1132696	0.9571736	-1.0851378	-0.9981196	-1.041737	-1.1373234	0.93633926	0.96126986	-1.0549474	0.96546155	1.08264	-1.0198437	1.0216639	1.1091111	-1.0556144	1.0264401	1.1000364	-0.9996943	-1.0573511	0.99528575	0.9021881	0.85120755	-1.0876819	-0.8197637	0.77880555	0.9677325	-0.8621856	1.1020794	1.1454419	0.9566791	1.0992	0.9933993	1.0583186	-0.9339633	-0.88569576	0.9765013	1.0191678	-1.0684588	1.0942327	-1.0517727	1.0580585	1.0588589	-0.8030842	1.0363971	-1.0625418
-0.72218186	-1.0373966	-0.8712579	1.020586	-0.9454191	-1.064857	0.8882733	0.7297886	0.90028286	0.94076866	-1.0428126	-1.0832143	-1.1008497	0.798127	-1.0100913	-1.0883244	1.0365534	0.77317524	-0.9585393	-0.9427132	-1.0458522	-0.9530419	1.0359265	0.9764084	0.9560736	0.85419995	-0.88108844	-0.7640999	1.0806942	1.0279047	-0.95214754	1.0133586	-1.0657661	-0.7136012	0.88922745	-1.0164995	-0.75088936	0.9198267	-0.8127691	0.824819	1.1287677	-1.0002828	-1.0439827	-0.8429066	-0.9630589	1.0339395	-0.876186	-0.8583499	1.0546243	1.0181687	-0.7350284	-1.0244718	-0.8045602	-0.9615618	-1.0412946	-1.0380317	0.99403864	-1.064152	-0.9860256	-0.80453557	-0.9703594	0.83707625	0.74112666	-1.0576912	0.9156775	1.0344884	-0.78898335	0.79006994	1.0395856	-1.0087364	0.80754995	1.0017635	-0.9554854	-1.0035032	0.8853577	0.9100469	0.9478393	-0.99952275	-0.8357655	0.768428	0.7795635	-0.70332515	0.95528394	0.9600281	0.7129082	0.8438852	0.8991289	0.8047529	-0.90831566	-0.91480875	0.9168982	0.9147566	-0.8672033	1.1357099	-0.86793786	0.86472905	1.0866767	-0.7226728	0.84601974	-1.0942005
-0.7790138	-1.0442744	-1.0010358	0.9559466	-0.9592895	-1.0272768	1.0521708	0.8349413	0.9252276	1.0740645	-1.104773	-1.0794306	-0.97476524	0.9189966	-1.0882366	-1.0834664	1.0605212	0.965504	-1.0257101	-1.0280634	-1.1016384	-0.9484453	0.9853031	1.0460929	1.1037791	0.882728	-0.9959133	-0.90884215	1.086766	1.0258603	-0.88352525	1.0721871	-0.90061784	-0.8621458	0.98576355	-1.1133139	-0.8345627	0.85886323	-0.88940716	0.9773476	1.0842057	-1.1492804	-1.1111495	-0.97454697	-1.0402476	1.0628649	-1.0393318	-1.0005207	0.947085	1.0419757	-0.80443627	-1.1281879	-0.92294264	-0.9858167	-1.0853304	-0.965631	1.0147614	-1.1333001	-1.0641581	-0.90067536	-0.93980163	0.9918033	0.86397475	-1.1297235	1.125844	1.0321921	-0.80364484	0.9154336	1.0897241	-1.1130366	0.95049363	0.9984742	-1.1062211	-0.9868821	1.0577255	1.0088346	1.0651034	-1.0237949	-1.096602	0.86398816	0.86318177	-0.87176704	1.0016822	0.86682063	0.81825703	0.86588323	1.036124	0.85956055	-1.0727361	-1.0853058	0.99668545	1.008653	-0.9958863	0.88795847	-1.0284412	0.8889824	1.0785923	-0.81407374	0.9752839	-1.0568252
-1.063315	-0.99818516	-1.0536001	1.028296	-0.9415992	-0.57565033	0.96312356	1.0708516	1.0607349	0.9727153	-0.84771603	-0.9855643	-0.8644033	1.001016	-0.91013354	-0.9225244	0.8701037	1.0091295	-0.9002609	-0.9464466	-0.9617606	-1.0521734	0.91956854	1.0526628	0.90031004	1.0376285	-1.055023	-0.95721954	0.84551024	0.98858976	-1.0690101	0.9087899	-0.94997543	-0.91894895	1.0485163	-0.8219678	-0.96592647	1.0279105	-0.96828365	0.989603	0.7970187	-0.92706424	-0.85460204	-1.0620826	-0.94272774	0.7271199	-0.8159166	-1.0324125	0.77434856	0.79757404	-1.0339781	-0.98200023	-1.0140779	-1.0678612	-0.8922102	-0.96629304	0.9938789	-0.73388326	-0.75189275	-1.0408516	-1.0229	0.99191463	1.0665417	-0.90032065	0.9707718	1.0799371	-1.09484	1.032002	0.9013411	-0.9358223	1.0128325	1.006668	-0.9803969	-0.8926393	0.9999197	0.90455353	0.96468264	-1.037987	-0.77783066	0.88971645	1.073045	-0.9793012	1.0575035	1.0340005	0.98215693	1.1290296	1.0521287	1.0821074	-0.8037129	-0.87158996	0.9961041	0.9597604	-1.1040012	0.8447466	-1.0408382	1.0276481	0.9658734	-0.8106067	0.98953474	-0.90077806
-0.8094482	-0.98350257	-0.9434166	0.9432261	-0.8966329	-0.95499736	0.84750485	0.80459213	0.9518148	0.9854241	-0.9954931	-0.98351634	-1.0268012	0.87342614	-1.0005527	-1.082502	1.0479201	0.8774278	-0.95274514	-0.9224118	-1.087908	-0.9634191	1.0362046	0.9997109	0.97362506	0.92706066	-0.973336	-0.87154454	1.101159	1.027612	-0.96534944	1.0378791	-1.024875	-0.73742795	0.9528184	-0.9824228	-0.76872563	0.9327142	-0.8881078	0.799674	1.0439311	-0.97654116	-0.95142525	-0.9542162	-0.9073301	1.0357996	-0.8728899	-0.8971601	1.0770406	0.9541963	-0.7350083	-1.0123736	-0.8277205	-0.9845442	-1.0102671	-1.0066539	0.9983113	-1.0121154	-1.0058268	-0.8965149	-0.9732408	0.85701644	0.758356	-1.0717899	0.98921084	1.0414954	-0.80133635	0.83693355	1.0606797	-1.0254347	0.9142821	0.93780947	-0.98012817	-0.90451723	0.95108384	0.8881417	0.98173624	-0.99871045	-0.8834328	0.70737785	0.9000258	-0.72323084	0.91131246	0.8708465	0.70877385	0.88862455	0.993395	0.93386674	-0.9244485	-0.918112	0.9636637	0.864038	-1.0187876	1.0538497	-0.9551525	0.9718282	1.0542495	-0.64274424	0.89556605	-1.0925753
-1.0587276	-1.0567107	-1.0425804	1.0496917	-1.0522101	-0.78256536	0.9108023	1.0000517	1.1581014	1.0464551	-1.0203938	-1.0720286	-1.0178456	1.0030541	-0.9908845	-1.0368929	1.0012958	1.0519544	-1.0285265	-1.0169814	-1.0676289	-1.0517503	1.025844	1.0086675	0.97710603	1.0981741	-1.095678	-0.9825145	0.95762	1.0657562	-1.1154385	1.054231	-1.0550528	-0.955524	1.0565494	-1.0322756	-0.9569077	1.1489338	-1.0117592	0.9783951	0.9871969	-0.9695424	-0.97749496	-1.0177627	-0.9474182	0.9127541	-0.8226339	-1.0782032	0.95005256	0.9640052	-0.9786993	-1.1020343	-0.9459211	-1.0773504	-1.0045482	-1.0097659	0.98656344	-0.90556353	-0.88128144	-1.0833141	-1.0719492	1.003586	1.0017414	-0.9616749	1.0122136	1.0806289	-1.0546887	1.0796889	1.029497	-1.0625281	1.0598744	1.0820128	-1.0644447	-0.92701334	0.9606343	0.961812	0.891313	-1.0249965	-0.8415225	0.7823885	0.9998885	-1.0313183	1.0573517	1.1133085	0.9661904	1.1291515	1.0235544	1.1033351	-0.884462	-0.9450969	1.0638319	0.9954792	-1.1015606	0.8898136	-0.99088776	1.0499986	0.9873187	-0.91695	1.0004886	-0.92988205
-0.87999517	-1.0313338	-0.8941731	1.004402	-0.90307295	-0.90098053	0.87919456	0.8859118	0.98900837	1.0043747	-0.94836575	-0.9894086	-0.958916	0.86672825	-1.0277404	-0.9727281	0.99111444	0.89135194	-0.995625	-0.96548384	-0.9775763	-0.9977108	0.96393144	0.954052	0.9917215	0.887858	-0.9635397	-0.864809	0.9840886	1.009704	-0.939132	1.002014	-1.0256648	-0.7948614	0.90892154	-0.99612296	-0.86379343	0.97257507	-0.86749107	0.8681082	0.96899647	-1.0143716	-0.96312916	-0.96074146	-0.92459685	0.9771048	-0.8371954	-0.89287764	0.99315786	0.9144612	-0.7877736	-1.0092978	-0.84983695	-0.92748445	-0.9758523	-1.0194219	0.9163047	-0.9862975	-0.96784073	-0.92914146	-0.9472751	0.8611804	0.89485425	-0.9697752	0.98278165	1.0407828	-0.8370006	0.90072227	0.9718478	-0.95537376	0.91165525	0.9917804	-1.0070622	-0.9112858	0.9017837	0.88307863	0.898851	-0.9763774	-0.9449515	0.8315383	0.9210047	-0.80808806	0.99257517	0.9166917	0.88140005	0.91817105	0.96311885	0.887168	-0.93036026	-0.89588875	0.9311905	0.91772765	-0.99974805	0.9112058	-0.9457713	0.9425071	1.0340515	-0.8056704	0.97057354	-0.96922433
-0.9551735	-0.9362865	-0.9043309	0.88140935	-0.9095953	-0.70465195	0.97589904	0.91626763	0.9540725	0.99583673	-0.90506345	-0.92313915	-0.7429178	0.93550354	-0.8153691	-0.93661433	0.8576486	0.963601	-0.8900032	-0.94705516	-0.9504966	-1.0042454	0.9117662	0.9604347	0.90772444	0.9076419	-0.9713302	-0.99129426	0.83680946	0.93593657	-0.9104737	0.90423834	-0.8765561	-0.8544075	1.0164804	-0.92247266	-0.81511533	0.9651635	-0.9685755	0.88726515	0.8145432	-0.9710579	-0.89698607	-1.0546672	-0.99899226	0.8118648	-0.9120368	-0.9853556	0.7949201	0.85220647	-0.852033	-0.987225	-0.8721625	-1.0027695	-0.91657555	-0.8909488	0.996316	-0.8136621	-0.9104849	-0.9451719	-0.92476493	0.8650967	0.92346036	-0.9740072	1.0649511	0.99218106	-0.92758805	0.9388473	0.90406847	-1.044956	0.8867843	0.97407836	-0.99502754	-0.94447947	0.9332362	0.97677886	0.9938873	-1.0028869	-0.8858066	0.859625	0.9733572	-0.88667244	1.0003539	0.8605798	0.8106952	0.94502276	1.0179579	0.94272417	-0.96896493	-0.9028464	1.0207345	0.937699	-0.9523423	0.6922004	-0.9308293	0.9001294	0.9159564	-0.84861946	0.91557056	-0.9559966
-0.5529278	-0.23315008	-0.49911883	0.26345178	-0.39257485	0.23986395	0.40284404	0.63465285	0.3829272	0.4283336	-0.22979115	-0.2993378	0.031040348	0.45962176	-0.110379435	-0.2468945	0.18876456	0.42232352	-0.32485938	-0.3720955	-0.2983975	-0.44498995	0.17300539	0.3666773	0.27855778	0.39849693	-0.37413272	-0.5041437	0.012336362	0.36634174	-0.431662	0.15675575	-0.15293698	-0.54118127	0.49847654	-0.16272856	-0.48151985	0.4838415	-0.4527912	0.48820162	-0.0027466763	-0.2543308	-0.24414787	-0.37875295	-0.34232458	0.14023533	-0.44277412	-0.50962263	0.056190025	0.15715688	-0.6044579	-0.3747972	-0.4782197	-0.42726615	-0.2569339	-0.28910533	0.34822693	-0.014714234	-0.08245447	-0.49086797	-0.282151	0.397573	0.4523672	-0.2894271	0.37100497	0.3631138	-0.4611472	0.44918665	0.24800472	-0.37869936	0.49956897	0.28883108	-0.4224975	-0.23287451	0.468814	0.4911634	0.40418357	-0.3067244	-0.32873112	0.58011305	0.48959753	-0.5827357	0.41718543	0.3639305	0.5182942	0.4322188	0.39309543	0.5349253	-0.29194635	-0.38978887	0.4993159	0.3784502	-0.36557278	-0.19997406	-0.38936117	0.44064885	0.23455444	-0.5556038	0.4363251	-0.1998002
-0.49545243	-0.15999874	-0.36773124	0.20990631	-0.38818628	0.43490645	0.33941358	0.49194974	0.2622016	0.39139733	-0.2993851	-0.20151728	0.18474764	0.4668461	-0.006240372	-0.10898085	0.08020418	0.42624915	-0.24026829	-0.2878966	-0.17263049	-0.4143783	0.19022663	0.29170236	0.28805682	0.34833327	-0.2328504	-0.46712762	-0.07267209	0.34605038	-0.26995134	0.15223551	-0.036177766	-0.5313454	0.39432722	-0.050464313	-0.5276275	0.40961826	-0.44441676	0.5011358	-0.11139798	-0.19139469	-0.13406657	-0.31862035	-0.3618874	-0.03292045	-0.3558025	-0.36741707	-0.16286051	0.13019218	-0.46720833	-0.28922093	-0.39183396	-0.30971617	-0.15338127	-0.22255115	0.23033245	0.08241609	0.006739817	-0.35125262	-0.20310147	0.25987294	0.49601775	-0.19082725	0.36045432	0.23826174	-0.36840823	0.4861898	0.11448961	-0.20381638	0.3535625	0.30992606	-0.25043407	-0.18872945	0.35301816	0.3996764	0.34104958	-0.20347774	-0.2724892	0.6028269	0.34503874	-0.4695675	0.391482	0.3852587	0.5716726	0.34990683	0.36869738	0.40650496	-0.21590978	-0.3685163	0.30852252	0.42843014	-0.34607098	-0.26996526	-0.3501057	0.39757589	0.08568568	-0.5748209	0.41455844	-0.04429978
-0.7812762	-0.86416984	-0.84962595	0.92021143	-0.7695115	-0.70926964	0.85761255	0.8248445	0.957678	0.93294376	-0.80757564	-0.96474755	-0.826605	0.8419131	-0.8451659	-0.94976074	0.8372262	0.88545465	-0.86027104	-0.89749384	-0.9742666	-0.9308975	0.84585506	0.90121776	0.91651905	0.8861074	-0.9215082	-0.84315854	0.92740554	0.89556307	-0.83546245	0.9430377	-0.8820483	-0.7867371	0.9566596	-0.8256128	-0.79495174	0.85891896	-0.8374996	0.7941631	0.8407677	-0.94409895	-0.8740721	-0.9546056	-0.8891931	0.8575357	-0.80654395	-0.91376996	0.8747499	0.79274946	-0.79401886	-0.96593755	-0.8746395	-0.8825795	-0.8660342	-0.95553166	0.89335096	-0.8607668	-0.87366325	-0.89185315	-0.933539	0.77437633	0.7805999	-0.96430737	0.98090255	0.951087	-0.85178226	0.8215788	0.9000691	-0.918127	0.8084785	0.8936335	-0.91793865	-0.8829347	0.87088585	0.8642654	0.9135358	-0.9368712	-0.8992962	0.79892385	0.88481027	-0.8392999	0.94019145	0.7598569	0.7533702	0.89216506	0.89471686	0.8428681	-0.890773	-0.91657764	0.91610664	0.87739843	-0.90529674	0.74813896	-0.96459216	0.8768772	0.9524177	-0.6959756	0.82732946	-0.9541852
-0.6614823	-0.9540245	-0.84602183	0.8892059	-0.77945006	-0.9957119	0.880075	0.72278774	0.9257009	0.95867175	-0.8794009	-0.92318684	-1.0373443	0.85799617	-0.91119653	-1.0658207	0.9006327	0.74193525	-0.8866717	-0.818909	-1.0632346	-0.9150472	0.86084735	0.89308864	0.8867802	0.75259215	-0.8541073	-0.8545874	1.1099361	0.93047523	-0.7948208	0.98248786	-0.9149156	-0.6202278	0.87690294	-0.99901897	-0.69317013	0.81940204	-0.7942632	0.7250143	1.0804856	-0.97189313	-0.9662552	-0.8730693	-0.9375153	0.94719386	-0.83685946	-0.86574215	0.94294375	0.90022624	-0.53777623	-1.0255954	-0.7526736	-0.88334364	-0.95649815	-0.9859803	0.9895528	-1.106246	-0.91777915	-0.8216987	-0.8619342	0.7587519	0.6893568	-1.0704138	1.0760161	0.92099404	-0.71386796	0.7175991	0.9887046	-1.0259906	0.77077425	0.93678963	-1.0003817	-0.81190294	0.88668954	0.8967587	0.91976076	-0.97952795	-0.9069769	0.599767	0.7723958	-0.66634864	0.85727465	0.7386763	0.4994437	0.86345965	0.9034755	0.87535256	-0.9003432	-0.8881568	0.92539304	0.8556502	-0.94983345	1.0151582	-0.8925502	0.82776153	1.0141001	-0.5544314	0.862718	-1.0698154
-0.9004403	-0.94579995	-0.92033297	0.89261746	-0.84191316	-0.7350625	0.8483337	0.8843269	1.0213306	0.909298	-0.81852186	-0.9315928	-0.8942351	0.88593775	-0.8912459	-0.945417	0.93588734	0.8645652	-0.9170772	-0.92292607	-0.9708293	-0.9592174	0.886937	0.8827407	0.9336662	0.9188789	-0.9704162	-0.8884368	0.8772878	0.8776033	-0.9008571	0.9417938	-0.910473	-0.85559446	0.97279567	-0.8500771	-0.77554303	0.90878767	-0.8555123	0.86313283	0.8426015	-0.83527476	-0.88689494	-0.9011689	-0.90504605	0.86328393	-0.803236	-0.93777394	0.84265137	0.8326453	-0.8687082	-0.9218972	-0.87810034	-0.8862664	-0.9292202	-0.95331055	0.9005843	-0.8837807	-0.8106029	-0.97610444	-0.9468804	0.90050465	0.8419573	-0.9197241	0.9257053	0.9597075	-0.8951037	0.9275039	0.8659419	-0.8684118	0.907674	0.9175906	-0.90648794	-0.83477074	0.8977941	0.910412	0.8451031	-0.91750777	-0.786616	0.8167333	0.94491416	-0.8959937	0.92851055	0.9130151	0.92214036	0.9414967	0.8895746	0.9550896	-0.852074	-0.8651391	0.9220612	0.84747964	-0.9057123	0.8078749	-0.9380267	0.9617915	0.8636397	-0.7999189	0.9004303	-0.8785544
-0.7227011	-0.9572575	-0.79502785	0.8855816	-0.8819937	-1.1009535	0.89926356	0.69804853	0.7600685	0.9993702	-1.0847348	-1.0288709	-0.94496816	0.8536233	-1.0215498	-1.0612804	1.105181	0.8274754	-1.0515305	-0.937795	-1.0234035	-0.8381047	0.9657779	1.0175545	1.0674336	0.78334874	-0.8105988	-0.81073916	1.0007743	0.97816205	-0.81486785	1.0244503	-0.8958807	-0.7485943	0.8482747	-1.0747925	-0.777514	0.771979	-0.81948876	0.86334246	1.0987923	-1.0559682	-1.0293406	-0.8737568	-0.90757155	1.109731	-0.96728456	-0.87034947	1.0660505	1.0156823	-0.6690001	-0.9431687	-0.78337127	-0.8871377	-1.0679055	-0.9198942	0.94674546	-1.0628519	-1.0994258	-0.7579721	-0.9202903	0.9103053	0.7928564	-1.0991076	0.9865449	0.9550469	-0.7131199	0.7551945	0.9910427	-1.0215797	0.8023312	0.97936934	-0.9424628	-1.0011666	0.9650378	0.8651643	1.0711879	-0.97329885	-1.0072403	0.8623444	0.7728777	-0.7587525	0.87305284	0.86898005	0.6850481	0.6894561	0.9385788	0.71828675	-1.0830318	-1.0475371	0.983608	0.9953664	-0.87549424	1.0100629	-0.9388486	0.84326535	0.9828822	-0.8277857	0.89087206	-1.0631658
-0.8941925	-1.102509	-0.88608044	1.0253557	-0.98440546	-0.9912933	0.826207	0.81749177	1.0827278	0.98742646	-0.9892788	-1.0594168	-1.1015981	0.80799615	-1.0204833	-1.1159228	1.0676668	0.8844666	-0.93123585	-1.0311477	-1.0643173	-1.0012394	1.0708386	0.946558	1.0112863	0.98802227	-1.0654408	-0.881397	1.086354	1.0417336	-1.0023214	1.0611463	-1.1375871	-0.74398625	1.0022334	-1.066528	-0.77928936	0.96445787	-0.89663935	0.8191132	1.0963383	-0.9496518	-0.96373963	-0.86499953	-0.90204304	1.0639846	-0.70601475	-0.8712704	1.1030003	0.92675555	-0.79819465	-0.9675406	-0.85773563	-0.96186715	-1.0561585	-1.0786406	0.9393053	-1.0601628	-1.0034381	-0.98697406	-1.0852915	0.9250422	0.82114303	-0.9876425	0.83987904	1.0728368	-0.9077023	0.9627223	1.1128619	-0.9322492	0.9554013	1.0713086	-0.95099586	-1.0111372	0.9449488	0.830468	0.8564039	-0.9987146	-0.76195484	0.72005737	0.9296645	-0.740112	1.0391585	1.0127566	0.8422882	0.97625196	0.99370515	0.9575894	-0.9087803	-0.899231	0.8847651	0.9314666	-0.97798425	1.1146507	-0.85815156	1.0269917	1.0275941	-0.64992	0.9811991	-1.075059
-0.96298826	-1.0070802	-0.9369836	0.97117096	-0.89632374	-0.87763566	0.8616311	0.88596797	1.0323642	0.86195105	-0.8720794	-1.003548	-0.93004626	0.8561237	-0.8934127	-0.9149866	0.93296283	0.96263796	-0.89889514	-0.91061693	-0.927732	-0.9801686	0.90363437	0.9585423	0.9429728	1.004434	-1.0062965	-0.8769368	0.8812629	0.9500415	-0.9345513	0.9723693	-0.95367956	-0.80428255	0.9253675	-0.9546597	-0.7469952	0.9273971	-0.8881249	0.9015281	0.8746515	-0.94868594	-0.91090894	-0.904295	-0.91495425	0.9363019	-0.75297487	-0.8835594	0.96426636	0.91261005	-0.87218094	-0.9736163	-0.93444437	-0.8958016	-0.9489942	-0.94135654	0.9612855	-0.8720441	-0.89186424	-1.0050111	-0.9751109	0.86964065	0.8411339	-0.8632528	0.94488484	0.99028844	-0.91395867	0.88443846	0.97998816	-0.9890362	0.9014114	1.0044553	-0.9337699	-0.9483912	0.92160076	0.8653193	0.81221604	-0.9515647	-0.8272428	0.6727385	0.94537985	-0.82899743	0.9961421	0.9402784	0.85250294	0.973259	0.9631888	0.9616391	-0.7921616	-0.87331903	0.9535007	0.8919568	-1.0196059	0.938962	-0.87536365	0.9999801	0.9797722	-0.74956036	0.9064151	-0.9489935
-0.841078	-0.9121522	-0.78026974	0.85402215	-0.89602274	-0.9253217	0.7733982	0.71079177	0.9235228	0.8650583	-0.8751836	-0.9537482	-1.0192786	0.79696673	-0.92490166	-0.9828523	0.8701268	0.85092956	-0.85458535	-0.9186877	-0.8719388	-0.82985896	0.83514506	0.8678339	0.8050508	0.872765	-0.9120775	-0.74345756	0.95678943	0.8455883	-0.9264684	0.89329183	-0.98118997	-0.65454364	0.85705954	-0.9109183	-0.6616881	0.84134364	-0.7877022	0.82229394	0.9530386	-0.8451637	-0.84218633	-0.8711449	-0.8092873	0.88905835	-0.6789925	-0.7799776	0.97585845	0.9367266	-0.6916238	-0.91978514	-0.77985567	-0.8743296	-0.8676264	-0.89935637	0.84791857	-0.8917151	-0.8994105	-0.879985	-0.9083791	0.8163473	0.7401811	-0.8811921	0.825627	0.9139555	-0.7656384	0.7365112	0.9698202	-0.869045	0.87418205	0.8850172	-0.78469163	-0.81136626	0.8601817	0.77408636	0.795192	-0.9118264	-0.721919	0.6443703	0.8729244	-0.68088937	0.83574593	0.8242732	0.7140316	0.87187815	0.8273606	0.8289921	-0.8116065	-0.79479647	0.87459743	0.79784465	-0.9062435	0.94504213	-0.83174044	0.83763534	0.90155286	-0.68638575	0.86467534	-0.9588348
-0.795735	-1.0672009	-0.9140217	1.0741161	-0.9681553	-1.1388321	0.88673455	0.7715629	1.0465451	1.0489553	-1.0683119	-1.0668857	-1.2240849	0.83337855	-1.1896814	-1.1210424	1.1992062	0.79346603	-1.0333503	-1.0593659	-1.1371847	-0.99893063	1.0759795	1.0430491	1.0697949	0.9595938	-0.99655324	-0.90817815	1.2338206	1.1308482	-0.9998594	1.1346422	-1.1509218	-0.7055916	0.9454862	-1.1047261	-0.75888914	0.9987365	-0.8377807	0.8225388	1.175024	-1.1006126	-1.085916	-0.87967336	-1.015056	1.1971381	-0.84094936	-0.9691444	1.1603166	1.0611662	-0.7264278	-1.0373185	-0.85047925	-0.9575131	-1.1174432	-1.1807116	1.0059302	-1.1814564	-1.1526349	-0.94915205	-1.0417457	0.87486035	0.8176342	-1.1728833	0.95463955	1.0919288	-0.8484881	0.79499316	1.1231579	-1.0646789	0.945892	1.0526183	-1.0033557	-1.0569407	0.9509534	0.8697791	0.96782595	-1.0574625	-1.0033212	0.7551033	0.844201	-0.63876635	1.0023366	0.9753196	0.7701831	0.900179	1.0374359	0.842804	-0.98399967	-1.055811	0.9623233	0.9591884	-0.92642146	1.2138282	-0.95841473	0.9419328	1.09456	-0.69409114	0.9825562	-1.1330496
-0.83185905	-0.89724076	-0.9022159	0.88367355	-0.87589604	-0.7944362	0.84002364	0.8499493	0.9056759	0.9161977	-0.8929041	-0.94410807	-0.8457615	0.879637	-0.87674546	-0.8992129	0.89204985	0.836515	-0.88883585	-0.84412366	-0.90412587	-0.9261775	0.91063917	0.8820967	0.92183834	0.89980066	-0.8783703	-0.9078717	0.87736213	0.9236593	-0.86681336	0.9345179	-0.842166	-0.79072016	0.88924366	-0.8705578	-0.7886574	0.9072731	-0.88331294	0.7986154	0.89831287	-0.8843689	-0.8776185	-0.9243957	-0.8938326	0.8149489	-0.83210504	-0.92191064	0.81989056	0.9016052	-0.8381201	-0.8803945	-0.88323224	-0.8795793	-0.89969015	-0.8974392	0.91213965	-0.88435864	-0.88648564	-0.8511954	-0.9214859	0.8529059	0.8831732	-0.9211896	0.86640936	0.94428474	-0.8697874	0.8055664	0.92217267	-0.9326435	0.832396	0.95096606	-0.9176759	-0.9355212	0.908033	0.90164304	0.84083176	-0.96276706	-0.82140434	0.73077404	0.8550314	-0.82512563	0.9189972	0.83555	0.8558897	0.8456613	0.9563123	0.8872429	-0.8672884	-0.8444201	0.89714414	0.8897365	-0.8690271	0.78500384	-0.8418483	0.87905127	0.9113908	-0.76135445	0.9047212	-0.85350275
-1.0412506	-0.967732	-0.9787471	1.019754	-0.95215577	-0.6305546	0.8835884	0.94188666	1.0489601	0.97095907	-0.8995284	-0.95965505	-0.91767097	0.9738312	-0.91221553	-0.86589044	0.897981	0.9834129	-0.9502552	-0.9583785	-0.9841255	-1.0726593	0.98043317	0.9855293	0.88225764	1.0690438	-1.093622	-0.97382617	0.85914946	1.0171309	-1.0127906	0.9444435	-0.9179115	-0.9033393	1.0392213	-0.88229394	-0.96029997	1.0313225	-0.94872624	0.94813704	0.8557102	-0.8353096	-0.8011141	-1.0332675	-0.91217977	0.8551404	-0.80096453	-1.032924	0.7669319	0.8237909	-1.036412	-0.94454926	-1.024528	-0.9931749	-0.9215518	-0.9463407	0.9427232	-0.78598946	-0.76821786	-1.0106997	-1.0327641	0.9331995	0.96698487	-0.9014508	0.93057907	1.0157733	-1.0697973	1.017585	0.8683383	-0.92093843	1.0229483	1.0107118	-0.9503528	-0.9151739	0.97298187	0.8973701	0.8329032	-0.9546727	-0.7502483	0.89215964	1.0854521	-0.9886456	1.0447605	1.0545093	1.0446398	1.1178229	1.0015712	1.0239625	-0.79635143	-0.8303708	0.99178714	0.9165289	-1.0748358	0.7770281	-0.94758797	1.0865983	0.91603106	-0.9107867	0.93476886	-0.87072563
-0.8621924	-0.98546237	-0.864107	0.9815954	-0.8667018	-0.6760017	0.8560699	0.82722455	0.9978502	0.96369755	-0.8892932	-0.9405048	-0.79601794	0.89198756	-0.8649747	-0.89072084	0.8890335	0.87691754	-0.86649483	-0.8865121	-0.9837986	-0.93196934	0.8362682	0.95287484	0.89754534	0.89389634	-0.97605246	-0.86767995	0.8602082	0.9607497	-0.90824383	0.9721209	-0.84088635	-0.7528763	1.0106878	-0.8702218	-0.76198155	0.96082956	-0.8908717	0.8638924	0.92438346	-0.90915513	-0.9207749	-0.96413106	-0.840688	0.8579687	-0.7574823	-0.8531058	0.83346444	0.8483296	-0.84573495	-0.98121524	-0.81616294	-0.87065625	-0.8828147	-0.92705363	0.9013158	-0.89327437	-0.8676977	-0.96273327	-0.9678345	0.87993103	0.7698585	-0.94721085	0.9472833	0.9740033	-0.913616	0.8451737	0.9552455	-0.9836455	0.9096567	0.89474607	-0.9780167	-0.8738739	0.9280889	0.8817766	0.86204475	-0.9873	-0.83047056	0.7061434	0.8964972	-0.8356512	0.92895246	0.90811044	0.8067622	0.9976687	0.9178885	0.9338405	-0.84168184	-0.8252788	0.931589	0.9172328	-0.97773683	0.7262261	-0.8902592	0.9500548	0.92781967	-0.7105543	0.9024806	-0.9301315
-0.93167704	-0.9792497	-0.95705926	1.0244697	-0.9269568	-0.93201524	0.8492193	0.8780258	1.0679479	0.9258329	-0.90675163	-0.997584	-1.0510242	0.87123954	-1.0381738	-1.0205785	1.0076889	0.9707596	-0.97592413	-0.9856767	-1.045199	-0.96105087	0.97742933	0.94666266	0.9703038	0.96413594	-0.9910458	-0.8770071	0.9693771	0.9650016	-1.0275217	1.026118	-0.99291015	-0.745658	0.94060534	-0.97271836	-0.7733899	0.99336964	-0.9094767	0.92694616	1.0222207	-0.9330083	-0.9058786	-0.8992197	-0.9267226	0.94983244	-0.81146455	-0.9645824	0.9901109	0.9273645	-0.8773785	-0.9620956	-0.9177416	-0.98833644	-0.9873022	-0.9811804	0.9598837	-0.97840077	-0.9717984	-0.9262101	-0.9578527	0.9487805	0.8642993	-0.95487446	0.847611	0.988729	-0.91367215	0.9385587	1.0348107	-0.9017595	0.9005895	0.9858086	-0.9080275	-0.909509	0.94817656	0.8633482	0.89002126	-0.93207985	-0.7522413	0.6421767	0.87824607	-0.8156302	0.99575496	1.0202837	0.8164632	1.0269032	0.9596688	0.95045257	-0.85667473	-0.8733909	0.88632745	0.86483073	-0.9603915	1.0265429	-0.8962572	1.0004609	0.9619778	-0.71642166	0.89006525	-0.99470764
-0.9534917	-0.8119145	-0.939386	0.93374354	-0.84379345	-0.68403995	0.88327986	0.89279824	0.91743374	0.8963887	-0.80082726	-0.88661236	-0.7614162	0.8771156	-0.85753936	-0.79481226	0.85506564	0.9622233	-0.8615717	-0.911486	-0.8262805	-0.9414744	0.8480508	0.9021936	0.8195958	0.8919979	-0.90164185	-0.8876275	0.731791	0.87585276	-0.94433993	0.8111216	-0.87721115	-0.78543884	0.96346796	-0.7940794	-0.8040176	0.9037986	-0.8706378	0.9314405	0.7706769	-0.76344454	-0.8371849	-0.8470068	-0.82413125	0.8210439	-0.8051145	-0.8712758	0.69638586	0.7649953	-0.9362588	-0.83178383	-0.8797646	-0.9715197	-0.8027263	-0.79425913	0.8813201	-0.6794397	-0.70208764	-0.959956	-0.85118186	0.90503573	0.84309673	-0.75437516	0.8853702	0.8976391	-0.95800674	0.92709744	0.80633587	-0.8335751	0.9560362	0.8520482	-0.860693	-0.7820587	0.86151093	0.8475357	0.7993971	-0.93772924	-0.7235177	0.800336	0.93226385	-0.9603812	0.95685077	0.8783252	0.9062759	0.96404505	0.9523933	0.9408762	-0.84552795	-0.84090537	0.9228166	0.8776825	-0.9040098	0.6893241	-0.8586197	0.9866784	0.8240587	-0.7655973	0.84987706	-0.82744086
-0.75918704	-1.0007334	-0.8957645	0.9277591	-0.89922994	-1.0723292	0.8924126	0.76795876	0.9837916	0.97005683	-1.0040141	-0.9976343	-1.0912098	0.826198	-1.0510826	-1.0318172	1.0317199	0.8845216	-0.98661107	-0.9892238	-1.0655495	-0.89687496	1.0475533	0.9406696	0.97820383	0.9454349	-0.90607345	-0.9163097	1.058725	1.0000612	-0.8960772	1.0785377	-0.99946237	-0.7356286	0.9610282	-1.0663298	-0.8399825	0.9293119	-0.8451168	0.8319879	1.102055	-0.97009325	-1.0097626	-0.9105533	-0.9817288	1.042749	-0.8588407	-0.94531816	1.1022193	1.0124444	-0.7180511	-1.0257155	-0.84113556	-0.9387467	-1.033871	-1.0061376	1.0287957	-1.0524093	-1.0511556	-0.9113852	-0.96684694	0.9359292	0.8206812	-1.0290204	0.9334593	0.9810566	-0.8272565	0.8740171	1.0699967	-0.9205544	0.8777765	0.9543196	-0.8988988	-0.9490563	0.93391025	0.93369585	0.95274746	-1.0203707	-0.88686466	0.73334104	0.83491075	-0.7331319	0.91692126	0.9726603	0.76083446	0.89614284	0.9495408	0.8722678	-0.94595915	-1.0004818	0.9246701	0.9188252	-0.9187484	1.0291911	-0.93881077	0.9053761	1.0317022	-0.7373995	0.91671956	-1.0826626
-0.7355288	-1.0272044	-0.91197115	0.99537784	-0.8960072	-1.1131164	0.894192	0.8051266	0.9348856	0.9892309	-1.0407284	-1.0844178	-1.0692683	0.92403245	-1.1134417	-1.0407698	1.0424075	0.85462195	-1.0310923	-1.0245894	-1.083012	-0.9452682	1.0797639	0.9499304	1.0458359	0.85581064	-0.89220184	-0.84907186	1.1154983	1.0570561	-0.9163706	1.0535629	-1.0606784	-0.7949389	0.93779725	-1.084429	-0.8411299	0.9079538	-0.874657	0.8613645	1.1220182	-1.0694206	-1.0957146	-0.8666476	-1.0157851	1.067342	-0.9173852	-0.9037738	1.0667461	1.0091445	-0.7303315	-1.0036187	-0.8616572	-0.9599932	-1.028726	-1.0326587	1.0102594	-1.0863773	-1.0977116	-0.859752	-0.9591706	0.91748685	0.8092869	-1.0984446	0.955748	1.0498692	-0.77697855	0.820864	1.1030525	-1.0176716	0.91985625	0.9992846	-1.0239908	-1.054403	0.9511236	0.90232337	0.97678685	-1.0060071	-0.94832504	0.8112694	0.7905617	-0.7036446	0.97161895	0.9076218	0.7622265	0.8519785	0.9751287	0.82174015	-1.004857	-1.0280519	0.9633502	0.95191836	-0.96620643	1.1195953	-0.9295501	0.84379613	1.0610646	-0.77163255	0.89954627	-1.1026757
-0.5017593	-0.9224971	-0.78732115	0.9074338	-0.8475718	-1.0223967	0.8958181	0.6993244	0.7351056	0.9981247	-1.0608642	-0.95556474	-1.0223739	0.8502928	-1.0778811	-1.0563123	0.9784404	0.7299501	-1.0016663	-0.9331372	-0.9677513	-0.7786662	1.0186343	0.9589168	1.0150343	0.78022647	-0.8015153	-0.8163547	1.0572324	0.9517915	-0.8091774	1.029807	-0.96085775	-0.79499197	0.77607197	-1.0672804	-0.8428341	0.8247013	-0.81894594	0.80107105	1.1048943	-1.0209664	-0.9802302	-0.8452362	-0.9374663	1.0886302	-0.87808776	-0.86784464	1.0180092	0.98294735	-0.5929405	-0.96338785	-0.7068275	-0.9239841	-0.9920185	-1.016808	0.95513326	-1.0119153	-1.0203781	-0.6595947	-0.949478	0.8873237	0.7360463	-1.0922831	0.96765685	0.9384976	-0.6085008	0.5660944	1.0142121	-0.94897324	0.8063172	0.93105847	-0.9409396	-0.97591794	0.9045235	0.89182675	1.0005951	-0.94574845	-0.9800678	0.8635264	0.6122465	-0.5911456	0.88098043	0.8933427	0.67871803	0.65948385	0.9044511	0.5945485	-1.0506779	-1.0119638	0.92709893	0.9193929	-0.7438942	1.0055516	-0.85416985	0.775156	0.95389175	-0.81754434	0.8088002	-1.0861065
-0.80266285	-0.77450377	-0.7744016	0.8162962	-0.76431686	-0.63764197	0.71431047	0.75832385	0.8590892	0.8606639	-0.75988424	-0.797128	-0.7328069	0.79067713	-0.78916377	-0.84797305	0.78551805	0.7836036	-0.85046524	-0.8171438	-0.8806738	-0.91144913	0.81151235	0.8487232	0.80082506	0.81548244	-0.8453908	-0.8149176	0.78608197	0.88446444	-0.8593273	0.8623688	-0.7837551	-0.67733324	0.8751941	-0.7844253	-0.7660168	0.7865546	-0.77640253	0.7703482	0.7527791	-0.8136942	-0.84371185	-0.87298167	-0.81367785	0.8237367	-0.696757	-0.8278385	0.8019935	0.7893091	-0.7296545	-0.83544755	-0.82508034	-0.8439058	-0.8201656	-0.81914526	0.8049473	-0.8252908	-0.76015216	-0.8415208	-0.7860877	0.7605682	0.74663776	-0.8398396	0.86989504	0.9116168	-0.8654453	0.8805178	0.849492	-0.85856277	0.79404205	0.87169373	-0.8703607	-0.7774756	0.79621273	0.77934474	0.8162148	-0.83367217	-0.7375665	0.64964885	0.8747655	-0.8064205	0.8220106	0.75782305	0.7191313	0.87314576	0.7943076	0.81668085	-0.72987336	-0.8090689	0.86179847	0.80096567	-0.83343333	0.65412265	-0.8548195	0.8101586	0.8012293	-0.6513114	0.8549907	-0.8510097
-0.73494524	-0.91117716	-0.94011843	0.9688634	-0.9469971	-1.0591145	0.95439374	0.8414613	0.88068485	0.96531886	-1.0821218	-1.0157636	-0.92836577	0.90398574	-0.96673423	-1.0300472	1.092071	0.8097546	-1.0693722	-1.0088261	-0.9984621	-0.9071124	1.052174	0.9526842	1.0331129	0.86738324	-0.89846516	-0.87092674	1.0434544	1.0138896	-0.87751836	1.0438054	-0.9510491	-0.79319805	0.9339422	-1.0648414	-0.849068	0.8747709	-0.9064417	0.88314456	1.0324713	-1.0847112	-1.026902	-0.9551553	-0.9913912	1.04499	-0.9337365	-0.9739329	0.99882954	1.0900404	-0.75819266	-1.0165637	-0.8314717	-0.9344289	-1.0342607	-0.9172861	1.0367973	-0.9748163	-1.0415443	-0.86406976	-0.98915106	0.93905693	0.8171717	-1.0629994	1.0496955	0.9581009	-0.726127	0.7930409	1.0191296	-1.0404468	0.86882466	0.9891899	-0.96143353	-1.0614052	0.9384968	0.94734466	1.0679401	-0.9829725	-1.0321732	0.8102361	0.7637084	-0.7001761	0.8557674	0.9361741	0.7826191	0.7195312	0.9682296	0.83055633	-1.0342534	-1.0433272	1.0042708	1.0418894	-0.90268886	0.9805177	-0.962607	0.8856944	0.9629406	-0.8843808	0.8949425	-0.9917677
-0.5936789	-0.9470892	-0.8486932	0.8781742	-0.8986752	-1.1107059	0.9911026	0.67794156	0.78565437	1.0205325	-1.0537176	-1.0336472	-1.0339392	0.8895641	-1.0816233	-1.1176953	1.0583819	0.72360325	-1.0369307	-0.91040355	-1.0143211	-0.8805583	1.012589	1.0024118	1.0960479	0.74432635	-0.81772083	-0.86428595	1.1407764	0.96345174	-0.75903845	1.0252098	-0.98574775	-0.77804136	0.8124124	-1.033773	-0.84149235	0.69069326	-0.87562704	0.838116	1.1538105	-1.065883	-1.073396	-0.85353696	-1.0277451	1.0738177	-0.9720376	-0.9189217	1.0402386	1.0249825	-0.55160904	-0.99942553	-0.7613434	-0.92746264	-1.0717114	-1.0226226	1.0457529	-1.1102064	-1.0522457	-0.71305025	-0.877357	0.8949611	0.67313236	-1.1295843	1.0134492	0.9948289	-0.559682	0.65256673	1.0137058	-1.0670583	0.7554498	0.9569931	-1.0007714	-0.9760499	1.0053376	0.9499096	1.0495644	-1.0114939	-1.123594	0.80942607	0.61769885	-0.63026136	0.8334701	0.7718758	0.5194847	0.6639791	0.9441029	0.66691095	-1.0638982	-1.0600249	0.9566591	1.0061405	-0.79023725	1.0412061	-0.9145158	0.73320425	1.0064279	-0.7929184	0.8529591	-1.126156
-0.98677003	-1.1761397	-0.96946514	1.1322556	-1.0971907	-0.9909717	0.9876839	0.99779093	1.1044989	1.0359001	-1.0930027	-1.1527096	-1.1111448	1.014172	-1.1014812	-1.1254634	1.0838208	1.0497682	-1.0771602	-1.050034	-1.1254978	-1.0971564	1.0879252	1.0722262	1.0971898	1.0711218	-1.0881273	-1.0146822	1.1357661	1.1362542	-1.0633187	1.0791419	-1.1507506	-0.9564429	1.118593	-1.1426508	-0.9364406	1.1068091	-1.0847008	0.9916519	1.066792	-0.99705964	-1.0572633	-1.0162103	-1.0899903	1.0975553	-0.92969406	-1.0275391	1.1380401	1.0423197	-0.91132766	-1.0916476	-0.9855906	-1.1249747	-1.0491077	-1.1636685	1.0601319	-1.0103358	-1.0343598	-1.0937297	-1.1005179	1.0736408	0.96944714	-1.0733092	0.99252695	1.1823014	-1.0336566	1.0432556	1.1170089	-1.0966753	1.0367166	1.1394049	-1.0484132	-1.0543373	1.0575986	0.9688339	0.9818323	-1.1129022	-0.8812587	0.8990207	0.99623615	-0.9175739	1.0315816	1.0989722	0.97037846	1.086479	1.0692377	0.97437793	-0.98788553	-0.99854857	1.0843449	1.058815	-1.1178488	1.1273648	-1.0661532	1.0986776	1.1074203	-0.8470427	1.0202284	-1.0772752
-0.9383534	-0.9732029	-0.9614113	0.96482944	-0.9681429	-0.9034928	0.8133706	0.8530648	0.9988817	0.94173187	-0.92110157	-0.970197	-1.0136929	0.86332375	-0.95559883	-0.96774065	1.0317822	0.9304263	-0.95219034	-0.94051045	-1.0122054	-0.96498835	0.990865	0.99604833	0.8875953	1.0035703	-0.97790086	-0.9198163	0.95392764	0.9402246	-1.0109949	0.98467475	-0.97166866	-0.7836094	1.018903	-0.9719903	-0.8266891	0.95718235	-0.94980025	0.88269985	0.9306838	-0.94467473	-0.9275201	-0.9166897	-0.86186033	0.9544756	-0.74778944	-0.95814884	0.97741497	0.9041445	-0.9108673	-1.0152949	-0.9204212	-0.96220714	-0.949358	-0.960221	0.9829079	-0.92142314	-0.9416352	-1.0342226	-1.0135673	0.8863952	0.8799785	-1.0139571	0.8868828	1.0218312	-0.92878807	0.9287262	1.020386	-0.9704189	0.99826986	1.0143968	-0.9235417	-0.9788831	0.97668666	0.9256804	0.92030907	-1.0234714	-0.7959348	0.76171637	0.9869723	-0.86661386	0.9988695	0.94246584	0.8521917	1.0035157	0.9863889	1.0145113	-0.8386306	-0.9225697	0.99317807	0.93259597	-0.9955389	0.8968269	-0.89034164	1.0042945	1.0202382	-0.75060046	0.9471156	-0.96324384
-0.67040694	-0.8456215	-0.6709989	0.83584994	-0.68611073	-0.8139355	0.7409021	0.59824973	0.78302044	0.75725746	-0.8334517	-0.8693811	-0.93450224	0.6687979	-0.8470792	-0.8298034	0.7961541	0.70603	-0.8336169	-0.77162427	-0.8828666	-0.77926844	0.77281255	0.8284628	0.83356094	0.79459673	-0.77481544	-0.7077361	0.94278204	0.74931633	-0.77522266	0.8996818	-0.89956355	-0.53129363	0.80958974	-0.8771181	-0.6054089	0.7365408	-0.7148729	0.65610933	0.9080352	-0.8205299	-0.8733088	-0.7423754	-0.7946857	0.8506195	-0.733881	-0.69579375	0.9168227	0.7676282	-0.61631536	-0.84935945	-0.6022209	-0.78733844	-0.8101286	-0.86448115	0.7869898	-0.8764433	-0.87900454	-0.7011598	-0.7886965	0.74761885	0.60794854	-0.8321882	0.77225506	0.840257	-0.6071803	0.7061063	0.88702995	-0.8526975	0.6635893	0.82166976	-0.85884017	-0.8127651	0.8173566	0.7853912	0.730597	-0.85237163	-0.6825332	0.603704	0.6943825	-0.5006003	0.74166024	0.7098499	0.63587576	0.7566396	0.806723	0.68194664	-0.6878118	-0.7936702	0.6946935	0.71530247	-0.7531468	0.92338455	-0.7034947	0.7191662	0.894033	-0.5367681	0.74511224	-0.9427515
-0.68174064	-0.9512179	-0.885025	0.9348822	-0.8149594	-0.9159887	0.8456257	0.70341027	0.9222496	0.94884574	-0.92870325	-1.0000716	-0.9997544	0.83908135	-0.8656868	-1.0332183	0.95077354	0.7457101	-0.881168	-0.92282265	-0.9663226	-0.94284964	0.89139974	0.94176817	0.94442415	0.8543807	-0.90942174	-0.80656224	1.0802741	0.930559	-0.8513274	0.98806316	-0.997276	-0.6582014	0.91598403	-0.9014302	-0.6204719	0.85971314	-0.7933635	0.70802176	1.0314485	-0.9073332	-0.96114844	-0.87037337	-0.9131729	0.900939	-0.7828407	-0.854265	0.9646687	0.9353298	-0.5737061	-0.9858869	-0.7919805	-0.8812256	-0.8877359	-0.9469158	0.9940277	-1.0061237	-0.89836526	-0.83199924	-0.9575225	0.7610602	0.6824801	-0.9919364	1.0314649	0.9969342	-0.72909117	0.72787577	0.95210993	-0.930723	0.8128216	0.87103057	-0.97100186	-0.86677265	0.9148881	0.9177409	0.8894978	-0.94394386	-0.8100088	0.6689485	0.78985417	-0.7002527	0.9242176	0.83572584	0.6086102	0.8574725	0.89244014	0.79605	-0.84413135	-0.8987806	0.9329469	0.83602005	-0.9762142	1.0448205	-0.9286627	0.83308524	0.9628124	-0.587925	0.8652298	-1.0902578
-0.86303806	-1.0296454	-0.96985817	0.9398593	-0.9546447	-0.973739	0.91969645	0.8782633	1.0135927	0.9602672	-0.97857666	-1.0316329	-1.0034554	0.8981492	-1.0504913	-0.95964694	1.0457395	0.9293045	-0.93269086	-1.0053891	-0.9701688	-0.9301036	0.9541806	0.92396986	0.9720342	0.91441697	-1.0062461	-0.9594764	0.95443225	0.98675114	-0.9656087	1.0044849	-1.0307817	-0.89002746	0.9561443	-0.9559831	-0.83262354	0.98414296	-0.9790325	0.9034358	0.98693836	-0.9477528	-0.94056916	-0.95245326	-0.9356051	0.98788184	-0.9127882	-0.98879945	1.0085477	0.9327847	-0.8641692	-1.0015392	-0.8750125	-0.9348793	-0.96853167	-0.9529401	0.94772995	-1.0046616	-0.9787419	-0.9524281	-1.0217174	0.9167742	0.85571045	-0.96876234	0.97179604	1.0531347	-0.8535006	0.885208	0.9466671	-1.001533	0.89915216	0.9171584	-0.9554637	-0.968493	0.8785954	0.9162299	0.8784778	-0.9607487	-0.8721882	0.8348057	0.91048294	-0.8455652	0.95230484	0.9598518	0.8235351	0.9441119	0.9344067	0.9234208	-0.9799726	-0.9006634	0.9498682	0.9577046	-0.9755393	1.0081143	-0.91512144	0.93531024	0.96162564	-0.8428882	0.9649904	-0.95993996
-0.83447355	-0.9853705	-0.98955655	1.0199275	-0.916786	-1.0779325	0.91988033	0.8105397	1.0373926	1.0421435	-1.022618	-1.0541037	-1.0587034	0.92082727	-1.012286	-1.1136062	1.0603406	0.88990533	-1.0750508	-1.015168	-1.1145109	-0.9723941	1.0416313	0.99402213	0.9866343	0.9358958	-1.0134425	-0.8586755	1.136713	1.0219029	-0.9948312	1.0669842	-1.073573	-0.7836261	0.96266735	-1.0777621	-0.78816783	0.91756976	-0.89529127	0.84771574	1.1365399	-1.0111231	-1.1000974	-1.008292	-0.9550348	1.0109094	-0.94225496	-1.0071286	1.1053618	1.0163294	-0.71042603	-1.0745418	-0.8938349	-0.9306013	-1.005817	-1.0897633	1.0068768	-1.1462014	-1.0109679	-0.8722281	-1.029256	0.90698314	0.7815545	-1.1033186	1.0768907	1.0865738	-0.8013532	0.87444973	1.1282756	-1.0756841	0.9075431	1.0502121	-1.0590972	-0.9619386	0.94175607	0.9566951	0.9546712	-1.0571682	-0.9667135	0.7587332	0.8324298	-0.73886913	1.0116478	0.899368	0.6977495	0.9699011	1.0401119	0.9103929	-1.0347267	-1.0159235	0.9602896	0.96196514	-1.0148466	1.0210636	-1.0263313	0.9635807	1.024405	-0.79441106	0.9512798	-1.1380751
-0.4622715	-0.96572006	-0.8462642	0.90088534	-0.90998393	-1.148732	0.95123136	0.69959956	0.66974396	1.0800672	-1.1280582	-1.0845248	-1.1705306	0.9124885	-1.1273768	-1.0959557	1.1191225	0.6366863	-1.1155212	-0.99557453	-1.1130185	-0.84771234	1.1339257	1.0085579	1.046935	0.64559114	-0.7227771	-0.8091305	1.1388538	0.9989453	-0.83255184	1.1228371	-0.997247	-0.78506887	0.8169966	-1.1445527	-0.81111294	0.7387582	-0.8660864	0.82853454	1.2177111	-1.1331387	-1.1517456	-0.87117916	-0.9499497	1.1084529	-1.011374	-0.9031099	1.2064131	1.1313528	-0.50964296	-0.9741828	-0.7178009	-0.99266	-1.09547	-1.0189887	1.0760635	-1.1484271	-1.1583272	-0.6144434	-0.9470292	0.89072	0.6354155	-1.1398958	1.0600436	1.0277853	-0.48896635	0.5708368	1.1153564	-1.0116261	0.76406676	1.0486557	-1.056599	-1.0920413	1.0115817	0.9294636	1.0776589	-1.0751195	-1.0567006	0.8138238	0.49943495	-0.5683318	0.809313	0.8047882	0.55210155	0.55760676	0.89018136	0.47630662	-1.095298	-1.0855247	0.9517489	1.005267	-0.79469395	1.163798	-0.9152064	0.71376735	1.1266005	-0.72050244	0.8780756	-1.1756239
-0.88739055	-0.91966754	-0.91659224	0.91520715	-0.8787178	-0.60196745	0.8604774	0.83437026	0.936675	0.9612511	-0.825353	-0.91542685	-0.7937919	0.8776567	-0.7736637	-0.8907689	0.8176832	0.9109088	-0.9442114	-0.88575494	-0.891781	-1.0043542	0.7829016	0.9483591	0.9190991	0.94009507	-0.9626025	-0.95183593	0.8642982	0.9319244	-0.9031058	0.8569627	-0.8692534	-0.7988192	0.99116045	-0.8614797	-0.86535877	0.889847	-0.85735565	0.89751935	0.8078615	-0.87403727	-0.92156494	-1.001917	-0.88981783	0.7913521	-0.83728415	-0.96847683	0.7295601	0.891432	-0.8266649	-0.94309676	-0.9103485	-0.9586709	-0.85098666	-0.85363984	0.9264807	-0.82065004	-0.76287115	-0.9288423	-0.8717748	0.8483649	0.8705986	-0.8872358	0.96386474	0.93080455	-0.873017	0.88121784	0.8571652	-0.9823391	0.9209792	0.8692525	-0.972297	-0.8893846	0.894672	0.9395693	0.87408876	-0.9253051	-0.7939013	0.7240354	0.9316717	-0.87149054	0.99109495	0.8099393	0.83712935	0.9734702	1.0019203	0.9926681	-0.85644555	-0.8550893	0.9307815	0.88796866	-0.9427484	0.6886532	-0.9874811	0.8958498	0.87593675	-0.8138565	0.9528679	-0.88085
-0.6442973	-0.95592284	-0.88770336	0.9367785	-0.86976135	-0.9374552	0.8820333	0.72049046	0.8027584	0.98789805	-0.9654875	-0.953532	-1.0109448	0.8750774	-0.90472615	-1.0338632	0.8937423	0.74705327	-0.92401016	-0.9099641	-0.9825545	-0.8283868	0.93017614	0.962344	0.99254954	0.76804876	-0.85824645	-0.8367351	0.97011346	0.9368354	-0.773386	0.95071775	-0.89964205	-0.81557286	0.8712488	-0.9176258	-0.77539843	0.74665207	-0.84974176	0.833221	0.998409	-0.95720655	-0.9531553	-0.86675537	-0.9086545	0.9119869	-0.85626006	-0.8698226	0.9567043	0.8772018	-0.72137064	-0.9416666	-0.77031827	-0.876147	-0.9555799	-0.96569335	0.9910804	-1.0239482	-0.9380992	-0.70644885	-0.8492001	0.88336277	0.7396571	-0.9945554	1.0020963	0.930377	-0.7555068	0.7241429	0.9276777	-0.9671415	0.84146994	0.9023598	-0.9178645	-0.9648702	0.93793017	0.87864906	0.95374626	-0.9788027	-0.90555847	0.8171703	0.7151197	-0.66337746	0.83160007	0.8656311	0.66391456	0.71454686	0.8814276	0.7318124	-0.9497797	-0.87762564	0.92592496	0.87602067	-0.793188	0.9827966	-0.9472681	0.74406886	0.9421231	-0.72445166	0.86671925	-1.0056916
-0.88320535	-0.9659727	-0.8726192	0.94264644	-0.89875996	-0.8698517	0.8436495	0.8981797	1.0306629	0.8611816	-0.8231508	-0.96919286	-1.036752	0.8890268	-0.88100636	-0.9445617	0.953519	0.86442524	-0.8776581	-0.9119931	-0.9412525	-0.9373449	0.90069085	0.9145427	0.9203763	1.0093174	-1.0441852	-0.82069105	0.9274065	0.98840296	-0.9562544	0.9708465	-1.0004483	-0.7988073	0.9662986	-0.9433234	-0.7587415	0.9283763	-0.88384616	0.8336573	0.94156945	-0.8921042	-0.89973146	-0.90872586	-0.88294435	0.88497967	-0.84353614	-0.9283597	0.89668596	0.8862155	-0.86797935	-0.98288304	-0.8722905	-0.9285267	-0.86809564	-1.0283194	0.9312809	-0.987629	-0.82805467	-0.93550164	-0.9902561	0.8772703	0.8570617	-0.95389193	0.9355659	0.96338576	-0.88156676	0.8612289	0.95874494	-0.98580265	0.90123695	0.8865072	-0.9485398	-0.8356701	0.89182055	0.85133445	0.82459074	-0.9063522	-0.72201294	0.7089619	0.93955314	-0.78805447	0.9367006	0.9382915	0.77699375	0.9982627	0.934594	0.97152674	-0.8253031	-0.82180244	0.8776971	0.8119518	-0.98191714	1.0156258	-0.93992823	1.0052724	0.9320014	-0.75902927	0.88646364	-0.92913085
-0.93752074	-0.9478063	-0.9407023	0.9310447	-0.8782477	-0.6850797	0.9096551	0.9028256	1.0028375	0.9257404	-0.83655924	-0.90130204	-0.74712026	0.9051805	-0.87032735	-0.9075891	0.85857165	0.92299426	-0.8760554	-0.9073936	-0.8881175	-0.99354064	0.9234996	0.91400164	0.8620441	0.92862606	-0.9433235	-0.94180465	0.73248273	0.94044083	-0.93545365	0.9038154	-0.78506804	-0.85880107	1.013311	-0.8796409	-0.8859706	0.95050323	-0.94186985	0.9074075	0.7653767	-0.86088693	-0.9376871	-1.0009308	-0.94132274	0.8596398	-0.8811171	-0.95654637	0.75159216	0.8701634	-0.93018603	-1.014341	-0.9023041	-0.9464431	-0.91536623	-0.907338	0.8910246	-0.81352293	-0.84042823	-0.9766974	-0.9055577	0.87357676	0.92865115	-0.86002403	0.9707737	0.905206	-0.97694194	0.88978964	0.9184095	-0.9371712	0.98585	0.9273542	-0.940398	-0.8725051	0.9531801	0.8795329	0.8948042	-0.93565524	-0.87334603	0.88748896	0.99480873	-0.91376275	0.94888633	0.94124955	0.88487333	0.95587456	0.96837366	0.9841872	-0.86186844	-0.9157104	0.9624806	0.9381244	-0.9915182	0.6535138	-0.8905858	1.0133396	0.9379802	-0.81224024	0.927215	-0.91404974
-0.8965831	-0.9023637	-0.85585374	0.9058559	-0.91955364	-0.87223595	0.86586404	0.8478736	0.91194695	0.8723976	-0.8969592	-0.8715603	-0.85928327	0.89848334	-0.8756865	-0.852394	0.892916	0.83796245	-0.9229336	-0.8860818	-0.9112003	-0.89018285	0.868835	0.8975953	0.92774576	0.92397755	-0.87672377	-0.8475971	0.90431476	0.90903884	-0.8776512	0.9572018	-0.87035805	-0.82033545	0.9629449	-0.8935552	-0.75996536	0.8710112	-0.8699627	0.8495918	0.92275566	-0.9398404	-0.83888847	-0.8891592	-0.9090215	0.90837	-0.8345628	-0.92561626	0.8923107	0.9383455	-0.8573213	-0.94456786	-0.8368574	-0.9553038	-0.9433728	-0.9150533	0.9113737	-0.82604486	-0.9229508	-0.9409133	-0.90249515	0.90203667	0.8381245	-0.91876584	0.93708813	0.8822073	-0.8377858	0.89897	0.85454834	-0.9521805	0.8961271	0.86514026	-0.87915677	-0.9018431	0.9139273	0.8777589	0.8797766	-0.9210119	-0.8034556	0.7879727	0.8778813	-0.8337427	0.87239665	0.87862235	0.8413715	0.9664971	0.8575394	0.9474347	-0.8877591	-0.90670246	0.84986967	0.9132612	-0.9410033	0.8284457	-0.86074233	0.8768141	0.9515798	-0.78811437	0.8756778	-0.87760705
-0.5739721	-1.1376781	-0.8864025	1.0501662	-0.985105	-1.3342559	0.95720536	0.7139173	0.9144093	1.1174648	-1.2351756	-1.2013618	-1.2623098	0.8664367	-1.2011042	-1.2529039	1.3052653	0.7707999	-1.200311	-1.1240318	-1.2684883	-0.9464714	1.1807737	1.0954977	1.2419723	0.8161082	-1.0024363	-0.8423545	1.2848077	1.1657329	-0.9504445	1.2434934	-1.118454	-0.7267535	0.98257834	-1.3032454	-0.77533257	0.86368173	-0.8832174	0.8898274	1.2837504	-1.1621579	-1.2716172	-0.9221137	-1.0827905	1.2980001	-0.9613172	-1.0027456	1.2811637	1.1835988	-0.5788307	-1.1297823	-0.8004078	-1.0371271	-1.1872623	-1.1580235	1.1183703	-1.3088588	-1.315251	-0.83317226	-1.0634029	1.0170101	0.6837078	-1.2262604	1.0988694	1.125014	-0.69916564	0.7009828	1.2452929	-1.1558136	0.81140643	1.0960964	-1.1390712	-1.143792	1.047164	0.97583306	1.1042846	-1.1217567	-1.1309999	0.80843383	0.7569747	-0.56390303	0.92310476	0.9510554	0.5902757	0.86414605	1.0324118	0.7362552	-1.1309305	-1.1280739	1.0664877	0.99744433	-0.9681723	1.2656507	-1.0282447	0.9410081	1.2744521	-0.7360306	1.0080894	-1.2781094
-0.91850543	-0.98675954	-0.9722761	1.0294546	-0.9699929	-0.99307567	0.96947265	0.85139626	0.96866775	0.951334	-0.9352093	-0.9914603	-1.063628	0.9330608	-1.0200591	-1.0515975	0.98187613	0.8878619	-0.94186425	-0.9711309	-1.0438488	-0.9470205	1.0020107	1.0210394	0.94942594	0.9190915	-1.0374571	-0.91400987	1.0756879	1.0424147	-0.9284304	0.98731554	-1.0345436	-0.7690226	1.014355	-1.013122	-0.8642543	0.96353376	-0.90764	0.96902	1.0016246	-0.9749963	-0.93684125	-0.9628632	-0.9530343	1.0406158	-0.89934963	-0.99228245	0.97602737	0.95867956	-0.8547746	-0.99436045	-0.924217	-0.9648032	-1.016408	-1.0772247	0.9365358	-0.97698236	-0.9925914	-0.9484213	-1.0386858	0.9489793	0.86031413	-1.0204761	0.91700685	1.0249108	-0.90752125	0.9189386	1.0529863	-1.0289272	0.9309818	1.0201335	-0.9831207	-0.9300698	0.9079772	0.93291193	0.90362334	-1.0400851	-0.80793023	0.73025864	0.88109356	-0.8006776	0.9611189	0.9825651	0.80848545	1.0379336	0.9297494	0.9862863	-0.8835035	-0.9644091	0.9372389	0.9998524	-1.0170045	1.0988249	-1.0048318	0.95878404	1.0742623	-0.7845438	0.96535486	-1.0550932
-0.72133374	-0.9350726	-0.7904115	0.90972286	-0.85901123	-0.9914989	0.82029337	0.7363361	0.9174184	0.957065	-0.95005554	-1.0159024	-1.0355899	0.80903786	-0.9853502	-1.0286937	1.0105379	0.78838253	-1.004433	-0.93509614	-1.0043209	-0.90979797	0.93966174	0.8972152	0.98842263	0.8395153	-0.8773406	-0.7877186	1.0493834	0.9500287	-0.8651543	1.0210373	-0.9761306	-0.6812243	0.88898814	-1.0638922	-0.7233186	0.863828	-0.8200434	0.8409548	1.0324148	-0.99992156	-1.0674945	-0.9212381	-0.9464654	1.0002761	-0.88346606	-0.84400904	1.0604144	0.9963044	-0.6564991	-1.0149086	-0.7623975	-0.8991757	-0.95002866	-0.99933785	0.9356277	-1.0263134	-1.0619949	-0.8075316	-0.92518	0.8465759	0.7449709	-1.0451266	0.9897624	0.93500715	-0.7680283	0.7529659	1.0170894	-0.9352573	0.78042203	1.0136435	-0.97133076	-0.99249053	0.9476853	0.83761233	0.87557554	-1.0152078	-0.944074	0.63852316	0.7861584	-0.7000435	0.888212	0.87483215	0.6508273	0.83346254	0.93736297	0.7978634	-0.92786163	-0.93162805	0.85865504	0.8565705	-0.90343064	1.0022311	-0.9674228	0.88050747	1.0479101	-0.65446466	0.89295155	-1.0824909
-0.74652636	-0.69891906	-0.7289888	0.72845995	-0.7421803	-0.5675823	0.7645126	0.74442977	0.7545526	0.7374519	-0.63752717	-0.7323094	-0.62723005	0.7441139	-0.6509372	-0.7551676	0.702616	0.70324963	-0.7210298	-0.6802398	-0.7300495	-0.7422113	0.7495546	0.6996805	0.70244515	0.7231332	-0.7843239	-0.7866918	0.65825236	0.7645812	-0.6893885	0.7508707	-0.71870935	-0.7173101	0.74854946	-0.6630031	-0.6033523	0.74662775	-0.65652364	0.7352537	0.6994813	-0.70493865	-0.7401932	-0.7147771	-0.7306869	0.70580184	-0.66753435	-0.78338104	0.6924895	0.65620786	-0.6911993	-0.7316533	-0.6627151	-0.6737556	-0.71338964	-0.75021285	0.76200587	-0.68822086	-0.6678537	-0.7879352	-0.6977321	0.73997283	0.7184681	-0.72439235	0.7781935	0.73265755	-0.71249557	0.74398553	0.6670737	-0.6896751	0.77465636	0.70569706	-0.7523169	-0.67458403	0.73220813	0.6912015	0.7343986	-0.7104261	-0.6977713	0.68877095	0.7496353	-0.769704	0.7114604	0.68263274	0.7369432	0.74104106	0.6978992	0.7224157	-0.612962	-0.7244265	0.7766362	0.6775398	-0.7114074	0.644006	-0.6828383	0.78355247	0.6725868	-0.70209527	0.7182595	-0.72649205
-0.9766882	-1.1205407	-1.0246856	1.0590485	-0.96984094	-0.9284657	0.8737199	0.8999057	1.1215123	0.9435607	-0.891471	-1.0539271	-1.1494622	0.92026216	-0.98551196	-1.0992403	1.0650399	1.0342473	-1.0104926	-1.0313041	-1.1133451	-1.0993004	0.98380595	0.99193144	0.94525427	1.1016747	-1.0959982	-0.94629955	1.0733192	1.0160412	-1.0113945	1.013282	-1.1449567	-0.7196314	1.0809622	-0.99407834	-0.8068949	1.0983828	-0.9737813	0.89391476	1.0525856	-0.9288709	-0.9020376	-1.030161	-0.9289502	0.992596	-0.72971237	-0.9619603	1.057004	0.88634956	-0.9248164	-1.0470908	-0.9896676	-1.0281321	-0.9949094	-1.100415	1.0129615	-1.000161	-0.8761197	-1.1114807	-1.0867244	0.92072797	0.94338083	-1.0111291	0.9418032	1.0770918	-0.9444152	0.9824862	1.0166113	-0.9969088	1.019974	1.0829628	-0.95180464	-0.95663834	0.9869183	0.9028289	0.834565	-1.0687468	-0.7022608	0.6925768	1.038102	-0.89691174	1.0451801	1.0462677	0.8540367	1.1659819	1.0527236	1.0657638	-0.8362521	-0.886179	0.96447	0.9068196	-1.1112896	1.0299639	-0.93746036	1.0770866	1.0482501	-0.6821005	0.9752453	-0.94008696
-0.5395354	-0.97245455	-0.7713916	0.9644869	-0.8011347	-1.0742108	0.8496369	0.60797685	0.79177517	0.96994805	-0.9820671	-1.075588	-1.0921065	0.79297054	-1.0159626	-1.0807527	1.0548998	0.70862824	-0.9589898	-0.9376551	-1.09301	-0.8830887	0.973305	0.9050016	1.0372458	0.7816025	-0.7979816	-0.74642545	1.1593329	1.0044007	-0.79414445	1.0130924	-1.0262979	-0.6334255	0.80995834	-1.033751	-0.69897985	0.7913318	-0.78310955	0.71184194	1.0879561	-0.95712924	-1.0363151	-0.85648257	-0.885838	1.0372845	-0.864991	-0.8303638	1.1127833	0.9433928	-0.5338535	-1.0397019	-0.7002481	-0.90898836	-0.9848304	-1.0485888	0.99018335	-1.1511137	-1.0385497	-0.77116823	-0.9570401	0.80677295	0.71755326	-1.0971155	0.9792377	1.003458	-0.58729327	0.6287173	1.0147406	-0.9781324	0.7218969	1.0087292	-0.92957467	-0.93897325	0.88685775	0.8059836	0.8899492	-1.0334439	-0.9442134	0.6911542	0.66582376	-0.5819818	0.83922154	0.75121754	0.5697909	0.70250267	0.9222761	0.6913833	-0.92873794	-0.96025026	0.8909484	0.8690021	-0.8830463	1.0607074	-0.88466966	0.7568601	1.0686808	-0.6512204	0.8418423	-1.0479709
-0.9338426	-0.94270337	-0.87368834	0.9901713	-0.9220818	-0.68924946	0.7906283	0.850398	0.99487185	0.79208744	-0.7488729	-0.888168	-1.0251406	0.845805	-0.89598364	-0.8744749	0.838302	0.89496887	-0.81212944	-0.8291097	-0.9320303	-0.9525304	0.8945921	0.84342045	0.76472425	0.92197347	-1.045137	-0.83561176	0.95167905	0.8959262	-0.89089555	0.84198356	-1.0020581	-0.7307538	0.99100083	-0.86125374	-0.7260916	1.0348085	-0.8532053	0.8478375	0.9168335	-0.73269266	-0.7770381	-0.89329183	-0.7941406	0.8419037	-0.62121105	-0.90963274	0.9170419	0.74024373	-0.84550226	-0.9645134	-0.82485855	-0.9207599	-0.881171	-0.9556081	0.85683036	-0.80867726	-0.73127276	-0.9637448	-0.90249854	0.8026473	0.88046265	-0.8672492	0.85630596	1.0100299	-0.891499	0.95505863	0.8528058	-0.84467894	0.87398577	0.86263764	-0.89974004	-0.77372885	0.7998951	0.79772276	0.73741066	-0.94926244	-0.66088986	0.59512305	0.9500259	-0.85340357	0.9453778	0.9571888	0.91196555	1.0386994	0.916694	1.0312653	-0.6793931	-0.79883516	0.85987574	0.7710447	-1.0242641	0.9346923	-0.89844614	0.96907985	0.9045686	-0.6212415	0.86970896	-0.9119148
-0.87351304	-1.0960333	-1.0335157	1.1804687	-0.9951656	-1.0459324	1.0646724	0.8871275	0.99685985	1.1525283	-1.1096401	-1.2131673	-1.2133553	1.0472325	-1.1233535	-1.141619	1.176907	0.90250325	-1.100187	-1.1328269	-1.1490479	-1.0801163	1.1045753	1.1657331	1.1594616	0.98355716	-1.0223339	-0.972393	1.1989332	1.1046441	-1.0331373	1.158284	-1.1429473	-0.88854575	1.1111667	-1.1333839	-0.9140088	1.072758	-1.0110953	0.99719286	1.1337337	-1.0996892	-1.1749369	-1.0073948	-1.0901926	1.1717459	-0.9999079	-1.0106853	1.1138493	1.157152	-0.7993702	-1.1307704	-0.9837866	-1.1205419	-1.097273	-1.1348454	1.1742941	-1.1328565	-1.1075684	-0.9653144	-1.0913671	0.97089255	0.90238035	-1.1780621	1.0853685	1.0668089	-0.9299659	0.89154494	1.2378556	-1.1904349	0.98804945	1.0698848	-1.1578925	-1.0802767	1.0841104	1.0680332	1.0756171	-1.2093354	-1.0159864	0.86667466	0.9071273	-0.89598846	1.1211201	1.016904	0.90259707	0.93947214	1.0111357	0.90734506	-1.111801	-1.105355	1.0812838	1.0275482	-1.0622388	1.1483239	-1.0426347	1.0505087	1.2037395	-0.86946607	1.0327235	-1.1613418
-0.98593765	-0.9532039	-0.9097352	0.9936455	-0.8337197	-0.7513511	0.8487439	0.8436778	1.047313	0.8794358	-0.76481074	-0.9450906	-0.9642831	0.8868651	-0.86512184	-0.9903857	0.8840814	0.9527401	-0.89386255	-0.85640574	-1.0483457	-0.98197323	0.84611744	0.9161747	0.8417831	1.0212764	-1.0491499	-0.89071316	0.9884763	0.92971945	-0.9052466	0.93238145	-1.004541	-0.7533082	1.0489969	-0.8891253	-0.7612277	1.0295202	-0.83904654	0.8794244	0.90587705	-0.864272	-0.8627541	-0.94116336	-0.95270616	0.78398544	-0.74504995	-0.972485	0.94845665	0.7586579	-0.8665799	-1.007878	-0.8577864	-0.9419043	-0.9458284	-0.9601356	0.8930199	-0.8600898	-0.75736004	-1.0254539	-0.9288988	0.86166584	0.8993126	-0.8789335	0.92862904	0.9887213	-0.95192426	0.9699014	0.9112429	-0.9224584	0.9650144	0.96117127	-0.9121746	-0.8893304	0.9406676	0.81393963	0.7990223	-0.945752	-0.6633485	0.63748574	0.98392737	-0.876609	0.92928314	0.9136538	0.81685853	1.0794612	0.93386745	0.9805734	-0.70568675	-0.7732378	0.87512314	0.82490784	-0.9826426	0.9182359	-0.9505438	1.0492704	0.981088	-0.6754748	0.8932554	-0.88356626
-0.84984136	-1.0871471	-0.9722721	1.0644048	-0.91335845	-1.0593798	0.9642546	0.88129413	1.0539243	1.0293988	-1.0090091	-1.0638257	-1.062862	0.94917554	-1.0485466	-1.0641552	1.1190423	0.8706269	-1.0000014	-1.0472875	-1.0874196	-1.0421078	1.1063846	1.0625277	1.0648732	0.9613135	-1.0005338	-0.9202657	1.0634236	1.0244343	-0.92572266	1.1300353	-1.0882931	-0.8602706	0.95866835	-1.0783395	-0.80621356	0.93654794	-0.9952902	0.86817807	1.0774261	-0.98434734	-1.0807527	-0.9291575	-1.0223137	1.0746293	-0.91266245	-1.0081434	1.1141052	1.0164529	-0.8108379	-1.0742887	-0.8935624	-1.0391645	-1.0496391	-1.1192266	1.0984753	-1.0457637	-1.0578272	-0.9072444	-1.0561385	0.9614684	0.89173687	-1.137422	1.034213	1.0809289	-0.82987446	0.9419573	1.0985757	-1.0543153	0.89899486	0.99171394	-1.0626435	-0.97574365	0.96217746	0.9657806	1.0200479	-1.0573317	-0.93798864	0.7602031	0.85794127	-0.7680353	1.0312405	0.981993	0.8181064	0.91267604	1.0237075	0.84866947	-0.9888542	-0.96385	1.0182233	1.0082529	-0.97131264	1.1271497	-0.96016383	0.9146125	1.0802903	-0.7627246	0.9761799	-1.1378785
-0.8537992	-1.0377989	-0.94545907	0.9734514	-1.0052676	-1.0261481	0.8449923	0.8177125	1.1019602	0.97656035	-1.0035917	-1.0261627	-1.1349356	0.923932	-1.0214139	-1.0952977	1.0325676	0.93306303	-0.9885396	-1.0575757	-1.0311127	-0.9782545	1.0378466	0.9845478	0.99961776	0.94773835	-0.9807277	-0.91780394	1.0798771	1.0524526	-1.033697	1.047821	-1.0553641	-0.7817974	1.054987	-1.1001117	-0.84289104	0.9940372	-0.89216906	0.8880594	1.0796124	-0.99438244	-1.0494994	-0.9880706	-0.92029846	1.0856088	-0.8707659	-0.99638486	1.1152563	1.0026584	-0.7504198	-1.0276669	-0.8092143	-0.9623768	-1.0267142	-1.0464263	0.9984651	-1.0202874	-1.0337017	-0.9181998	-0.99699265	0.9630576	0.8448036	-1.0925118	1.0067203	1.0596282	-0.8111705	0.9366075	1.0550865	-0.97796136	0.94687396	1.0531238	-0.942648	-1.0294145	0.90936196	0.91776216	0.87238806	-1.0100701	-0.89468205	0.7796315	0.92262214	-0.7739657	1.0032669	0.9879328	0.8405877	0.9977683	0.9284597	0.94884795	-0.9385939	-0.97383267	0.95900816	0.95912707	-1.035013	1.0441611	-0.9475349	0.98758996	1.0888149	-0.76040995	0.94965965	-1.0330164
-0.9994545	-1.0331446	-0.8807103	1.0306349	-0.9779494	-0.7684933	0.80281264	0.9174674	1.0250025	0.85596794	-0.8555809	-0.9311127	-1.053142	0.9034142	-0.9438192	-1.0056587	0.9773816	0.9840804	-0.90393656	-0.9678913	-0.93294567	-0.9986675	0.91857576	0.8667282	0.8465978	1.0726962	-1.0433924	-0.8916505	0.9513269	0.96958286	-1.0185806	0.92182195	-0.99604297	-0.7760147	0.9676458	-0.9204829	-0.76509416	1.0598532	-0.9361912	0.8715554	0.8885042	-0.7485086	-0.7720874	-0.9448709	-0.8649124	0.8361523	-0.62465185	-0.92633635	0.918578	0.7850951	-0.94245875	-0.90635836	-0.8776119	-0.96604276	-0.8725773	-1.0145441	0.91573125	-0.8067894	-0.8137514	-1.0455736	-1.0280776	0.86596584	0.87706435	-0.79023933	0.80466706	1.0086347	-0.9348723	1.0046874	0.95578396	-0.8640245	1.0037625	0.93760985	-0.8896698	-0.92759633	0.8961081	0.8285167	0.7278834	-0.9678077	-0.6055506	0.6561859	1.0213156	-0.82823217	1.0327659	0.99238926	0.95129055	1.0564184	0.90515023	0.9763342	-0.74956006	-0.7797072	0.9229436	0.85490483	-1.0366213	0.97418064	-0.8660185	1.0476826	1.0102408	-0.748123	0.8972484	-0.81786174
-1.078653	-0.9687517	-1.0834435	0.99889314	-0.9971689	-0.53729504	0.97353095	1.0589578	1.0889527	0.9568994	-0.8939308	-0.9504883	-0.73581934	1.0151912	-0.94375104	-0.86342376	0.890123	1.1144162	-0.9762583	-0.95168483	-0.9747014	-1.0338668	0.9335602	0.9983713	0.96878755	1.116336	-1.0575088	-1.1053529	0.71820587	0.9620928	-1.0553358	0.90388614	-0.8432939	-0.9228597	1.0857973	-0.9360473	-0.9711322	1.0951741	-1.010811	1.0758598	0.76389545	-0.967382	-0.8688161	-1.0908613	-1.0761491	0.7748555	-0.89285946	-1.0160729	0.747349	0.93140423	-1.069414	-1.0841067	-1.0223389	-1.0477371	-1.0148917	-0.91893977	0.9826292	-0.7056263	-0.7833541	-1.083973	-1.0245696	1.0287845	1.0856016	-0.9164103	1.000177	0.9995602	-1.1225274	1.1324996	0.9307826	-1.0589688	1.079569	0.978308	-1.0844737	-0.9806325	1.0519493	1.0179266	0.9246818	-1.0219015	-0.89756596	0.9169051	1.1072009	-1.0665038	1.0425042	1.0709695	1.050807	1.0770508	1.0411218	1.0720149	-0.9211373	-0.9675326	1.048133	1.036222	-1.1484475	0.652385	-1.0696445	1.1263633	0.97546494	-0.88244367	1.0726703	-0.8305262
-0.78760153	-0.8977177	-0.7987501	0.8120056	-0.823952	-0.6621079	0.7230791	0.7432859	0.9363059	0.7852845	-0.8104952	-0.8212312	-0.7880696	0.80327076	-0.8647047	-0.89050716	0.8106173	0.79986584	-0.7781703	-0.7999578	-0.92329174	-0.86065716	0.7565889	0.8023537	0.8152616	0.7995409	-0.8304914	-0.7925627	0.83101386	0.81336594	-0.8541696	0.8631478	-0.85213155	-0.70605415	0.8715025	-0.82029885	-0.664809	0.85819894	-0.8243522	0.76477695	0.8527094	-0.78677344	-0.82725763	-0.84695673	-0.85028386	0.7836491	-0.7154349	-0.8008736	0.8291032	0.7848172	-0.719458	-0.8951175	-0.7842192	-0.84285784	-0.87904906	-0.8232832	0.8263094	-0.79465324	-0.75728995	-0.8088306	-0.79322994	0.7494721	0.69307333	-0.8201717	0.8702041	0.86191577	-0.8316151	0.7710181	0.86179906	-0.8759398	0.81634665	0.8911631	-0.8580645	-0.7681152	0.78964883	0.8454198	0.759169	-0.8433584	-0.7616247	0.6371511	0.7663567	-0.7415677	0.8295306	0.7319621	0.7321846	0.8999678	0.8293952	0.83082116	-0.80394775	-0.77388024	0.8597721	0.8248695	-0.9206063	0.75740534	-0.8233231	0.8623293	0.8253103	-0.57873684	0.7948626	-0.86608714
-0.89227456	-0.9500688	-0.86077446	0.96360457	-0.8685921	-0.7566052	0.7740775	0.7457424	0.9571391	0.7932474	-0.7964957	-0.9450668	-0.9347099	0.7703242	-0.8651831	-0.8778295	0.8618383	0.8402727	-0.80474746	-0.9123918	-0.9289851	-0.94318336	0.83180463	0.8694853	0.8900206	0.9436392	-0.90989	-0.847273	0.8980189	0.86838347	-0.86756337	0.8618188	-0.89643544	-0.69061065	0.86875	-0.9184315	-0.71562916	0.9500338	-0.82343274	0.7952907	0.85807186	-0.8346353	-0.8539879	-0.9076452	-0.87634426	0.8382378	-0.6927757	-0.8708324	0.8383801	0.7472603	-0.7691772	-0.9550897	-0.78003746	-0.8589951	-0.823723	-0.9652966	0.895143	-0.8887253	-0.84198403	-0.8742458	-0.86168	0.8120126	0.78398734	-0.8700593	0.82532847	0.9597248	-0.8165106	0.89090085	0.9124413	-0.8957186	0.8805677	0.9166459	-0.9267053	-0.78829545	0.8774037	0.7502352	0.7653946	-0.903513	-0.6812015	0.61411995	0.83192873	-0.7982552	0.8800212	0.9093265	0.74003726	0.9617816	0.9352046	0.9398763	-0.74732256	-0.81523985	0.8120168	0.7804731	-0.977375	0.91035646	-0.8603308	0.88633966	0.95775527	-0.61773777	0.84872913	-0.9131957
-0.9058829	-0.9028888	-0.9032271	0.911038	-0.8527434	-0.6611961	0.77818483	0.82298124	0.9261202	0.770288	-0.8391051	-0.83611304	-0.8200351	0.7941187	-0.8649733	-0.86202455	0.87250286	0.91085225	-0.8333745	-0.8784401	-0.85047555	-0.9112167	0.8298221	0.88900316	0.7973523	0.94466543	-0.8841666	-0.8672388	0.814648	0.8578844	-0.881178	0.8257195	-0.8934968	-0.7489164	0.8984431	-0.81687945	-0.77572906	0.9027741	-0.8953891	0.9052019	0.7669017	-0.7484546	-0.768226	-0.84171015	-0.8831306	0.82770026	-0.75528026	-0.90145034	0.78778803	0.8072434	-0.84040093	-0.88339907	-0.8445446	-0.8990418	-0.78937703	-0.90257555	0.7983068	-0.71064234	-0.7804786	-0.905594	-0.8844178	0.8499188	0.83294594	-0.79780024	0.8013686	0.9437264	-0.95655674	0.8930956	0.85333186	-0.88059103	0.8588359	0.87511396	-0.8784895	-0.8675273	0.8456552	0.8065543	0.78690624	-0.926048	-0.6678799	0.70511806	0.8867074	-0.87061775	0.85954297	0.8988659	0.86957955	0.958129	0.86412776	0.95803297	-0.7331899	-0.77262044	0.854363	0.82964456	-0.88674754	0.7348721	-0.82782316	0.9249074	0.83168685	-0.8060281	0.8489217	-0.8403456
-0.7378734	-0.85983926	-0.79967093	0.90411234	-0.7815363	-0.9436264	0.8826651	0.79371107	0.8415538	0.9246311	-1.0219511	-0.93396765	-0.8612882	0.8503645	-0.9384026	-0.974108	0.9161469	0.77313924	-0.9940073	-0.89711	-0.9824473	-0.84421426	0.9049018	0.8919348	0.98018473	0.759466	-0.77343124	-0.8722293	0.96734434	0.9049239	-0.84013206	0.9957375	-0.89271647	-0.8415433	0.8390308	-0.9336485	-0.87327737	0.801973	-0.8909136	0.8642349	0.9763257	-1.0453078	-1.0089291	-0.9191071	-0.9534183	0.9331453	-0.98901117	-0.9201842	0.93418276	0.9526712	-0.7149138	-0.9402831	-0.77861255	-0.92429787	-0.97414947	-0.8615052	0.9343229	-0.9520197	-0.9548841	-0.70916694	-0.86722785	0.8664562	0.740693	-1.0147083	1.0032026	0.8872852	-0.71008617	0.7931258	0.9390923	-0.9927971	0.76855826	0.85136425	-0.92008615	-0.9202023	0.9537262	0.9843227	1.0702335	-0.8932215	-0.9791137	0.910865	0.7590171	-0.7950278	0.88172334	0.7768114	0.6728679	0.6850346	0.84655935	0.7833349	-0.9187151	-0.9261619	0.8863438	0.8687878	-0.8316081	0.979279	-0.90431124	0.7513182	0.9377081	-0.7694101	0.82061225	-1.0114262
-0.71842694	-0.9628511	-0.8260044	0.96107954	-0.88423383	-1.0044683	0.94927055	0.7614401	0.91781753	0.9718879	-0.9446464	-1.0132997	-1.0620155	0.88155866	-1.0008855	-1.1063937	0.98047066	0.7771128	-0.9845732	-0.92764664	-1.0638046	-0.9573479	1.0009016	0.93674403	0.9924881	0.8565269	-0.8465277	-0.8553346	1.0697821	1.0156032	-0.85608613	1.0236169	-0.9789777	-0.8172166	0.90682036	-0.9866023	-0.7572415	0.840311	-0.84198326	0.8087897	1.064707	-0.9918796	-0.99582624	-0.86904454	-1.0000192	1.0462283	-0.84807557	-0.9621073	1.074143	0.94210917	-0.682445	-1.069846	-0.86140895	-0.9656829	-1.0210562	-1.0107	1.0434269	-1.0343751	-1.0249846	-0.8051414	-0.97163147	0.8319201	0.7876122	-1.0584488	0.94836813	0.99574333	-0.7150793	0.80070794	1.0513746	-0.9686628	0.8494985	0.94267154	-1.0347598	-1.0053436	0.90875334	0.91646093	0.9237243	-1.0399213	-0.95968425	0.74234647	0.7789478	-0.6988892	0.84227943	0.8929205	0.6658868	0.80568403	0.991456	0.7892223	-0.9459808	-0.976065	0.9615208	0.89141643	-0.89947397	1.0563916	-0.9654025	0.7989205	1.0675551	-0.7457377	0.89671004	-1.1027418
-0.7109083	-1.0368391	-0.85253626	0.9257123	-0.90534884	-1.0942385	0.9569334	0.7728917	0.879591	1.0788381	-1.0539129	-1.0284216	-1.0363666	0.9454552	-0.9845447	-1.1253057	1.0941957	0.75695795	-1.0344657	-0.95460576	-1.0577433	-0.94206494	1.0875759	1.0312343	1.0101699	0.8810306	-0.8710304	-0.831681	1.1345655	0.98870385	-0.90392715	1.0653965	-0.96332896	-0.72689676	0.9484552	-1.0965292	-0.7488218	0.8625434	-0.7972401	0.8494598	1.0955042	-1.0868762	-1.0744529	-0.90104	-0.9875311	1.1440064	-0.9760762	-0.9382588	1.0767056	1.0685883	-0.59319186	-1.1035231	-0.8010386	-0.9596866	-1.0119662	-1.0096078	1.0223686	-1.0949785	-1.1437597	-0.74854267	-0.97227937	0.89072955	0.7746639	-1.0977479	1.0987271	1.0067021	-0.67737263	0.8257838	1.1215311	-1.0462574	0.8040864	0.9806501	-1.0338502	-1.0389527	0.99877995	0.9415628	1.0933831	-1.014565	-1.006409	0.8515093	0.8129812	-0.65919054	0.9024525	0.8587962	0.5977779	0.7315333	0.9928174	0.83676183	-1.0608249	-1.0084289	0.9989811	1.0070612	-0.90055496	1.0946385	-1.0240448	0.80545557	1.1083033	-0.73563725	0.89517504	-1.1354624
-0.66365695	-1.0133574	-0.92167294	1.0017241	-0.9557145	-1.0730999	0.9556556	0.7687322	0.88248134	1.0716897	-0.99922043	-1.0615405	-1.1341894	0.9479393	-1.0757439	-1.0630891	1.0420998	0.82830083	-1.0778625	-1.0027645	-1.1268443	-0.92111015	1.0065702	1.0849261	1.0733615	0.9223723	-0.9127475	-0.9263781	1.1022425	1.0719063	-0.9759415	1.1077114	-1.0847597	-0.77203	0.97627276	-1.0402449	-0.86727166	0.8578947	-0.9238613	0.8664232	1.0789871	-1.0397644	-1.1118362	-0.9566273	-1.0508311	1.0043873	-0.8879922	-0.96582896	1.0766201	1.0213131	-0.6696399	-1.0810759	-0.80757403	-1.0379075	-1.0150658	-1.0256839	1.0356544	-1.1227003	-1.0765316	-0.7819361	-1.0190806	0.9491677	0.7828741	-1.11342	1.0725052	1.0410149	-0.7158189	0.8079805	1.047387	-1.0821234	0.91856104	1.0437171	-1.0956798	-1.0421863	1.0074657	0.95852673	1.0277076	-1.0704578	-0.9692484	0.7998353	0.7495825	-0.71842146	1.0080961	0.98575073	0.6604197	0.75305885	1.0145903	0.8131648	-0.99604017	-0.98244727	0.9674386	0.95655143	-0.9912076	1.0580435	-1.0154648	0.8909548	1.0914586	-0.78760827	1.0060407	-1.122195
-1.0385687	-1.0949109	-1.0089906	1.1355226	-1.0703591	-0.8609611	0.91905665	0.952821	1.1561947	1.0614061	-1.0157409	-1.1286552	-1.1384891	1.0058528	-1.0045094	-1.1260363	1.0702872	1.0577784	-1.0304388	-1.04228	-1.1335695	-1.1268647	1.0088737	1.1244373	1.0108604	1.0893824	-1.146828	-1.074943	1.1167293	1.1127005	-1.0765274	1.074664	-1.1473157	-0.79223853	1.176036	-1.0864036	-0.77966624	1.100278	-0.98177975	1.0218748	1.0337365	-1.0275363	-1.0792273	-1.0843837	-0.9839327	1.0673099	-0.8021163	-1.0612634	0.99871236	1.0121897	-0.9831023	-1.1253183	-0.94456106	-1.1434081	-1.1323862	-1.0965793	1.1247995	-0.992899	-1.0031662	-1.1681621	-1.0927291	0.95431435	0.9243919	-1.0402693	1.127529	1.1836544	-1.0955873	1.1110305	1.0791986	-1.1426358	1.1169256	1.1171606	-1.0869476	-1.0542804	1.0216492	0.9496018	0.93299145	-1.0830846	-0.799959	0.67164725	1.1320482	-0.9638213	1.0925417	1.1037999	0.8206907	1.149107	1.1211041	1.1067291	-0.96892047	-0.9842663	1.0499288	1.0131047	-1.1443735	1.02654	-1.0613092	1.1248904	1.1417208	-0.7719762	1.083081	-1.0224497
-0.87229824	-0.92312884	-0.85173666	0.9097822	-0.85386235	-0.8846689	0.8564819	0.80523056	0.88796264	0.9538321	-0.8939641	-0.91954106	-0.8430184	0.8175927	-0.9523196	-0.88200283	0.8942375	0.9111064	-0.9524914	-0.95651054	-0.9255195	-0.9515704	0.95595753	0.90002954	0.8791716	0.92057765	-0.956158	-0.865924	0.8859242	0.9776931	-0.84656394	0.94730514	-0.9452157	-0.79968137	0.9516145	-0.96548176	-0.760261	0.9493021	-0.89556235	0.86238784	0.91216314	-0.92332363	-0.92146814	-0.9024556	-0.8800636	0.9375195	-0.7900201	-0.949486	0.9256266	0.91741794	-0.8405103	-0.97206295	-0.859214	-0.94536847	-0.8896526	-0.86699337	0.89546156	-0.856917	-0.90065527	-0.93853515	-0.9473996	0.8993535	0.8290218	-0.87689	0.90234935	0.90009016	-0.8886942	0.8669092	0.8925875	-0.8985985	0.8839355	0.92674464	-0.888922	-0.85385394	0.8587097	0.8629397	0.85818344	-0.9484274	-0.8227373	0.74694204	0.8939743	-0.7969914	0.9244686	0.89100236	0.82902515	0.88669586	0.960801	0.92204523	-0.8690272	-0.8898588	0.884448	0.90762305	-0.90251416	0.83230674	-0.890695	0.8935861	0.9555223	-0.7050057	0.9162891	-0.9255167
-0.6448673	-1.1014336	-0.8380267	1.0328392	-0.9102199	-1.1908987	0.9632174	0.7546259	0.87910616	1.0462214	-1.0535954	-1.0864333	-1.1496496	0.8564444	-1.1306889	-1.1978465	1.1515828	0.79334855	-1.1189513	-0.97237295	-1.1744071	-0.92543167	1.1494642	0.94766843	1.102566	0.86169904	-0.94036555	-0.83379704	1.2319785	1.1211897	-0.8842531	1.1463894	-1.0796479	-0.6759287	0.8620687	-1.1811851	-0.7640703	0.8802479	-0.8298753	0.8288561	1.1704316	-1.1100107	-1.1523033	-0.9527181	-1.0459743	1.101618	-0.9241726	-0.9306075	1.2219466	1.073844	-0.6013699	-1.0433236	-0.78432745	-0.9997234	-1.058213	-1.0743072	1.0128689	-1.2518407	-1.0978678	-0.80087733	-0.96470225	0.9673781	0.74325156	-1.1670939	0.96147525	1.045971	-0.7198617	0.742193	1.1650869	-1.0607492	0.8597731	1.10092	-1.0583245	-1.0602796	1.0163217	0.8727845	1.0241005	-1.0673761	-0.98659515	0.67329913	0.7094692	-0.57258403	0.97476286	0.86611754	0.63666075	0.8104923	0.9046048	0.7977541	-1.0761731	-1.0161103	0.9355286	1.027064	-0.9621279	1.2597166	-0.9489962	0.864314	1.0920595	-0.6194954	0.87902397	-1.1630871
-0.768137	-0.8449912	-0.8412598	0.928311	-0.84428686	-0.81421465	0.8510849	0.7844162	0.7975169	0.80858773	-0.87783	-0.87900895	-0.9620508	0.79507494	-0.83564276	-0.91355896	0.8379597	0.7849505	-0.78749704	-0.8857796	-0.9117857	-0.86411333	0.83935	0.8588656	0.86444086	0.880863	-0.8910492	-0.83550924	0.8676219	0.8341536	-0.878223	0.8746945	-0.90090245	-0.81653255	0.81811315	-0.83601516	-0.745794	0.8708878	-0.868564	0.86478126	0.836307	-0.84337384	-0.8724347	-0.8454066	-0.8503261	0.7967867	-0.79620737	-0.78424597	0.8643121	0.7920152	-0.81728786	-0.87538207	-0.8478128	-0.8390802	-0.79982203	-0.84962475	0.85209745	-0.86674947	-0.81969017	-0.85623366	-0.83512884	0.7927135	0.79887986	-0.87026453	0.8881986	0.9227434	-0.7681758	0.8240176	0.9044153	-0.84303004	0.79379356	0.8613954	-0.8081453	-0.846073	0.81003636	0.854038	0.8813904	-0.87321854	-0.79307616	0.7948493	0.83681023	-0.79860896	0.81292766	0.8685639	0.75680965	0.78786045	0.84554684	0.8455259	-0.7953764	-0.8431462	0.85337794	0.8675428	-0.8216538	0.94026214	-0.8621343	0.8010001	0.82620925	-0.7534749	0.86928684	-0.88289547
-0.6400125	-0.6050992	-0.69862676	0.63720125	-0.7013053	-0.6633702	0.66903067	0.61387175	0.6473164	0.6985898	-0.65588874	-0.6419317	-0.57542694	0.68235654	-0.6648093	-0.6325603	0.6744374	0.64619166	-0.68222505	-0.66884345	-0.6658725	-0.69361717	0.58629256	0.73521966	0.73578197	0.64103246	-0.57031965	-0.6799535	0.6282882	0.64314073	-0.66633886	0.68119144	-0.6270175	-0.7197192	0.733854	-0.7015384	-0.68775594	0.6332981	-0.7089673	0.74336445	0.6091767	-0.7849152	-0.7580224	-0.7348923	-0.6987583	0.56748265	-0.7030505	-0.7115779	0.52588546	0.69661766	-0.67024297	-0.7045633	-0.752176	-0.6241861	-0.7076178	-0.54594195	0.7055674	-0.650027	-0.7007061	-0.7030258	-0.7109002	0.74781203	0.6451876	-0.5827553	0.6855195	0.6561461	-0.6885841	0.6709281	0.68282676	-0.68567175	0.7326721	0.66466933	-0.71361035	-0.6853153	0.73382103	0.6970756	0.7659561	-0.7469738	-0.7467269	0.6811052	0.59051293	-0.6352062	0.67721665	0.67145574	0.60152614	0.6014769	0.77260226	0.67384386	-0.6756667	-0.6582819	0.7242223	0.6990302	-0.6531849	0.4629943	-0.7766214	0.72287405	0.6713702	-0.70060176	0.6883682	-0.66089684
-0.8651402	-1.038393	-0.94912905	1.0238603	-0.90168893	-0.90533113	0.8697335	0.8267287	1.067324	1.029944	-0.98542935	-1.0766717	-1.0146974	0.9191495	-1.0042312	-1.0025853	0.98687404	0.9492155	-0.9906112	-0.9652148	-1.0934654	-1.060569	1.0050821	0.9880969	0.9608335	0.984903	-1.0143987	-0.9776035	1.0769368	1.089624	-1.0123389	1.0686257	-0.97658765	-0.7419527	1.041977	-0.9964711	-0.69081295	0.9904745	-0.9076699	0.83903635	1.0048585	-1.0005711	-1.021466	-0.98582816	-0.94227445	0.98483795	-0.8694869	-1.0028912	0.99787694	0.9476231	-0.8045112	-1.1196024	-0.9000012	-0.9692015	-1.0352137	-0.98276913	1.0462011	-0.9913008	-0.97598994	-0.95866776	-1.0519694	0.8854044	0.8039184	-1.0765966	1.0623089	1.0372952	-0.90209246	0.88615036	1.0375216	-1.0345322	0.93958217	0.97325015	-1.0107087	-0.9425604	0.9414339	0.92653465	0.91126317	-1.0383477	-0.9205221	0.6655752	0.91836476	-0.8354219	1.0472566	0.9328646	0.75807047	0.99307483	1.0324105	1.0136377	-0.94077665	-1.035794	1.0001763	0.93795264	-1.0588865	0.99607897	-0.9966623	0.97403586	1.0206393	-0.7123658	1.0001892	-1.0492132
-0.7682688	-0.83504826	-0.81181484	0.8087998	-0.81345165	-0.82112527	0.7085083	0.64664894	0.8939368	0.80246025	-0.8405452	-0.8211564	-0.86926764	0.70946234	-0.8768436	-0.82990795	0.8007624	0.78087544	-0.80497444	-0.84239334	-0.8861229	-0.87958586	0.8520444	0.8202349	0.77875257	0.78312737	-0.8823155	-0.8184639	0.8766786	0.8254742	-0.82091624	0.7978282	-0.86782616	-0.58747125	0.78442883	-0.7973524	-0.62874305	0.7885269	-0.7683093	0.72056913	0.87952435	-0.8254691	-0.78666943	-0.7796384	-0.82307744	0.86183995	-0.7147508	-0.80479306	0.8650805	0.7848402	-0.6881871	-0.9356232	-0.73882526	-0.7683027	-0.86230063	-0.9264372	0.84459704	-0.8570265	-0.76424235	-0.8365785	-0.8811076	0.7752631	0.71681446	-0.9193428	0.8581014	0.9009452	-0.7556146	0.7570705	0.8376056	-0.8583346	0.7406153	0.8335181	-0.84912074	-0.7728299	0.73968935	0.7832277	0.7451144	-0.8479464	-0.73328114	0.50252825	0.7658738	-0.62080884	0.84547627	0.8159277	0.60304326	0.85301894	0.8323644	0.79254496	-0.76102394	-0.7396539	0.82556695	0.8204929	-0.7938332	0.88117677	-0.76856714	0.8761486	0.8201402	-0.57630616	0.7765832	-0.9386615
-0.6696039	-0.9143656	-0.79401696	0.8266842	-0.8625376	-1.065788	0.9989224	0.8102141	0.7295668	1.0025388	-1.0616858	-1.0166999	-0.94016576	0.915594	-0.96490294	-1.0535661	0.9680432	0.734504	-1.0196646	-0.86920315	-0.9742298	-0.8313812	0.9953024	1.0109292	0.9983566	0.7616243	-0.83143055	-0.7962526	0.9996827	0.94775677	-0.8217627	1.0558734	-0.8541979	-0.8515276	0.79573923	-0.98326594	-0.79454744	0.709504	-0.77846557	0.8722671	1.0040644	-1.0978833	-1.0346863	-0.8993536	-0.9760365	1.0339606	-1.0218463	-0.960728	0.982612	1.0586966	-0.6604794	-1.063667	-0.8622797	-0.91993785	-0.95595163	-0.9484002	0.9928215	-1.0816458	-1.0272962	-0.6853761	-0.91812044	0.84384763	0.79159415	-1.0767338	1.0270612	0.91939646	-0.65388846	0.7393345	0.9602533	-1.0127393	0.77101284	0.87310255	-0.9635306	-1.0194502	0.9446419	0.9626782	1.0338937	-0.94355303	-1.1569823	0.8748452	0.73897487	-0.68662554	0.8201492	0.8086572	0.67758226	0.71382743	0.95816547	0.6905885	-1.0889891	-1.0549288	0.90019387	0.94576627	-0.8564614	0.9706906	-0.91416204	0.71572256	0.9847807	-0.775253	0.81860834	-1.0581375
-0.67808163	-0.8321935	-0.80167806	0.8670145	-0.8609406	-0.82038975	0.7842281	0.78452146	0.7885077	0.8864493	-0.82908356	-0.93707234	-0.95085824	0.83308864	-0.8525149	-0.91674924	0.8433208	0.8199274	-0.83802754	-0.88342947	-0.8994995	-0.852347	0.8674916	0.86866075	0.886408	0.8308487	-0.7957785	-0.8074775	0.89560676	0.92322683	-0.84885854	0.94136626	-0.8954963	-0.7495387	0.8808185	-0.8831071	-0.7630432	0.8015264	-0.8472313	0.7934132	0.9577882	-0.84707147	-0.84906334	-0.8838148	-0.8459341	0.88961595	-0.8166751	-0.8423174	0.8539778	0.84119445	-0.66431963	-0.85270566	-0.74748	-0.8986275	-0.87499565	-0.924566	0.9187603	-0.912169	-0.9170023	-0.7802905	-0.84151614	0.8126614	0.78891784	-0.93531406	0.86908704	0.91280776	-0.7625073	0.7305601	0.88623583	-0.8367965	0.8335625	0.87038654	-0.84685975	-0.90517205	0.89660674	0.8792739	0.8770212	-0.86621124	-0.80038077	0.79422635	0.78767616	-0.7165173	0.8696152	0.78665954	0.6671621	0.74896324	0.88561404	0.7138804	-0.8539506	-0.8713628	0.8672626	0.90284204	-0.7822902	0.91568637	-0.8382401	0.7906571	0.8568783	-0.7252865	0.8135176	-0.9241985
-1.0134922	-0.9599111	-1.0084673	1.0114943	-0.9330122	-0.866031	1.0168751	0.9853831	1.0648984	1.097025	-1.0232162	-1.0083891	-0.82136256	1.0092704	-0.9822094	-1.0185229	1.0622674	1.0457597	-1.0373063	-0.9938506	-1.0499172	-1.0127308	1.0073518	1.1014773	1.077056	0.9720371	-1.0745004	-1.0477295	0.9162183	1.0781722	-1.0133832	0.9885048	-0.8802835	-0.88274646	1.0666194	-1.0207548	-0.9098024	0.9543379	-1.0521196	1.0048324	0.92538303	-1.1042829	-0.99107796	-1.0949506	-1.0421706	0.9305441	-1.0127168	-1.0892578	0.89175403	0.99552727	-0.89828354	-1.0543046	-0.9724182	-1.0866028	-1.0520482	-0.92161167	1.0911211	-0.99446166	-0.9658621	-0.98741204	-0.96855265	0.99616987	0.9936601	-1.0777539	1.0819231	1.0683006	-0.96670157	1.0228814	0.9747328	-1.1145244	0.98696035	1.0150241	-1.1356877	-0.95287687	1.0449483	1.0606884	1.0873847	-1.0082039	-1.02955	0.91103894	1.0344086	-1.0304837	1.0448182	0.93293464	0.8861204	1.0136704	1.0992565	1.0617689	-1.0718912	-1.0099114	1.1088815	1.021939	-1.035511	0.7504321	-1.0631751	1.00396	1.0419263	-0.9692146	0.9963845	-1.0245104
-0.7898044	-1.041978	-0.9208747	1.01616	-0.9284711	-0.9899524	0.9501554	0.7755213	1.0174879	1.0511057	-0.95942914	-1.0404224	-1.0374519	0.96160746	-0.95941013	-1.0526733	1.0342501	0.9092388	-0.99305856	-0.9910949	-1.0135	-0.9657105	1.020808	1.0128766	0.9874635	0.8591866	-0.98098624	-0.9041227	1.0434092	1.0154474	-0.9023529	1.0355294	-1.0277392	-0.84123254	0.9684678	-1.0811247	-0.75207406	0.863518	-0.9353865	0.8929892	1.1009499	-1.071657	-0.9914986	-0.9322534	-0.9588545	1.0429975	-0.94282764	-1.0093651	1.0390769	0.9456912	-0.68499494	-1.045884	-0.8511011	-0.95739996	-0.9914752	-1.0425526	1.003693	-1.1258074	-0.9860279	-0.8970603	-0.9909148	0.93248004	0.7679788	-1.0420703	1.0139383	1.0157785	-0.7759442	0.8149523	1.0438898	-1.035842	0.9040459	0.9657798	-0.9657233	-0.956475	1.0116386	0.98121977	0.95477945	-0.98878205	-0.9154631	0.76458037	0.83167696	-0.82066095	0.9683307	0.8854094	0.65547323	0.92367804	0.953177	0.83226514	-0.9931453	-1.0181308	0.95849425	1.0093359	-0.9510981	1.0330718	-0.9274341	0.9637069	1.0237081	-0.69661856	0.95138806	-1.0261043
-0.7590854	-1.025772	-0.8838117	1.0348811	-0.92408967	-1.0593045	0.9062107	0.7658235	1.0077045	0.9432182	-0.94847393	-1.0504546	-1.1592785	0.87535155	-1.0470757	-1.1475835	1.0647783	0.8634007	-1.0460986	-1.0141845	-1.1670367	-0.9292047	1.0445839	1.069131	1.0137835	0.9131466	-1.027267	-0.9113555	1.146398	1.0640125	-0.94658226	1.1403844	-1.0739126	-0.7650186	1.001788	-1.0786171	-0.738616	0.9131305	-0.90007406	0.8432195	1.1138824	-0.99650794	-1.0793859	-0.9639346	-0.94149566	1.0967739	-0.86522734	-0.9302269	1.1094459	0.9539693	-0.66073	-1.1055416	-0.8116773	-0.9849948	-1.0509869	-1.0825138	1.0505728	-1.1616066	-1.07887	-0.890142	-0.97709596	0.91489065	0.7900439	-1.1025292	0.9925179	1.06155	-0.7995484	0.79190934	1.1183981	-1.0573164	0.87123966	1.0444976	-1.0198219	-0.94874775	0.93426514	0.91781485	0.92855364	-1.0766311	-0.8402822	0.6235511	0.81466013	-0.7595724	0.9699194	0.91151446	0.69554454	0.87033194	0.9688545	0.94542074	-0.929171	-0.9192351	0.9194893	0.8860669	-1.0261544	1.1056916	-0.9206434	0.97652143	1.0938702	-0.66732126	0.9623359	-1.1285026
-0.63531727	-0.41359633	-0.58620036	0.39786577	-0.53145444	0.13535652	0.5821726	0.5781456	0.50414246	0.53483564	-0.4148379	-0.42434612	-0.114135146	0.5453368	-0.2707048	-0.38156724	0.3167741	0.5942218	-0.44452408	-0.40591684	-0.43607622	-0.5728087	0.3069768	0.50577533	0.4617387	0.48202717	-0.5357631	-0.60098827	0.13006084	0.5267625	-0.52299494	0.34786522	-0.24631347	-0.5703737	0.5201661	-0.3525708	-0.54368573	0.5467218	-0.51031286	0.51989967	0.14469679	-0.4509431	-0.32564136	-0.57743305	-0.47094786	0.18032663	-0.54278934	-0.55756444	0.1430023	0.34303465	-0.5950732	-0.51901275	-0.5182014	-0.49900463	-0.42501324	-0.34983224	0.43320128	-0.19827607	-0.23758444	-0.5649842	-0.46357194	0.49019298	0.582653	-0.40889478	0.56334984	0.48324773	-0.6069388	0.5469198	0.36545247	-0.4263121	0.51094514	0.46592578	-0.50421095	-0.36412063	0.5130307	0.5229165	0.47029978	-0.48850948	-0.4641341	0.5699008	0.55413145	-0.6443847	0.5046444	0.5222542	0.60085946	0.47257227	0.574846	0.5651049	-0.39017496	-0.4502087	0.576198	0.53193825	-0.48692173	-0.029047526	-0.48001608	0.56229126	0.3371379	-0.56143594	0.5320697	-0.28333226
-0.93900913	-0.9755842	-0.8692364	0.95887554	-0.86644083	-0.8473764	0.8217522	0.8211752	0.98839897	0.9486849	-0.9273115	-1.0251096	-1.0333784	0.85347074	-1.0328171	-1.0578225	0.954522	0.9190656	-0.9563242	-0.97081965	-1.0335503	-0.9852707	0.9616907	0.93646705	0.91252905	0.959362	-1.0396575	-0.9001401	1.0358133	1.0461357	-0.9335176	0.9703674	-1.0073279	-0.77773464	0.9901361	-0.9733308	-0.6996111	0.98321354	-0.87844783	0.8319812	1.0350438	-0.94426835	-0.9555503	-0.8994761	-0.83957756	0.9428787	-0.67441237	-0.9216597	0.9979778	0.89133227	-0.8307381	-0.98789144	-0.87988484	-0.9254915	-0.9728609	-1.0320817	0.91918814	-0.99565625	-0.9066734	-0.9778494	-0.96508414	0.8204117	0.8106532	-0.9996596	0.9104012	1.0901817	-0.8706341	0.9029388	1.0553398	-0.9518634	0.8659671	0.94385445	-0.96088594	-0.88613385	0.8828064	0.8536759	0.8562151	-1.0081809	-0.730558	0.68573236	0.96565783	-0.7619159	0.9666425	0.97073513	0.7756701	1.03614	0.9694032	0.95990884	-0.8571513	-0.8752542	0.93166375	0.9324015	-1.008658	1.0225931	-0.9703756	0.9752223	1.0427499	-0.67795247	0.91340345	-0.96526814
-0.82764435	-0.93567723	-0.8800929	0.9346739	-0.7849803	-0.6805343	0.81340206	0.79997104	1.0025727	0.8242769	-0.7864675	-0.87275636	-0.9391209	0.82102096	-0.7979401	-0.92183113	0.84965366	0.82331795	-0.8563772	-0.80982953	-0.9391126	-0.9644209	0.85918105	0.9205478	0.84588695	0.85627824	-0.97589976	-0.819954	0.82726514	0.9198198	-0.85656744	0.86256427	-0.8660149	-0.6815434	0.94222146	-0.7966412	-0.7092227	0.86734617	-0.85388374	0.84556824	0.8535174	-0.7744168	-0.7976456	-0.8988039	-0.8143064	0.7333579	-0.7309147	-0.8554561	0.80632776	0.72151095	-0.7942214	-0.8969719	-0.77451664	-0.8484166	-0.794283	-0.88738954	0.83711165	-0.796167	-0.73126286	-0.94177777	-0.8803786	0.77562827	0.8451905	-0.84203273	0.86196303	0.957247	-0.79937935	0.8443925	0.8308521	-0.89133996	0.9062613	0.86013764	-0.86412203	-0.83489996	0.83332086	0.7791167	0.72589004	-0.9390822	-0.69069475	0.64970684	0.8664942	-0.7704261	0.9443937	0.80275697	0.8026585	0.9902442	0.8768892	0.9292366	-0.70838934	-0.81130093	0.85287344	0.8304753	-0.93952775	0.8620645	-0.84627956	0.8593221	0.91092867	-0.6039137	0.8766474	-0.83020175
-0.92660326	-0.9901588	-0.8971807	0.9751791	-0.9048284	-0.7955697	0.8150415	0.8245534	1.0195317	0.8599535	-0.8345154	-0.9037638	-0.9232876	0.8834093	-0.9351077	-0.9021001	0.9415809	0.87038183	-0.87437296	-0.9669573	-0.9853856	-1.0199068	0.935143	0.90888697	0.8520353	0.9753667	-1.0280778	-0.93781567	0.87510127	0.9363103	-0.98982173	0.9188081	-0.9932208	-0.7814394	0.9930085	-0.9017151	-0.7769868	0.92065537	-0.93742514	0.9034686	0.8717217	-0.8650717	-0.8397706	-0.929224	-0.9116359	0.8654009	-0.8045707	-0.92732316	0.89928114	0.87610865	-0.86056757	-0.9965157	-0.8043311	-0.9269591	-0.8796996	-0.9617993	0.88195306	-0.8459813	-0.812815	-0.9998492	-0.98818266	0.8640082	0.8524631	-0.93902457	0.9695402	1.0043234	-0.91365945	0.89777535	0.8816347	-0.9203048	0.8820205	0.92049015	-0.92919475	-0.8704947	0.86510533	0.8936112	0.79267967	-0.90896314	-0.7670772	0.73998994	0.9226377	-0.82193196	0.9541728	0.96931505	0.80160874	1.0146759	0.92385066	1.0023929	-0.8372146	-0.8218334	0.9196424	0.88283896	-1.0010659	0.8948658	-0.9077317	0.9973395	0.9543523	-0.78522813	0.9186042	-0.91557646
-0.97566414	-0.9497997	-0.9336356	0.93957067	-0.9645382	-0.7460414	0.83439183	0.9800094	1.0363548	0.8868353	-0.89025575	-0.9307242	-0.92051685	0.8984196	-0.9114189	-0.9103191	0.9080309	1.0083694	-0.89131904	-0.97030944	-0.9766363	-1.0052494	0.91723263	0.9088864	0.98959386	0.96936226	-1.001105	-0.971297	0.88060886	0.9284782	-0.9499485	0.9655728	-0.92609465	-0.86025846	0.97823554	-0.9485393	-0.8060405	0.9738214	-0.98463666	0.990184	0.8793526	-0.86354595	-0.92302066	-0.98126495	-0.93749607	0.8672623	-0.7851391	-0.9844216	0.9124898	0.91101545	-0.941608	-1.0255446	-0.95854795	-1.0194415	-0.9139563	-0.9170249	0.95292604	-0.8874479	-0.87006384	-1.0339224	-0.98248816	0.8966151	0.95378006	-0.9486069	0.91285586	1.0291191	-1.0001215	1.0479122	0.8920402	-0.99832803	0.99698734	1.0143597	-1.0078853	-0.93036455	0.9237083	0.9421478	0.8360679	-0.9119205	-0.816763	0.76999575	0.9326241	-0.9434699	0.95716697	0.9524868	0.95853066	1.0430853	0.99227583	0.9671712	-0.8781385	-0.84769434	0.89877176	0.9305317	-1.0329876	0.85881144	-0.8921892	1.0155051	0.91633433	-0.7631364	0.9407169	-0.83475643
-0.9505111	-0.95345837	-0.94430274	0.96016467	-0.9303061	-0.79229754	0.8798053	0.89333063	0.99350715	1.0183535	-0.90948486	-1.0066602	-0.9993749	0.93026614	-0.9151521	-0.97595304	0.93964136	0.9365243	-0.90675557	-0.9241447	-1.0015328	-1.0432913	0.89862895	0.9710141	0.97753304	0.96978295	-1.0338484	-0.96067834	0.9590632	1.0356278	-1.0309252	0.97517294	-0.99501634	-0.82904345	1.0512061	-0.9478127	-0.84311306	1.0131506	-0.93997127	0.9461745	1.0196949	-0.919442	-0.9075764	-0.9971099	-0.9824714	0.8495776	-0.8156191	-0.97151566	0.93672967	0.86373764	-0.85812896	-0.9863692	-0.9415442	-0.96887296	-1.001996	-1.0168974	0.9549883	-0.9714244	-0.8615357	-0.98691565	-0.9576008	0.8889486	0.89938056	-0.9678433	1.021231	1.0059644	-0.9236619	0.9457345	0.9644972	-0.96274835	0.9802715	0.9401362	-0.97699726	-0.9341439	1.0057756	0.97424054	0.9452087	-1.024239	-0.8724808	0.7552685	0.93264866	-0.9173083	0.9799296	0.927256	0.8258563	1.0687034	0.99301714	1.0273298	-0.8323672	-0.93537676	1.0101407	0.97678953	-1.0622731	0.9227181	-1.0213388	0.9834239	0.9881854	-0.783026	0.95079195	-1.0029297
-0.88279337	-0.9059827	-0.89204276	0.91210014	-0.95092666	-0.744119	0.85609925	0.8538839	0.92470765	0.88919693	-0.85491264	-0.875888	-0.83426577	0.9119796	-0.83704823	-0.92615885	0.9246954	0.85272664	-0.8425778	-0.9064562	-0.89930856	-0.9677609	0.8627011	0.89777976	0.891257	0.87848145	-0.9522632	-0.8985322	0.8436012	0.8637498	-0.8570721	0.88480824	-0.94426054	-0.8095357	0.94221276	-0.9139917	-0.87694395	0.89219034	-0.9271128	0.90181404	0.8412832	-0.88709617	-0.9158029	-0.90259135	-0.9135129	0.8302559	-0.8201746	-0.93028384	0.79826224	0.8842684	-0.8868926	-0.92790383	-0.83779216	-0.8806231	-0.8960127	-0.8825802	0.9147025	-0.7873078	-0.84345865	-0.87162596	-0.8870295	0.8545317	0.8453797	-0.84689856	0.9145669	0.9093886	-0.87165177	0.9554749	0.866625	-0.8919263	0.9014399	0.87904334	-0.9344324	-0.8570949	0.8758419	0.8575749	0.8709928	-0.89929515	-0.7606243	0.811286	0.96178705	-0.93614393	0.9297059	0.8907201	0.8260649	0.9074611	0.94531727	0.89028585	-0.8142628	-0.88408005	0.9160155	0.9387505	-0.9654355	0.8077254	-0.90597725	0.9239232	0.87435687	-0.835273	0.8963556	-0.8515599
-0.420214	-0.82163477	-0.7243092	0.8241118	-0.78820837	-0.9468068	0.82356304	0.49025583	0.79575694	0.87594724	-0.89902526	-0.90362924	-0.9007055	0.7015661	-0.9556	-0.9058629	0.94591486	0.6773753	-0.8246405	-0.8151204	-0.9502292	-0.7701137	0.9326382	0.84198034	0.941427	0.7363864	-0.7519233	-0.723409	0.9355845	0.8344762	-0.75027823	0.859248	-0.90154195	-0.5867512	0.7051231	-0.9199685	-0.62853676	0.6467853	-0.77703357	0.64849675	0.98653764	-0.91306645	-0.90382415	-0.7557415	-0.8227748	0.967361	-0.8251371	-0.74806	0.9574254	0.94110286	-0.40884796	-0.9169119	-0.54892576	-0.7895894	-0.8767824	-0.90379024	0.87630457	-1.006167	-0.96225363	-0.6832899	-0.7616386	0.72797173	0.56965744	-0.981297	0.81959575	0.8444038	-0.564073	0.59361553	0.94617146	-0.85993505	0.6778405	0.83251363	-0.8587365	-0.8203747	0.8181729	0.8245586	0.8787917	-0.8681968	-0.83500564	0.59683394	0.60248697	-0.52812135	0.79508895	0.7012285	0.43713593	0.661104	0.82638925	0.6532742	-0.89554834	-0.8353328	0.8447463	0.7983721	-0.80522215	0.95650095	-0.8302279	0.7108328	0.9224701	-0.5350745	0.80505353	-0.9985778
-0.83678967	-1.0268039	-0.8950709	0.96740204	-0.8639983	-0.8866482	0.7759285	0.73876035	1.082022	0.9091847	-0.92416227	-0.9773273	-1.0225761	0.8531699	-0.9724593	-1.0659295	0.9541499	0.921663	-0.9065577	-0.9284368	-1.0634328	-0.9763107	0.9618315	0.9680851	0.9063722	0.95269203	-0.99412143	-0.8472283	1.0291717	1.057105	-0.9334669	1.0209316	-1.0448512	-0.7085284	1.0417007	-0.9334352	-0.7021726	1.0110224	-0.9143097	0.8004999	1.0358208	-0.8801719	-0.9326611	-0.9187194	-0.81901973	0.93312335	-0.7573526	-0.94057995	0.9548912	0.93339884	-0.72415894	-1.0604423	-0.8486294	-0.89721775	-0.97556347	-1.0123904	1.0101808	-0.95065236	-0.93067294	-0.9341486	-1.0048252	0.8146371	0.8184488	-0.9677371	0.93985826	1.0204126	-0.934781	0.8817925	0.98036563	-0.94354755	0.96931946	1.0512741	-0.93669397	-0.92798483	0.9079613	0.8152999	0.76743495	-0.9672322	-0.7607617	0.5701171	0.8936446	-0.7124517	1.0014026	0.90695924	0.747749	1.0253565	1.0212804	0.96238154	-0.813198	-0.86127335	0.8937563	0.8448375	-1.0716069	0.9941908	-0.86437106	1.0376678	0.9807661	-0.60930765	0.9643178	-1.0128745
-0.5996271	-1.029433	-0.87589645	1.0330675	-0.9158857	-1.1411629	0.9014648	0.63915896	0.8296329	1.0520183	-1.094545	-1.0846219	-1.181867	0.8753157	-1.052101	-1.0813727	1.0958762	0.7835	-1.0749886	-0.9852202	-1.1154957	-0.8380517	1.0331742	1.0015527	1.0802488	0.84602404	-0.8621928	-0.8026988	1.1265978	1.0555733	-0.84547895	1.0802814	-1.0746304	-0.8235057	0.8129827	-1.1656642	-0.8608157	0.80064124	-0.8611446	0.82802266	1.2033563	-1.124202	-1.0633258	-0.8246875	-0.99618655	1.1766986	-0.9376925	-0.94869	1.1412809	1.1465605	-0.632913	-0.9838397	-0.79470146	-0.9217826	-1.1128721	-1.0336922	0.96311355	-1.179435	-1.1434712	-0.6845611	-0.97463715	0.9227735	0.69378316	-1.1099042	0.93303245	1.0151435	-0.6335071	0.66016954	1.0918264	-0.97476023	0.8575323	0.98886585	-1.0005323	-1.0584536	0.9675636	0.8981994	1.0286897	-1.0295999	-0.956842	0.8011886	0.72161454	-0.59308493	0.9171	0.9488083	0.64372003	0.6810388	0.916813	0.66715366	-1.0380363	-1.0815803	0.9485905	1.029204	-0.84867907	1.1388103	-0.9770172	0.83159614	1.121864	-0.7713865	0.9096159	-1.0944079
-0.75565237	-0.92898464	-0.93499595	0.97145253	-0.8512387	-1.0659351	0.85374707	0.73289824	0.8981282	0.9249639	-0.95813394	-0.9971387	-1.0210347	0.8543181	-1.0057527	-1.080718	0.9881537	0.8113859	-0.97802436	-0.9347067	-0.9995487	-0.9219127	0.9354945	0.9952189	1.0124729	0.8986958	-0.9775136	-0.9157793	1.1127675	1.0005437	-0.9223178	1.0244147	-0.956621	-0.74528146	0.9508736	-1.0655233	-0.7525389	0.90471226	-0.89463305	0.85987103	1.1070019	-1.0280389	-1.0008296	-0.8831352	-0.93137044	1.0703763	-0.86228263	-0.95321816	0.98354715	0.9774782	-0.7088427	-0.9822858	-0.8210002	-0.96680635	-1.0356275	-0.9349765	1.0353746	-1.1038911	-1.0400538	-0.8891615	-0.950822	0.95109165	0.75146013	-1.0076361	1.01973	1.030247	-0.82508117	0.8443944	1.0202606	-1.0608197	0.8746555	1.0438414	-0.9541114	-1.0157887	0.9132589	0.8861023	0.94466406	-1.0281675	-0.959538	0.7687375	0.8718375	-0.7348125	0.9102931	0.82233435	0.66623646	0.8191984	0.9690046	0.8496915	-0.93472713	-1.0045872	0.9591751	0.94148934	-0.8900228	0.9971018	-0.91611385	0.87009645	0.99401814	-0.7653199	0.9535389	-1.0565019
-0.9064552	-1.1337645	-0.91852313	1.0876987	-1.0319139	-1.0901201	0.92572033	0.88242364	1.09314	0.9970757	-1.0297639	-1.053475	-1.1812199	0.8567727	-1.0955946	-1.1129743	1.0817324	0.90286005	-1.0660198	-1.0654948	-1.150998	-0.99243116	1.0886533	0.9638634	0.9999545	1.0421065	-1.0337864	-0.90682703	1.1341126	1.1021084	-0.9773176	1.0702465	-1.2049352	-0.7835963	1.0058959	-1.1152399	-0.8735807	1.0465885	-0.9676325	0.8604434	1.2209462	-0.9919827	-0.9817359	-0.9275052	-0.9394279	1.097651	-0.8159389	-0.9096531	1.1412348	0.96294934	-0.7643871	-1.0742847	-0.84845376	-0.9515619	-1.0547112	-1.1518254	1.03415	-1.1313026	-0.9897076	-0.92202634	-1.0753759	0.89914197	0.8897109	-1.0991802	0.92535645	1.1424987	-0.8362892	0.9531015	1.1529329	-1.0292596	1.021361	1.0881673	-1.0138787	-1.0021733	0.9759031	0.8772277	0.8974894	-1.0558082	-0.8273897	0.71030265	0.89666444	-0.7434434	1.0780054	1.1096662	0.8078903	1.0732641	1.0324143	0.92450297	-0.8480586	-0.9661722	0.95150095	0.9648221	-1.0117645	1.1949766	-0.97802114	1.0160863	1.0937138	-0.7981447	0.92651784	-1.0963247
-0.5626569	-0.8649241	-0.8159233	0.9048727	-0.77916366	-1.1047041	0.8322755	0.620497	0.77153087	0.8986612	-0.984929	-0.9736566	-1.0536249	0.74036485	-0.93096185	-0.9657647	0.932405	0.6828603	-0.90615076	-0.8531145	-0.9951482	-0.8262172	0.89788496	0.8523603	0.92940485	0.7362735	-0.8618179	-0.7183958	1.0603199	0.901088	-0.7878635	0.95874494	-0.9970812	-0.67390376	0.7720021	-1.0336639	-0.74453205	0.8186057	-0.7674125	0.74819434	1.0111365	-0.92582273	-0.99141026	-0.7869755	-0.83467263	1.0579756	-0.8272136	-0.7304315	1.0933242	0.9746561	-0.51600647	-0.8634665	-0.6276972	-0.90931314	-0.9657748	-0.919291	0.85732365	-1.0755543	-1.0541246	-0.71723473	-0.8428778	0.77273005	0.67754215	-0.94483656	0.84211785	0.9274844	-0.62084764	0.6152006	1.0207909	-0.8829559	0.7686431	0.9073586	-0.8469756	-0.9710205	0.82553726	0.7973363	0.9166142	-0.96397924	-0.889073	0.6462834	0.6293742	-0.51441336	0.80969965	0.79730684	0.5442271	0.7083237	0.7830958	0.68383026	-0.95251644	-0.92532927	0.8656346	0.8111513	-0.7409975	1.1012001	-0.84961945	0.74455583	0.9387178	-0.64853746	0.8011678	-0.9405301
-0.65505594	-0.8143801	-0.781494	0.81940216	-0.7714112	-0.8181787	0.79702413	0.6574297	0.7330445	0.83269596	-0.9227988	-0.83532166	-0.8186775	0.7687013	-0.9289999	-0.8815258	0.87185246	0.7146616	-0.84167886	-0.81456083	-0.83987314	-0.75330245	0.92070174	0.87951803	0.84403574	0.74145377	-0.77681136	-0.7046934	0.9152375	0.8283367	-0.78578484	0.8811609	-0.85639995	-0.70240086	0.8029873	-0.9269456	-0.79649156	0.73419607	-0.79317695	0.7981483	0.85545456	-0.8694081	-0.9022323	-0.7264426	-0.9002197	0.9116997	-0.82193696	-0.83341414	0.88694	0.85268164	-0.65192306	-0.80630374	-0.72655827	-0.792306	-0.8724512	-0.8365863	0.8085622	-0.9080962	-0.9124471	-0.71625084	-0.85483885	0.7864396	0.70271033	-0.9000125	0.8123337	0.7995059	-0.68974996	0.7111013	0.9089979	-0.8611197	0.73214835	0.81425726	-0.83390254	-0.80352324	0.86113656	0.80705184	0.88029104	-0.8776096	-0.87919503	0.7520338	0.7248037	-0.678234	0.81586236	0.73609906	0.6770185	0.64837706	0.8526565	0.6732542	-0.8935514	-0.84292006	0.8226437	0.78239715	-0.7150976	0.81412727	-0.7644567	0.71665835	0.9005904	-0.6643151	0.81083876	-0.9179215
-0.8600423	-0.8183626	-0.77322304	0.87388885	-0.8225368	-0.59374344	0.7265004	0.8203662	0.8446513	0.8031384	-0.7842045	-0.8169326	-0.7558491	0.7914974	-0.7313622	-0.78373384	0.6976091	0.76987606	-0.8161135	-0.7823682	-0.8048278	-0.82753056	0.72290176	0.83854085	0.77522963	0.8295405	-0.8154148	-0.8259075	0.7848582	0.8515627	-0.85695505	0.76916146	-0.7748659	-0.75860375	0.8358006	-0.790362	-0.7389328	0.8276205	-0.85920376	0.82614505	0.7347302	-0.7847647	-0.7315632	-0.85949063	-0.80414665	0.7010872	-0.6330956	-0.82016045	0.7946794	0.7548472	-0.7798571	-0.8508232	-0.78185594	-0.73781586	-0.7998652	-0.7928088	0.82411444	-0.70046663	-0.6650898	-0.8765734	-0.87014276	0.7936304	0.81447	-0.77585536	0.7165625	0.87103593	-0.8940502	0.8085895	0.8212286	-0.8234173	0.8259816	0.7950899	-0.75113374	-0.77504206	0.7869301	0.77270025	0.7247198	-0.8239011	-0.6030663	0.71589017	0.8790755	-0.83576816	0.80518883	0.8375081	0.8338783	0.92338806	0.80822045	0.9049634	-0.7538521	-0.69361347	0.8138184	0.7557829	-0.849361	0.7734064	-0.74796045	0.87979996	0.83128816	-0.7899267	0.81721854	-0.7970646
-0.9087154	-0.9226722	-0.91300917	1.0049825	-0.92670554	-0.6672136	0.8155925	0.7954194	1.0754116	0.9433448	-0.8348301	-1.0104579	-0.8972722	0.86879057	-0.8548998	-0.9868578	0.8860087	0.95825994	-0.93240386	-0.95540553	-1.0066855	-1.0113751	0.9260014	1.022167	0.9335455	1.0116236	-1.0721626	-0.8989395	0.9339548	0.9773424	-0.965776	0.94660026	-0.9383891	-0.80396897	0.9502271	-0.9100937	-0.74269867	0.9930357	-0.88635325	0.85161084	0.95964724	-0.9039144	-0.91729087	-0.9663207	-0.92421275	0.8236908	-0.707074	-0.97546387	0.8552046	0.7758302	-0.8161959	-1.0697048	-0.9359947	-0.98588705	-0.9690909	-1.0249748	1.007593	-0.8584779	-0.85170865	-1.0043342	-0.93673164	0.80652064	0.8478811	-0.9957835	1.0493	1.0546914	-0.8965252	0.98687536	0.98145723	-0.9734949	0.90100175	0.9595781	-0.9730778	-0.90288645	0.8716789	0.83203	0.91756123	-1.0157619	-0.7915956	0.6903972	1.014507	-0.8844798	0.9522534	0.849172	0.75057155	1.0290203	0.9865879	1.0585499	-0.7960509	-0.82491434	0.96469647	0.91336995	-1.0231917	0.87857944	-0.9505008	1.0331874	1.0170768	-0.7299809	0.9139813	-0.97189754
-0.9774114	-0.9946501	-0.89835405	1.0216572	-0.9078511	-0.8183351	0.8508612	0.8606358	1.0431485	0.90369976	-0.8108761	-0.98089457	-0.9859841	0.83463883	-0.91713053	-0.9398632	0.9027066	0.8858585	-0.92295337	-0.9424376	-0.9723669	-0.9726848	0.92661774	0.9140127	0.9054072	0.9922604	-1.0422487	-0.8961865	0.91095597	1.0066164	-0.89525896	0.9367334	-0.97151953	-0.7203349	0.9896642	-0.9219956	-0.6931701	0.9185502	-0.92290545	0.9051222	0.9328736	-0.92957747	-0.8716997	-0.9684901	-0.83515507	0.86619925	-0.663166	-0.9483914	0.8982513	0.76633906	-0.8012289	-0.9801496	-0.8818681	-0.95510536	-0.9191207	-0.9944438	0.8764468	-0.9546274	-0.8249149	-0.9842074	-0.95156664	0.82932985	0.91046804	-0.9797736	0.8991673	0.97606385	-0.9099366	0.97238106	0.90921116	-0.90303135	0.95536125	0.9183318	-0.9030257	-0.8814839	0.8369853	0.86920875	0.78383774	-0.9207286	-0.73665375	0.648352	0.89135116	-0.8483599	0.99891394	0.9169987	0.86221844	1.0114152	0.96861416	0.9866053	-0.74169254	-0.7911262	0.9053675	0.89717454	-1.0377419	0.9107532	-0.8931807	0.9575079	0.9226337	-0.66841656	0.89625484	-0.9459449
-0.76513886	-0.8969745	-0.80141324	0.94889295	-0.83722323	-0.9119653	0.8032314	0.78476816	0.8913586	0.88462746	-0.9179785	-0.99124765	-1.0136513	0.82618845	-0.930853	-0.9284108	0.9226658	0.8720431	-0.84812784	-0.9426084	-0.9618746	-0.86781627	0.92341584	0.84938645	0.8563156	0.9232772	-0.94955134	-0.7852948	0.97021645	0.9342122	-0.9217322	0.9584845	-0.93163425	-0.7461015	0.92391914	-0.9130179	-0.7686855	0.84664255	-0.7670883	0.82051224	0.9769731	-0.86588246	-0.8542022	-0.81217116	-0.86571574	0.8923225	-0.69838035	-0.8923645	0.89670056	0.8246985	-0.7825921	-0.8809638	-0.7783564	-0.8893885	-0.94665813	-0.9850016	0.8708169	-0.90848553	-0.8356373	-0.8365983	-0.88521045	0.7891263	0.75570834	-0.9212048	0.84211427	0.90549153	-0.79199255	0.8214462	0.9015346	-0.88885605	0.8944706	0.93494296	-0.9033187	-0.9177643	0.8563638	0.8246865	0.7794643	-0.9218457	-0.7459589	0.70366484	0.79940313	-0.6884196	0.91999185	0.8068723	0.67378247	0.8551837	0.8686609	0.8239713	-0.8106101	-0.88299966	0.8297322	0.86137867	-0.9430972	0.9944129	-0.86183476	0.869875	0.90602726	-0.73581946	0.9050923	-0.9355436
-0.81995314	-0.9532577	-0.90006196	0.98108816	-0.9002553	-0.8822339	0.895912	0.8410635	0.97910166	0.91635656	-0.9050832	-0.9429506	-1.0162972	0.86652875	-1.0147724	-1.0209488	0.97417384	0.88219666	-0.9463264	-0.9563271	-0.973139	-0.9314456	0.94877446	1.0106615	0.99766225	0.89099014	-0.96547896	-0.91834044	0.95491624	0.95572686	-0.8840971	1.0464483	-0.98146325	-0.8232526	0.8911507	-0.947959	-0.83284205	0.8998504	-0.9016751	0.86607563	0.9692307	-1.0149273	-0.98586637	-0.9625197	-0.94855696	0.8917077	-0.9128748	-0.91030043	0.9084171	0.8992737	-0.79324305	-1.0627009	-0.9095441	-0.9951709	-0.98895377	-0.96750236	0.96942365	-0.96845627	-0.9637066	-0.86888015	-0.93737215	0.89960253	0.8359765	-1.0067652	0.9973173	0.98706824	-0.7839834	0.8349214	0.98146874	-0.9635742	0.8644878	0.9919877	-1.0056235	-0.9384	0.98644584	0.8973105	0.92384106	-0.9388557	-0.9191482	0.7790423	0.8896398	-0.83710295	0.9638088	0.8753988	0.8049721	0.8559952	0.9621588	0.83765286	-0.92028147	-0.9882368	0.99640524	0.9573082	-0.9694507	1.0051194	-0.9436872	0.9047361	1.0346446	-0.8533863	0.9119988	-1.055743
-0.8751264	-0.82993615	-0.81502396	0.75304705	-0.8254273	-0.5548688	0.79097617	0.81875235	0.806059	0.7623474	-0.747528	-0.7804863	-0.6878288	0.76712203	-0.7782962	-0.7068157	0.72636783	0.86840695	-0.72747326	-0.7707755	-0.81700057	-0.8217864	0.77620924	0.8524649	0.7931319	0.83961374	-0.9142806	-0.81101507	0.6508369	0.84360886	-0.84611577	0.7864477	-0.8070197	-0.7986051	0.8245689	-0.73276466	-0.72347957	0.87454385	-0.8068565	0.790847	0.70670336	-0.7135967	-0.73423725	-0.80444175	-0.73792994	0.72471863	-0.7356573	-0.7992092	0.6385258	0.7772823	-0.7689047	-0.8338837	-0.76193446	-0.8387779	-0.72792804	-0.7883427	0.858371	-0.6643504	-0.7274428	-0.8124947	-0.78441256	0.82784265	0.86384463	-0.7397081	0.81999683	0.8389111	-0.7964119	0.8219432	0.7423554	-0.8334903	0.84820914	0.79196864	-0.8500795	-0.7689191	0.85502154	0.81535286	0.80720925	-0.8308325	-0.70958745	0.77385306	0.85633355	-0.8319721	0.7845582	0.75787616	0.7977329	0.84803814	0.87099904	0.85733944	-0.77390915	-0.7262762	0.8314818	0.73128253	-0.84076774	0.6133554	-0.7795304	0.83676237	0.7732352	-0.7145072	0.8218418	-0.72727096
-0.6130425	-1.0180864	-0.93219584	0.9898806	-0.90561575	-1.1351845	0.8927811	0.6932936	0.8977467	0.9607615	-1.082221	-1.104776	-1.1506449	0.83495253	-1.1256217	-1.0796916	1.0909456	0.7902998	-1.0159485	-0.97588176	-1.0969533	-0.90747464	1.0077786	1.0217007	1.0118291	0.81279737	-0.88205194	-0.8903757	1.1792816	1.0107032	-0.92587644	1.1297858	-1.0934651	-0.77273077	0.9288159	-1.1256075	-0.7694194	0.9096656	-0.88724095	0.85057986	1.1058282	-1.0633618	-1.0794712	-0.9099984	-1.0210406	1.0841731	-0.86251384	-0.96016556	1.093499	0.976434	-0.64256597	-1.0280371	-0.8387999	-1.0271826	-1.0688304	-1.0336249	1.0551753	-1.1752635	-1.0425041	-0.7958531	-0.9935358	0.92931855	0.77490294	-1.0720278	1.046911	1.0950967	-0.6561265	0.7696756	1.0933654	-1.0601974	0.8589716	1.0802938	-1.0052065	-0.95946985	0.97835773	0.9050877	0.9640028	-1.069628	-0.9615482	0.6935175	0.71932036	-0.61927164	0.90511096	0.9009386	0.63999027	0.8114014	0.9244471	0.7726415	-1.0202291	-0.9591285	0.95458513	0.90699565	-0.95479554	1.174712	-0.9708456	0.9077289	1.1079661	-0.72253555	0.98119146	-1.1230581
-0.9917275	-0.9618284	-0.9912618	1.0043069	-0.8902757	-0.7586163	0.8228229	0.8513635	1.0923343	0.9632232	-0.86614174	-0.93462557	-0.9358081	0.9366247	-0.9592067	-1.0006925	0.9196964	1.007606	-0.89535135	-0.96012944	-0.9820587	-0.9935448	0.9609657	0.93799025	0.93231916	1.0520896	-1.0508739	-0.9771132	0.93134254	0.98203015	-1.0098222	0.9406966	-1.0220824	-0.7927269	1.0577936	-0.93817824	-0.7698544	1.0133195	-0.8756203	0.9283978	0.9868274	-0.904568	-0.8902739	-0.99070096	-0.89920783	0.8885088	-0.73850274	-0.9433146	0.88517684	0.89418983	-0.8840682	-1.0099005	-0.8726202	-1.012701	-0.9662164	-1.0133729	0.97759885	-0.9208512	-0.7778165	-0.9941484	-0.9823206	0.8858268	0.8355507	-0.9290092	1.0132885	1.0956566	-1.0042261	0.95542467	0.93058646	-0.9795914	1.0318607	1.0064832	-1.0028852	-0.9194937	0.8963873	0.89295906	0.90879625	-0.9989634	-0.71657294	0.7055362	1.0134034	-0.9172828	0.95744926	0.9540663	0.8623898	1.1034174	1.0344106	1.0488833	-0.8446385	-0.8558542	1.029029	0.8888086	-1.0058504	0.8666979	-0.92142814	1.0517536	0.9916405	-0.73743606	0.9835463	-0.9538038
-0.8724252	-1.0626286	-0.90025103	1.0006406	-0.9193176	-1.0086755	0.97165835	0.7827958	1.0454179	0.9897878	-1.0055472	-1.037086	-1.1628908	0.88316077	-1.1081365	-1.1129917	1.0826167	0.86797637	-1.0418179	-0.9942008	-1.0773605	-0.98008966	1.0734477	0.98234314	1.003986	0.9448475	-0.9861844	-0.9038378	1.1003921	1.0976384	-0.99563944	1.073483	-1.1161109	-0.82955104	1.0303984	-1.050562	-0.8544587	0.95323116	-0.8877662	0.8635929	1.1635883	-1.0472661	-1.0390679	-0.95891744	-1.0078948	1.0331111	-0.8730966	-1.0373596	1.0796238	1.0449685	-0.76643085	-1.1021702	-0.9132058	-0.98378354	-1.0631372	-1.0679172	0.9746653	-1.0600518	-1.04773	-0.967922	-1.0812984	0.9314745	0.7801158	-1.1067855	0.9969624	1.0658902	-0.8951854	0.87769735	1.0572072	-1.0559586	0.9421917	1.066567	-0.9665296	-1.0221583	0.9685364	0.92813146	0.98319376	-0.99980694	-0.90248007	0.6944101	0.8431631	-0.8000394	1.0277574	0.9695689	0.7948851	0.9866126	0.9844138	0.8783628	-0.92548984	-1.0076114	1.0421847	0.9470848	-1.0220681	1.1431222	-1.007382	0.96555156	1.0744399	-0.686956	0.9248307	-1.1094272
-0.8900627	-1.0284789	-0.93891054	1.0299541	-0.9388742	-1.0580659	0.9330238	0.8020606	1.1284978	1.006137	-0.9783981	-1.0273013	-1.1405898	0.9031218	-1.0634248	-1.1050438	1.0189368	0.8915566	-0.9461533	-1.0411035	-1.0464934	-1.0323111	0.97842413	1.0144444	1.0214237	0.9614209	-1.0445046	-0.8740802	1.098623	1.0486604	-0.9790313	1.0944151	-1.0372041	-0.75749505	1.0414925	-1.0114545	-0.73388934	0.9524259	-0.87551063	0.9114568	1.1185936	-0.95839643	-0.97169024	-0.93213695	-0.95098627	1.032659	-0.803466	-0.9839806	1.0575103	0.95527977	-0.8148316	-1.0979745	-0.93849516	-1.0558078	-1.0328292	-1.113811	1.0479962	-1.1454262	-1.0019689	-0.9628701	-1.0559049	0.9053943	0.88896817	-1.0665138	0.97315204	1.0489511	-0.88024044	0.9334283	1.1082444	-0.9938094	0.9185428	1.0566914	-1.0521592	-0.9666256	0.9193666	0.94008094	0.92465925	-1.0411898	-0.9114922	0.68893874	0.898456	-0.8274305	1.0314867	1.0353928	0.7715899	1.1092261	0.9786971	1.0054095	-0.91053945	-0.9568981	0.9841835	0.9089408	-1.0625744	1.1496137	-0.9810694	0.97922087	1.0344093	-0.650137	0.93808854	-1.0719838
-0.93849444	-1.0214467	-0.93086123	0.9798	-0.9374966	-0.8762491	0.8155886	0.79713404	1.0087006	0.8674947	-0.9014241	-0.9310784	-1.0008007	0.81461114	-0.9731552	-0.92885834	0.9869584	0.9025533	-0.91540664	-0.9222526	-0.9483541	-0.96278477	0.95465815	0.96010005	0.89807886	0.9778182	-0.97212356	-0.90582144	0.9741815	0.9293285	-0.93729997	0.97220767	-1.0533136	-0.7395259	0.99972093	-0.90979224	-0.7805927	1.0085942	-0.91490704	0.9040618	0.9367233	-0.8701088	-0.8360542	-0.93567026	-0.85386723	0.9474943	-0.73952883	-0.8571025	1.0095986	0.8610549	-0.8511683	-0.95574886	-0.8632716	-0.96122015	-0.9818539	-1.0018585	0.91113645	-0.9468286	-0.8511769	-0.96510285	-0.95377266	0.8957278	0.82227457	-0.9176396	0.8252961	0.9788449	-0.9525015	0.9381085	1.0139484	-0.9134455	0.88121396	0.935759	-0.90361094	-0.9328858	0.8663969	0.82852864	0.78670067	-0.95454055	-0.6526967	0.69280714	0.9133402	-0.75132316	0.9626993	0.9538739	0.8520943	1.0399902	0.89507544	0.9910021	-0.78880423	-0.83309835	0.8768747	0.8434784	-0.9572438	1.0201068	-0.88554597	1.028517	0.9935402	-0.71400815	0.90593475	-0.8618289
-0.6491554	-0.9590025	-0.8870725	0.8936291	-0.82627857	-1.049991	0.8262274	0.6513817	0.94691014	0.9121851	-0.94284934	-0.9583862	-0.99806297	0.8159722	-0.9520134	-1.0706258	0.96149176	0.7854059	-0.9933578	-0.93763995	-1.0689089	-0.89552975	0.95942414	0.9171328	0.99908715	0.8455687	-0.9164454	-0.8400358	1.0357883	1.0268662	-0.87767637	1.0219269	-0.9454805	-0.6872496	0.8421862	-1.0217184	-0.7065898	0.8564035	-0.78073186	0.83387035	1.039788	-0.9802113	-1.0319434	-0.88819647	-0.88293827	1.0607314	-0.8407423	-0.91219914	1.0557684	0.99358594	-0.59445673	-1.0268167	-0.7726628	-0.9356899	-0.9273446	-1.0081291	0.9766163	-1.0147269	-1.0383397	-0.8282097	-0.95699805	0.8893592	0.70613515	-1.0218365	0.96393484	1.0105981	-0.69102436	0.7579852	1.0742635	-0.96252036	0.84960496	0.9509657	-0.941388	-0.8981695	0.8766618	0.8625985	0.86967015	-0.97089756	-0.9025147	0.6303933	0.78032583	-0.5954747	0.9264832	0.8389845	0.6297045	0.8176355	0.9062874	0.8678944	-0.9439067	-0.9477603	0.8921277	0.8842326	-0.9407821	1.0330585	-0.8516093	0.89747053	0.96064407	-0.6294089	0.8364951	-1.0356976
-0.990599	-0.9408096	-0.9195775	0.89744985	-0.934696	-0.54015005	0.8788809	0.97214204	1.0118095	0.9237686	-0.8081229	-0.89638096	-0.8909683	0.87930113	-0.7971159	-0.86050177	0.8219406	0.99317724	-0.8097958	-0.89364666	-0.8790088	-0.9680393	0.9124495	0.91180235	0.8374795	0.97873557	-1.0193621	-0.89553225	0.83513224	0.85407126	-0.9155143	0.8782163	-0.8907847	-0.8555114	1.0234301	-0.8070192	-0.81917006	0.9216127	-0.95399606	0.8889088	0.7691789	-0.80009747	-0.7661915	-0.9797646	-0.9274923	0.7401126	-0.80190104	-0.92105967	0.83956724	0.72945297	-0.94464016	-0.95570844	-0.9074049	-0.937213	-0.869914	-0.954507	0.85285395	-0.7935316	-0.67571646	-1.0007983	-0.9303511	0.8461038	0.8881363	-0.81387305	0.8964086	0.9061281	-0.978524	1.0413642	0.86500216	-0.92818546	0.91449314	0.8988479	-0.952639	-0.798275	0.96334535	0.8594425	0.838766	-0.9063488	-0.7145461	0.7730629	1.0088388	-0.9093869	0.9636496	0.92545784	0.9076293	1.0261139	0.9435012	0.9495457	-0.7667808	-0.7381214	0.8707701	0.8521987	-0.9472606	0.8046708	-0.91456294	0.95137024	0.946284	-0.8031102	0.90143096	-0.87221295
-0.93564355	-0.9390363	-0.9615457	1.0455579	-0.8967141	-0.8021504	0.84144855	0.7927868	1.0145519	0.918737	-0.90687823	-0.9791634	-0.9062573	0.9039994	-0.94706804	-0.97169816	0.9965427	0.88003385	-0.8881193	-0.9027952	-1.0208251	-1.0122067	0.9488299	0.9667414	0.9700235	1.0205934	-1.0138438	-0.89640564	0.96852636	0.9103955	-0.92268187	0.9001351	-0.9879186	-0.7728741	0.9247357	-0.95106184	-0.817085	0.96944577	-0.91687936	0.8963584	0.9428218	-0.84969884	-0.85316825	-0.8863106	-0.928644	0.88203293	-0.76142496	-0.9562222	0.88907033	0.85788393	-0.81385523	-0.9246583	-0.9291397	-0.9677905	-0.94231606	-1.0041596	0.89679796	-0.89101934	-0.85813856	-0.97038275	-1.0146528	0.8488258	0.8226601	-0.90826	0.8409108	1.0105556	-0.92881405	0.9734683	0.9297181	-0.9190864	0.9602898	0.99768263	-0.9680107	-0.88254076	0.96075416	0.91412616	0.8407856	-1.0068631	-0.8194717	0.7579331	0.9114127	-0.86165315	0.96511614	0.9833279	0.7719023	1.0467649	0.92410874	0.9525677	-0.8414567	-0.81319195	0.92563075	0.89881766	-0.9428699	0.84081614	-0.94759405	0.9241998	1.0200927	-0.7124285	0.97437906	-0.8882913
-0.8791851	-0.9222207	-0.9238612	0.9663543	-0.9028783	-0.76162714	0.78407866	0.8737593	0.93675876	0.8424005	-0.8915367	-0.88820183	-0.92737776	0.82791674	-0.9115812	-0.88536793	0.8840762	0.91989744	-0.8754322	-0.93604326	-0.8767916	-0.9243617	0.9324143	0.8705256	0.87770724	0.9465239	-0.91895276	-0.85049295	0.8444529	0.90131533	-0.98200095	0.87336516	-0.9132146	-0.7576769	0.9289369	-0.8414967	-0.8037522	0.90864944	-0.8644052	0.8615216	0.8892467	-0.8139716	-0.82109725	-0.82554084	-0.83551425	0.87727654	-0.6756626	-0.85977226	0.8809264	0.82773584	-0.8619544	-0.868824	-0.93007463	-0.91511035	-0.8682032	-0.8690964	0.79052323	-0.76074034	-0.81190246	-0.88088095	-0.88922364	0.8449183	0.8240399	-0.8387336	0.77589875	0.905651	-0.8766329	0.94130886	0.8866957	-0.8247353	0.8854801	0.8660078	-0.81881356	-0.84725624	0.8051852	0.81501603	0.7127717	-0.84316224	-0.6761588	0.7043075	0.9565383	-0.78801715	0.9144693	0.9876342	0.90939397	0.98594385	0.891209	0.9226571	-0.7264992	-0.8455509	0.82716703	0.8510216	-0.9096446	0.9084771	-0.83948576	0.9622198	0.873487	-0.75616246	0.8375539	-0.7849993
-0.88789344	-0.8907607	-0.8396613	0.944927	-0.8569297	-0.59140503	0.7723227	0.8166788	0.93690556	0.8414801	-0.80752444	-0.93478405	-0.82644594	0.7915911	-0.7757531	-0.8570773	0.8089656	0.89016336	-0.85897356	-0.8849498	-0.9534065	-0.9652739	0.8251028	0.91450506	0.8675641	0.8602054	-0.9516705	-0.81371737	0.8146207	0.91622245	-0.93740255	0.89971036	-0.89835	-0.711265	0.9605696	-0.85811865	-0.78550386	0.9579326	-0.8395486	0.84375536	0.85101753	-0.8179036	-0.8354476	-0.94405854	-0.88711417	0.80472785	-0.7170798	-0.8809958	0.85028195	0.74704474	-0.8262518	-0.8752501	-0.908794	-0.89229107	-0.83446133	-0.89388967	0.89194757	-0.7669487	-0.70718396	-0.91746277	-0.87521315	0.8757139	0.8798781	-0.85799843	0.90639704	0.9293919	-0.8356408	0.9272313	0.8339629	-0.9062778	0.8509825	0.9147124	-0.9136704	-0.827886	0.83499104	0.807039	0.8006829	-0.9096197	-0.66938084	0.6428741	0.93710315	-0.86303115	0.90638596	0.8811025	0.7778325	0.92286247	0.9386752	0.87313336	-0.7742478	-0.7874533	0.89137405	0.7901612	-0.88457173	0.80855435	-0.8851827	0.8669346	0.94893795	-0.67105144	0.8469758	-0.898683
-0.6911198	-0.74326587	-0.78830576	0.7037598	-0.79068154	-0.7236566	0.70817244	0.7388022	0.7410248	0.72454125	-0.7774409	-0.7497209	-0.7119735	0.74714214	-0.7826197	-0.75818056	0.75922257	0.7481349	-0.78094673	-0.7585662	-0.76000637	-0.7572892	0.77697515	0.80074596	0.751173	0.7255254	-0.7683783	-0.6824504	0.74910694	0.7296749	-0.80159163	0.75875026	-0.7155641	-0.75634384	0.7501719	-0.7863902	-0.72874975	0.7254911	-0.71337444	0.7777622	0.6927452	-0.7465502	-0.73215485	-0.7339036	-0.8117639	0.73736894	-0.7473826	-0.7571107	0.7480773	0.7042852	-0.72713506	-0.7710294	-0.71337205	-0.70577276	-0.79723185	-0.75162596	0.7798574	-0.71328235	-0.7793447	-0.73461854	-0.7557713	0.737812	0.6930649	-0.74834335	0.7617718	0.73905045	-0.7688455	0.7899251	0.74449885	-0.81642985	0.7882363	0.76688296	-0.74488515	-0.7500538	0.77371097	0.7635048	0.7132845	-0.78907746	-0.69755924	0.72894174	0.71003723	-0.7238755	0.75940037	0.7265806	0.7439007	0.7067648	0.8025343	0.71976995	-0.77478135	-0.73740566	0.7345284	0.71617424	-0.75227034	0.6879593	-0.73397654	0.75515115	0.76495594	-0.6720581	0.74402297	-0.7615255
-0.7249311	-0.9623612	-0.81553465	1.0254189	-0.92339396	-1.0675275	0.832211	0.7129282	0.97009015	0.90895	-0.96844447	-1.0396127	-1.0982797	0.8487043	-1.0351157	-1.0401585	1.0963955	0.81186104	-0.99227464	-0.9511887	-0.9928001	-0.8797501	1.0451102	0.9088218	0.99371475	0.8687998	-0.9085771	-0.7925202	1.0951741	0.9963121	-0.928226	1.0900462	-1.0091884	-0.6747809	0.8869104	-1.0304374	-0.74277794	0.8611212	-0.83502644	0.7825905	1.1695586	-0.95676136	-1.0135305	-0.812339	-0.91810775	1.0905621	-0.751399	-0.92014414	1.0685863	1.0017536	-0.63854545	-0.97881716	-0.80999726	-0.9380633	-1.0176717	-1.0318843	0.9709109	-1.1049699	-1.0394429	-0.8140691	-0.9799028	0.8638455	0.7269177	-1.0310074	0.8959266	0.9973851	-0.78552854	0.8446127	1.0602937	-0.9387375	0.8454878	1.0131466	-0.9522078	-0.93689585	0.89093703	0.8057005	0.8643591	-0.97686505	-0.7953323	0.6641091	0.7728778	-0.6270573	0.9625342	0.9419247	0.7193218	0.91002554	0.91074467	0.8209126	-0.962142	-0.9170033	0.896908	0.8734987	-0.95611316	1.1654148	-0.92037636	0.91293573	1.0743185	-0.627086	0.8366099	-1.0188625
-0.5028306	-1.0670525	-0.87269264	1.0206023	-0.87289804	-1.1904224	0.89922327	0.6481413	0.8837499	1.0976833	-1.1496904	-1.1401877	-1.2223749	0.86380243	-1.1235536	-1.1939918	1.1932149	0.7199696	-1.0730399	-1.0451009	-1.1028124	-0.9175946	1.1049675	1.0491331	1.075883	0.79565054	-0.9052237	-0.75400746	1.3033719	1.0426579	-0.910856	1.1398404	-1.081439	-0.6320235	0.89277947	-1.1633801	-0.6814099	0.85701	-0.8002091	0.76195765	1.2777991	-1.0765234	-1.1834873	-0.84625113	-1.0027161	1.1170506	-0.9290435	-0.8557096	1.2208518	1.0900216	-0.42621958	-1.0688472	-0.66375625	-0.94837075	-1.0811483	-1.0889379	1.0409462	-1.3080304	-1.1742	-0.7085697	-1.0461738	0.91916233	0.6053796	-1.2006066	1.0629979	1.061845	-0.5905576	0.6328691	1.1705974	-1.0578912	0.8155344	0.9855753	-1.0192055	-1.0537705	0.92881143	0.84701395	1.0509034	-1.0396091	-1.0089813	0.7522463	0.61055183	-0.4787736	0.92177445	0.8353245	0.50806934	0.7716402	0.9326714	0.61780316	-1.0554249	-1.0349256	0.91379917	0.9745266	-0.8788194	1.2611442	-0.91078943	0.79075104	1.1876892	-0.674017	0.9296105	-1.1777507
-0.7278787	-0.9490713	-0.87357366	0.9154934	-0.95225674	-0.94558996	0.95238394	0.8461269	0.8556443	1.0346868	-0.98729014	-1.0097595	-1.0041145	0.9159053	-0.99013156	-1.002444	1.0634917	0.8292872	-1.0113432	-0.9808398	-0.9604455	-0.9427834	0.96172243	1.0035423	0.9718895	0.9010433	-0.90005213	-0.9306237	1.0067244	0.9308699	-0.9079698	0.9663466	-0.9504057	-0.88875216	0.93219924	-0.9678226	-0.84030664	0.897669	-0.88119435	0.8814953	1.030014	-1.0618578	-1.0079958	-0.8975216	-0.95912486	0.94709784	-0.9825252	-0.918099	0.9904428	1.0401194	-0.7115277	-1.0408083	-0.8600445	-0.97163135	-1.0167631	-0.9343742	1.0304796	-1.0622381	-1.0424681	-0.8315991	-0.908201	0.9439507	0.79431885	-0.98665524	1.0296158	0.9386476	-0.8167291	0.8562515	1.0082674	-1.0025122	0.8963536	0.9697255	-0.95140547	-0.93722296	0.936079	0.93585867	1.0199499	-1.0268767	-1.0423706	0.809816	0.8493235	-0.81893325	0.94807774	0.83452153	0.76373667	0.84698796	1.0042145	0.8066269	-1.0009165	-0.9965566	0.9760524	0.9544982	-0.93753374	0.92354375	-0.96538985	0.9125149	0.9931495	-0.7388482	0.8754887	-0.97473365
-0.5633571	-0.77301264	-0.69296885	0.7562729	-0.6634326	-0.7555502	0.6514885	0.6285371	0.7094133	0.79742146	-0.71746594	-0.75929	-0.75926703	0.6842334	-0.80525607	-0.82897264	0.7539976	0.6447952	-0.72919756	-0.7615624	-0.7542559	-0.6765495	0.79885507	0.7903327	0.7856242	0.66503626	-0.6745493	-0.6598062	0.77278423	0.7719831	-0.6916685	0.74504095	-0.71391237	-0.61052775	0.6994557	-0.79277724	-0.6670885	0.6588253	-0.711575	0.600967	0.7532637	-0.7584253	-0.7546017	-0.7533284	-0.6901679	0.7979476	-0.72101796	-0.70343256	0.7566974	0.79372853	-0.5718256	-0.72843575	-0.64878196	-0.7348491	-0.7990605	-0.77417845	0.804797	-0.7699203	-0.76113486	-0.6049108	-0.7086554	0.65403026	0.68252546	-0.78264314	0.7776745	0.7480057	-0.56202585	0.6643808	0.7650727	-0.76411927	0.716487	0.69944185	-0.80674773	-0.7647946	0.6891516	0.7444119	0.7085056	-0.72437394	-0.7778885	0.56323135	0.579902	-0.61675286	0.75945544	0.7216108	0.56768507	0.63815147	0.7059411	0.6129404	-0.76341206	-0.7037235	0.693958	0.729097	-0.6846034	0.73371583	-0.70141006	0.6378882	0.75469005	-0.6519715	0.752743	-0.7993489
-0.7817191	-0.8771841	-0.8361176	0.91266364	-0.8709784	-0.76689947	0.7985596	0.7682975	0.88819075	0.860888	-0.78614527	-0.89627093	-0.8183269	0.7888997	-0.8464229	-0.8275739	0.80540144	0.82406396	-0.7919254	-0.82000256	-0.916745	-0.80290246	0.85193133	0.8836421	0.7991896	0.8782772	-0.84281343	-0.7683535	0.81270355	0.8935936	-0.8960417	0.8921304	-0.82775307	-0.75522625	0.83426875	-0.8384507	-0.8137641	0.8357135	-0.8449196	0.8170162	0.8566899	-0.8366062	-0.80552846	-0.86793435	-0.83491874	0.78681594	-0.7374234	-0.82304794	0.87262475	0.83303285	-0.7671426	-0.8898174	-0.7608636	-0.80168	-0.8236844	-0.8549999	0.86126184	-0.8209582	-0.8303328	-0.84173197	-0.8963324	0.83460253	0.7608815	-0.84419584	0.87189245	0.8725987	-0.8003518	0.8058466	0.8333642	-0.8357514	0.82822484	0.88171434	-0.8694677	-0.85216826	0.787261	0.8006182	0.8114807	-0.866838	-0.7120923	0.67061394	0.78515774	-0.72371376	0.8578939	0.83369243	0.7609406	0.84341943	0.8216221	0.8250458	-0.82965046	-0.7799977	0.84966266	0.81956494	-0.8927026	0.7972786	-0.8755713	0.8383314	0.8339884	-0.6901373	0.83641416	-0.79796696
-0.9187332	-0.919678	-0.85936725	0.9217001	-0.82534736	-0.73458487	0.81912893	0.78565586	1.0072274	0.82042605	-0.85574234	-0.87518984	-0.909525	0.8716909	-0.81469166	-0.86018705	0.8637758	0.85372245	-0.83856124	-0.8889664	-0.88454396	-0.95242673	0.88466084	0.9273289	0.8339452	0.89907414	-0.9810288	-0.82082856	0.83699507	0.8713677	-0.91737694	0.942125	-0.94664896	-0.72613394	0.9090666	-0.8560433	-0.7496424	0.95293134	-0.8210343	0.87762195	0.8984464	-0.89019567	-0.86310565	-0.87598735	-0.9146079	0.8363311	-0.78998345	-0.88892174	0.84129715	0.81918293	-0.85689837	-0.96424896	-0.81306857	-0.8725735	-0.84920985	-0.88324136	0.9155369	-0.8105771	-0.7698489	-0.87945193	-0.90898335	0.78676504	0.88685584	-0.86427665	0.91523397	0.91740435	-0.884315	0.88626665	0.88908106	-0.92025316	0.8933177	0.84821707	-0.8743817	-0.7964791	0.848175	0.8671458	0.83916503	-0.9032928	-0.7137286	0.7194219	0.93044853	-0.8062264	0.90659714	0.8555176	0.8292548	0.91576725	0.95123446	0.9561116	-0.8434539	-0.8406737	0.9144472	0.82363915	-0.93464595	0.79344416	-0.85313946	0.93944126	0.9440063	-0.71270394	0.8211923	-0.8989276
-0.85959846	-0.99970037	-0.962463	1.0333681	-0.98660916	-1.0202553	0.93170524	0.8101496	1.004224	0.93751955	-1.0014344	-1.0292953	-1.0370228	0.9380409	-1.0899041	-1.0723096	1.0725965	0.8811033	-1.0480927	-0.98582363	-1.0376155	-0.9533609	1.09426	1.0178417	0.9836567	0.974318	-0.9769892	-0.92117095	1.1053921	1.0319134	-0.9263331	1.0837625	-1.0770077	-0.84514135	0.94490075	-1.0997859	-0.8155427	0.97785443	-0.9159525	0.8854649	1.02783	-1.0692697	-1.0880762	-0.9675879	-0.958439	1.0245925	-0.9213587	-0.98051417	1.040147	1.0689552	-0.7660432	-0.9679156	-0.8965797	-1.009305	-1.0124868	-1.0719622	1.077784	-1.0597225	-1.0731033	-0.91925514	-1.0135028	0.9292393	0.83043504	-1.1059899	0.92169553	1.0718455	-0.8717438	0.8344601	1.0518596	-0.97167885	0.938077	1.0355295	-0.9532158	-1.0487815	1.0023208	0.9052884	0.9750891	-1.0466659	-0.9355442	0.852544	0.8085568	-0.8071128	0.9829977	0.9841138	0.82694244	0.9520756	0.9270831	0.8429113	-1.0231814	-0.9639088	0.9397455	0.9870541	-0.94367003	1.0445765	-0.93518364	0.9625001	1.0760593	-0.8025777	0.9406749	-1.0462681
-0.60934776	-1.0137562	-0.85737544	1.0059236	-0.87232804	-1.1275786	0.9250954	0.5994069	0.88911605	1.0270578	-1.0752817	-1.0996588	-1.154686	0.8512075	-1.111347	-1.0581248	1.1385432	0.7150779	-1.054909	-1.0446824	-1.0450456	-0.82303053	1.0829643	0.9620049	1.0347369	0.81610817	-0.871201	-0.8028438	1.1974115	1.1123	-0.9052423	1.1356901	-1.1190407	-0.7332179	0.9191468	-1.0466182	-0.7459441	0.8698893	-0.8652542	0.76741534	1.1510367	-1.0857416	-1.0756747	-0.8055154	-0.9395408	1.1394353	-0.9062764	-0.8582978	1.1142017	1.0562991	-0.49649525	-1.0462289	-0.72064924	-0.9792893	-1.0109496	-1.0534667	1.0080941	-1.1801826	-1.1123515	-0.712623	-1.0142974	0.9538809	0.68129617	-1.0993195	1.0136548	0.9994042	-0.5842311	0.70940506	1.1001204	-1.0711281	0.8283445	0.9978493	-0.94417995	-1.0066341	0.96266127	0.85127205	0.97949153	-1.06907	-0.9484881	0.7075807	0.6001216	-0.5189891	0.90334445	0.9334073	0.6048261	0.7266211	0.9504872	0.6516928	-1.0145067	-0.97995675	0.9512	0.9516484	-0.86728656	1.134686	-0.88885915	0.76428807	1.1165434	-0.6763982	0.93825436	-1.1465771
-0.91459423	-0.9687073	-0.95327365	1.0084064	-0.9758084	-0.9436607	0.8701426	0.89305604	1.051366	0.9040644	-0.86288726	-1.0448116	-0.9997428	0.8336682	-0.957093	-0.9929446	0.92322505	0.9366949	-0.94949603	-0.9384285	-0.96489644	-0.97979903	0.9160857	0.93680733	0.9713792	1.0055321	-0.98718786	-0.9104273	1.0047109	0.9395493	-1.0225587	0.99187106	-1.0640104	-0.7063873	1.0107416	-0.9811539	-0.76795685	0.9501501	-0.90334386	0.8992056	1.0113014	-0.9671021	-0.9172771	-0.9517698	-0.9111901	0.8943455	-0.75581926	-0.9154747	0.98974687	0.9118154	-0.82597303	-1.0004938	-0.8476728	-0.9448554	-1.0006458	-1.0343558	0.9476385	-0.9341076	-0.86314356	-1.0293708	-1.0234686	0.8861738	0.8670512	-0.97646344	0.9214954	0.9920718	-0.8980128	0.9667576	0.99952835	-0.94361925	0.98538333	1.015717	-0.9754249	-0.93419987	0.9457466	0.9137219	0.8925306	-0.985913	-0.71507484	0.6881339	0.897996	-0.7942269	0.9936248	0.9383453	0.8441322	1.0279442	0.9496775	0.9548732	-0.81570506	-0.87318546	0.9160659	0.9486526	-1.0290128	0.9389991	-0.97862756	0.9952163	1.0621603	-0.6655454	0.9187448	-0.91868603
-0.9874769	-0.99502885	-0.8948631	0.992395	-0.91657406	-0.73960733	0.80913544	0.8177978	1.0387816	0.9072472	-0.8581659	-0.99875206	-0.96158683	0.9246632	-0.8707325	-0.91505307	0.9444834	0.92373526	-0.8898255	-0.93957883	-0.9657679	-1.010637	0.89689785	0.9384751	0.8566682	0.95864624	-1.0288093	-0.9220936	0.9744052	0.9817027	-0.98997396	0.9428397	-0.98707455	-0.76306385	1.0149565	-0.9185004	-0.777049	0.97479576	-0.9015556	0.8707289	0.9104246	-0.89777994	-0.87340856	-0.9803748	-0.8564054	0.86495334	-0.72564495	-0.97157866	0.88732624	0.8080803	-0.888515	-0.9677583	-0.94438887	-0.93886685	-0.89408034	-0.93347764	0.99041456	-0.88330066	-0.8327472	-1.0198284	-0.98364747	0.8862539	0.9114941	-0.9564031	0.9399896	1.0351503	-0.98893124	0.92204386	0.98709494	-0.9354685	0.96449465	0.9942608	-0.9564542	-0.92566854	0.9452366	0.8917508	0.9012917	-0.9999411	-0.7539295	0.7135859	0.9673138	-0.9108124	0.9963414	0.94135237	0.82579535	1.0142635	0.9787555	0.98866993	-0.8244121	-0.8378821	0.9839815	0.8893459	-1.028108	0.8800199	-0.9664899	0.99542886	1.0052434	-0.78412646	0.9641419	-0.9770552
-0.84979284	-0.90568775	-0.904506	0.94464874	-0.8078242	-0.84957296	0.8223456	0.84210825	0.86646616	0.9030973	-0.90699434	-0.97081363	-0.8789113	0.86934847	-0.8871334	-0.9347117	0.89911944	0.9017611	-0.8975747	-0.861782	-0.90158004	-0.9332148	0.90996236	0.9275798	0.9193647	0.87164855	-0.89009124	-0.84596145	0.90263855	0.88292134	-0.88539046	0.893625	-0.9071854	-0.7757965	0.9066344	-0.92829007	-0.766127	0.8886424	-0.862737	0.8343556	0.92529446	-0.887172	-0.9579664	-0.88800895	-0.8795585	0.93354845	-0.79831946	-0.8786268	0.91277564	0.8387023	-0.8077472	-0.92807865	-0.80253375	-0.9215518	-0.8746994	-0.8842877	0.9713723	-0.9123637	-0.884964	-0.8533483	-0.8983012	0.86480695	0.7729885	-0.89731133	0.94713026	0.91246504	-0.80004156	0.7984598	0.9364881	-0.9185929	0.8437443	0.914083	-0.9344618	-0.8361443	0.8675691	0.9274305	0.8799574	-0.96427023	-0.8897145	0.69815564	0.82767946	-0.7437882	0.86902785	0.83029675	0.743644	0.8613128	0.9188406	0.89081776	-0.8506309	-0.90626675	0.95068234	0.9058059	-0.92187643	0.87178594	-0.91862947	0.90986013	0.9039744	-0.6706955	0.88391834	-0.8914764
-0.92274433	-0.8744152	-0.9125794	0.9152437	-0.91463757	-0.80902314	0.87802744	0.8518635	0.9176322	0.8777187	-0.8080757	-0.9509347	-0.81022084	0.93145543	-0.8285252	-0.8874899	0.85941607	0.9176761	-0.9255535	-0.9111554	-0.9050673	-0.92295295	0.89118904	0.93906915	0.8810301	0.9395541	-0.97056526	-0.9163444	0.81555504	0.89666295	-0.9172554	0.9313315	-0.89333874	-0.8271134	0.9762395	-0.9259706	-0.8155792	0.94035697	-0.8736484	0.8850349	0.90367115	-0.9059837	-0.84432966	-0.98756367	-0.92205316	0.8736124	-0.8143842	-0.9104174	0.7951332	0.8873726	-0.9066561	-0.9542046	-0.8384318	-0.8674707	-0.9023064	-0.887344	0.8960592	-0.8153549	-0.80924153	-0.97253835	-0.88704836	0.8285687	0.8048375	-0.8904147	0.910223	0.93306744	-0.83379006	0.85066134	0.92738074	-0.94236004	0.95791006	0.8831961	-0.9279181	-0.8942539	0.9253657	0.84817755	0.8566088	-0.9631383	-0.80385983	0.782582	0.8989472	-0.8383603	0.88489753	0.9127359	0.78411555	0.94842607	0.9760927	0.96590227	-0.82866156	-0.91305053	0.8833347	0.86837006	-0.9326024	0.75712216	-0.876863	0.9097308	0.9016785	-0.7903164	0.9493594	-0.88703465
-1.0065398	-1.0967675	-0.9974575	1.0621645	-0.9659434	-0.8386071	0.8736921	0.98773414	1.0793108	0.947145	-0.9013545	-1.0210985	-1.0361692	0.9408194	-0.9736842	-1.0251428	0.9700201	1.0305464	-0.96590304	-1.0050932	-1.0719837	-1.0226427	1.0101264	0.9995955	0.9305956	1.1062284	-1.111733	-0.9077269	0.9378005	1.0689933	-1.0436851	0.96986395	-1.0092645	-0.8479008	1.0489689	-0.9747871	-0.9135187	1.042475	-0.95495653	1.0061879	0.9513964	-0.8963343	-0.94528204	-0.9856591	-0.9956988	0.99856323	-0.7698781	-1.0020192	0.9992652	0.92615414	-0.9763025	-1.0388362	-1.0291711	-1.035535	-0.94780064	-1.0208508	0.9711608	-0.9037116	-0.90067744	-1.018925	-1.0164369	0.9387841	0.9752513	-0.98858374	0.90475273	1.0685574	-1.0357283	1.0421427	1.01476	-0.95490295	1.0093235	1.0738083	-0.94089717	-0.97786635	0.9803929	0.92223585	0.83127606	-1.0514321	-0.7655643	0.862344	1.0035017	-0.9374309	1.0324404	1.0497911	1.0155348	1.154526	1.0295686	1.0123146	-0.88735074	-0.83514076	1.0064018	0.8907528	-1.0221893	1.0238485	-0.9493882	1.0965251	0.99731255	-0.8155363	1.0427803	-0.9488232
-0.98086864	-1.0822715	-0.952418	1.0847688	-0.92871684	-0.8967087	0.81022644	0.8319423	1.0778431	0.8575438	-0.9614114	-1.0658729	-1.1147587	0.8330755	-1.0305718	-1.0231929	0.96907425	0.9972259	-0.9623512	-0.96377236	-1.0481964	-1.0527148	0.9785203	0.9578197	0.9716953	1.0158942	-1.1054547	-0.87084085	1.0868679	1.0473336	-1.0286223	1.0403297	-1.0938672	-0.7006765	1.0996546	-0.99094653	-0.73542684	1.0415694	-0.9380812	0.8744924	1.0582554	-0.82617354	-0.92259	-0.9631049	-0.9570762	1.018028	-0.7012115	-0.94283724	1.0156404	0.8879504	-0.87838036	-1.0761594	-0.8176939	-1.0016918	-0.94887304	-1.0759025	0.92795724	-1.0043201	-0.9017117	-1.0297736	-1.0666623	0.8998348	0.8359571	-0.98469794	0.93573606	1.07239	-0.9128819	0.9922684	1.0391866	-1.0225507	0.9895197	1.088504	-0.9091343	-0.9601713	0.9783032	0.8131667	0.82085174	-1.0785878	-0.7502035	0.63533455	1.025424	-0.8499754	1.0138271	0.9372707	0.8669338	1.09756	0.98623097	1.0253416	-0.84988654	-0.8913536	0.88789123	0.8440713	-1.0639116	1.0269331	-0.88073736	1.1008635	1.0266716	-0.6886589	0.9905167	-0.94711673
-0.98487884	-1.0735462	-1.0440251	1.1574082	-1.0340478	-0.99413615	0.9192428	0.8780628	1.188002	1.008548	-1.0510999	-1.1377089	-1.1774726	0.933575	-1.1203866	-1.1747752	1.1283283	0.9889035	-1.0052234	-1.0914215	-1.187147	-1.0846387	1.0728269	1.0280011	1.0435072	1.1410223	-1.1057042	-0.9379153	1.1470611	1.0591464	-1.1022701	1.1456816	-1.1704903	-0.7758524	1.0645857	-1.0531154	-0.8020985	1.060301	-0.94270533	0.94232106	1.1611073	-0.99540794	-1.0147616	-0.9978866	-0.9575783	1.0300033	-0.82554495	-0.9498413	1.1265743	1.0104897	-0.890813	-1.1198711	-0.9737043	-1.0228227	-1.1338781	-1.1493626	1.0827451	-1.1242356	-0.9795252	-1.0806626	-1.1268579	1.0080401	0.96414566	-1.043923	0.96438503	1.0995855	-1.0214614	1.0272324	1.0935123	-1.0510027	1.0564107	1.0322464	-1.0350584	-1.0727502	0.98260707	0.92645514	0.92825216	-1.083574	-0.870356	0.7472801	0.9726907	-0.913694	1.0665376	1.0801125	0.932078	1.176359	1.073118	1.0846515	-0.932335	-0.9670617	1.0062066	1.0256399	-1.1036783	1.1275759	-1.0130954	1.1151006	1.1073012	-0.68699616	1.0663096	-1.1373246
-1.0141814	-0.8936557	-0.9579757	0.93100417	-0.8928051	-0.5754143	0.9284362	0.9386089	0.9652683	0.9284061	-0.8149158	-0.94245374	-0.7639714	0.9606226	-0.7911007	-0.8831975	0.8390577	1.0093122	-0.8367332	-0.94502217	-0.93307763	-1.0325102	0.84489805	0.9657498	0.84828275	0.9947931	-0.9764584	-0.962621	0.7174232	0.8895756	-0.9818441	0.8009903	-0.80430764	-0.84815973	0.95077944	-0.80379546	-0.8868413	0.96089476	-0.9665975	0.95611715	0.69381374	-0.8401339	-0.82644767	-1.041033	-0.9397711	0.7244011	-0.8862509	-0.99887055	0.6643964	0.7647045	-0.9622525	-0.92231345	-1.0219005	-0.92758614	-0.86116976	-0.84477836	0.93951046	-0.67228705	-0.720609	-1.0192038	-0.94092447	0.901081	0.94677764	-0.83591914	0.9916992	0.96431446	-0.98505574	0.96288395	0.78586805	-0.8959361	0.97414726	0.9484208	-0.94271517	-0.89204085	0.9407158	0.938824	0.92499644	-0.94909227	-0.81932944	0.8441682	1.0501722	-0.9766933	1.0115186	0.90337014	0.9283873	0.9735541	0.9445027	1.023891	-0.8853012	-0.85963476	0.93131024	0.95672154	-0.9347458	0.6194599	-1.0057459	1.0116584	0.9360408	-0.9054635	0.9801789	-0.8255271
-0.6949977	-0.899155	-0.8578039	0.8888798	-0.85571915	-0.9318123	0.8128291	0.6930276	0.8415768	0.91300625	-0.9474166	-0.9254696	-1.0190536	0.8435868	-0.9186451	-0.99808204	0.9195273	0.76321805	-0.95939916	-0.952468	-0.9800365	-0.8940083	0.92593825	0.9011719	0.93831354	0.8606465	-0.89884526	-0.8528536	0.9231734	0.9755429	-0.82948065	1.024839	-0.9641498	-0.6503402	0.87505347	-0.9127721	-0.684314	0.85135925	-0.83646274	0.74450123	0.9774584	-0.9514813	-0.9442875	-0.91472787	-0.853387	0.93647015	-0.8161925	-0.9010607	0.94376963	0.9511176	-0.5694007	-0.9624808	-0.76142675	-0.91880286	-0.9877307	-0.97296345	0.978733	-0.9877828	-0.9356511	-0.76124704	-0.9465723	0.8291421	0.7241934	-0.9581349	0.916326	0.9361282	-0.70522755	0.76121944	0.99272597	-1.0042443	0.79126376	0.94958276	-0.92598253	-0.8745666	0.908231	0.8695748	0.900595	-0.9033611	-0.907909	0.6322309	0.72887194	-0.6423414	0.83729106	0.8787731	0.60852057	0.7727987	0.9421368	0.7490518	-0.9146026	-0.88013554	0.87337404	0.8996181	-0.9175767	0.89853156	-0.8864437	0.867311	0.9715374	-0.63898975	0.8269023	-0.980577
-0.9137048	-0.94604313	-0.9361619	0.9194301	-0.8962276	-0.7286208	0.7934981	0.83546275	0.9523786	0.88059425	-0.8189557	-0.8994863	-0.8979214	0.832798	-0.83348775	-0.8874296	0.846615	0.9296586	-0.81407636	-0.87330526	-0.9354474	-0.9965109	0.88893765	0.8754283	0.8566874	0.88837135	-0.95797014	-0.8939165	0.8591145	0.87204623	-0.9499812	0.8788516	-0.86526275	-0.7385558	0.95015484	-0.82888186	-0.76881415	0.92961025	-0.8635596	0.8904914	0.937514	-0.84436065	-0.8884244	-0.93285894	-0.8348854	0.8368067	-0.7727411	-0.854505	0.81998616	0.8159078	-0.764481	-0.91691506	-0.8868313	-0.92677194	-0.8662418	-0.9135694	0.9556586	-0.8824831	-0.7735318	-0.9734968	-0.93387085	0.85253257	0.8482579	-0.91171026	0.9012753	0.91298985	-0.93063354	0.90006214	0.93135536	-0.9342194	0.8752575	0.92316073	-0.8515376	-0.8214276	0.8951379	0.8304624	0.8133245	-0.9432068	-0.7121816	0.67923814	0.95697683	-0.8067752	0.9581597	0.8583574	0.7683069	0.9964569	0.9671558	0.92266303	-0.82472265	-0.8312119	0.951911	0.82559276	-0.91539603	0.8851306	-0.9267923	0.94583815	0.921987	-0.64613384	0.9025508	-0.9217311
-0.7124878	-0.9291207	-0.8489886	0.88183856	-0.91032696	-1.043826	0.9108042	0.7819775	0.8813391	0.99054575	-1.0617869	-1.0145884	-0.9960711	0.82801133	-1.0512602	-1.0494522	1.0082284	0.805614	-0.97655404	-0.9970474	-1.0752554	-0.85763955	0.97219825	0.9921929	1.0561273	0.7802004	-0.826194	-0.8351087	1.0413432	1.0375204	-0.87152797	1.049808	-0.9859071	-0.74799037	0.8993818	-1.0749207	-0.83109415	0.8280006	-0.8477496	0.7708103	1.0781494	-1.0544683	-1.0646962	-0.8688642	-0.963059	1.0143209	-0.96105254	-0.9424737	1.0739961	1.010383	-0.61796844	-1.004913	-0.74486786	-0.9748838	-1.0345188	-1.0380821	1.0226399	-1.0483992	-1.0747476	-0.7780555	-0.96979827	0.9335979	0.71166605	-1.054622	0.95135695	0.9573018	-0.71457493	0.72078854	1.0364414	-0.97045976	0.78583926	0.940347	-0.96006113	-1.004249	0.9171806	0.8742036	0.9634983	-0.9487655	-1.017824	0.79741997	0.7360741	-0.66098565	0.89290714	0.89529586	0.62072444	0.76380885	0.86497587	0.7612625	-1.0107229	-0.99698013	0.9553841	0.9795142	-0.9082558	1.042413	-0.8819446	0.8064492	1.0410286	-0.706013	0.8739404	-1.0189526
-0.8773733	-0.93771183	-0.93992096	0.9496275	-0.83379954	-0.62731636	0.83975476	0.911731	0.9981098	0.89787096	-0.81777626	-0.954277	-0.9245125	0.90815985	-0.84880465	-0.91571075	0.89988333	0.85938245	-0.8807286	-0.9216934	-0.9898543	-1.0143625	0.7823668	0.9408123	0.81248206	0.98200804	-1.038921	-0.8563588	0.9243845	0.96296847	-0.9917044	0.9663705	-0.90427583	-0.7171315	1.0027739	-0.80967355	-0.7162366	0.99899024	-0.85947955	0.8703898	0.84270895	-0.896678	-0.8222343	-0.9154654	-0.92445266	0.8196489	-0.7174084	-0.92712855	0.8092821	0.82413995	-0.82565415	-0.9476673	-0.86406344	-0.9368533	-0.8587648	-0.9104268	0.91344404	-0.8031703	-0.73751044	-1.0353684	-0.9137603	0.88273287	0.8177814	-0.91520214	0.9113993	0.97056085	-0.9041513	0.9110673	0.8989668	-0.88987213	0.8831232	0.92047197	-0.94974923	-0.8428441	0.90712816	0.8280191	0.8593206	-0.93155915	-0.74850136	0.6916531	0.93754965	-0.8576995	0.9241521	0.8734411	0.8212506	1.0506049	0.98736924	1.0103694	-0.77707857	-0.7730348	0.896281	0.8149808	-0.9663231	0.7974645	-0.9469646	0.9763652	0.9674135	-0.7331989	0.8889198	-0.9612605
-0.8334714	-0.944189	-0.9319241	0.9211384	-0.9115798	-0.93609697	0.81655407	0.7991155	0.9537718	0.9204805	-0.90468884	-0.95183736	-0.9508514	0.80545956	-0.9044036	-0.9739197	0.92718333	0.91412574	-0.8878891	-0.8941899	-0.9614003	-0.8918498	0.9296547	0.8981983	0.9607721	0.91714305	-0.944195	-0.91952556	0.95261514	0.9519658	-0.8981608	0.90439934	-1.0031211	-0.680085	0.89554834	-0.94545114	-0.71122944	0.9115362	-0.8382387	0.80586797	1.0047692	-0.8825341	-0.88474566	-0.8727576	-0.85630006	0.93345934	-0.69197917	-0.88709176	0.9501762	0.8591531	-0.7713149	-0.91628814	-0.82081246	-0.92014325	-0.88445616	-0.96071804	0.9385782	-0.9269492	-0.9192763	-0.8917098	-0.8895931	0.8797642	0.83728004	-0.9510818	0.8679713	1.0152117	-0.8391877	0.86364126	0.9790401	-0.9109032	0.8613523	0.9369961	-0.870962	-0.8705281	0.8449623	0.8313085	0.76891667	-0.91861415	-0.8024816	0.5953198	0.89740115	-0.7827859	0.85866183	0.8821153	0.7949039	0.9250138	0.8920795	0.92261404	-0.84984565	-0.8100095	0.90776616	0.87389046	-0.9202656	0.9112998	-0.8319365	0.95128024	0.9161497	-0.66505694	0.91544783	-0.8938879
-0.69089156	-0.99544144	-0.9051022	1.0071962	-0.93339354	-1.1727785	0.92110896	0.75831056	0.9025077	1.0377982	-1.0750577	-1.0495263	-1.1093816	0.8724723	-1.1325635	-1.159488	1.1233758	0.7723261	-1.0822046	-1.0532138	-1.1004331	-0.9014034	1.0984895	0.9982021	1.0512251	0.8291834	-0.87542534	-0.86157084	1.123819	1.0324141	-0.96019924	1.0636284	-1.095543	-0.7877742	0.91965735	-1.142201	-0.82175326	0.9036913	-0.9251856	0.8224758	1.1195679	-1.040098	-1.117257	-0.8580504	-0.9464077	1.1149898	-0.9017582	-0.93405175	1.1945869	1.0373787	-0.6577263	-1.0467515	-0.76557267	-0.9602961	-1.0355859	-1.0440484	0.98915815	-1.172672	-1.0800122	-0.8244295	-0.9593825	0.96511483	0.7799317	-1.0981697	0.974127	1.017556	-0.7431284	0.7926823	1.1756593	-1.0485044	0.82206446	1.0654399	-1.043014	-1.048895	1.0095929	0.8926502	0.9972542	-1.0045958	-0.9790498	0.7866936	0.768869	-0.6657106	0.9149937	0.9505365	0.70129246	0.859146	0.97159654	0.8057626	-1.0604717	-1.0439475	1.0002759	1.012513	-0.88792473	1.1813478	-0.9804365	0.8898838	1.0659474	-0.749894	0.9750319	-1.1011623
-0.96947986	-0.9974767	-0.9448368	1.0762707	-0.94341564	-0.7188184	0.79235345	0.86652094	1.1249313	0.9362797	-0.88531256	-1.0011877	-1.0060467	0.90120393	-0.8980784	-1.0285065	0.92387885	1.0162159	-0.92904985	-0.94214535	-1.0162451	-1.0235953	0.97630113	0.9664172	0.9333541	1.0610384	-1.0505062	-0.9099034	0.9154852	1.0077574	-1.0449263	1.0242198	-0.95853007	-0.74950975	1.0055212	-0.89752066	-0.80081594	1.0113295	-0.9722201	0.89491266	0.9459785	-0.8947982	-0.8469596	-0.9942972	-0.8855486	0.8673677	-0.7545596	-0.94379896	0.88916725	0.7896015	-0.94399947	-1.0178596	-0.9024185	-0.96586776	-0.9410525	-1.0511827	1.0244159	-0.8533976	-0.7842757	-1.0114477	-1.0571877	0.91316867	0.8985119	-0.9577491	0.9265478	1.0483289	-0.97762716	1.0548248	0.97283375	-1.0223231	0.99569666	0.9508224	-0.9644265	-0.8889997	0.90583163	0.8619772	0.80198485	-1.0410837	-0.6815856	0.74563	0.98490703	-0.9321007	1.037518	1.0258718	0.87133557	1.0740219	0.96847856	1.0758673	-0.74266833	-0.8205079	1.0028524	0.86195016	-1.102838	0.83592063	-0.945901	1.0465606	1.0107839	-0.75983113	0.9158337	-1.023359
-0.86725336	-0.9556161	-0.8937945	0.94011706	-0.8274375	-0.71126765	0.7985446	0.81144583	0.9693905	0.9197971	-0.87482375	-0.88708496	-0.9232218	0.9160966	-0.83206224	-0.91269994	0.850734	0.8551068	-0.88483965	-0.93050355	-0.9070341	-0.93344796	0.8602525	0.8636443	0.93473905	0.8766664	-0.90905064	-0.87572515	0.8954119	0.92995393	-0.93238914	0.9330311	-0.86751753	-0.78340375	0.9404327	-0.84174806	-0.78665996	0.9015549	-0.85783976	0.8427937	0.9090798	-0.94667244	-0.8628962	-0.97034866	-0.9115882	0.87215304	-0.7732109	-0.9307669	0.8604432	0.7982002	-0.7775711	-0.9559619	-0.87923884	-0.89278233	-0.8753586	-0.95322806	0.9075593	-0.88367516	-0.7968822	-0.930506	-0.91228217	0.8349912	0.83372366	-0.93723804	0.89866465	1.0032369	-0.92071056	0.9092558	0.91805923	-0.8676978	0.90726	0.93509686	-0.91383654	-0.852037	0.8633212	0.89920896	0.8207458	-0.9700955	-0.794287	0.6829016	0.9475187	-0.8446773	0.9265267	0.86160386	0.7754818	0.9070641	0.931698	0.95674604	-0.7968067	-0.79371125	0.9294211	0.8767759	-0.9388034	0.8530528	-0.88450456	0.9575604	0.9312929	-0.7629365	0.8902112	-0.84884316
-0.6407231	-0.89047366	-0.78977627	0.87170386	-0.8064592	-1.088961	0.8416375	0.5882956	0.85417914	0.9516322	-0.9178642	-1.0075799	-1.0203584	0.79475445	-0.9540867	-1.0434142	1.0311497	0.7373957	-0.9266232	-0.910201	-1.0355474	-0.8655712	0.9470117	0.91792285	0.9710181	0.7666501	-0.76039565	-0.74828994	1.0884317	0.90536416	-0.7412325	1.0038875	-0.8722696	-0.7054048	0.8003632	-1.0030068	-0.6655976	0.6987589	-0.75233996	0.6839817	1.0501287	-1.0303144	-0.9742054	-0.79085946	-0.8505257	0.9821294	-0.7953594	-0.8617078	0.9998639	0.9437429	-0.5932266	-1.0100232	-0.7527261	-0.87802327	-0.9527134	-0.95390576	1.0029174	-1.0694088	-1.0501738	-0.749966	-0.898915	0.76594204	0.6173049	-1.0485402	0.9502914	0.9082714	-0.62129474	0.65044504	1.028969	-0.96623003	0.7531398	0.9195327	-0.9439723	-0.96274614	0.84258944	0.8800814	0.9774597	-0.93865436	-0.9339657	0.66717565	0.70007503	-0.58436745	0.77997816	0.7185747	0.55342853	0.73744535	0.8378617	0.7551367	-0.90767634	-0.9493013	0.88964397	0.8625556	-0.8844541	1.0781839	-0.8716025	0.75488627	1.0332073	-0.6105368	0.8328961	-1.0515913
-0.7727023	-0.8756689	-0.93274105	0.9481792	-0.85005826	-0.7826764	0.81971675	0.78050447	0.97981554	0.8974532	-0.86448836	-0.9910043	-0.9604277	0.8653808	-0.9247792	-0.91242105	0.95277596	0.8438827	-0.9198281	-0.92813325	-0.9409622	-0.94371927	0.89161336	0.9581431	0.91635346	0.86110336	-0.9751765	-0.9096414	0.8877723	0.9812955	-0.878119	0.96488935	-0.8766395	-0.74900854	0.879704	-0.94824743	-0.82841307	0.8218491	-0.8285823	0.76588345	0.9629249	-0.9157643	-0.8837746	-0.8721813	-0.9119316	0.8534191	-0.73156285	-0.9317497	0.88304913	0.9060211	-0.7077495	-0.9366673	-0.77198106	-0.91738755	-0.9654347	-0.90841275	1.0141623	-0.9436619	-0.8578225	-0.8656445	-0.9275843	0.8892974	0.80766684	-0.9783738	0.9631293	0.9980606	-0.822376	0.80779	0.9414491	-0.93783504	0.84593123	0.9559936	-0.9983403	-0.89816785	0.89160264	0.84425735	0.92091787	-1.004696	-0.77721685	0.7604961	0.8503914	-0.73607963	0.94339556	0.8134844	0.6946619	0.84326607	0.95722556	0.8606122	-0.90884626	-0.9069563	0.85801584	0.87603307	-0.95401245	0.8954038	-0.86105746	0.92746043	0.89650846	-0.6850693	0.8454644	-0.93075407
-0.64952374	-0.8332828	-0.8530817	0.83543694	-0.8917636	-0.93399197	0.88241136	0.773766	0.72566223	1.0002397	-0.9476414	-0.9343582	-0.8333306	0.9155231	-0.9154621	-0.9904533	0.99430776	0.81551677	-0.9985793	-0.9418482	-0.9431171	-0.78444004	0.969676	0.95443535	0.9758078	0.7623828	-0.7911603	-0.7972856	0.89157546	0.9181936	-0.8097693	0.93762827	-0.85021913	-0.8141259	0.77845234	-1.0397155	-0.86957586	0.7298081	-0.8587164	0.8617544	0.9351024	-1.0056502	-0.9556861	-0.91649467	-0.9722643	0.96903396	-0.87450355	-0.9142357	0.9784979	1.0323166	-0.6997035	-0.9446738	-0.8115561	-0.9086872	-0.9170492	-0.8967154	0.9481969	-1.0111938	-1.0441753	-0.77484846	-0.81857365	0.8623415	0.7238809	-1.0319368	0.9682741	0.911065	-0.6451598	0.6918595	0.91616964	-0.93259555	0.75874466	0.88683057	-0.9322094	-0.9540977	0.90416664	0.8797878	1.0500253	-0.9212262	-1.047003	0.7839528	0.7058626	-0.73689634	0.8194959	0.71013325	0.6378577	0.6470762	0.9113405	0.735683	-0.98449945	-0.96834385	0.94960505	0.929176	-0.78809184	0.9073795	-0.9365574	0.7781569	0.96655005	-0.73994994	0.838329	-0.98195404
-0.91704124	-1.0346218	-0.9227523	1.0666893	-0.9117257	-0.9802964	0.9669176	0.84388334	1.0281281	0.98226774	-0.9781188	-1.0286633	-1.0944291	0.96409994	-1.0372715	-1.0707875	1.038297	0.9682624	-0.9819539	-1.0249103	-1.0952839	-0.9830021	1.0701728	1.0626469	0.98077595	0.9947975	-1.0413918	-0.90732926	1.0718504	1.0140704	-0.9440375	1.0243963	-1.0718286	-0.7804589	1.068908	-1.0793784	-0.7911778	1.0038033	-0.88643944	0.92733765	1.0857425	-1.0202918	-0.99635196	-0.9557884	-0.9645181	1.0229397	-0.84980196	-1.0047415	1.0050781	0.94449985	-0.86727685	-1.0060563	-0.9389878	-1.0282675	-1.0360184	-1.0552974	1.0392127	-1.0273942	-1.0428972	-0.9921898	-1.0171008	0.93813086	0.88839	-1.0895967	1.0399903	1.1031172	-0.90378076	0.9703846	1.0799949	-0.9764078	0.9231446	1.0754267	-1.0536609	-0.9959096	0.9831665	0.92181456	1.0018781	-1.048769	-0.8405434	0.8251535	0.93874604	-0.7937392	1.0205474	0.96740663	0.78140867	1.0226887	0.9849706	0.9572689	-0.91345185	-0.9326922	0.93577075	0.9912914	-1.0138938	1.0042241	-0.984602	1.0434511	1.0380864	-0.7847009	0.97171456	-1.0156622
-0.73808146	-0.9115139	-0.8464158	0.8461948	-0.8707628	-0.8444485	0.98476547	0.82570255	0.8407371	0.9976637	-0.9300788	-0.9457707	-0.9071566	0.88520885	-0.9016473	-0.94641805	0.94533896	0.77607346	-0.9786321	-0.9043899	-0.9067514	-0.8528521	0.8711832	0.9282291	0.9891499	0.81282616	-0.8337057	-0.9108422	0.86775213	0.941156	-0.77877426	0.8866357	-0.84280485	-0.8759903	0.91594946	-0.9071859	-0.88515365	0.77296144	-0.8498176	0.8765033	0.90090823	-0.9453817	-1.0071468	-0.95295763	-0.8964821	0.94811445	-0.9260449	-0.8941244	0.8970805	0.9787517	-0.79875964	-0.95476204	-0.8302379	-0.8847781	-0.97681504	-0.86776704	1.0142447	-0.91538846	-0.93962675	-0.7724086	-0.8807035	0.86317414	0.75840694	-1.0224726	1.007573	0.8967142	-0.8099286	0.7466237	0.94071263	-0.9806131	0.8437526	0.86185706	-0.9348111	-0.9254524	0.96041584	0.96044964	1.0332683	-0.89768344	-0.9422732	0.9197719	0.7900615	-0.8502035	0.86279684	0.81245744	0.6702409	0.6982564	0.91353923	0.7691957	-0.9772903	-0.97491217	0.96791154	0.90979266	-0.8396019	0.85912913	-0.8730965	0.7748671	0.9674779	-0.82297426	0.8417847	-1.012182
-0.85686994	-0.92807466	-0.89195055	0.93933535	-0.8700869	-0.718077	0.84293264	0.85562414	1.0059758	0.90628046	-0.81257015	-0.96989447	-0.88673806	0.9005358	-0.8949095	-0.9178213	0.904363	0.8006249	-0.8760902	-0.92219806	-0.98096883	-0.9670192	0.86144847	0.94720405	0.8870915	0.9210985	-0.9700413	-0.82959366	0.8201423	0.9013657	-0.9303708	0.94120646	-0.8954504	-0.7626494	0.9033342	-0.9014814	-0.7211719	0.90167147	-0.81164515	0.8519968	0.89755565	-0.8186046	-0.86034256	-0.9162411	-0.87886465	0.80982095	-0.8015776	-0.8738305	0.8274212	0.82222164	-0.81155294	-0.9855663	-0.80591124	-0.8726615	-0.9298096	-0.97234184	0.9227467	-0.862916	-0.8329827	-0.9499039	-0.929478	0.82184535	0.8207113	-0.8762083	0.9272804	0.96105725	-0.89527607	0.8881415	0.90262926	-0.9435294	0.88755167	0.9572329	-0.897995	-0.82112306	0.84702927	0.8432847	0.8055346	-0.8813333	-0.8188469	0.69277847	0.8829344	-0.8627568	0.914233	0.8446035	0.73738045	0.9328039	0.95544434	0.89114374	-0.8023553	-0.8573924	0.8654516	0.88814324	-0.96613216	0.76397383	-0.8724136	0.88953257	0.89709055	-0.7208008	0.8775624	-0.9247407
-0.5306361	-1.0623989	-0.85845953	1.0207906	-0.8635309	-1.2785795	0.9269967	0.67522633	0.79033023	1.0571693	-1.1224556	-1.1298901	-1.1890457	0.898106	-1.0944054	-1.1603444	1.1641387	0.6870172	-1.1272362	-0.94497854	-1.1447663	-0.87871575	1.1376941	1.063292	1.1239378	0.74605817	-0.810232	-0.8535076	1.255146	1.0572772	-0.8051539	1.162315	-1.0051981	-0.70992297	0.9468099	-1.1602632	-0.7551685	0.81262374	-0.78498274	0.80753815	1.2982002	-1.1991893	-1.1561484	-0.90191317	-1.0044825	1.1739249	-0.966246	-0.9941024	1.215595	1.1656511	-0.5028506	-1.0735451	-0.7688745	-0.9995949	-1.1214236	-1.054225	1.1174845	-1.293219	-1.1965023	-0.72021693	-0.9402643	0.88138413	0.6924554	-1.2017504	1.1174234	1.0049629	-0.62629336	0.6341817	1.175786	-1.0692439	0.78731984	1.0635478	-1.1386434	-1.0603874	0.9802287	0.9430568	1.0792117	-1.1090627	-1.1309997	0.8427382	0.6761607	-0.6005467	0.85251135	0.77695835	0.5325856	0.62258655	0.9443588	0.62489706	-1.0623846	-1.0992193	0.97636944	1.0433686	-0.8388749	1.2417111	-0.99200463	0.8021938	1.123085	-0.7091618	0.8776367	-1.223738
-0.56052953	-0.8534539	-0.70552653	0.79243433	-0.7185521	-0.8809374	0.8238062	0.5600957	0.77512	0.92022544	-0.89960575	-0.9281624	-0.91933215	0.74251384	-0.85643774	-0.9306181	0.85548824	0.62564594	-0.9208967	-0.80431867	-0.84530115	-0.7661587	0.8746956	0.8496575	0.9278849	0.6379606	-0.7141314	-0.7087714	1.010034	0.8125583	-0.7592155	0.8349365	-0.8285741	-0.5886078	0.7926051	-0.89337075	-0.6578577	0.64867604	-0.77901727	0.7632312	0.91359574	-0.8951723	-0.9011026	-0.8165022	-0.8095818	0.97077656	-0.83765036	-0.7810038	0.87740564	0.8534039	-0.492173	-0.9208088	-0.6508158	-0.8561275	-0.821633	-0.8758958	0.8852124	-0.9452686	-0.9195142	-0.7048855	-0.8117736	0.76308894	0.59127	-0.9698206	0.9243804	0.9114605	-0.57743347	0.59676313	0.8815878	-0.8784795	0.7133022	0.8812797	-0.88415366	-0.8178494	0.85839444	0.83882296	0.8921803	-0.8651427	-0.8295513	0.6446559	0.57808065	-0.6318615	0.77406037	0.67955595	0.43872914	0.6644029	0.7683518	0.65565825	-0.8806219	-0.83907044	0.8618353	0.83628005	-0.7246565	0.8800252	-0.80042255	0.71982455	0.8874553	-0.5249559	0.75546837	-0.9833622
-1.0055505	-1.008169	-0.91222185	1.0381424	-0.9266055	-0.74983686	0.89267987	0.847906	1.0110831	0.9768125	-0.8480387	-1.043882	-0.9097608	0.9156976	-0.94233733	-1.0182587	0.95931154	0.9848335	-0.97890234	-0.9808797	-0.9818923	-0.982413	0.89610964	1.009454	0.9513202	0.9952976	-1.07382	-0.95629257	0.89093286	0.9628127	-1.0210167	0.98078954	-0.9672173	-0.7892947	1.0684828	-0.91973335	-0.85634494	1.0354215	-0.90577954	0.897998	0.929549	-0.9286826	-0.8938261	-0.97686964	-0.87634814	0.9288623	-0.7566806	-0.9845575	0.95615536	0.8776022	-0.96816266	-0.9728672	-0.955066	-0.9605855	-0.9835707	-0.9619129	0.9437791	-0.91714954	-0.8754262	-1.0585105	-0.9621832	0.843212	0.9063324	-0.94329756	0.96501714	1.0658882	-0.95896757	0.9696909	0.9435688	-0.97543883	0.9614493	0.9483032	-1.0292798	-0.89036095	0.93555766	0.88453054	0.8598952	-1.039495	-0.882322	0.826163	0.96544796	-0.876953	1.0387912	0.964891	0.8836635	1.0512588	0.98662513	0.9935876	-0.7937353	-0.8859127	0.9338039	0.89867705	-1.0511534	0.896042	-0.9868048	1.0174934	1.0627816	-0.7882755	0.8869144	-0.98486865
-0.66950643	-0.96427256	-0.8608433	0.9370189	-0.81888217	-1.0845486	0.89199024	0.6829311	0.842468	0.92339116	-1.0480841	-0.97354484	-1.1036412	0.82356876	-0.9636615	-1.1129497	1.0277381	0.76277614	-0.99728626	-0.8674217	-1.008581	-0.8686609	0.9790295	0.8787279	0.9658136	0.8034988	-0.84241563	-0.76878214	1.1684201	1.0121044	-0.8098194	1.0137907	-0.96603554	-0.6270904	0.8846365	-1.0773095	-0.7320762	0.77245003	-0.7924549	0.7690299	1.1399124	-0.9922341	-1.0173744	-0.86014986	-0.9964325	1.1084937	-0.8772635	-0.9122978	1.1025982	0.9690162	-0.5798717	-0.97077525	-0.7201604	-0.9404369	-1.0274637	-0.95503324	0.9467441	-1.1475627	-1.058137	-0.71858984	-0.92327	0.83680624	0.65352917	-1.0840473	0.9282603	0.92899996	-0.6358893	0.72486323	1.1084337	-0.92107046	0.7834473	0.96426564	-0.97298265	-0.9297382	0.88171226	0.88758695	0.9201875	-1.0167154	-0.9362824	0.6786061	0.7224917	-0.5969102	0.7821531	0.836867	0.524415	0.82735175	0.8744994	0.7434951	-0.9211303	-0.9492357	0.85088027	0.8648049	-0.87857395	1.0470351	-0.8886421	0.8771639	1.0069914	-0.6118016	0.88133526	-1.0441841
-0.8147167	-1.0225394	-0.8634703	1.0109886	-0.87483877	-0.9751459	0.85967803	0.76561385	0.95998794	0.9457084	-0.9092812	-1.0027236	-1.0661405	0.8225552	-0.92594653	-1.0156385	0.95595616	0.8449529	-0.9659105	-0.93697584	-1.1119227	-0.98539037	0.96286476	0.9802174	0.9221099	0.93448955	-0.9902162	-0.84905124	1.1435629	1.0397444	-0.8720067	1.034765	-1.0649608	-0.74826175	0.99007887	-1.0065296	-0.67776287	0.9502729	-0.8973287	0.7847046	1.0566163	-0.98391765	-0.989905	-0.9843086	-0.9536409	0.93362	-0.72910106	-0.96022534	1.0464305	0.8915087	-0.7309199	-1.0301251	-0.75985265	-0.95218366	-0.92537767	-1.02182	0.959113	-1.0778531	-0.919196	-0.880221	-0.9411901	0.8618998	0.80773664	-1.0351298	0.9928447	1.0500617	-0.7620407	0.8783479	1.0912777	-1.0406777	0.8386011	1.0114443	-1.0091223	-0.87243885	0.8869392	0.88028437	0.8777739	-1.0224814	-0.83764935	0.59586376	0.8559706	-0.72551817	0.9354536	0.8786082	0.68112683	0.96770966	0.9724754	0.9448367	-0.86134773	-0.87052274	0.9815392	0.91321576	-0.9906736	1.1275254	-0.89483494	0.95930374	1.0204595	-0.6086325	0.875871	-1.0470296
-0.3580846	-0.9763473	-0.8155581	0.9405987	-0.88415813	-1.1077443	0.9637537	0.58657306	0.65533096	0.9555677	-1.0167773	-0.9629016	-1.0792782	0.8862206	-0.9852911	-1.028237	0.99621665	0.60836464	-1.0655549	-0.92116296	-0.9807017	-0.77217525	1.0174406	0.9825046	1.0574322	0.62440264	-0.7324404	-0.803627	1.0929866	1.0161673	-0.77411556	1.0669838	-0.95302916	-0.8062189	0.7436736	-1.0796294	-0.77276754	0.70222425	-0.76823664	0.83279294	1.1265395	-1.02314	-1.0502609	-0.8506482	-1.0074474	1.0367457	-0.92736834	-0.9049742	1.1027668	1.0756458	-0.44101796	-1.0262887	-0.7680329	-0.88907814	-1.0140527	-0.9611301	0.9767272	-1.0882363	-1.056853	-0.5036144	-0.9164642	0.9267978	0.5907969	-1.0618477	1.0014038	0.9101221	-0.45840204	0.55724156	1.0605912	-1.0523372	0.699068	1.0211111	-0.99353683	-0.9723151	0.9934259	0.9131848	1.0312312	-1.0396137	-1.028978	0.8108372	0.5275781	-0.50187707	0.8376871	0.7903542	0.41466165	0.53195333	0.8750152	0.546965	-1.0637351	-1.0491862	0.9056159	0.9276297	-0.8019546	1.1096483	-0.98108655	0.64917713	1.0021367	-0.780458	0.8928835	-1.0463424
-0.97549564	-1.0440387	-0.951796	1.0046006	-0.9336383	-0.80130094	0.9265287	0.9109009	1.1289116	0.9560561	-0.87382144	-1.003735	-0.9934399	0.8922344	-1.0205631	-1.0067075	1.0456854	0.94991136	-0.97049	-0.9838183	-1.0943075	-0.97564673	0.9883935	1.0202371	0.96745944	1.04327	-1.0518101	-0.8935782	0.96975285	1.0002003	-1.0039452	1.0243313	-1.0513738	-0.7836861	1.0564929	-0.9757775	-0.85111684	1.0664842	-0.9556533	0.91405666	0.9970523	-0.9013293	-0.9554968	-0.9963528	-0.89861864	0.969302	-0.841385	-0.9323285	0.95073444	0.87537885	-0.92740214	-1.068153	-0.95589286	-0.9941463	-0.9636599	-1.0170635	1.0120305	-1.0213733	-0.87845975	-0.98521125	-1.0593328	0.89598686	0.8807946	-0.9470412	0.9833321	1.0403348	-0.9792297	0.9130208	1.0572832	-1.01386	0.99183613	1.0529853	-0.95489407	-0.9916639	0.9064793	0.9296772	0.87729734	-1.0227244	-0.8155825	0.778242	0.90771294	-0.8727491	1.0546398	0.95140475	0.84371877	1.0435876	0.95290214	0.98071796	-0.8594195	-0.8824658	0.9690697	0.94597787	-1.0946792	0.8989725	-0.97015995	1.0777395	0.9883325	-0.7950787	0.9405527	-0.98615
-1.0727272	-1.0414742	-1.1030433	1.0702895	-1.0726455	-0.731683	0.99004215	1.1004102	1.0642781	1.0007797	-0.95985633	-1.0166405	-0.85228443	1.0801497	-0.9897612	-0.96824324	1.0253603	1.0627434	-0.9789035	-1.0471594	-1.0813853	-1.1343929	1.0257666	1.0339307	1.0147874	1.065616	-1.1035633	-1.090627	0.83204645	1.0905793	-1.0542858	1.0247657	-0.9599515	-1.0329373	1.1366689	-0.94799125	-0.97323966	1.0611485	-1.0355896	1.0508686	0.86276776	-0.97235715	-1.0164577	-1.1365321	-1.0384659	0.8684409	-0.98539317	-1.1298792	0.82839924	0.999932	-1.0196928	-1.0501015	-1.0612853	-1.0384657	-1.0114526	-0.97474957	1.0974307	-0.80559033	-0.92174757	-1.0851032	-1.0265052	1.0454994	1.0179931	-0.9548185	1.0846096	1.0386224	-1.0833391	1.1411301	0.94474137	-1.0435658	1.1027251	1.0974563	-1.0879207	-1.0464168	1.0948069	1.0392609	1.019783	-1.0292284	-0.9747998	0.9846268	1.0722097	-1.0964901	1.1162794	1.0502657	1.067788	1.0960354	1.1033766	1.139699	-0.9496956	-1.0165039	1.1067357	1.0310498	-1.0739253	0.71918356	-1.0934567	1.059044	1.0075752	-0.9150375	1.0381079	-1.010664
-0.9734708	-1.0423646	-0.9152728	0.9707899	-0.9387032	-0.8456177	0.8323175	0.87507254	1.1041937	0.9441353	-0.8761151	-0.984792	-1.0217667	0.90310544	-0.91927916	-1.0199391	0.92114335	0.9255128	-0.8666918	-0.9273239	-0.9759003	-0.9979089	0.94414467	0.97935796	0.9137617	1.0107412	-1.034292	-0.922991	0.9244475	0.9363219	-0.9796787	0.9606234	-0.9774476	-0.78273124	0.9858683	-0.96872056	-0.75192386	0.982807	-0.9016405	0.9129692	0.9329157	-0.91000426	-0.88270336	-0.9535006	-0.87139064	0.8846139	-0.7771355	-0.95702165	0.93208504	0.83995634	-0.8762996	-0.9865086	-0.9319945	-0.9794255	-0.9838897	-1.0101255	0.94407773	-0.9225943	-0.8413244	-0.97308844	-1.0347733	0.94074154	0.91821045	-0.93166137	0.9523036	1.045267	-0.99276876	0.95515436	0.93200177	-0.9938691	0.9660324	0.95985705	-0.9958153	-0.9179299	0.91379476	0.8950802	0.8838087	-0.9785623	-0.6786879	0.69973314	0.9709952	-0.854215	0.9551588	0.92913353	0.86222565	1.067276	1.0173596	1.0504072	-0.82707083	-0.8471059	0.9783863	0.89231974	-1.0677596	0.98750013	-0.90098214	1.0426164	1.0215565	-0.741234	0.9901095	-0.98540777
-0.82651544	-0.94064045	-0.948955	0.96992904	-0.8769637	-0.8537789	0.9100009	0.8855205	0.9613957	0.99672365	-0.9229341	-0.98774254	-0.928585	0.9315498	-0.89327985	-0.9665769	0.922244	0.93039745	-1.002891	-0.94591695	-0.9654962	-0.9674144	0.9238288	1.0049049	0.94277877	0.9244553	-0.89786893	-0.9069999	0.87677145	0.9786642	-0.9414775	0.9619932	-0.91017	-0.8967416	0.9082118	-0.9580647	-0.89960796	0.9417339	-0.92866206	0.8461712	0.956971	-0.9697822	-1.0169866	-0.96947867	-0.9664865	0.95444417	-0.9627087	-0.92093164	0.9274626	0.90755403	-0.81222266	-0.9958566	-0.873124	-0.92792827	-0.9594727	-0.9845071	0.9837364	-0.8769675	-0.90179014	-0.86003995	-0.9788944	0.9295574	0.8968856	-0.9602685	0.9793861	0.9833945	-0.85590935	0.9177195	0.97504085	-1.0078572	0.9511639	0.95147353	-0.9965509	-0.8769076	1.0124617	0.96928906	0.9712651	-0.9596042	-0.96606606	0.82558686	0.84692323	-0.86269045	0.91040933	0.875665	0.76667243	0.7992576	1.0143781	0.87724054	-0.99373066	-0.93846977	0.9860776	1.003803	-0.89651656	0.83930945	-0.9781399	0.94426656	0.9986888	-0.8765145	0.93489504	-1.0115513
-0.848632	-0.7790781	-0.77561593	0.7611429	-0.84044135	-0.7339798	0.74538517	0.73208493	0.86561126	0.8274464	-0.7977256	-0.845177	-0.8037627	0.7882472	-0.76849025	-0.7768144	0.80394596	0.7531406	-0.78385985	-0.8188687	-0.8382741	-0.8622126	0.7792896	0.80994374	0.79342145	0.773202	-0.84299076	-0.85319114	0.78525764	0.8150863	-0.8326318	0.78402555	-0.79100764	-0.68224907	0.8289269	-0.80311626	-0.7471568	0.824951	-0.77205235	0.7938518	0.79484445	-0.815906	-0.80046207	-0.8398238	-0.7704586	0.7896162	-0.7597266	-0.8092901	0.79289967	0.71817356	-0.7550961	-0.83238566	-0.73463833	-0.8052827	-0.7558133	-0.774371	0.78821325	-0.7578944	-0.72138864	-0.771388	-0.8674703	0.7918867	0.8039033	-0.7459619	0.7594654	0.83138835	-0.7585246	0.75717294	0.7905489	-0.8170375	0.78427124	0.8153743	-0.76250243	-0.8013284	0.7929695	0.7555174	0.7754384	-0.8455549	-0.7098294	0.65144545	0.77159244	-0.7618522	0.8095331	0.7872074	0.7519227	0.8887356	0.8453405	0.8599215	-0.79120094	-0.8054883	0.77217907	0.7795439	-0.7633843	0.7039141	-0.7649479	0.81904733	0.823061	-0.6916077	0.8015919	-0.7691362
-0.87810934	-1.0568345	-0.9463667	1.094013	-0.88165057	-0.9717334	0.90585685	0.8465483	1.1459273	1.0269531	-1.0040509	-1.1175405	-1.0504116	0.8707567	-0.99405634	-1.0952464	1.0117218	0.89587575	-1.043772	-1.0322787	-1.0706366	-1.0493573	1.018167	1.0528827	0.9958869	0.97438085	-1.1218683	-0.9436301	1.1192218	1.0326457	-1.0212152	1.1110373	-1.0875112	-0.7383591	1.0460896	-1.0768474	-0.6504371	1.0573564	-0.8999687	0.911643	1.056369	-1.0345533	-1.0370106	-1.0465271	-0.98640275	0.9670188	-0.8118834	-0.9695029	1.0541142	0.93933886	-0.84437215	-1.0663711	-0.9256108	-1.0552493	-1.0380499	-1.0710528	1.0157398	-1.0797676	-1.0373467	-0.970026	-1.0757062	0.9366822	0.8533321	-1.1033692	1.0306894	1.0866052	-0.86684704	0.89396995	1.1239394	-1.0514704	0.9518678	1.0228119	-1.0485443	-0.97614384	1.0164615	0.94293684	0.9800959	-1.1185862	-0.83847654	0.6107891	0.90460676	-0.7968859	1.0178463	0.90545756	0.7984782	1.0782088	0.99546593	1.0698881	-0.9061176	-0.95299053	1.0322315	0.95753133	-1.0427331	1.1046968	-0.95967937	1.0851938	1.0611256	-0.6458348	0.9601006	-1.1568353
-0.82974696	-0.9878748	-0.91520876	0.9584059	-0.9299251	-0.9620268	0.84290946	0.85736644	1.0051728	0.92106456	-0.92386484	-0.96298146	-0.99284106	0.82201624	-0.9045444	-0.97385633	0.93302566	0.86439645	-0.9568907	-0.91421443	-0.92792267	-0.9439507	0.90294605	0.9558318	0.93607897	0.9764552	-0.92832536	-0.8878026	0.9853044	0.9982876	-0.9830062	0.9050573	-0.94473857	-0.7609926	0.9886462	-0.98285407	-0.7676586	0.9584697	-0.82902485	0.8298314	0.99547124	-0.85787743	-0.9100107	-0.8451753	-0.8477899	0.90823066	-0.80052704	-0.89103335	1.0111614	0.92380697	-0.7902513	-0.97543937	-0.8689397	-0.83633137	-0.9031007	-0.97962886	0.8958872	-0.92709357	-0.873226	-0.9275047	-0.9230235	0.88146865	0.81082594	-0.9496366	0.86065876	0.9596397	-0.82385767	0.83398813	0.97495997	-0.8718093	0.91410476	0.96872133	-0.8794669	-0.9188186	0.83827716	0.7838311	0.7564014	-0.95035774	-0.72518533	0.63151276	0.87266725	-0.7795628	0.9109652	0.8841795	0.7797047	0.9353026	0.94961256	0.97305024	-0.7750029	-0.8559751	0.8816027	0.90081036	-0.9281739	1.032507	-0.9254833	0.9808059	0.9160133	-0.7251939	0.9483694	-0.9421239
-0.766233	-0.83901006	-0.7743499	0.8878266	-0.8210502	-0.8221705	0.7820736	0.74560004	0.8411557	0.77088535	-0.79754305	-0.8739893	-0.8580354	0.74531436	-0.8153709	-0.8248764	0.8560262	0.7672155	-0.8281712	-0.8457449	-0.837139	-0.82162154	0.7821877	0.8029558	0.85215193	0.82223624	-0.8136382	-0.8078739	0.8779433	0.8562137	-0.8445133	0.8455456	-0.8979047	-0.65198874	0.8176024	-0.79743093	-0.6707991	0.7806538	-0.79367507	0.7648664	0.8446471	-0.8489031	-0.88311136	-0.79320073	-0.7727544	0.8787102	-0.7538026	-0.7633736	0.8342847	0.8326772	-0.73574543	-0.7857338	-0.76354116	-0.8560856	-0.85428274	-0.82286316	0.7952168	-0.8727478	-0.7781241	-0.7693213	-0.81249994	0.75166863	0.758538	-0.80179435	0.78303933	0.83355993	-0.7546568	0.8096537	0.8170889	-0.82242244	0.81256807	0.8833389	-0.7544053	-0.85929394	0.7885864	0.7917006	0.7535012	-0.78201115	-0.75522435	0.6509498	0.7749986	-0.74378365	0.78871703	0.77509475	0.70809364	0.8405581	0.8229966	0.8423024	-0.7645071	-0.7920419	0.791381	0.7906223	-0.85253316	0.8241878	-0.75888276	0.8431496	0.85346544	-0.6326778	0.8432776	-0.8473912
-0.9425948	-0.89863354	-0.9277469	0.9231166	-0.8741009	-0.67092735	0.85694873	0.9457504	0.983282	0.95619154	-0.8495725	-0.954805	-0.84271675	0.9314968	-0.8990082	-0.88160115	0.90281314	0.9629468	-0.9153593	-0.8820877	-0.9032364	-0.96071094	0.9047087	0.981423	0.89396423	1.0027287	-0.9936673	-0.90081406	0.8078962	0.96554875	-0.93471634	0.8806481	-0.9031249	-0.8606359	0.94949764	-0.89869463	-0.855364	1.0201246	-0.9431078	0.93396515	0.8653334	-0.8702907	-0.88514084	-0.97281563	-0.9565769	0.81825477	-0.8252624	-0.89256436	0.78539544	0.7874543	-0.87505317	-0.9319586	-0.8760781	-0.9839998	-0.9132128	-0.8727994	0.90176934	-0.8316156	-0.80415213	-0.9716153	-0.99759036	0.8592727	0.83982384	-0.92507267	0.9369144	1.0200741	-0.9393084	0.94607455	0.8599568	-0.9153123	0.93730056	0.97210115	-0.9510985	-0.9117786	0.91596395	0.89086556	0.842774	-0.9496797	-0.7740278	0.73842496	0.94321984	-0.8938769	0.98034966	0.8959618	0.8430426	0.990121	0.9227645	1.0360891	-0.8327038	-0.85692143	0.8895211	0.88122636	-1.0224894	0.6940875	-0.9158182	1.0314908	0.93529373	-0.7889016	0.96446466	-0.8981913
-0.706743	-0.8781609	-0.8550407	0.831025	-0.85995436	-1.0494171	0.842581	0.7063643	0.8285759	0.95307314	-0.9785411	-0.9590805	-1.0108334	0.8184616	-0.9288832	-1.0335066	1.0197847	0.82569283	-0.968394	-0.8669706	-0.9840757	-0.8674371	0.99735314	0.9124049	0.92786264	0.83978784	-0.81649786	-0.8309113	0.98564374	0.9688261	-0.8233456	0.99584365	-0.88595814	-0.72358036	0.84788954	-1.0447278	-0.70251125	0.7516432	-0.8629688	0.8187786	1.052709	-1.0383923	-0.9781273	-0.8228822	-0.8824628	0.96720237	-0.906938	-0.8534777	0.9970563	1.004992	-0.6167218	-0.95441395	-0.7882673	-0.92655176	-0.9399196	-0.89883876	0.90197194	-1.036585	-1.0022893	-0.8324924	-0.85829055	0.81016386	0.6965686	-1.010017	0.989957	0.8753433	-0.6999591	0.65873903	0.9968157	-1.0146124	0.7948701	0.91429484	-0.8958613	-0.9609355	0.96302587	0.84569854	0.90713775	-0.98376805	-0.96405387	0.7031066	0.73929584	-0.65298134	0.891229	0.78730977	0.6238025	0.74523884	0.89626384	0.8043017	-0.9517232	-0.9445492	0.8663743	0.9512652	-0.8679273	0.9449192	-0.9099542	0.8074084	1.0152613	-0.6935722	0.87015474	-1.052769
-0.5428755	-0.7139177	-0.6862247	0.7504815	-0.66173697	-0.7637441	0.6962673	0.59027004	0.75647056	0.74331987	-0.6838623	-0.74068844	-0.7868345	0.6759925	-0.70308197	-0.74421996	0.73437464	0.6957085	-0.7397142	-0.76866895	-0.7906066	-0.70969045	0.769515	0.6756473	0.7537361	0.69397587	-0.7599999	-0.70723665	0.7567434	0.7092625	-0.7094847	0.73290896	-0.7045146	-0.60347646	0.6756459	-0.7805025	-0.541217	0.65587896	-0.69182587	0.6681419	0.7374045	-0.72995687	-0.7008777	-0.74404407	-0.6881972	0.71338	-0.6629173	-0.67699873	0.70207596	0.7254312	-0.54249656	-0.75351286	-0.62944794	-0.7185943	-0.7610139	-0.79534554	0.7246136	-0.7730743	-0.6868552	-0.7078741	-0.7557011	0.7344222	0.5954159	-0.7370666	0.70621955	0.7025256	-0.6510854	0.64071804	0.74807477	-0.7133369	0.62790996	0.79271716	-0.7651519	-0.7019393	0.7274736	0.6582727	0.7139208	-0.7675791	-0.6930795	0.5411728	0.64256096	-0.6057911	0.7541536	0.6808501	0.55483544	0.71340173	0.7486284	0.68219274	-0.6429645	-0.7059187	0.6684483	0.68514067	-0.74561965	0.8228274	-0.6874544	0.69672936	0.80384314	-0.5121229	0.73463047	-0.756426
-0.63503164	-1.0144075	-0.8042233	0.97791934	-0.8853203	-0.9997277	0.89560765	0.7273608	0.84945816	0.948586	-1.0068825	-1.0242896	-1.0545777	0.8609554	-1.0515795	-1.0645843	0.9994808	0.76091295	-0.9641955	-1.0124571	-1.0687618	-0.89390725	1.0389453	0.98797995	1.0453525	0.85508776	-0.82871664	-0.78593844	1.0722029	0.95829946	-0.9024952	1.0505131	-1.0120089	-0.75459737	0.89061815	-1.00696	-0.82392544	0.8816228	-0.8743307	0.78845555	1.0772766	-1.0281906	-1.0495055	-0.858567	-0.9209054	1.0411459	-0.9091254	-0.9113223	1.0968567	0.9746263	-0.62792945	-1.0174221	-0.77186763	-0.9806003	-1.0020715	-1.015132	1.0002096	-1.1204046	-0.9760721	-0.7523075	-0.9244568	0.8834524	0.7279467	-1.062855	1.016684	1.0408058	-0.69603056	0.7203791	1.012977	-0.94302994	0.76423585	0.9589006	-0.9492768	-0.9973069	0.8974345	0.89725626	0.95010304	-0.99942636	-0.9866074	0.7352633	0.66505915	-0.6670251	0.89313555	0.8829425	0.6516371	0.746545	0.88599104	0.70869315	-0.9507125	-1.0064158	0.936218	0.9617344	-0.86484534	1.0381855	-0.8975377	0.7736163	1.0329478	-0.7652813	0.9059956	-1.0370837
-0.8392536	-0.9240511	-0.89506936	1.0071446	-0.90020627	-0.99518967	0.98512715	0.8342177	0.9309492	0.96856797	-0.9633973	-1.0740298	-0.9689453	0.88408333	-1.0023941	-0.9853798	1.0014302	0.8802588	-0.95683306	-0.981073	-1.0055232	-0.90549636	1.0260582	1.0061367	0.98116815	0.8212904	-0.90692836	-0.8663886	0.98732436	1.0483133	-0.9100864	1.0619673	-0.92495954	-0.74552673	0.9165872	-1.0682988	-0.76449174	0.91423833	-0.88410264	0.85745466	0.9885262	-1.0493575	-1.010443	-0.9467345	-0.9421012	0.9641996	-0.9032341	-0.9655217	1.0559698	0.9810403	-0.78461665	-1.0178893	-0.7977645	-1.016471	-1.0304389	-1.0200493	1.060835	-1.0694159	-1.0285422	-0.88478184	-0.93686366	0.83944243	0.82927895	-1.0316604	0.992071	1.0615789	-0.78079754	0.79214096	0.9926403	-0.98211277	0.8790972	0.95130414	-0.995847	-0.97361815	0.8967664	0.92293394	0.99274236	-0.98066777	-0.9973284	0.75137913	0.79776007	-0.8080084	0.92188156	0.8787554	0.76094717	0.8988302	0.96502256	0.86997765	-0.9342567	-1.0012543	0.9437201	0.99410653	-0.97141117	0.9686101	-0.920794	0.900943	0.98492575	-0.70612866	0.8850602	-1.0741475
-1.0141768	-0.9019639	-0.925698	1.0075098	-0.8951093	-0.5965154	0.96892416	0.9860606	1.0568106	0.94147074	-0.85657376	-0.8789213	-0.7370585	0.9027803	-0.8633314	-0.8850998	0.9223084	0.94163626	-0.8638386	-0.94996977	-0.96226245	-0.9569804	0.84437805	0.9577168	0.94326675	1.0439407	-1.0400672	-0.91220516	0.7298313	0.97659534	-0.96476907	0.93352824	-0.8472082	-0.9675114	0.97108704	-0.88371885	-0.8984426	1.0002935	-0.9455736	0.9077013	0.77554643	-0.8522195	-0.8808151	-0.9882543	-0.9735403	0.8294517	-0.9185391	-0.92151487	0.7523492	0.8568403	-0.9591716	-1.012412	-1.0353649	-0.97243947	-0.9521952	-0.8404088	0.97929555	-0.72589856	-0.8570143	-0.99367875	-0.9338395	0.9588777	0.9101313	-0.8968761	0.93074125	0.92421854	-0.9870765	1.0177927	0.8480444	-0.98227626	0.9499669	0.92758614	-0.93445	-0.88104844	0.94807863	0.9214989	0.92576754	-0.92108876	-0.85041004	0.8882495	0.9999692	-0.9966766	0.97011197	1.0135914	0.97789675	1.0276698	1.0218444	1.048364	-0.8295235	-0.8806501	0.96541977	0.9422704	-0.97665745	0.6398633	-0.96669006	1.0037779	0.8944641	-0.9056574	0.91040754	-0.8584956
-0.7691211	-0.92331725	-0.8733573	0.86215466	-0.83795357	-0.8380983	0.8274203	0.7490749	0.8803273	0.87300235	-0.9291208	-0.9319294	-0.8210597	0.8471843	-0.92583895	-0.95348	0.9530342	0.87184936	-0.93645734	-0.9185712	-0.9059619	-0.9155064	0.8574016	0.8799327	0.8892995	0.84662735	-0.8610247	-0.8853933	0.84445107	0.8593077	-0.8728774	0.9500145	-0.9298028	-0.8498174	0.9214741	-0.9180892	-0.7949206	0.8445853	-0.81950676	0.8581459	0.9264103	-0.9445153	-0.8836358	-0.89081836	-0.87145954	0.925074	-0.8160938	-0.8569288	0.87165344	0.89880395	-0.7332592	-0.90237385	-0.7931967	-0.8859593	-0.9030002	-0.93108284	0.9009548	-0.9196106	-0.88619477	-0.8345083	-0.8622328	0.82499814	0.8491119	-0.92686117	0.89256346	0.87700796	-0.83907926	0.87716436	0.87371844	-0.8711714	0.826421	0.9279586	-0.84526277	-0.95197535	0.93007004	0.8707791	0.86777145	-0.9154615	-0.92449343	0.843885	0.8223986	-0.7741859	0.85103935	0.89912754	0.8324343	0.88273	0.9118272	0.874285	-0.92688644	-0.9211701	0.88615876	0.85343647	-0.8718956	0.85232	-0.88246244	0.8806876	0.895082	-0.7523519	0.84541196	-0.830492
-0.76363665	-0.7530141	-0.71714133	0.7992827	-0.796369	-0.75522107	0.7140995	0.75369	0.8103831	0.79942364	-0.72885126	-0.7412943	-0.8178123	0.7581699	-0.75969887	-0.86001086	0.8226504	0.75721616	-0.77872765	-0.77350855	-0.84648114	-0.78676414	0.7512135	0.77597624	0.808079	0.760539	-0.8186126	-0.7080667	0.8402313	0.84061646	-0.81038195	0.8274492	-0.7701502	-0.6576445	0.75938845	-0.77515054	-0.7246806	0.7844759	-0.71401	0.74127185	0.82588243	-0.74188435	-0.80591214	-0.7823145	-0.7773549	0.77788556	-0.7071865	-0.80720425	0.7809531	0.73211586	-0.67442626	-0.7633315	-0.73034894	-0.8176134	-0.77415645	-0.7933799	0.82753205	-0.81775993	-0.73695326	-0.7929239	-0.81773305	0.70818555	0.75556785	-0.7931585	0.83065146	0.8498853	-0.6971186	0.74054587	0.7796314	-0.8038545	0.7517294	0.78949153	-0.8230735	-0.79927427	0.76289135	0.7448546	0.7551922	-0.813197	-0.6482765	0.6612776	0.72013074	-0.7120929	0.8205563	0.7957379	0.668373	0.7329301	0.8152393	0.7805759	-0.7198296	-0.78544015	0.7717341	0.71598846	-0.84016645	0.7861291	-0.71487087	0.80357003	0.79083025	-0.6877704	0.7444018	-0.7560698
-0.7304931	-0.76517415	-0.72581536	0.77159554	-0.7820999	-0.6405719	0.6942865	0.66365963	0.7757581	0.7043391	-0.755212	-0.7703606	-0.7707068	0.71178496	-0.7148834	-0.7639795	0.7416873	0.7459221	-0.75820833	-0.7345695	-0.7391333	-0.76338786	0.74892294	0.7452517	0.72846466	0.7107132	-0.7305072	-0.7557109	0.6972663	0.76463836	-0.7587953	0.7875621	-0.75167924	-0.671921	0.7905841	-0.6976044	-0.63314164	0.7277401	-0.68849254	0.7526145	0.7702204	-0.7392132	-0.76315755	-0.71212685	-0.78440547	0.7249987	-0.66351825	-0.7521173	0.7342966	0.71247655	-0.68101555	-0.75898767	-0.7675779	-0.7624325	-0.7362702	-0.8043946	0.6927076	-0.7731922	-0.74638504	-0.7937614	-0.7487352	0.76914674	0.71901155	-0.70008224	0.7079898	0.72771794	-0.7769937	0.7787842	0.7348667	-0.7816918	0.78416246	0.71179867	-0.75499195	-0.6977501	0.7695526	0.7032193	0.76256126	-0.77955604	-0.6804006	0.65450794	0.71954715	-0.75416523	0.7883333	0.75967103	0.7325132	0.7313455	0.7882145	0.74617493	-0.6654054	-0.74250185	0.7389635	0.71303767	-0.7725548	0.5696312	-0.74397	0.7090059	0.71881956	-0.6623916	0.70383126	-0.70197815
-0.8904578	-1.0356184	-0.93580353	0.95846945	-0.8998071	-0.89405316	0.90401566	0.8761734	0.95941275	1.0294955	-1.026925	-0.9728812	-0.9062102	0.95311344	-0.96090484	-0.98407733	0.97422415	0.9716389	-0.9897479	-0.97858423	-1.0523318	-0.99828845	0.95537287	1.032292	0.9795206	0.9913765	-0.98484963	-0.9622389	1.0213977	1.0149397	-0.9867354	1.0007548	-1.005133	-0.87254333	0.9831399	-1.050855	-0.87254524	0.99632525	-0.96189356	0.9743086	1.0150774	-0.98477167	-1.0079808	-0.9487098	-1.0181347	1.0178529	-0.9135833	-0.96764565	0.93163425	0.97382027	-0.87387556	-1.0438855	-0.92716193	-0.9972867	-1.0213977	-1.0030622	1.0073274	-0.92420346	-0.940266	-0.96736884	-1.0336486	0.92235047	0.9221251	-0.97108084	1.0250134	1.0125117	-0.9033043	0.86590546	1.0025895	-1.0349382	0.9573334	0.9714411	-1.0217419	-0.9339662	0.9904359	0.9918617	0.988549	-0.9898836	-1.0172963	0.7395127	0.94515854	-0.8061489	0.958319	0.89550006	0.7937701	0.93072116	0.9979018	0.97200984	-0.9528379	-1.0325308	0.9883352	0.9934465	-0.988016	0.88643205	-1.0426913	0.9870603	0.95926523	-0.79817384	0.96986234	-1.020484
-0.94544256	-1.023634	-1.0301826	1.0656588	-0.92053574	-0.85163337	0.97011936	0.8605659	1.043027	1.0225471	-0.9408421	-1.025931	-0.974234	0.9869802	-0.94938093	-0.989865	1.0491412	0.9241104	-1.0200281	-1.0372218	-1.0907227	-1.0478088	1.0252727	1.0353976	0.9969741	0.9775018	-0.9828676	-0.90049565	1.0169632	1.0931994	-1.041354	1.0924953	-1.0538045	-0.84607214	1.0770888	-1.0354615	-0.8205102	1.0451912	-0.920989	0.89435077	1.0009134	-1.0295339	-0.96272075	-1.0487874	-0.9351721	1.0183964	-0.9063532	-0.95798826	1.0081174	0.9578016	-0.9171531	-1.0498923	-0.90131533	-0.9901575	-1.0115465	-0.9971219	1.0762681	-0.98679125	-0.9688174	-1.0446413	-1.0561206	0.9403528	0.85592365	-1.0334783	1.0074471	1.0381852	-0.94783396	0.9564997	1.0442187	-0.97282296	0.9508514	1.0418833	-1.052444	-0.9956741	1.0142682	0.9622571	0.93925226	-1.0330437	-0.91974014	0.8100843	0.9458759	-0.84783655	1.0423639	1.0286325	0.8547627	0.9463116	1.0261595	1.0044549	-0.9505724	-0.97943306	1.0046953	0.9735693	-1.0209967	0.86575216	-0.96984583	0.97583944	1.0644809	-0.77548325	0.9711519	-1.027095
-0.9787145	-0.88099784	-0.8779087	0.95189893	-0.87960756	-0.71670914	0.88077164	0.8484949	0.97126245	0.8194821	-0.76005405	-0.8807553	-0.92667353	0.84165853	-0.84415793	-0.9053384	0.8090093	0.9312801	-0.8480111	-0.87626374	-0.92838967	-0.9181589	0.82515436	0.9338185	0.9010007	0.9007238	-0.91369593	-0.9551082	0.8912812	0.87988096	-0.92064154	0.8831173	-0.89509344	-0.7715944	0.91611946	-0.84053946	-0.8258939	0.9047499	-0.8824292	0.83711684	0.8585219	-0.86257964	-0.8682615	-0.9702821	-0.8873595	0.81244445	-0.6768134	-0.90765035	0.8243282	0.78281546	-0.8397101	-0.9879261	-0.88820606	-0.86217344	-0.92345345	-0.9495451	0.9340628	-0.80107	-0.7824616	-0.98321813	-0.9735194	0.8159295	0.83625406	-0.90446	0.875594	0.9885834	-0.9141738	0.962014	0.8478109	-0.90265083	0.92936367	0.8755151	-0.9159884	-0.86138284	0.90988046	0.891379	0.8127999	-0.9616467	-0.7195933	0.7276656	0.96254516	-0.85542643	0.9259202	0.8626005	0.8746486	0.98863864	0.9017826	0.9913179	-0.8166775	-0.8451501	0.91482556	0.8585112	-0.9330823	0.76666415	-0.8808368	0.94198215	0.9006172	-0.77546036	0.90856886	-0.9163443
-0.80520546	-0.8348853	-0.8068813	0.78741163	-0.8060155	-0.8086025	0.8214836	0.71315277	0.8556811	0.920996	-0.76242393	-0.8705521	-0.90191233	0.8222025	-0.8058584	-0.94977665	0.8220239	0.8341218	-0.8809785	-0.8235775	-0.9487518	-0.87898153	0.8118949	0.85225344	0.8775693	0.8338168	-0.91332984	-0.84425336	0.8239642	0.7884869	-0.8410543	0.83592093	-0.8332578	-0.7702216	0.8233319	-0.807087	-0.7625835	0.80359405	-0.8104541	0.77718467	0.8765159	-0.8798582	-0.8622726	-0.83535296	-0.89639443	0.8582176	-0.76901555	-0.85074514	0.83997035	0.83643806	-0.7148909	-0.91900194	-0.8268852	-0.8617755	-0.86801845	-0.82631636	0.84376943	-0.8544142	-0.7629917	-0.88214797	-0.87095636	0.86096835	0.7556529	-0.84369004	0.87640667	0.85685974	-0.78032607	0.7617291	0.8285797	-0.8772602	0.8029683	0.85040414	-0.8727841	-0.86626256	0.81241935	0.88809377	0.8178131	-0.900172	-0.8398473	0.72304296	0.8102399	-0.7412228	0.81726325	0.8030614	0.70850754	0.87006915	0.87836	0.8363977	-0.86113703	-0.78344464	0.86070406	0.85991067	-0.93144	0.81484956	-0.88939905	0.8176487	0.8736969	-0.7455038	0.8359837	-0.8699458
-0.9127243	-0.9783525	-0.98209465	0.9954984	-0.90810174	-0.7831085	0.838142	0.88477	0.9866651	0.9592738	-0.86546785	-0.91324514	-0.8869983	0.8463081	-0.88975513	-0.9962242	0.961275	0.89389926	-0.9470574	-0.963266	-1.0125135	-0.9996233	0.9628361	0.9945796	0.8860658	0.9449771	-0.953109	-0.8858853	0.9075212	0.9703245	-0.9563746	0.96354306	-0.92718714	-0.85248	0.9775847	-0.96593946	-0.78971213	0.9294194	-0.8850872	0.94188714	0.96806365	-0.8710936	-0.93747276	-0.9929853	-0.8679144	0.86753374	-0.78039825	-0.92554903	0.8805908	0.8773398	-0.9120683	-1.0343838	-0.89255935	-0.9982989	-0.9325967	-0.9405523	0.91802776	-0.9207884	-0.874074	-0.93581116	-0.91845894	0.86758775	0.9061418	-0.9033705	0.8938704	0.95751923	-0.894068	0.9054895	0.95018816	-0.9127193	0.9796525	0.9979529	-0.9839694	-0.95434594	0.9267386	0.8534734	0.8866562	-1.0196247	-0.754652	0.7566255	0.9476279	-0.8698203	1.0134888	0.93755573	0.8072726	1.012846	0.99850976	1.0034035	-0.8128441	-0.8487555	0.90811324	0.9172307	-0.9917595	0.9408448	-0.92608374	1.0078368	0.9824669	-0.7862469	0.968203	-0.91039115
-0.79770064	-0.8518556	-0.85628307	0.92047507	-0.8485245	-0.74668145	0.90758914	0.7825866	0.8746958	0.94937885	-0.8692417	-0.8988035	-0.7854088	0.82621205	-0.8888505	-0.8873593	0.9080506	0.8278782	-0.8786567	-0.9166156	-0.847435	-0.85569984	0.9026816	0.8655057	0.8557403	0.8535298	-0.94077957	-0.8811661	0.83266956	0.84217334	-0.92091197	0.8831845	-0.8605015	-0.81921184	0.8996345	-0.89275503	-0.81417674	0.8867599	-0.88417643	0.80834633	0.86974853	-0.9378786	-0.87898093	-0.86492825	-0.9081891	0.80101836	-0.8598272	-0.9541779	0.7626735	0.8858388	-0.7793565	-0.8858408	-0.87411004	-0.8886169	-0.8632418	-0.8161045	0.92929107	-0.85707355	-0.80359185	-0.8677951	-0.8768065	0.79932445	0.8730273	-0.84653264	0.89021564	0.89175713	-0.7988815	0.8890326	0.89350116	-0.9482254	0.90075517	0.85060334	-0.8920357	-0.81391716	0.91256326	0.8447713	0.90201944	-0.9259369	-0.86690515	0.74214685	0.8925949	-0.80184543	0.87018067	0.91190755	0.8261653	0.86295915	0.8744039	0.81696445	-0.9239047	-0.9072084	0.9009455	0.9178916	-0.9313155	0.68138224	-0.90459466	0.86556095	0.89419967	-0.7712056	0.8405239	-0.9018777
-0.660826	-0.4609593	-0.6345754	0.481745	-0.6180304	-0.025943102	0.59940946	0.74440503	0.61790997	0.65710837	-0.5176256	-0.5359014	-0.29388902	0.66072	-0.40596405	-0.45223764	0.43270332	0.669801	-0.5619987	-0.56825954	-0.5009567	-0.7042024	0.43713197	0.6102414	0.5686238	0.6479	-0.56803066	-0.6882766	0.3010853	0.567085	-0.54638255	0.42794758	-0.44916368	-0.6312087	0.69000834	-0.39037344	-0.6605483	0.61542714	-0.65880024	0.6646242	0.30895087	-0.53004843	-0.4613702	-0.67844206	-0.6029926	0.3219788	-0.6216641	-0.6424189	0.24197142	0.45361614	-0.6629893	-0.6077034	-0.62112385	-0.5887011	-0.5280326	-0.5285524	0.54965425	-0.30184847	-0.3710074	-0.686712	-0.53756297	0.5863568	0.6756255	-0.4491024	0.6462851	0.58097243	-0.6579511	0.72113913	0.4174269	-0.5474129	0.6289127	0.5729395	-0.62979794	-0.46996942	0.5889812	0.66949654	0.54969424	-0.57809556	-0.5788445	0.68739474	0.6808339	-0.71529967	0.5805587	0.5556842	0.67483836	0.600978	0.66610575	0.7083848	-0.50415874	-0.6225091	0.65563494	0.6353815	-0.6031738	0.11675929	-0.6518066	0.5845517	0.49658936	-0.6686467	0.6814069	-0.45296168
-0.80490404	-0.8811331	-0.7927575	0.8371574	-0.7695736	-0.7778789	0.80221856	0.7279635	0.91916203	0.8126234	-0.769546	-0.83276534	-0.88742876	0.78566605	-0.8686479	-0.90259564	0.8159108	0.84607863	-0.85741454	-0.8412429	-0.95508784	-0.8773013	0.84286416	0.9000056	0.806954	0.8346175	-0.92199194	-0.8500492	0.9602516	0.8551869	-0.8630036	0.92384475	-0.83041835	-0.68184006	0.9320147	-0.832756	-0.6361231	0.8962368	-0.82283807	0.7458286	0.87070376	-0.84445536	-0.83291113	-0.845578	-0.7701046	0.81826204	-0.7197381	-0.83436215	0.8693057	0.79026014	-0.68806505	-0.9671323	-0.8156674	-0.8973197	-0.84158355	-0.9286289	0.9201898	-0.8664444	-0.81843746	-0.8141847	-0.8745974	0.72816694	0.71707	-0.91389465	0.9341197	0.92186445	-0.7501968	0.8344425	0.88331884	-0.89577365	0.8586509	0.87296385	-0.898237	-0.8189439	0.8573827	0.8386644	0.829228	-0.90965104	-0.73977363	0.6317974	0.8164575	-0.732289	0.8335926	0.826729	0.6497169	0.87791115	0.8302397	0.87054944	-0.7630398	-0.7583119	0.81806743	0.80767155	-0.9468219	0.93227714	-0.85197896	0.83025163	0.867841	-0.62499017	0.87878734	-0.976806
-0.95148814	-0.9654174	-0.9013437	1.0079488	-0.94077593	-0.84442	0.8801893	0.9142516	1.050603	0.87282985	-0.9581427	-0.97818553	-0.99293905	0.8354883	-0.99616575	-0.9395371	0.9245002	0.89097995	-0.96486443	-0.98838264	-0.9612159	-0.959033	0.9930333	0.89454675	0.8985905	0.99618095	-0.9660869	-0.8616675	0.9108525	0.9873756	-1.016379	0.94937974	-0.9707005	-0.75929093	0.98880243	-0.8962629	-0.7488943	0.9871172	-0.84787506	0.8836028	0.92073303	-0.87562644	-0.90245914	-0.92604154	-0.8070481	0.93442994	-0.7330157	-0.9326914	0.97167844	0.85559756	-0.9286317	-0.96477884	-0.84864986	-0.9575364	-0.89267594	-0.96600777	0.89162266	-0.92922544	-0.9386935	-1.0150907	-0.9543698	0.94680136	0.82361454	-0.8882718	0.8470713	0.9571736	-0.88419247	0.90275985	0.93134856	-0.89802647	0.9766647	0.9676864	-0.9008732	-0.8948451	0.86727417	0.87656045	0.8105268	-0.9824318	-0.7012711	0.68979365	0.9704914	-0.82780623	0.9945543	0.9667351	0.8880361	0.9959224	0.92922425	0.975371	-0.76942676	-0.84145623	0.90344083	0.8674427	-0.9657844	0.9283038	-0.8969823	1.0303143	1.0170174	-0.72445285	0.87392676	-0.8698296
-0.8076362	-0.8264493	-0.8373539	0.8738048	-0.7849187	-0.7953388	0.779824	0.761368	0.87123746	0.8327195	-0.8318737	-0.8170277	-0.7748621	0.7490593	-0.8521331	-0.79254884	0.7996666	0.7976518	-0.86939335	-0.8157712	-0.7907859	-0.7910435	0.82306963	0.8330086	0.87393636	0.8390492	-0.86294615	-0.8246419	0.78789854	0.8385722	-0.8287359	0.869985	-0.81869	-0.78652996	0.85738796	-0.788231	-0.71998394	0.8900992	-0.8128241	0.8060896	0.8178178	-0.861991	-0.7755922	-0.8130648	-0.8659427	0.77858865	-0.7285058	-0.83704096	0.81452197	0.7989512	-0.84366006	-0.81341255	-0.7868412	-0.8550844	-0.8202245	-0.87393916	0.79254967	-0.8527204	-0.8509236	-0.86143285	-0.8036928	0.82868445	0.8117242	-0.8102092	0.80658907	0.8591751	-0.8423062	0.8726467	0.78502584	-0.79127216	0.7939317	0.81411	-0.78494585	-0.81219643	0.8556038	0.86797243	0.78094035	-0.80460477	-0.79803246	0.67844737	0.8773406	-0.76620704	0.8291186	0.83562154	0.78231025	0.87523097	0.8483014	0.836047	-0.81773823	-0.769332	0.8127251	0.8623047	-0.83608437	0.81147426	-0.8195057	0.85028976	0.8250288	-0.71552277	0.8182722	-0.7931322
-0.91380346	-1.105774	-0.9437635	1.087492	-0.9838302	-1.1189108	0.85485953	0.81251067	1.1153085	1.0523096	-1.072662	-1.153576	-1.2343304	0.86149037	-1.0950626	-1.207841	1.1339353	0.9750624	-1.0776029	-1.0999415	-1.1887951	-1.0736736	1.0750592	1.0115286	1.1044598	1.0255668	-1.0704552	-0.8905493	1.2002176	1.10488	-1.0091578	1.1849798	-1.1366458	-0.69095844	1.0560181	-1.1728805	-0.7418645	1.0026755	-0.8890715	0.8776521	1.1589268	-1.0384496	-1.0650864	-0.92438877	-0.99368393	1.103747	-0.8460837	-0.93303746	1.1377107	1.0274622	-0.80782336	-1.1004752	-0.8779729	-1.0610579	-1.086596	-1.1430293	1.0173458	-1.1311775	-1.0819395	-1.0038983	-1.0909133	0.92948586	0.8190005	-1.1174978	1.0470519	1.1958505	-0.900534	0.88942796	1.14706	-1.1181699	1.0067095	1.068693	-1.0375962	-1.0595365	0.9124663	0.9266105	0.9617569	-1.0526123	-0.9063926	0.62266123	0.9289633	-0.7775349	1.0848309	1.0618829	0.7901012	1.1057425	1.0417995	0.953949	-0.9042135	-1.0130183	0.96333194	0.97278523	-1.1355766	1.2338084	-1.0118327	1.0889757	1.178477	-0.6872494	1.01278	-1.1464592
-1.144954	-1.1986762	-1.0999352	1.1988505	-1.1115993	-0.9161414	0.9413873	0.9507878	1.2468005	0.9884793	-1.072189	-1.1516583	-1.1956064	1.0421627	-1.0648116	-1.1600536	1.1295294	1.0559163	-1.0721706	-1.1467347	-1.1911521	-1.1618654	1.0953175	1.1126539	1.0117851	1.1830804	-1.2525332	-0.99673396	1.1178557	1.1946492	-1.1560366	1.1783584	-1.1783769	-0.84371996	1.1550463	-1.0526376	-0.92805445	1.2078062	-1.0186315	1.0729765	1.1259412	-1.0278038	-1.0689934	-1.1350061	-1.0882822	1.0238892	-0.792498	-1.0857068	1.1418449	0.9941783	-0.9628508	-1.195571	-1.0093595	-1.1113844	-1.0818557	-1.1936518	1.0796248	-1.0447757	-0.98136216	-1.1547397	-1.1300498	1.0064799	1.0680535	-1.125958	0.97182554	1.2046866	-1.1400421	1.1106793	1.1799856	-1.0877128	1.0980073	1.1913902	-1.1049482	-1.0307019	1.0584952	0.9581082	0.9742119	-1.1331395	-0.7813657	0.7379305	1.1660552	-0.9701345	1.1673553	1.1142516	1.0227504	1.2747536	1.0930148	1.1282282	-0.8601027	-0.9274221	1.0525125	1.0269359	-1.1604961	1.1960666	-1.0212647	1.2269908	1.1802436	-0.80501276	1.0579749	-1.1820719
-0.63890976	-0.7342527	-0.7026126	0.6626363	-0.6340837	-0.6888158	0.60759294	0.6355653	0.70504385	0.6521134	-0.7333842	-0.71799296	-0.7406929	0.65100676	-0.7030117	-0.69273263	0.65263283	0.6262459	-0.6697366	-0.6685684	-0.7562157	-0.672838	0.6939976	0.65061605	0.70088434	0.6865681	-0.7058982	-0.6206454	0.6959955	0.6496568	-0.6507889	0.6969958	-0.7399197	-0.6417371	0.72033596	-0.66949	-0.6002025	0.6737671	-0.6639824	0.66772985	0.6763384	-0.69159985	-0.7103663	-0.6346067	-0.6502791	0.73678607	-0.62430924	-0.6603773	0.7317705	0.6279064	-0.6506883	-0.74369305	-0.59956604	-0.6718473	-0.6783019	-0.6793473	0.73156893	-0.738244	-0.67001593	-0.719141	-0.7245113	0.6579529	0.6303263	-0.6776655	0.6495759	0.6921814	-0.607963	0.6613343	0.71965516	-0.6559142	0.64267784	0.6915994	-0.70690787	-0.651322	0.6717768	0.6610129	0.65881747	-0.7277996	-0.6836854	0.5506831	0.6391351	-0.6699679	0.6473513	0.702943	0.6614554	0.6870971	0.63928735	0.6385032	-0.61564165	-0.6339831	0.6551076	0.71042216	-0.6951842	0.70682764	-0.638642	0.719807	0.67476517	-0.52248824	0.69955665	-0.6996334
-0.78019214	-0.96601176	-0.88907343	0.98000866	-0.90417606	-0.9312419	0.9049652	0.8840284	1.010061	0.97625214	-1.0219771	-1.0256171	-1.0236046	0.87303305	-0.9619309	-0.98928547	1.0374312	0.90139025	-0.9516364	-1.022025	-0.998938	-0.98941934	0.96875453	0.9260662	0.95530975	0.93073	-0.92798686	-0.9352829	1.0287708	1.0614656	-0.9974301	1.0393796	-1.0225922	-0.82981324	0.94030684	-1.0004832	-0.7721901	0.9990869	-0.90244496	0.8373679	1.0175177	-1.0181937	-1.01501	-0.8876849	-0.9079499	0.97597533	-0.81665653	-0.9811916	1.0168792	0.96775794	-0.7217096	-0.9529118	-0.8569308	-1.0331944	-1.0249571	-1.0200466	0.9946	-0.9642427	-1.0383612	-0.88315886	-1.0618119	0.8588481	0.8073956	-0.9869781	0.9045101	1.0287093	-0.91728395	0.8813836	1.0428122	-1.0233914	0.892606	1.01529	-0.9392356	-0.97381735	0.98222643	0.93111223	0.9354722	-1.025697	-0.865098	0.7983214	0.8613223	-0.77978057	0.99105346	0.97326404	0.753391	0.9794622	0.9464581	0.9486928	-0.9567585	-0.9937518	0.90508986	0.96341133	-0.92637575	1.0684998	-0.9534045	1.0082822	1.0325224	-0.7831821	0.90079284	-0.98660475
-0.9146434	-1.0933412	-1.0533774	1.0404904	-0.9878074	-0.95010716	0.95647126	0.94418794	1.0832131	1.0272017	-1.0894963	-1.1559267	-1.0533848	0.981586	-1.0413616	-1.1365002	1.1421288	0.9512814	-1.0461462	-1.0241002	-1.1040639	-1.0823694	0.9958712	1.0842117	1.0515047	1.0129353	-1.1083084	-1.008999	1.093642	1.05659	-1.0847136	1.133897	-1.120873	-0.8621318	1.0629042	-1.1053969	-0.8263678	1.0899017	-0.9682838	0.97064906	1.0556694	-1.0369169	-1.1473621	-1.0353307	-1.0195098	1.0177773	-0.9431284	-1.0591873	1.0919492	1.0249994	-0.8867959	-1.0804588	-0.91630006	-1.0343977	-1.0999	-1.1515502	1.1436955	-1.0668848	-1.0754439	-1.0217677	-1.0731606	0.9764234	0.89565146	-1.1535015	1.1091218	1.1475058	-0.9336595	1.0102226	1.1226363	-1.1593964	1.0099498	1.06981	-1.0895369	-1.0449502	1.0770417	0.97611034	1.0233523	-1.1160908	-0.90642047	0.8259544	0.9591147	-0.9058139	1.1053758	0.98733795	0.8190691	1.0646658	1.0289636	1.028319	-0.99536157	-1.0436364	1.0170406	1.0075231	-1.0968868	0.9806529	-1.0593495	1.0454748	1.0753447	-0.754063	0.99501485	-1.0864211
-0.92995125	-0.9604903	-0.9318201	0.967973	-0.9344645	-0.8525711	0.76930875	0.83905166	1.0171173	0.8690267	-0.93394035	-1.024039	-1.0379417	0.87062126	-0.9662092	-1.0078759	0.98425317	0.92773455	-0.8479859	-0.97255117	-1.016522	-0.92335236	0.9467478	0.9625547	0.9052278	0.9562796	-1.017019	-0.88595426	0.95021874	0.90392095	-0.9680688	0.9094074	-1.022717	-0.7901233	0.94116807	-0.94558114	-0.8008496	0.97180176	-0.8626383	0.86284286	0.93815684	-0.8578635	-0.8580705	-0.8551512	-0.832708	0.88349557	-0.78178173	-0.8334008	0.906503	0.9010286	-0.8140444	-0.99487925	-0.80217886	-0.885913	-0.92643934	-1.0341109	0.92015207	-0.9142143	-0.91636103	-0.983724	-0.9865084	0.85480136	0.8452741	-0.9344801	0.88591707	1.0012681	-0.9158022	0.8485996	0.942602	-0.9005108	0.955373	0.9423999	-0.9335081	-0.94183874	0.8485637	0.79281807	0.80215174	-0.9811494	-0.7834637	0.7268263	0.94264406	-0.8288858	0.9913441	0.9202662	0.8285857	1.0413393	0.9626847	0.9451006	-0.802891	-0.78841287	0.84839904	0.84938586	-0.91454726	1.0046653	-0.87989014	0.9551365	0.96730036	-0.6961809	0.9402477	-0.9110408
-0.66344875	-0.79138976	-0.78534126	0.85966164	-0.7869586	-0.8010701	0.89035815	0.743202	0.7447288	0.9142072	-0.8624485	-0.8322556	-0.7860604	0.86345404	-0.83652043	-0.86636776	0.9232571	0.7775825	-0.91584855	-0.86981356	-0.86851645	-0.809084	0.831719	0.8552394	0.9154656	0.7806354	-0.81859934	-0.78105885	0.83779716	0.863516	-0.7773065	0.89807427	-0.79672486	-0.8517968	0.75917953	-0.9168825	-0.8041792	0.7411396	-0.82631826	0.84909815	0.8165623	-0.95547795	-0.929996	-0.8281564	-0.88913226	0.83175933	-0.8764336	-0.8192095	0.82440704	0.84822905	-0.75750995	-0.8388545	-0.7381979	-0.8717396	-0.8713298	-0.87632495	0.93221295	-0.83177775	-0.86522484	-0.71044105	-0.85397655	0.7993928	0.79070824	-0.8575243	0.88633657	0.87017274	-0.77006257	0.70256674	0.83016354	-0.84282535	0.78404605	0.8663521	-0.86661166	-0.88641965	0.87452435	0.8255371	0.920229	-0.83690137	-0.9530448	0.77447444	0.77152073	-0.73989797	0.78491676	0.78945196	0.716584	0.6910966	0.7953446	0.7573214	-0.8760502	-0.92089045	0.8754087	0.8970238	-0.8136774	0.7349028	-0.81283766	0.7365886	0.86571336	-0.7325153	0.8023573	-0.84393114
-0.613178	-0.85003936	-0.75423396	0.8213272	-0.7729008	-0.8213631	0.7209484	0.57945186	0.75515515	0.8105791	-0.74891883	-0.82187676	-0.8564871	0.73758256	-0.79356176	-0.8289382	0.86502826	0.6725209	-0.78332555	-0.816109	-0.8501657	-0.8136514	0.77635336	0.85477436	0.80197144	0.7159716	-0.74366	-0.71881366	0.88994366	0.88104963	-0.7256549	0.8400739	-0.87118036	-0.6469329	0.7544359	-0.88424003	-0.68132657	0.7335717	-0.7624214	0.7108265	0.8936591	-0.7863367	-0.7915525	-0.79913646	-0.82149756	0.81687135	-0.7332364	-0.74035144	0.83047855	0.8025207	-0.58015645	-0.86180437	-0.6402344	-0.76266414	-0.84025353	-0.86088693	0.8416632	-0.8492963	-0.7726874	-0.7338235	-0.83902854	0.6937439	0.6768312	-0.85532814	0.8069467	0.8278444	-0.6061511	0.6320279	0.8318014	-0.8166941	0.7170876	0.7742057	-0.796067	-0.76079917	0.764087	0.76784337	0.8005082	-0.81061596	-0.70822775	0.64055866	0.6163138	-0.5443862	0.7869496	0.775889	0.5730292	0.72878844	0.84927005	0.71623653	-0.74745494	-0.8289036	0.8140591	0.7843584	-0.82898873	0.91199416	-0.74436635	0.70879054	0.8430508	-0.5744361	0.7613517	-0.9013664
-0.771166	-0.878736	-0.82041234	0.8951267	-0.85704297	-0.7579914	0.82296884	0.78479284	0.8199922	0.841073	-0.8704929	-0.8332655	-0.86723405	0.8084694	-0.84387714	-0.90508133	0.8647778	0.7952195	-0.8702131	-0.85901314	-0.88528305	-0.8162316	0.8911347	0.8536435	0.86645275	0.84163	-0.86332214	-0.8718263	0.82701576	0.84903663	-0.89907223	0.88092804	-0.92287844	-0.78764826	0.8037568	-0.8541166	-0.82373536	0.793134	-0.8754638	0.8572388	0.835908	-0.8500597	-0.8334316	-0.8602876	-0.81825024	0.8217592	-0.8108432	-0.86340183	0.89161444	0.8911921	-0.7741378	-0.86834604	-0.7700967	-0.87892467	-0.9144731	-0.84026176	0.8267434	-0.8939049	-0.839421	-0.7925489	-0.89141524	0.80362606	0.82840943	-0.8381323	0.9053026	0.909244	-0.83506906	0.82707715	0.9230831	-0.9044486	0.7844526	0.90166366	-0.867949	-0.8621565	0.8348884	0.80878806	0.85692465	-0.8562424	-0.7966897	0.80985427	0.7694656	-0.7618453	0.84762776	0.889388	0.7590966	0.8010476	0.87970287	0.7769209	-0.85022026	-0.8639443	0.8858114	0.8202425	-0.8579543	0.8591768	-0.89714164	0.8252389	0.87951463	-0.76819354	0.82074416	-0.8123937
-0.7832025	-1.0710509	-0.9576594	1.0550536	-0.8914471	-1.0928707	0.9299326	0.80768836	0.93768114	1.0539465	-1.055788	-1.0946536	-1.0711476	0.9271943	-1.0115075	-1.0885924	1.0443352	0.9119755	-0.9825356	-0.97204846	-1.0431811	-1.0244436	1.0274885	1.0257187	0.9840849	0.87439156	-1.0230982	-0.88501745	1.103376	1.002982	-0.94458246	1.0620855	-1.0339707	-0.7677327	1.029948	-1.0325547	-0.8602701	0.90091974	-0.9504523	0.863856	1.1019536	-0.9964808	-1.0126673	-0.98691136	-0.9717626	1.0344567	-0.912134	-1.0069574	1.0548136	0.98771137	-0.7943183	-1.0027529	-0.9229401	-1.0118397	-0.9868503	-1.0807261	1.0356431	-1.0597304	-1.055197	-0.89316136	-1.0074773	0.9670636	0.84538287	-1.0662569	0.9907551	1.013046	-0.8102759	0.88539195	1.0197837	-0.98339874	0.88565403	1.067081	-0.96286064	-0.9847331	0.95599675	0.9640599	1.0106369	-0.98394084	-0.9891617	0.7903842	0.8439688	-0.8101677	1.0036888	0.9061139	0.80525345	0.9053262	0.96642864	0.94290596	-1.0049634	-1.0024196	0.96160275	0.9447929	-0.93180835	1.1356481	-0.9543802	0.9009736	1.071266	-0.7853809	0.9385538	-1.0802789
-0.64474076	-0.88701254	-0.8083799	0.8783	-0.80496615	-0.96847796	0.75039667	0.71830636	0.8585953	0.93685734	-0.8859895	-0.9571102	-0.9941023	0.7561425	-0.96851254	-0.97150666	0.9293553	0.72613484	-0.92929524	-0.92931074	-1.0089294	-0.8301558	0.8885276	0.88288295	0.93511856	0.8236291	-0.85784996	-0.775374	1.0517684	0.92007977	-0.8377588	0.97866845	-0.9604829	-0.66789263	0.85532844	-0.9913157	-0.634449	0.8270439	-0.7546228	0.71394086	0.9640219	-0.92566013	-0.9202729	-0.8912735	-0.8531792	0.9624503	-0.79969203	-0.82013834	0.9365887	0.92707455	-0.6378656	-0.9689228	-0.7452727	-0.8875102	-0.90165603	-0.934891	0.9030558	-1.047584	-0.9286672	-0.75049937	-0.86884004	0.85174245	0.645708	-0.99703926	0.8819754	0.9282779	-0.67793167	0.7609021	0.9736112	-0.9263803	0.75263035	0.95872104	-0.9281529	-0.9196381	0.8268233	0.8109398	0.9172007	-0.88930744	-0.88394135	0.57196665	0.7157111	-0.6493185	0.81009454	0.7950826	0.5512521	0.8154136	0.8879226	0.77091604	-0.90769017	-0.9231706	0.8970831	0.89226687	-0.9103043	0.9996553	-0.8890159	0.8553773	0.9522813	-0.57227117	0.79372966	-1.0486393
-0.602346	-0.80497026	-0.72344124	0.86266655	-0.76375353	-0.87329006	0.8283012	0.6757053	0.7171228	0.8648323	-0.8800349	-0.82182556	-0.84913117	0.793326	-0.8522379	-0.8235752	0.8935032	0.7083427	-0.88283664	-0.8045771	-0.86450624	-0.78786117	0.8115875	0.80142456	0.8521043	0.7895528	-0.7780112	-0.73861945	0.8799544	0.8686252	-0.72873205	0.8702651	-0.8254043	-0.7244225	0.7540766	-0.84193397	-0.7793598	0.7623998	-0.7488118	0.79603654	0.8580728	-0.8085311	-0.79415053	-0.73458856	-0.87805927	0.8461775	-0.8359221	-0.8357759	0.8246719	0.7896044	-0.6488253	-0.80490994	-0.7282346	-0.8234757	-0.84710133	-0.8831206	0.8918932	-0.8599356	-0.7978253	-0.7151597	-0.83662945	0.76196396	0.7482378	-0.90260905	0.7841735	0.83006936	-0.61590934	0.64671755	0.8270132	-0.8164532	0.7000145	0.8663305	-0.8104062	-0.8042913	0.76045096	0.80255204	0.86099786	-0.85622996	-0.84065217	0.70593894	0.64128	-0.58673775	0.756543	0.78986967	0.61583763	0.7105919	0.76779777	0.62319607	-0.80473375	-0.7810089	0.85549456	0.8402624	-0.7483228	0.8787706	-0.75617844	0.7059722	0.91278434	-0.773683	0.7626584	-0.8606461
-0.69204843	-0.93149257	-0.78992397	0.9172705	-0.7870545	-1.0395557	0.8140182	0.65056235	0.9263364	0.98305506	-0.94802195	-0.9775775	-1.0435449	0.79245263	-0.9713043	-0.9970561	1.0145715	0.7498747	-0.9758123	-0.8889678	-1.0176923	-0.8736175	0.99303484	0.89801764	0.9551851	0.8714266	-0.94400257	-0.7140414	1.1464491	0.9686688	-0.85541975	1.0612175	-1.0459045	-0.62350893	0.9413256	-0.9977169	-0.64944863	0.836395	-0.7488237	0.7381431	1.0714612	-0.98096323	-1.0208297	-0.81147695	-0.8474054	0.95662194	-0.7073248	-0.8641688	1.0332218	0.9958543	-0.5579422	-1.0122674	-0.77899283	-0.93942684	-0.91047317	-0.9676947	1.0214125	-1.0420386	-1.0055884	-0.7802993	-0.9126266	0.7432149	0.65007275	-1.0435729	0.9500326	1.0279344	-0.689104	0.70546305	1.0719099	-0.9865878	0.79329365	0.9574548	-0.9592714	-0.9227447	0.9443867	0.8973847	0.90634644	-0.9366722	-0.8037387	0.61174405	0.803184	-0.67436177	0.8681349	0.8667691	0.6329637	0.8763833	0.88507473	0.7900231	-0.81088203	-0.9227787	0.89185965	0.8352904	-0.93828934	1.1319593	-0.906135	0.8341936	0.9445806	-0.5993548	0.8101229	-1.076955
-0.56048137	-0.8812417	-0.8332598	0.93071365	-0.8055792	-1.0439838	0.77752954	0.63565534	0.80556846	0.96814406	-0.9305835	-0.9679193	-1.0982873	0.8366578	-0.9681151	-1.0388228	0.98631686	0.66662204	-0.99086756	-0.89264685	-0.9884102	-0.8908198	0.9542086	0.9506447	0.95268506	0.7331459	-0.86557263	-0.8051338	1.0351981	0.9314126	-0.76259404	0.99096084	-1.0083476	-0.62839377	0.81168157	-0.98546976	-0.68173903	0.76176906	-0.7770271	0.7403027	1.0358156	-0.92508286	-1.0047305	-0.83908087	-0.86386347	0.98757714	-0.79538417	-0.8969462	0.9960146	0.98654014	-0.5846624	-0.9721574	-0.65074867	-0.83701515	-0.96101326	-0.96516025	0.93949825	-1.0861593	-1.0224572	-0.69981307	-0.92788494	0.7799157	0.6342802	-1.080562	0.9474377	0.95153517	-0.6042546	0.672563	0.9865589	-0.91611886	0.7106169	0.89440936	-0.9057166	-0.9127491	0.8772738	0.8285002	0.9226033	-0.98892576	-0.8681039	0.64829874	0.7036023	-0.5917956	0.80243874	0.7668999	0.5351201	0.68904644	0.89572513	0.69472545	-0.9639587	-0.88094825	0.8232609	0.8992902	-0.81809914	1.0533893	-0.8296203	0.7861311	0.985031	-0.5951943	0.8539987	-1.1018093
-0.9158095	-0.97010493	-0.87497646	0.93205625	-0.88284266	-0.7615917	0.75858164	0.82599276	0.87909544	0.84209776	-0.8484444	-0.96020323	-0.92983454	0.85247576	-0.8797553	-0.9243218	0.9060438	0.86146164	-0.8348535	-0.9083649	-0.88820726	-0.8750937	0.91172665	0.9122187	0.878431	0.92754275	-0.9005901	-0.82986015	0.8866818	0.9605977	-0.93821746	0.906589	-0.9672201	-0.75573933	0.87695104	-0.92669636	-0.7729744	0.97825843	-0.8933973	0.84472555	0.8388183	-0.80983925	-0.87759286	-0.83707666	-0.81716233	0.8627107	-0.75017136	-0.9203493	0.8456612	0.8270349	-0.84444094	-0.85133255	-0.8295414	-0.9061309	-0.92345333	-0.9575317	0.85571975	-0.84741515	-0.79717404	-0.96809363	-0.87826025	0.86250716	0.84510463	-0.85904646	0.799778	0.9209466	-0.8947523	0.87470335	0.90211976	-0.88361776	0.871888	0.9165972	-0.86081815	-0.8672109	0.8681416	0.85849583	0.72305846	-0.874422	-0.73771244	0.77054656	0.86496276	-0.78667104	0.92110455	0.88270104	0.7972557	0.9955292	0.89408314	0.90112585	-0.7718545	-0.81129	0.83745277	0.83127487	-0.88971156	0.88149387	-0.8443948	0.9008339	0.90944827	-0.7635113	0.9301325	-0.81249505
-0.7258391	-0.9366369	-0.82361865	0.9347147	-0.84236413	-0.964992	0.7856732	0.68279463	0.942883	0.81333077	-0.8738627	-0.90630907	-1.0121349	0.7461771	-0.95629483	-0.9661386	0.91754615	0.7915846	-0.9261703	-0.83701235	-0.9451313	-0.90866333	0.93908715	0.8151923	0.85942584	0.84843886	-0.9284627	-0.79847044	1.0175414	0.9624922	-0.90085334	0.90671235	-0.8972965	-0.70034623	0.9026493	-0.9479898	-0.6965516	0.8465928	-0.8391532	0.8218546	0.9842057	-0.8597181	-0.9526098	-0.8458248	-0.8669816	0.91174185	-0.7285142	-0.8239418	0.91345	0.89151394	-0.66362333	-0.9468912	-0.719616	-0.8710585	-0.8790229	-0.94744116	0.8799394	-1.0369132	-0.92312294	-0.87075084	-0.94174725	0.843929	0.7333735	-0.99123925	0.889996	0.94002503	-0.775961	0.74453664	0.97035164	-0.8548854	0.8368915	0.92553246	-0.88103384	-0.8965653	0.8802523	0.7848199	0.8767106	-0.95084554	-0.81867516	0.58421874	0.7571751	-0.68318605	0.8546567	0.9152048	0.66214275	0.87192744	0.8930685	0.82668793	-0.84551024	-0.824299	0.85965425	0.8077745	-0.89269125	0.9933894	-0.8106827	0.9002986	0.9797573	-0.6470342	0.8590527	-0.99238944
-0.6902951	-0.68524516	-0.76540416	0.70631653	-0.72268385	-0.60186857	0.72096205	0.7414777	0.7890076	0.74048555	-0.74713385	-0.7356986	-0.69642866	0.68787646	-0.7580176	-0.71795005	0.76205933	0.748735	-0.68300825	-0.70232916	-0.7123719	-0.77561617	0.7188109	0.7657151	0.7359405	0.742753	-0.688418	-0.71545345	0.64854425	0.7829641	-0.733969	0.7386362	-0.67606306	-0.6724132	0.74863094	-0.7580018	-0.66454166	0.71326005	-0.7719113	0.72437507	0.6650254	-0.75597906	-0.6969173	-0.75136745	-0.7004061	0.6731766	-0.70568055	-0.69265056	0.7248546	0.72629005	-0.68880725	-0.7604147	-0.692496	-0.74343556	-0.75215966	-0.6980439	0.73009866	-0.6535364	-0.7149268	-0.78105515	-0.76925355	0.7383357	0.7312348	-0.6678653	0.72171926	0.72701925	-0.7550879	0.7557928	0.7270508	-0.72789395	0.7189605	0.720257	-0.76797116	-0.70047086	0.7719086	0.69221306	0.6690341	-0.68167746	-0.7122434	0.7137855	0.72471285	-0.7474672	0.73253936	0.76176465	0.7670384	0.7268135	0.77077585	0.72382027	-0.68212295	-0.72392243	0.7437443	0.68367565	-0.76904416	0.5938666	-0.68282676	0.73468965	0.74885917	-0.736693	0.7587698	-0.6676017
-0.8399664	-0.8902534	-0.83319384	0.91864026	-0.8548799	-0.822104	0.79344666	0.78424007	0.97151417	0.8640654	-0.8628344	-0.8489649	-0.8974829	0.8645801	-0.8419041	-0.84998256	0.85888416	0.86133146	-0.8968089	-0.8988671	-0.89252985	-0.916336	0.8305374	0.8182214	0.8106602	0.883682	-0.9256033	-0.8534103	0.87207425	0.8965076	-0.9578599	0.8991046	-0.9811656	-0.71945727	0.90233713	-0.83275086	-0.77604276	0.9426293	-0.9037178	0.8447124	0.8757365	-0.8389888	-0.83719283	-0.92422456	-0.85093576	0.8598698	-0.6690159	-0.86666733	0.8882999	0.77284384	-0.75842416	-0.89333606	-0.83219606	-0.84276414	-0.84851587	-0.95173	0.83550507	-0.88685846	-0.83760315	-0.8646368	-0.89221764	0.7996787	0.8070425	-0.8478774	0.82212955	0.90277946	-0.8748921	0.9047695	0.93996245	-0.8657988	0.90542835	0.93902194	-0.8965594	-0.82878786	0.838636	0.81428075	0.79007614	-0.8833004	-0.6580406	0.6517609	0.8601915	-0.8023165	0.8967876	0.8872631	0.79583895	0.90977466	0.924072	0.91353637	-0.76005465	-0.7691507	0.9200927	0.7812366	-0.91409034	0.9199376	-0.88938916	0.96836907	0.9065136	-0.6823026	0.9071723	-0.9271671
-0.9491372	-1.0325407	-0.9128767	1.0134815	-0.98213005	-0.8032729	0.86580116	0.8714706	1.0002987	0.92007273	-0.8987626	-1.0100315	-0.9124082	0.91501635	-0.97235906	-0.9783521	0.98716176	0.9214551	-0.9161219	-0.93472266	-1.038053	-0.98215604	0.98554677	0.96314275	0.9402084	0.95276093	-1.0209919	-0.9147108	0.9552647	1.0310904	-0.9834327	1.0387998	-1.020908	-0.83004713	0.97849876	-0.97196835	-0.8471316	0.98247963	-0.92821854	0.8808409	0.90532607	-0.9320433	-0.9598369	-0.96840143	-1.023433	0.8914844	-0.88307583	-0.99891835	0.9566528	0.9166667	-0.89115673	-0.9974878	-0.9575889	-0.98140424	-0.94629335	-1.0398991	0.97973365	-0.8936485	-0.924033	-1.0149319	-0.97043407	0.88043207	0.9253079	-0.9876868	0.98037523	1.0635214	-0.9573713	0.9764577	0.96666	-0.9941405	0.93204445	1.0511596	-0.93956566	-0.9520521	0.9418291	0.9379427	0.90763295	-1.011063	-0.82817936	0.7334575	0.92449284	-0.8797017	1.0302467	0.9821033	0.83112156	1.0496601	1.0134828	1.0505742	-0.93514913	-0.89427114	0.981159	0.9630266	-1.0728484	0.886446	-0.9204427	1.0390285	1.054254	-0.75885385	0.98074555	-0.9787598
-0.9179738	-0.903796	-0.8709334	0.9268696	-0.8210733	-0.7864922	0.7945158	0.8534882	0.99705577	0.87328553	-0.8267882	-0.90329736	-0.88658917	0.83601624	-0.89023614	-0.9297288	0.88896513	0.8409959	-0.8632031	-0.872916	-0.9104289	-0.8902443	0.89202005	0.903045	0.8466641	0.9123178	-0.89671695	-0.89905703	0.9119775	0.89544094	-0.9093783	0.94028753	-0.92921335	-0.79571766	0.8847095	-0.92853266	-0.7652601	0.9468543	-0.8606232	0.84741026	0.9427052	-0.82923925	-0.87498206	-0.9450377	-0.9101256	0.9138006	-0.7513508	-0.84194607	0.90348244	0.85676414	-0.8140969	-0.9088274	-0.7965676	-0.94456327	-0.93129945	-0.9282417	0.8810214	-0.91848683	-0.8102736	-0.92624795	-0.94203997	0.88077575	0.8229537	-0.91818213	0.8443438	0.9219391	-0.82363236	0.8685292	0.9084655	-0.9489818	0.8878384	0.8934313	-0.8962262	-0.8539941	0.8717126	0.8429138	0.8376549	-0.9087089	-0.7910554	0.71600974	0.93229747	-0.7946951	0.9593853	0.8361214	0.8233925	0.9864539	0.9434342	0.92298937	-0.840692	-0.83446956	0.88500065	0.8392793	-0.98418814	0.85592973	-0.8439799	0.8834731	0.9810273	-0.6701645	0.922323	-0.9189396
-1.0061423	-0.9992994	-0.99842656	0.9395091	-0.9834093	-0.65482897	0.88166505	0.9964811	1.0587798	0.98194915	-0.8167454	-0.97685057	-0.79494596	0.9012931	-0.8825858	-0.8436614	0.85935086	1.0181694	-0.90961486	-0.9639501	-0.98995215	-0.978182	0.946602	0.9773764	0.87854016	1.03785	-1.0044837	-0.935842	0.77679026	0.91464615	-0.9629094	0.9309073	-0.93356764	-0.95814943	0.9775427	-0.84203273	-0.8803308	1.0526674	-0.97258437	0.961988	0.79052645	-0.83763427	-0.831573	-1.0325369	-0.8991619	0.7537101	-0.8831114	-0.94898266	0.81825495	0.8503838	-0.935352	-1.000359	-0.99087405	-0.95715505	-0.9268639	-0.9063783	0.95098776	-0.7220666	-0.7415308	-1.0615675	-0.99197495	0.9409017	0.9657128	-0.88313967	0.9370884	0.96958196	-1.0409395	1.0146393	0.8675971	-1.0063779	0.98452675	0.9782173	-0.93571466	-0.939895	0.9539412	0.9216075	0.83602893	-1.0062348	-0.7405669	0.84723103	1.0631036	-0.97216654	1.0415708	0.9537117	0.91475236	1.0835307	0.97461903	1.0169994	-0.88202405	-0.8780008	0.9250795	0.9608351	-1.0133995	0.7478543	-1.0156364	1.0446392	0.90711516	-0.8272274	1.0134392	-0.91124326
-0.7245561	-0.98167515	-0.7796283	0.9134843	-0.7990191	-0.9984071	0.81322265	0.72715914	0.8327203	0.90917534	-0.8974367	-0.97524595	-0.9992673	0.7711705	-0.9634221	-0.9509588	1.0063374	0.8099087	-0.9132222	-0.9040293	-0.93914396	-0.8114494	0.94064	0.8850216	0.95932484	0.87887794	-0.85611135	-0.73619777	0.98410076	0.895193	-0.8849038	0.9607271	-0.9845365	-0.62387353	0.8845321	-0.9304468	-0.6981457	0.8782563	-0.8258937	0.7619016	1.0395864	-0.85516894	-0.91175544	-0.8700634	-0.9158067	1.0091653	-0.7274374	-0.8035946	1.0184478	0.8942196	-0.6793454	-0.8787082	-0.7599098	-0.8417685	-0.93850297	-0.97753847	0.8654878	-1.0063431	-0.97605264	-0.7646126	-0.864243	0.7766086	0.6952914	-0.93619055	0.92652905	0.9481614	-0.75981057	0.7642567	0.9657728	-0.8751863	0.82441187	0.961452	-0.868125	-0.9266856	0.85877293	0.8293798	0.89020914	-0.93619746	-0.82608825	0.6721483	0.78505856	-0.65883625	0.85085136	0.8657113	0.66238904	0.7924452	0.8327014	0.802237	-0.86097646	-0.8894747	0.8249367	0.8653836	-0.84795654	1.0539227	-0.85501146	0.8107236	0.94514227	-0.5980993	0.86600393	-0.9668285
-0.88798344	-1.0306319	-0.9651358	1.0073339	-0.88728994	-0.8656087	0.8341037	0.82069314	1.0805799	0.9957891	-0.9377497	-1.0034795	-0.9944628	0.8695029	-0.87061983	-1.0042483	0.91075814	0.894528	-0.9861862	-0.9929472	-0.9847138	-0.9983031	0.8529047	1.0020525	0.9390758	0.9802767	-0.9878567	-0.9001484	0.9250953	0.9660993	-0.94183904	0.95639974	-0.9530389	-0.72468877	1.0492092	-0.90861017	-0.79646295	1.0033231	-0.8886045	0.892712	0.9449927	-0.9773067	-0.9985355	-1.0116191	-0.97356534	0.89826465	-0.78922254	-0.99448955	0.9662635	0.9099032	-0.84118354	-1.0930669	-0.9360694	-1.0094504	-0.9678119	-1.0557802	0.9615371	-0.949621	-0.8155062	-0.962417	-1.0432497	0.8856931	0.8301441	-0.98661053	1.0377883	1.0068299	-0.88001657	0.9101929	0.9524657	-1.0582603	0.960795	0.9966402	-0.9894895	-0.9349753	0.92449707	0.8530125	0.87953794	-1.0429747	-0.8471734	0.67106324	0.93800145	-0.8548822	0.9947525	0.9189865	0.86601627	0.99251604	1.0406694	0.99888086	-0.808054	-0.8701382	0.91738164	0.9471392	-1.0692725	0.85035604	-0.9545083	1.040525	0.969118	-0.69638735	0.9420591	-0.9934804
-0.6953131	-0.85282594	-0.80478495	0.7720074	-0.79297626	-0.8448474	0.82021576	0.71975785	0.7600529	0.84932536	-0.79296404	-0.7860209	-0.8133033	0.81832707	-0.8346378	-0.8916994	0.8662037	0.70470566	-0.8129873	-0.82040155	-0.84065896	-0.7616209	0.85050076	0.8160239	0.8807503	0.75579685	-0.7485609	-0.80147266	0.83857846	0.80708545	-0.7500169	0.8681639	-0.82058066	-0.6507489	0.7565675	-0.86258507	-0.61847305	0.77548224	-0.7260385	0.70764464	0.8967942	-0.87476355	-0.83418125	-0.8443753	-0.8469642	0.8322938	-0.7817674	-0.85519975	0.8467625	0.82616395	-0.63127184	-0.86334604	-0.7244525	-0.78806263	-0.80874497	-0.8456697	0.84672165	-0.8323786	-0.8063577	-0.70141834	-0.7496275	0.72867084	0.72298795	-0.9135554	0.880399	0.8568668	-0.6689849	0.68940383	0.8950783	-0.8454037	0.76553893	0.83792555	-0.87638676	-0.828932	0.7757094	0.7981011	0.78428555	-0.8843412	-0.8478949	0.64861816	0.7256487	-0.7538853	0.7489186	0.6798825	0.5730062	0.765795	0.7614524	0.7983505	-0.8020715	-0.8306301	0.8168513	0.8413893	-0.8103533	0.8370607	-0.82276833	0.73410296	0.85376585	-0.61864966	0.80300903	-0.8442939
-0.80554396	-0.7880606	-0.8370701	0.8291524	-0.7459821	-0.69555354	0.76910686	0.73521346	0.86871785	0.8345006	-0.77568054	-0.7899916	-0.78133047	0.7799568	-0.8354773	-0.78710735	0.81806356	0.7372966	-0.80068034	-0.7374085	-0.7930397	-0.8007797	0.7537186	0.79837537	0.84341705	0.79870254	-0.87010294	-0.75622964	0.79561627	0.81049836	-0.7526217	0.8517836	-0.77236015	-0.6732118	0.83585304	-0.84805554	-0.707868	0.7965178	-0.78709215	0.78174675	0.86250985	-0.8414806	-0.837883	-0.8460931	-0.77207834	0.7514773	-0.66538024	-0.80353993	0.7983291	0.7464524	-0.69409966	-0.79257774	-0.75873697	-0.7800531	-0.8376398	-0.8214054	0.8108174	-0.85751826	-0.7601518	-0.76873046	-0.8096664	0.75403494	0.7693196	-0.8120704	0.8662581	0.8532626	-0.78442603	0.75186425	0.7670809	-0.8138691	0.7878729	0.74741733	-0.8561526	-0.7605724	0.79285896	0.72092503	0.8167542	-0.81371254	-0.75221395	0.6647211	0.80667895	-0.78607017	0.7928617	0.6904121	0.71774185	0.8415246	0.8245393	0.7976946	-0.74872464	-0.8219184	0.83660656	0.7238207	-0.86829233	0.770785	-0.8469145	0.81002367	0.80456406	-0.6073378	0.81017506	-0.87405515
-0.8835674	-0.9378446	-0.9002102	0.94998336	-0.9162626	-0.9146277	0.9545931	0.8329766	1.0035225	0.9881235	-0.9184263	-1.0081238	-0.97526175	0.9438416	-0.9395957	-1.001028	1.0161926	0.84618014	-0.9201989	-0.93790764	-1.0333858	-0.9137484	0.94970614	0.90542847	0.974858	0.8711118	-0.91325533	-0.86211073	1.0088835	0.9393072	-0.8963767	0.9910027	-1.0061903	-0.8232684	0.9903777	-0.9766535	-0.88036394	0.9009682	-0.8740529	0.91529214	0.9528588	-0.9232329	-0.9766257	-0.8800663	-0.95875454	0.9901232	-0.9178693	-0.9201962	0.9783324	0.97545815	-0.7995283	-0.9383777	-0.90076584	-0.9647784	-0.96139044	-1.0077422	0.97138584	-1.0045214	-0.96607286	-0.94636226	-0.91813993	0.8732913	0.81193393	-0.96170485	0.9297888	1.009316	-0.8826788	0.8356237	1.0150143	-0.9426448	0.9307267	0.9278686	-0.93557495	-0.9067129	0.8889026	0.87506485	0.9406326	-0.97709197	-0.9185146	0.8003241	0.88080055	-0.8222278	0.9066442	0.95025027	0.85670173	0.8535456	0.9241813	0.93600273	-0.8966513	-0.9335279	0.9071724	0.90022784	-0.931179	1.0267545	-0.8939555	0.9552113	0.9904354	-0.7756312	0.9187531	-0.96021986
-0.6907362	-0.8762976	-0.8415153	0.9329997	-0.83290213	-0.9206313	0.78798276	0.7597614	0.81877965	0.83108026	-0.9394505	-0.9047889	-0.89787	0.814943	-0.96485907	-0.9879226	0.88937324	0.79022455	-0.934964	-0.9414549	-0.9418414	-0.8787912	0.9538977	0.9039868	0.8938836	0.8085911	-0.8278512	-0.8263232	0.9562105	0.95016736	-0.87658477	0.9449295	-0.90569973	-0.6258988	0.8651256	-0.9680334	-0.700177	0.8720994	-0.8750427	0.81550425	0.9270059	-0.95445096	-0.9542807	-0.8296095	-0.8425176	0.924643	-0.79153615	-0.83087546	0.9631044	0.93888605	-0.62736654	-0.8773228	-0.77167493	-0.9064918	-0.9325822	-0.92042553	0.8497595	-0.8926407	-0.9447004	-0.7527442	-0.8795899	0.8164998	0.67721534	-0.96377134	0.8850757	0.87021524	-0.73540837	0.785208	0.9627949	-0.9200819	0.7720089	0.87403655	-0.89946944	-0.91940725	0.89553577	0.8677284	0.8934713	-0.93338203	-0.89811516	0.74634135	0.79611164	-0.6405041	0.79321355	0.84226674	0.63494766	0.78264207	0.89699656	0.7896333	-0.91020507	-0.88909185	0.9005631	0.84495384	-0.86384034	0.9496091	-0.8835334	0.82458365	0.9445639	-0.6648415	0.83290577	-0.9429443
-0.80052394	-1.1224362	-0.89515793	1.0221474	-1.0014915	-1.142465	0.99072343	0.8188649	1.0087279	1.0738827	-1.0685887	-1.1394857	-1.2197012	0.92159534	-1.1283233	-1.1372255	1.1448287	0.9288618	-1.056485	-1.1073456	-1.128233	-1.00782	1.1375109	1.0913731	1.0839268	0.9601861	-1.0351572	-0.8659277	1.1554888	1.122885	-0.9927272	1.1449177	-1.1229626	-0.820763	1.0233173	-1.1215527	-0.8207368	0.98960537	-0.88504326	0.88636297	1.176369	-1.1277001	-1.0841838	-0.94943386	-0.95861125	1.1508137	-0.93255526	-0.9934055	1.1348343	1.1252284	-0.6994195	-1.1325904	-0.84228444	-1.0518945	-1.111297	-1.1812198	1.055699	-1.1631308	-1.1611723	-0.87499774	-1.0757492	1.0051544	0.7942526	-1.1771395	1.0699855	1.0945729	-0.8397403	0.8379644	1.2082671	-1.0960115	0.9497695	1.0908295	-1.0351737	-1.0758598	0.9819907	0.9607758	0.9982199	-1.0988785	-1.0127454	0.7248483	0.785258	-0.7127795	0.9819169	1.0046933	0.7360035	0.97114515	0.99402076	0.84591824	-1.0678884	-1.0299964	1.0105231	0.9761523	-1.0044742	1.1872002	-1.0220493	1.0080123	1.1387802	-0.72416633	0.9862458	-1.1676371
-0.7381049	-1.0049819	-0.9112752	1.0115385	-0.8952678	-1.0130376	0.99754983	0.84753066	0.931882	1.0593204	-1.0407927	-1.0509956	-1.0135329	0.95213467	-1.0239251	-1.050252	1.0218378	0.89431214	-1.061234	-0.98167574	-0.9832593	-0.9205903	0.9814084	1.0255581	0.9808863	0.81256115	-0.9521409	-0.8964304	0.9964877	1.0087974	-0.898509	1.0153588	-0.9801341	-0.8768782	0.89670527	-0.9898777	-0.84161943	0.8407372	-0.8823179	0.88050133	1.030172	-0.97845906	-1.0297626	-0.94828755	-0.9633861	1.024438	-0.94161683	-0.9761461	0.96985745	0.9950096	-0.7367748	-1.007656	-0.91197413	-0.9534049	-1.0456054	-1.0268562	1.021737	-1.0382727	-1.0446934	-0.87285364	-1.0282114	0.89846134	0.85588557	-1.0742795	0.94650817	1.004006	-0.8154961	0.8390208	1.0665724	-0.9842161	0.84764576	1.0103449	-0.96695256	-1.0198689	0.93598855	0.9211841	0.9894633	-1.0446686	-1.0192542	0.8404357	0.7677992	-0.80152357	0.93453664	0.8876642	0.7180244	0.8051724	0.97742206	0.85392725	-1.0448322	-0.9546363	0.92258024	0.96885645	-0.94616497	0.99653834	-0.9836314	0.8697243	1.0760305	-0.8330982	0.9356613	-1.0933404
-0.88300407	-0.99289614	-0.8783673	0.9054548	-0.875367	-0.8354269	0.9057221	0.88614357	0.9569085	0.961954	-0.94339514	-1.005246	-0.9924177	0.8335302	-0.9233494	-0.9419269	0.92259383	0.8872228	-0.96153337	-0.8857228	-1.011623	-0.9063651	0.9604696	0.9468465	0.9587237	0.91016006	-0.9577208	-0.9099227	0.9317057	0.9409954	-0.9397425	0.95149076	-0.9231865	-0.8141905	0.96813756	-0.9678746	-0.8011418	0.9345096	-0.8916196	0.8606979	0.8937728	-0.9460379	-0.94670814	-0.96697295	-0.938571	0.8779304	-0.80353177	-0.91426885	0.8939798	0.9466602	-0.8236059	-0.94536555	-0.90073466	-0.8768863	-0.9802677	-0.9242128	0.9538432	-0.89649755	-0.9248959	-0.86066216	-0.89247775	0.8210337	0.8100814	-0.9572705	0.88983035	0.98650175	-0.8055891	0.8484179	0.9393599	-0.9704554	0.8756791	0.9901954	-0.91925776	-0.8872768	0.91570306	0.8316329	0.91117626	-0.9211916	-0.8164553	0.7465751	0.81285167	-0.8162042	0.9013965	0.9332403	0.8106145	0.9193886	0.8982202	0.87194854	-0.8477249	-0.91437244	0.93477726	0.85568064	-0.9389898	0.89607674	-0.97237223	0.9553713	0.9652224	-0.80412316	0.9456245	-0.9305311
-0.70755345	-0.9995101	-0.91266394	1.0133743	-0.7897066	-0.9986308	0.8682443	0.7068517	1.0101783	0.9675701	-0.9523208	-1.0141081	-1.0957919	0.857667	-0.9927577	-1.0817777	1.0396236	0.7711755	-1.0064491	-0.93996316	-1.1001663	-0.9168232	0.9501801	1.0093056	0.9667579	0.9380137	-1.0120904	-0.9035172	1.1158158	0.99535453	-0.856874	1.0556988	-1.0765984	-0.6300207	0.92419255	-1.0848686	-0.61222667	0.93680745	-0.8260632	0.7465598	1.153027	-0.94110715	-0.9794292	-0.953392	-0.89738506	1.0273408	-0.7468006	-0.91689473	1.0588928	0.99855304	-0.57562256	-1.0186547	-0.72151595	-0.89997035	-0.98229635	-1.0896394	1.0451392	-1.1777904	-0.98479104	-0.8369096	-0.9687349	0.78692514	0.6618642	-1.0965393	1.0538515	1.0126112	-0.7158124	0.75388175	1.1212454	-1.0293001	0.8329579	0.9869332	-0.99914515	-0.9225153	0.9485714	0.82905203	0.935754	-1.0384598	-0.86995786	0.6134174	0.79695576	-0.67998207	0.89602685	0.9033676	0.54949474	0.92477304	1.0065621	0.80612975	-0.95450515	-0.9449682	0.9420114	0.92596674	-0.981804	1.0751694	-0.919924	0.85758466	1.1066728	-0.5677064	0.88704026	-1.1380656
-0.84366167	-0.9386256	-0.9163359	0.8521517	-0.86700594	-0.70933825	0.9432016	0.9153623	0.9023587	0.94428825	-0.8903178	-0.87079173	-0.7900811	0.88844645	-0.9368117	-0.8808332	0.9022023	0.84759027	-0.8846682	-0.8575771	-0.9511373	-0.86010176	0.878861	0.8999903	0.9353401	0.8758208	-0.9013824	-0.9126438	0.89972734	0.8824567	-0.8846251	0.88509595	-0.83579266	-0.78561497	0.892948	-0.93351024	-0.8175705	0.8593605	-0.9331848	0.922934	0.8359653	-0.88462895	-0.90746427	-0.84786916	-0.8941812	0.8874825	-0.9381029	-0.9567182	0.84993565	0.851463	-0.83977497	-0.9281946	-0.8507203	-0.9244957	-0.8838305	-0.8589916	0.9445337	-0.791577	-0.89493954	-0.9154055	-0.94982624	0.8557627	0.8414251	-0.9245173	0.9346654	0.89608943	-0.8461684	0.89962214	0.9161595	-0.93794227	0.9116646	0.91549975	-0.88073635	-0.8732956	0.9013881	0.9060757	0.91329134	-0.93139124	-0.805484	0.83548254	0.9002663	-0.84043163	0.9177944	0.91939014	0.8598438	0.8391358	0.9220059	0.9186968	-0.8613874	-0.89980155	0.8992505	0.95344657	-0.90197647	0.7739541	-0.94978833	0.91268665	0.8935293	-0.7984764	0.91194767	-0.86937827
-0.7402837	-0.75423265	-0.7904084	0.79987	-0.7757515	-0.7230271	0.7948216	0.7524154	0.80055606	0.7682563	-0.81042236	-0.84607726	-0.7415337	0.73516804	-0.82161283	-0.8247549	0.7624308	0.7808654	-0.76022905	-0.73126996	-0.7685367	-0.76176006	0.77090347	0.771637	0.80265665	0.8326392	-0.75537056	-0.77249455	0.74129254	0.79439837	-0.728207	0.7623593	-0.73684794	-0.78600544	0.7325847	-0.76984453	-0.76051515	0.74240357	-0.785518	0.79383427	0.79689234	-0.78578556	-0.8133792	-0.8006726	-0.84642595	0.7025763	-0.79489064	-0.7487801	0.7281073	0.75294864	-0.7987587	-0.8399685	-0.81459725	-0.78266644	-0.7889488	-0.76244456	0.8065661	-0.7001526	-0.73438567	-0.7165373	-0.858863	0.83486533	0.7611234	-0.73657525	0.8051377	0.81086326	-0.6969825	0.7835049	0.7642404	-0.8271361	0.7844212	0.81030536	-0.78342885	-0.7294972	0.7226389	0.814778	0.7713112	-0.8169206	-0.7609239	0.74777806	0.79237217	-0.7686069	0.8049155	0.8481832	0.73247373	0.79623425	0.77557266	0.7141953	-0.7916531	-0.812865	0.76082796	0.76157796	-0.81089777	0.7008928	-0.73849875	0.77036244	0.84681886	-0.7745154	0.7535023	-0.73775107
-0.9657045	-1.0386266	-0.9913315	0.9846657	-0.9092101	-0.9541014	0.8503666	0.81420815	1.0805343	0.94609773	-0.98847675	-1.0072583	-1.0693886	0.9495522	-1.0217786	-1.084595	0.9843311	0.90892196	-0.9369323	-1.0204804	-1.1179961	-1.0036044	0.98876446	0.97082824	0.94431186	1.0265583	-1.0597669	-0.9833765	1.1056077	1.0690911	-0.94218224	1.0582377	-0.9989275	-0.71720636	0.9874068	-1.0253181	-0.76644033	0.97421557	-0.9084908	0.86754674	1.0309359	-0.9301713	-0.9505542	-1.0009955	-0.9614202	0.94266576	-0.78076756	-0.95162636	0.99675804	0.98133653	-0.84718704	-1.0254105	-0.9046667	-0.98851436	-1.0331229	-1.0000219	1.0457808	-1.0414493	-0.9274838	-0.9760218	-1.0036322	0.91951036	0.86379904	-0.974282	0.988038	1.0449042	-0.8887152	0.9065897	1.0738742	-1.0135957	0.9521014	0.9677196	-1.059786	-0.94609165	0.97429234	0.89554733	0.8877409	-1.0745536	-0.83634406	0.6519477	0.9470915	-0.787265	0.9825923	0.97223926	0.81238157	1.0137963	0.95863044	0.98720497	-0.8501833	-0.89710194	0.9624832	0.9476553	-0.99619347	1.0492811	-1.0204142	1.0434728	1.0017056	-0.6197845	0.92946076	-1.0167395
-0.9640807	-0.9257304	-0.8539289	0.9098213	-0.8867149	-0.6822226	0.8296582	0.91537744	0.9957891	0.8880969	-0.83076304	-0.86581063	-0.8960368	0.85176754	-0.83809125	-0.9230746	0.8965439	0.8713536	-0.8205201	-0.93126637	-0.94649684	-0.98262167	0.8799206	0.96545446	0.93464	0.923325	-0.9243964	-0.8402513	0.879479	0.8921692	-0.9340692	0.94426966	-0.87112117	-0.8327095	0.8905094	-0.91114724	-0.8105706	0.8906995	-0.9358166	0.8887002	0.8556025	-0.81977755	-0.87550867	-0.9174465	-0.9227504	0.7656017	-0.7537155	-0.8864452	0.8139297	0.7915414	-0.88840127	-0.911412	-0.92052925	-0.98750895	-0.89490235	-0.9683014	0.87646234	-0.7921471	-0.79028994	-0.90965015	-0.96095896	0.9153578	0.8520965	-0.90329176	0.9394284	0.92429215	-0.86176026	0.880645	0.9048533	-0.9301931	0.91618115	0.9472942	-0.8811716	-0.8479286	0.87852615	0.8366534	0.81949294	-0.9287241	-0.75820524	0.770897	0.93505144	-0.86019677	0.90146166	0.9225819	0.83731544	0.97713697	0.90431106	0.94749576	-0.8329507	-0.79117584	0.9273341	0.9040329	-0.9660001	0.84556514	-0.90286994	0.95586514	0.89822036	-0.7182354	0.8677185	-0.91905165
-0.7759618	-0.7800633	-0.77187586	0.87125134	-0.7815989	-0.7678418	0.76229197	0.7647713	0.8058435	0.7614826	-0.74625075	-0.8094198	-0.7957204	0.7497872	-0.7978	-0.83040833	0.7835585	0.7746842	-0.780803	-0.78727275	-0.84586114	-0.8469678	0.84020716	0.76128674	0.800629	0.8076478	-0.8429732	-0.80787134	0.79482436	0.7911298	-0.7795055	0.85782963	-0.83516544	-0.70130074	0.88031906	-0.8228428	-0.6968365	0.7716941	-0.7816225	0.7961948	0.7855502	-0.81224537	-0.78166056	-0.8512118	-0.78234535	0.8053169	-0.68530685	-0.8041909	0.8402135	0.7381063	-0.7481044	-0.8070358	-0.798505	-0.8348288	-0.85742086	-0.7784618	0.7954003	-0.7841462	-0.772134	-0.786946	-0.85833776	0.71837765	0.74378556	-0.845282	0.8629893	0.8267214	-0.81878126	0.80888855	0.83028406	-0.87089634	0.74500984	0.8432288	-0.81344384	-0.74854976	0.75906813	0.80698216	0.7315652	-0.83409107	-0.6518617	0.6294011	0.77337795	-0.79005104	0.8531151	0.7555074	0.77212834	0.84195423	0.82294506	0.822855	-0.7237905	-0.7691854	0.8107687	0.78418857	-0.8542858	0.7989717	-0.82814384	0.85418063	0.83569497	-0.5587855	0.8366086	-0.8772888
-0.46783087	-1.110268	-0.81539255	1.0251012	-0.9853046	-1.2011181	1.0141444	0.635043	0.6891581	1.0751551	-1.151921	-1.1288184	-1.2352545	0.88048214	-1.2312394	-1.1804606	1.1646527	0.69252115	-1.1668307	-1.0335155	-1.1579127	-0.8253593	1.1686596	1.0322669	1.1311414	0.71703887	-0.7478757	-0.8281965	1.2458829	1.0716305	-0.8603748	1.148862	-1.0829922	-0.80971926	0.76287764	-1.2214929	-0.9077243	0.7517508	-0.8278942	0.8002868	1.2158608	-1.1575762	-1.178897	-0.7900563	-1.1108963	1.2262607	-1.0884188	-0.928139	1.2765232	1.188829	-0.51809496	-1.0364634	-0.7329067	-1.0337021	-1.101238	-1.1250807	1.0666143	-1.2220199	-1.2430171	-0.62978727	-1.0918161	0.99982256	0.69327617	-1.2307081	1.0304294	1.084397	-0.50856143	0.5948661	1.2155513	-1.1138145	0.77734184	1.0500008	-1.0358278	-1.147786	1.0415251	1.0165979	1.1337081	-1.0960469	-1.1208196	0.93896884	0.56299245	-0.5257669	0.933496	0.9313892	0.5222675	0.51682985	0.9239741	0.48336992	-1.1115264	-1.1692147	0.9574388	1.0560826	-0.80934405	1.2630624	-0.9350639	0.6897075	1.2095354	-0.88263345	0.96203256	-1.2022637
-0.93285334	-1.0408634	-0.9954987	1.0713503	-0.9817246	-0.97499526	0.93301356	0.90109223	1.0143014	0.9446159	-0.9737248	-1.0389774	-1.0765508	0.8967448	-1.0727705	-1.0173614	0.9995772	0.9794964	-0.9627424	-0.9808486	-1.0897768	-1.0209723	0.9917519	0.95089555	1.0193979	1.043477	-1.0446714	-0.88327473	1.0759151	1.0048599	-0.96502334	1.0573379	-1.0848306	-0.84830874	0.9506056	-1.0583408	-0.87666494	1.0056629	-0.96621	0.9234339	1.036117	-0.9427434	-0.9520165	-0.9358887	-1.0027779	1.0034496	-0.8841176	-0.9310032	1.0498725	1.0234103	-0.91206807	-0.9749626	-0.93230724	-0.99530554	-1.0060817	-1.069103	0.99773395	-0.9933431	-1.0341585	-0.96702594	-1.0806766	0.95226115	0.9060795	-0.9609752	0.91425014	1.0252944	-0.90039456	0.9230801	1.0267309	-0.97845674	0.99742144	1.0663384	-0.98010665	-1.0403622	0.9732029	0.88672775	0.89679617	-1.0603557	-0.8726031	0.8850262	0.9246388	-0.88308764	0.98952997	1.0593662	0.90789217	1.0273318	0.96759695	0.9887608	-0.95682424	-0.93113106	0.9341798	0.95288604	-0.94961053	1.0522544	-0.98854816	1.045124	1.0012879	-0.83461696	0.9856381	-1.0231935
-0.60728425	-0.84896106	-0.71591437	0.78500557	-0.7883959	-0.787598	0.7568762	0.67017514	0.79219	0.8213756	-0.7681269	-0.81130946	-0.8816542	0.6817495	-0.7805543	-0.80674964	0.7926538	0.75560063	-0.76607126	-0.8481558	-0.8759558	-0.82012916	0.80318487	0.828258	0.7924158	0.68087983	-0.76490474	-0.74943066	0.8881363	0.78317523	-0.73391974	0.80902845	-0.7688269	-0.68606305	0.77082866	-0.8100215	-0.64046234	0.7180528	-0.71191156	0.73586726	0.8203441	-0.7642937	-0.8528463	-0.72523296	-0.7506181	0.76538587	-0.6935101	-0.78252417	0.82885253	0.8328276	-0.6396497	-0.8629257	-0.6688361	-0.7420865	-0.7872625	-0.82981753	0.83052975	-0.8242422	-0.86121976	-0.71987504	-0.8138906	0.71415263	0.63050175	-0.8104669	0.79147696	0.7848656	-0.7020742	0.6306284	0.85276055	-0.81799835	0.70467824	0.83806974	-0.8253835	-0.81327045	0.7470596	0.7831922	0.71098506	-0.77385336	-0.66922003	0.62428606	0.69386786	-0.65615606	0.81129265	0.7747798	0.5729219	0.734146	0.76893324	0.6475436	-0.77897495	-0.7666796	0.7803279	0.8156163	-0.81177217	0.8954944	-0.73188525	0.7464872	0.8584314	-0.6175196	0.7932385	-0.8849713
-0.62828475	-0.7900947	-0.7419878	0.81586516	-0.79003537	-0.8333743	0.7166146	0.6736372	0.7503599	0.75535655	-0.75706244	-0.8738668	-0.89107656	0.7094427	-0.8107485	-0.79878587	0.829903	0.66873777	-0.7942989	-0.81365544	-0.8143692	-0.7827136	0.8332807	0.7224708	0.82770807	0.7129842	-0.72112674	-0.7222547	0.8069616	0.78775555	-0.7756095	0.8346475	-0.8628026	-0.64678925	0.8094452	-0.8406774	-0.6408762	0.7896973	-0.7379127	0.76059276	0.82466894	-0.82016927	-0.7745573	-0.75805044	-0.7583758	0.8656551	-0.74476326	-0.7919447	0.8478095	0.7982997	-0.5615491	-0.8225669	-0.69452333	-0.729294	-0.8517157	-0.81855875	0.76010466	-0.8890656	-0.7959983	-0.68766475	-0.7481377	0.79218924	0.72806615	-0.8454194	0.79226196	0.8431917	-0.66639805	0.67306757	0.86431193	-0.835711	0.70561796	0.79593384	-0.7525207	-0.7984006	0.7717462	0.80317956	0.79973656	-0.8425072	-0.75869834	0.6299637	0.729475	-0.6634226	0.73622763	0.7805412	0.60854703	0.77836996	0.76029253	0.7194341	-0.76165324	-0.75298995	0.7451775	0.82169735	-0.7449375	0.878037	-0.8237078	0.7690946	0.8701892	-0.62869185	0.8203221	-0.8478212
-0.9429917	-0.88520217	-0.86978537	0.90917623	-0.8232161	-0.74916416	0.8925213	0.8537708	0.9535393	0.86795974	-0.8741362	-0.84320325	-0.825822	0.8654211	-0.8698008	-0.86568123	0.88522476	0.8906937	-0.9107569	-0.91280174	-0.91878206	-0.9199028	0.91829836	0.8835383	0.83438367	0.8620485	-0.8795367	-0.82889354	0.8674639	0.92306066	-0.8502124	0.83945084	-0.8344797	-0.83577496	0.9387294	-0.8872098	-0.7912629	0.9154175	-0.901953	0.9103892	0.8089748	-0.8350982	-0.8008633	-0.91649485	-0.8539644	0.8559759	-0.8325811	-0.9239998	0.82478863	0.8735085	-0.8060125	-0.89837426	-0.89924175	-0.9191689	-0.87287176	-0.86590195	0.8888992	-0.77451026	-0.8333509	-0.8572951	-0.9241422	0.81540954	0.8430052	-0.87828743	0.89760596	0.9169598	-0.914829	0.8708754	0.8772698	-0.89405566	0.86761963	0.9207877	-0.85692495	-0.88870907	0.83068955	0.8252256	0.8546284	-0.9203505	-0.76400715	0.7581843	0.8832105	-0.7930687	0.8873009	0.91302806	0.82291555	0.9027489	0.9491732	0.8661689	-0.85249454	-0.7964508	0.8448461	0.8912548	-0.9468376	0.86634713	-0.8739809	0.93172956	0.88113207	-0.7277115	0.83549774	-0.8945561
-0.628296	-0.9050928	-0.8561611	0.8840071	-0.78357166	-0.8361453	0.77167803	0.76819086	0.84546524	0.90411645	-0.8623683	-0.8575728	-0.8910363	0.794625	-0.9296474	-0.86148614	0.9130068	0.80550736	-0.8475956	-0.84413934	-0.90310466	-0.8677193	0.88493323	0.8312076	0.828957	0.8141223	-0.76822346	-0.82437354	0.8868497	0.8599556	-0.81804466	0.8446274	-0.8603129	-0.75541794	0.84664446	-0.91921633	-0.785863	0.84017545	-0.8152177	0.8123166	0.9041917	-0.83455193	-0.8999902	-0.86832196	-0.84818345	0.9052541	-0.83027923	-0.9034976	0.9254686	0.8286969	-0.7043893	-0.89332825	-0.73394287	-0.89770967	-0.89500713	-0.8986301	0.91540235	-0.9408184	-0.81762654	-0.75980276	-0.8406478	0.8352371	0.77529895	-0.86664593	0.8355423	0.83914894	-0.70564544	0.70451397	0.8688572	-0.88641036	0.83431965	0.88416594	-0.84198475	-0.8492739	0.8574843	0.8616794	0.83097976	-0.90995055	-0.8271861	0.70316786	0.7516246	-0.737164	0.8154732	0.86266476	0.6731921	0.7610022	0.8601515	0.76137185	-0.8715318	-0.861375	0.85030836	0.87298286	-0.7846428	0.8751992	-0.7954906	0.7591474	0.85814404	-0.7050503	0.8042638	-0.86269647
-0.8893062	-0.9827445	-0.86995155	0.993115	-0.85560805	-0.8479654	0.78300637	0.7927405	1.0063286	0.87718105	-0.9033521	-0.919934	-0.96174824	0.8487162	-0.9791448	-0.940986	0.9588527	0.9018821	-0.85280585	-0.88122267	-0.9311539	-0.9545129	0.93700093	0.86752224	0.9167764	0.9776735	-0.97209394	-0.8874162	0.95852226	0.97406006	-0.93264097	0.91395974	-0.98280454	-0.69630885	0.9250992	-0.956056	-0.7870726	1.0045265	-0.8724715	0.8065487	0.9395468	-0.851074	-0.8833386	-0.85181946	-0.8738506	0.9253373	-0.72571707	-0.8825152	0.9279406	0.8973273	-0.8165528	-0.9316694	-0.8231275	-0.8931752	-0.921552	-0.9437681	0.903979	-0.94554585	-0.8768735	-0.89907753	-0.9155595	0.81527585	0.8613413	-0.9017805	0.82918745	0.9522075	-0.8905023	0.91208744	0.9512649	-0.8580917	0.8980987	0.9836383	-0.8886973	-0.93761903	0.82147527	0.8111085	0.7325408	-0.9391819	-0.69611025	0.6489308	0.9345728	-0.72384906	0.9336993	0.9644257	0.8428126	0.9831962	0.8608736	0.8928763	-0.761094	-0.7670128	0.84653026	0.83700365	-0.96558625	0.97949636	-0.85313016	0.9102056	0.9043323	-0.6260407	0.94053566	-0.8622156
-0.9016586	-0.9662541	-0.9172231	0.97332644	-0.8559908	-0.85942763	0.80319065	0.7764861	1.0214396	0.900123	-0.92440677	-0.9182915	-1.0188879	0.88899165	-0.92733836	-0.9579141	0.8914146	0.8367368	-0.9365904	-0.9448881	-0.9389565	-0.91690147	0.97453505	0.87904793	0.8724346	0.8622996	-0.8866778	-0.86007744	1.0030019	0.9674384	-0.8690917	0.93256354	-1.016068	-0.777807	0.9200214	-0.9045648	-0.6963602	0.9097144	-0.8760497	0.8727187	1.02883	-0.8776907	-0.8742328	-0.9138611	-0.8758289	0.9037428	-0.73467207	-0.8767836	0.9467119	0.88767165	-0.7854511	-0.9224027	-0.8590232	-0.95601135	-0.9779198	-0.94824183	0.91772455	-0.96018857	-0.92043555	-0.9286794	-0.9621112	0.86928177	0.8153497	-0.9681302	0.8197031	1.002561	-0.894817	0.8745352	0.9697181	-0.9519321	0.908657	0.9025281	-0.9230724	-0.9340086	0.8986411	0.8475738	0.82204795	-0.9731421	-0.71409476	0.60157174	0.8545899	-0.81118894	0.9077575	0.8826805	0.8055524	0.8913691	0.8600665	0.9137072	-0.84446084	-0.8705196	0.8592425	0.8405744	-0.9394938	1.0193145	-0.92335826	0.8862793	1.0092412	-0.657434	0.8683136	-0.88628477
-0.56675345	-0.6120868	-0.6409802	0.60896504	-0.5425532	-0.61809134	0.574396	0.5114959	0.5552077	0.62489194	-0.6135194	-0.5764097	-0.6343399	0.55869	-0.6141951	-0.67338043	0.6184319	0.5551628	-0.5622905	-0.59145814	-0.63656497	-0.6178567	0.59814674	0.6410979	0.6558793	0.560478	-0.64298344	-0.5799042	0.61656106	0.5903507	-0.62659323	0.60847163	-0.6117838	-0.4814619	0.5618891	-0.61128634	-0.53387946	0.58227986	-0.5766837	0.5893101	0.60891074	-0.571091	-0.5696529	-0.5941561	-0.620624	0.63403445	-0.5036027	-0.620171	0.59589463	0.6243348	-0.5290423	-0.596257	-0.51620436	-0.64297765	-0.65773034	-0.6082525	0.59085745	-0.6403172	-0.57415545	-0.53110945	-0.57008445	0.5260686	0.5750639	-0.67590696	0.5961916	0.6742913	-0.5134504	0.5482785	0.5895953	-0.6642668	0.58976835	0.5636434	-0.65366864	-0.57575065	0.5800103	0.5707364	0.5666208	-0.6039269	-0.5343805	0.51638186	0.5086934	-0.5414684	0.6179172	0.5719206	0.47530928	0.5658287	0.5747968	0.53020316	-0.563117	-0.55636954	0.62959206	0.5914395	-0.6127351	0.55492765	-0.57850194	0.5903029	0.6715203	-0.51934975	0.5731225	-0.67986006
-0.87223023	-0.886244	-0.9010269	0.89618886	-0.8646448	-0.7502306	0.88900393	0.826847	0.92573327	0.8745702	-0.869697	-0.9699097	-0.8497224	0.88758445	-0.87375695	-0.9595076	0.8829005	0.8381253	-0.86736506	-0.8789728	-0.91701764	-0.8841992	0.8531232	0.96413344	0.89387375	0.8542531	-0.9148969	-0.8641836	0.92682123	0.88100153	-0.86682045	0.92547256	-0.8797622	-0.8234907	0.9346636	-0.8786668	-0.7803068	0.8603326	-0.9011048	0.89543533	0.91270006	-0.945454	-0.91372633	-0.89384836	-0.90077394	0.86350113	-0.8254745	-0.9568265	0.86263597	0.8375891	-0.8272271	-0.9293095	-0.8429458	-0.9264526	-0.9207715	-0.9045099	0.906379	-0.8255945	-0.87229365	-0.9178678	-0.8983221	0.8206181	0.74710524	-0.87219715	0.9553096	0.9606861	-0.82149315	0.8692986	0.88880193	-0.9531438	0.84241307	0.951254	-0.92153335	-0.8544938	0.870982	0.8826014	0.9080148	-0.92555964	-0.8353024	0.79450095	0.8573789	-0.7959727	0.93266696	0.85641897	0.7009188	0.82475024	0.9490635	0.9082008	-0.9030179	-0.84775525	0.87702626	0.87573725	-0.9097576	0.83894086	-0.90077096	0.9053365	0.96988565	-0.77118015	0.9343201	-0.961854
-0.8466503	-0.70379883	-0.7888518	0.76724976	-0.7274008	-0.5782882	0.7992426	0.7834482	0.80012953	0.7142688	-0.7574601	-0.7794677	-0.65651983	0.8079198	-0.77257067	-0.6767549	0.72252077	0.7539483	-0.7512061	-0.7184794	-0.78177154	-0.75238395	0.7420377	0.72735506	0.77258	0.78801715	-0.79889506	-0.7541507	0.6980515	0.716238	-0.77352875	0.7313951	-0.770443	-0.7236565	0.80599314	-0.7676802	-0.7431178	0.7925327	-0.7817837	0.7422663	0.623276	-0.77147	-0.7406039	-0.78275794	-0.781951	0.70067346	-0.7197237	-0.7568496	0.6305243	0.6918224	-0.78103983	-0.731879	-0.75856405	-0.83200246	-0.7378108	-0.76132137	0.7345209	-0.60570186	-0.6658336	-0.79590994	-0.7437802	0.71064985	0.80422026	-0.7007198	0.7484534	0.80988616	-0.8199444	0.7843193	0.7173573	-0.7950801	0.7872235	0.79897225	-0.8070927	-0.7287509	0.74113816	0.8207903	0.7773333	-0.7606729	-0.71131396	0.7416707	0.7832639	-0.7436187	0.7391702	0.81686616	0.7988803	0.7823829	0.7874145	0.7529989	-0.7296356	-0.7040847	0.7844077	0.7849278	-0.81445557	0.5760911	-0.7420144	0.75769943	0.7355821	-0.67471075	0.8154946	-0.71328783
-0.89972514	-0.868713	-0.88382155	0.9080393	-0.79456913	-0.7354975	0.7693748	0.8296836	0.8618671	0.88010335	-0.82213825	-0.9146591	-0.8149778	0.7791462	-0.81445324	-0.8572652	0.8321497	0.8864502	-0.79899514	-0.81471777	-0.8612065	-0.9150987	0.8154029	0.89201677	0.89842284	0.899036	-0.9201708	-0.87989634	0.8328913	0.83428186	-0.83713526	0.8341876	-0.8094119	-0.74928755	0.85891765	-0.80655915	-0.7799748	0.84916526	-0.8239927	0.81547403	0.84075755	-0.8662921	-0.86946607	-0.85369164	-0.8613222	0.8277968	-0.723566	-0.82356066	0.8045583	0.8386884	-0.86072373	-0.86580294	-0.86417234	-0.8881588	-0.8073323	-0.8557466	0.8602416	-0.83938676	-0.81704277	-0.8373248	-0.9123675	0.8016802	0.81961477	-0.89457124	0.8396372	0.84971464	-0.8471369	0.8599962	0.828968	-0.8754046	0.83385354	0.8507843	-0.8909426	-0.856307	0.83861136	0.81008935	0.77697986	-0.84432137	-0.71761453	0.7644979	0.8413252	-0.81152856	0.83589333	0.886758	0.8088124	0.91433036	0.9063497	0.88040745	-0.7686042	-0.77114975	0.8239201	0.8655165	-0.8822703	0.8131925	-0.85582423	0.9008941	0.83945286	-0.73061115	0.8086195	-0.85426736
-0.66239977	-0.83822376	-0.7276042	0.8367626	-0.72823614	-0.8263152	0.79198796	0.7137043	0.7340348	0.824567	-0.8533316	-0.813249	-0.84349734	0.8060906	-0.81722873	-0.85115147	0.90575296	0.68383133	-0.8662821	-0.849362	-0.86274856	-0.7871309	0.89010096	0.81019884	0.84400505	0.71891737	-0.82219493	-0.7947407	0.94362724	0.8636207	-0.78085566	0.8212908	-0.7887362	-0.6827949	0.77780664	-0.8615928	-0.69840205	0.76279324	-0.7708985	0.7452806	0.84895414	-0.86893934	-0.8824433	-0.845804	-0.83837354	0.83239204	-0.7414101	-0.8351068	0.91493934	0.80598265	-0.66384625	-0.9120898	-0.7013596	-0.7845541	-0.90310675	-0.8267218	0.8680158	-0.9442506	-0.8313965	-0.7562668	-0.7720959	0.7544662	0.6704697	-0.9000737	0.90644795	0.8109267	-0.632427	0.67400265	0.9025854	-0.87887955	0.7240511	0.8082493	-0.8238575	-0.8597027	0.7833313	0.8159945	0.88585687	-0.8862514	-0.8152459	0.72033024	0.73339516	-0.6450541	0.78454465	0.75735354	0.5939272	0.65992635	0.8312267	0.68283975	-0.8876163	-0.83904713	0.8360965	0.834138	-0.76522696	0.88090837	-0.81184584	0.79649615	0.8500472	-0.64003193	0.7816004	-0.88554305
-0.6654897	-0.67850727	-0.7160567	0.70678836	-0.67179227	-0.6861853	0.73447114	0.7072519	0.724403	0.7260877	-0.73030275	-0.76353097	-0.6533283	0.7679007	-0.7130793	-0.7064199	0.7582815	0.73191947	-0.70504284	-0.7382556	-0.75996095	-0.7007784	0.68730885	0.7139828	0.71170914	0.6991666	-0.78544617	-0.7165882	0.67897147	0.706428	-0.75346285	0.7219568	-0.682935	-0.6736798	0.7609946	-0.7606236	-0.70967317	0.7191856	-0.7089138	0.7261544	0.7247482	-0.7095334	-0.7344191	-0.7775057	-0.71199006	0.6555163	-0.6721494	-0.7667064	0.7217262	0.7329947	-0.6823248	-0.78769726	-0.7604446	-0.74432075	-0.76260763	-0.72595817	0.7645765	-0.67167085	-0.7205114	-0.7659777	-0.7208483	0.7494423	0.710888	-0.78868765	0.73887444	0.76644856	-0.7595257	0.73656785	0.69737035	-0.8025373	0.70735115	0.75742394	-0.72493106	-0.74637544	0.716728	0.7660026	0.7033684	-0.7618586	-0.72862685	0.63572174	0.6919635	-0.6953902	0.75429815	0.65887094	0.6200756	0.6820797	0.776914	0.7251887	-0.7256269	-0.70514137	0.7645096	0.6762867	-0.7466023	0.6654647	-0.7721553	0.69637144	0.7691102	-0.6404519	0.71079797	-0.7436307
-0.5942814	-0.757249	-0.74433017	0.81061715	-0.7643421	-0.7095914	0.7318486	0.68836856	0.67994326	0.7947502	-0.8332929	-0.80222005	-0.70933944	0.7908187	-0.76617277	-0.75823575	0.74948967	0.6443749	-0.7986255	-0.7040601	-0.7735198	-0.7146422	0.8092624	0.80363417	0.8415452	0.71242553	-0.69551975	-0.73541516	0.75917745	0.83800614	-0.7164618	0.8369247	-0.70477265	-0.73140895	0.7123274	-0.76889265	-0.7652219	0.644506	-0.71094054	0.71041983	0.8177391	-0.8466754	-0.7787822	-0.70937896	-0.7936564	0.83777624	-0.77188486	-0.75132513	0.7692563	0.7782542	-0.61683875	-0.8084763	-0.71490777	-0.7622508	-0.73664236	-0.75209093	0.7601153	-0.7497275	-0.81889147	-0.69313663	-0.7019184	0.7923306	0.656979	-0.815014	0.79020387	0.7738679	-0.644057	0.62784916	0.7917834	-0.7622801	0.6766883	0.7357843	-0.807966	-0.82082987	0.8340142	0.7542653	0.76465255	-0.8281261	-0.82369375	0.69907063	0.629503	-0.6492318	0.7338924	0.73743445	0.6414368	0.62952065	0.7754528	0.7067416	-0.79853654	-0.821635	0.7757065	0.7194708	-0.78443193	0.6883408	-0.8318583	0.7102135	0.7657235	-0.75705427	0.6841045	-0.78399897
-0.9344068	-0.91294485	-0.93876225	0.8935741	-0.90428406	-0.5827881	0.8824606	0.8828099	0.9361213	0.8869204	-0.78690743	-0.92768323	-0.8880462	0.9349169	-0.7994439	-0.94146574	0.81845003	0.90867317	-0.92328745	-0.91081804	-0.96676093	-0.9747056	0.85280365	0.90784657	0.8145461	0.925366	-0.99779683	-0.89445865	0.80395025	0.9400531	-0.9613013	0.91735417	-0.92467487	-0.7745055	0.9236538	-0.8380017	-0.781923	0.90207833	-0.8817813	0.92466956	0.8006026	-0.7890171	-0.8208185	-0.9989449	-0.88912696	0.78449315	-0.8486336	-0.86755586	0.8354449	0.8480069	-0.8559954	-0.92329955	-0.90475947	-0.93610233	-0.9096974	-0.8782123	0.93595886	-0.7576781	-0.747064	-0.87798125	-0.94727653	0.8579565	0.8938939	-0.92734754	0.919809	0.9610106	-0.95846164	0.91260815	0.8986907	-0.9083535	0.95231795	0.87523824	-0.9611296	-0.9054888	0.92924404	0.90197766	0.90089947	-0.982183	-0.71366376	0.8128524	0.943716	-0.7957979	0.9716891	0.90437853	0.8738898	0.97825426	0.98837477	0.91959083	-0.7836879	-0.90886515	0.9535257	0.9170586	-0.93410283	0.7845848	-0.9376758	0.9501944	0.8607774	-0.80159605	0.8602299	-0.9423115
-0.8240313	-0.8849653	-0.92193353	0.8817232	-0.85716605	-0.83897454	0.88504946	0.7448239	0.9230702	0.9362489	-0.9008631	-0.940404	-0.9039027	0.79520315	-0.86133945	-0.88751704	0.91399413	0.8662573	-0.9500308	-0.89212555	-0.9666135	-0.8907451	0.9343329	0.9243912	0.8490868	0.885284	-0.9073804	-0.8253721	0.897811	0.89199406	-0.89232856	0.97104573	-0.9320958	-0.7239791	0.9049607	-0.93093085	-0.7942113	0.9239948	-0.8642238	0.79913807	0.8908835	-0.9251493	-0.9395598	-0.84331375	-0.92321974	0.89024335	-0.8440848	-0.8538406	0.86093163	0.90768635	-0.73419136	-0.89719504	-0.78873575	-0.92552674	-0.94123185	-0.93774116	0.9234022	-0.8754845	-0.8750206	-0.86633754	-0.9260033	0.89359224	0.7952266	-0.96309	0.94818443	0.8915697	-0.85463953	0.87415797	0.9251896	-0.88724357	0.84650165	0.9202949	-0.91454345	-0.8908449	0.85486317	0.8438393	0.85913014	-0.95439947	-0.8114607	0.72913927	0.87336683	-0.7344997	0.87891155	0.9085999	0.69738495	0.9201825	0.91665006	0.89123523	-0.8384163	-0.9090523	0.8949713	0.9122938	-0.9074533	0.85170156	-0.88579965	0.9173361	0.8689266	-0.6788245	0.8525915	-0.9574163
-0.8675501	-0.80644137	-0.9041695	0.84765464	-0.8201038	-0.627751	0.7823307	0.90784675	0.8943755	0.7849116	-0.76106155	-0.8647481	-0.7830827	0.8397534	-0.77923375	-0.85200214	0.80906194	0.8464895	-0.8026847	-0.83303106	-0.86788166	-0.8719186	0.8149134	0.84968895	0.82182527	0.8210814	-0.8735292	-0.8147092	0.72964036	0.8821285	-0.8108215	0.8504496	-0.8607924	-0.87697697	0.83717984	-0.75229967	-0.7817627	0.8979586	-0.82554036	0.80610573	0.7746517	-0.7667244	-0.7638346	-0.8331274	-0.84935904	0.7052021	-0.780263	-0.8466631	0.79167026	0.7653794	-0.8370964	-0.8669146	-0.8977866	-0.9001689	-0.8429126	-0.84784365	0.8790382	-0.7715953	-0.76849556	-0.85621333	-0.84552217	0.7824257	0.80833846	-0.8147643	0.88742197	0.8586908	-0.8471217	0.84639907	0.8390348	-0.8671223	0.8380065	0.78775334	-0.83292794	-0.78531235	0.8681815	0.86780226	0.8468366	-0.88646317	-0.7985048	0.800614	0.9010139	-0.8775313	0.82803935	0.8412939	0.8844156	0.8828416	0.8303745	0.93401426	-0.77856463	-0.7333111	0.8439634	0.78106797	-0.8559666	0.7591294	-0.8963829	0.8754879	0.834119	-0.8548737	0.88200706	-0.8418677
-0.8929133	-1.0299236	-1.0130037	1.0272413	-0.9159916	-0.8828571	0.8779731	0.8297793	1.0664496	0.98799855	-0.96674025	-0.9823723	-0.9936064	0.90796494	-1.0047827	-1.028969	0.9993492	0.9275346	-0.9441558	-1.0479894	-1.0280524	-1.0650641	0.98648643	1.0023301	0.96967447	1.0520339	-1.0957297	-0.9883264	1.0080186	0.98691714	-1.025124	0.98297036	-1.067241	-0.82996106	1.0022761	-1.0447028	-0.8574872	1.0166985	-0.93821484	0.9593348	1.0277811	-0.9820032	-1.0292524	-1.0283946	-0.9600986	0.94263047	-0.7886316	-0.99750155	0.96623904	0.9392906	-0.8984824	-1.0029515	-0.9029224	-0.94557655	-0.95437205	-1.0416219	1.0402365	-1.0283086	-0.9647971	-1.0083128	-1.0767553	0.9119444	0.9062137	-1.0609108	0.9558962	1.0871038	-0.9343868	0.906714	1.0697081	-0.9775635	0.9708756	1.0183094	-0.9315062	-0.98630726	0.9557788	0.9231409	0.9280034	-1.0630846	-0.8565531	0.74927473	0.96209246	-0.88769674	1.0034789	0.94912547	0.9064315	1.0599852	0.9891361	0.9728514	-0.8878226	-0.9097651	0.98991644	1.0038671	-1.0422205	0.94381154	-0.9920404	0.998592	1.0376505	-0.7815972	1.0364798	-0.98863196
-0.7278964	-0.87668794	-0.8842859	0.9133932	-0.8421462	-0.88383675	0.815473	0.7713035	0.82669544	0.91436684	-0.909656	-0.9030381	-0.88351566	0.82160187	-0.972072	-0.96781385	0.92540354	0.7833133	-0.9505089	-0.92777145	-0.96313494	-0.88803595	0.935397	0.9270416	0.92585117	0.79583824	-0.82450885	-0.80031186	0.937392	0.91719246	-0.8400432	0.9265966	-0.93679684	-0.742264	0.85117894	-0.9676417	-0.8245955	0.83109486	-0.86208856	0.83448774	0.96358687	-0.8752481	-0.93598634	-0.91034895	-0.9164294	0.9516003	-0.8289363	-0.85019267	0.8923178	0.92217106	-0.6944589	-0.917931	-0.7714999	-0.93668497	-0.8692086	-0.9580928	0.880834	-0.9712523	-0.9064938	-0.75140226	-0.9064253	0.8057784	0.7819056	-0.9170518	0.92053926	0.91981256	-0.72247916	0.8293342	0.90599555	-0.8839627	0.86556095	0.873387	-0.91357815	-0.90721875	0.9257566	0.81921905	0.86405396	-0.9632458	-0.8560926	0.70259804	0.755722	-0.7765318	0.8391479	0.823926	0.6946298	0.80917794	0.85729444	0.81350565	-0.8789992	-0.8381338	0.8876046	0.8819559	-0.8542667	0.82158923	-0.91548777	0.87418795	0.93477	-0.7429554	0.8716127	-0.971405
-0.81237453	-0.866001	-0.8819368	0.9159185	-0.8504244	-0.84234554	0.8401084	0.8196335	0.9200664	0.85861105	-0.9410753	-0.92594814	-0.85884935	0.91795427	-0.93386596	-0.9228214	0.9184464	0.8830695	-0.858783	-0.87637407	-0.9033496	-0.907042	0.8982028	0.91961896	0.90993047	0.90815574	-0.9447006	-0.92598295	0.89610684	0.958727	-0.85117006	0.93848217	-0.8595601	-0.77896595	0.9248078	-0.8802776	-0.8285952	0.90517384	-0.90014553	0.856465	0.940568	-0.8618853	-0.8845483	-0.9239063	-0.8783911	0.86119586	-0.8591489	-0.88400453	0.8697091	0.8451316	-0.79651266	-0.93948084	-0.84432364	-0.94490725	-0.8807792	-0.9675789	0.9705843	-0.864392	-0.8833454	-0.9124781	-0.8922585	0.85592616	0.80142283	-0.90652764	0.91838056	0.89477056	-0.8901766	0.9187092	0.93034035	-0.93376863	0.8968356	0.90373087	-0.93986976	-0.90880615	0.91260207	0.9176021	0.86219	-0.9039538	-0.8271555	0.8050164	0.93085486	-0.8081578	0.9591917	0.9056079	0.84868276	0.8663027	0.8992287	0.93986785	-0.8785403	-0.8918866	0.86750597	0.8534107	-0.89494854	0.8102391	-0.95015526	0.89571375	0.9873612	-0.7827937	0.88786256	-0.88664085
-0.8727806	-0.9587099	-0.9820611	1.0209818	-0.9462739	-0.855285	0.8957522	0.89941454	0.94666207	0.9384389	-0.90153515	-0.98720926	-0.9187646	0.9824594	-0.8905002	-1.0244476	0.96602696	0.8986491	-0.9807922	-0.9847596	-0.9586833	-0.9616924	0.95145565	0.97231144	0.9777425	0.98882955	-0.9451955	-0.9320588	0.958597	0.9931293	-0.9846212	0.96048355	-0.9596618	-0.7877577	0.9829587	-0.96979845	-0.84104764	0.9988731	-0.89043695	0.9133507	0.9930464	-0.97281307	-0.98790514	-0.9446863	-1.0191865	0.8994774	-0.85653406	-0.97595036	0.88511515	0.9036158	-0.799162	-0.9968388	-0.88530767	-0.9154977	-0.9958562	-0.97588974	0.96910125	-0.9124938	-0.897351	-0.9962932	-1.0023122	0.91134095	0.8611855	-0.97827363	0.9992497	1.008621	-0.91506416	0.92693	1.0088758	-0.9555087	0.91221625	0.93455404	-0.99853426	-0.93147117	0.9781267	0.91211134	0.9321811	-0.9964053	-0.9186245	0.72405666	0.8993466	-0.83832	0.96031785	0.938204	0.8304225	0.958003	1.0317866	0.9690257	-0.95955056	-0.91361123	0.9282786	0.91476965	-1.0163792	0.95965123	-0.96175456	0.99244374	0.99131745	-0.7474961	0.95966727	-0.94806916
-0.74080855	-0.7623258	-0.76293844	0.74309886	-0.696053	-0.5921517	0.66793025	0.7493887	0.7179882	0.76460356	-0.65250885	-0.75467235	-0.6653032	0.74041736	-0.65938413	-0.756756	0.7313763	0.7379843	-0.6837296	-0.74064875	-0.7437606	-0.7552818	0.73407394	0.7678278	0.7330664	0.7356696	-0.750561	-0.7497082	0.68284607	0.7187603	-0.809615	0.6698027	-0.67512655	-0.6797632	0.77876085	-0.6556645	-0.68204355	0.80063075	-0.70165604	0.70534486	0.6028252	-0.69516134	-0.7683733	-0.7603877	-0.70129037	0.66660315	-0.65398437	-0.7984633	0.6394195	0.6943455	-0.6915773	-0.8206181	-0.73034227	-0.77117276	-0.7250617	-0.6882004	0.74341196	-0.64843756	-0.70284176	-0.7601851	-0.7672986	0.72437805	0.66080534	-0.69751525	0.7761118	0.74246126	-0.7134406	0.73600346	0.7064775	-0.7477951	0.7577329	0.77020323	-0.72273475	-0.7000778	0.72035784	0.6956864	0.7665176	-0.7738778	-0.7389065	0.6403177	0.7049197	-0.6826006	0.79768765	0.7337002	0.6526435	0.71973807	0.73436296	0.75331074	-0.68722475	-0.7226652	0.7825722	0.7363375	-0.8005939	0.58350515	-0.76928914	0.7640445	0.7533185	-0.6375512	0.7678258	-0.7193305
-0.8332569	-0.8956782	-0.85417	0.8971998	-0.8160923	-0.78708524	0.82315946	0.77835894	0.99649596	0.9113562	-0.7989213	-0.9083367	-0.87201077	0.8150767	-0.89913446	-0.95120955	0.94509697	0.85800153	-0.8841757	-0.9005451	-0.9383014	-0.9334535	0.8784852	0.89251906	0.9305964	0.8544685	-0.96822447	-0.9016284	0.94935155	0.9487688	-0.8877707	0.8849312	-0.8545758	-0.8112527	0.99555105	-0.9440044	-0.79976773	0.8974817	-0.81902987	0.8223329	0.9395873	-0.9327807	-0.88776183	-0.9790487	-0.8686735	0.85629785	-0.7565859	-0.9432978	0.8456195	0.79346645	-0.8322969	-0.9791506	-0.8783213	-0.89649177	-0.8756589	-0.917151	0.9055375	-0.8980966	-0.825748	-0.93264246	-0.93163186	0.85974485	0.77518487	-0.91477674	0.9518857	1.0006784	-0.88393503	0.83984244	0.9146192	-0.92221147	0.8973556	0.9289448	-0.9952514	-0.90095335	0.87224454	0.8626456	0.91328293	-0.97207355	-0.85617363	0.70870525	0.92067087	-0.806527	0.90000165	0.86809355	0.73309916	0.9292205	0.97915727	0.92594373	-0.8265862	-0.82852685	0.9049087	0.8204913	-0.96573716	0.80378133	-0.9132358	0.9131032	0.9719559	-0.707097	0.8773034	-0.98622745
-0.74147797	-0.84553295	-0.7960297	0.81240636	-0.7942726	-0.83747184	0.75288725	0.7534488	0.8189403	0.8563609	-0.804199	-0.897939	-0.8165813	0.7954105	-0.87108064	-0.8871042	0.85281557	0.7450146	-0.81869465	-0.8112763	-0.8262163	-0.8102383	0.8117885	0.8106065	0.86237204	0.8318435	-0.8419015	-0.74602115	0.8535229	0.8112526	-0.854696	0.8231453	-0.8745847	-0.6964614	0.8058717	-0.90274125	-0.7703003	0.7843193	-0.7860716	0.8036643	0.8117897	-0.8269034	-0.8281725	-0.7823121	-0.8088135	0.89310706	-0.7665189	-0.7820108	0.862139	0.7857275	-0.7404723	-0.86040926	-0.8284226	-0.8453911	-0.8671663	-0.82709616	0.8514763	-0.86943233	-0.8652181	-0.8101436	-0.81375134	0.8099339	0.8072502	-0.8464527	0.7702375	0.86899614	-0.77477306	0.75693506	0.89190626	-0.8640423	0.75820184	0.8207796	-0.85981554	-0.8258258	0.85488075	0.8192749	0.82239956	-0.7922976	-0.7784486	0.7320857	0.77815044	-0.7811251	0.7914869	0.78284293	0.77669936	0.78984565	0.8726398	0.8332283	-0.8478602	-0.75567055	0.8527179	0.7701027	-0.8636448	0.7658458	-0.84088355	0.8283356	0.82641256	-0.70365185	0.80423504	-0.84561735
-0.89079916	-0.95555913	-0.8868743	0.88127935	-0.89086336	-0.7809592	0.86679095	0.8324286	0.93133074	0.8133215	-0.8683945	-0.8910259	-0.85788876	0.8346639	-0.8827691	-0.95206255	0.8574954	0.8146542	-0.8794568	-0.89706767	-0.92458093	-0.89841753	0.9032847	0.8695635	0.9029443	0.91855943	-0.89990443	-0.8707402	0.8948787	0.93429816	-0.91644675	0.90390784	-0.92170054	-0.6772058	0.8971319	-0.9453934	-0.80927527	0.90867835	-0.864947	0.86021405	0.8625533	-0.82472235	-0.8571474	-0.8795105	-0.89469	0.85478646	-0.75377434	-0.8679511	0.843474	0.86080927	-0.75979215	-0.90089417	-0.8165861	-0.8847322	-0.89848435	-0.9305519	0.8375695	-0.8601333	-0.9078124	-0.932998	-0.85486794	0.86438286	0.81268024	-0.86843866	0.85974574	0.9096338	-0.9053301	0.85677	0.9452993	-0.90523183	0.8532328	0.8705848	-0.90686584	-0.8803717	0.9012952	0.83437634	0.81930816	-0.9386277	-0.7159546	0.6627532	0.8397415	-0.7876496	0.9155739	0.89862853	0.74010885	0.8804569	0.87163633	0.9021406	-0.74651587	-0.8392259	0.87521166	0.8375844	-0.883557	0.82084614	-0.8538761	0.9310911	0.86714834	-0.6897982	0.90183777	-0.8655512
-0.87776595	-0.9677588	-0.94744194	0.9909287	-0.93524176	-0.88047254	0.8465239	0.88487375	1.0159376	0.96831614	-0.90663916	-0.92049646	-0.9578004	0.9060219	-0.9505432	-0.9313669	0.94925547	0.8890681	-0.89497596	-0.9147602	-0.9761919	-0.9749246	0.8741665	0.967619	0.925957	0.8959288	-0.9587221	-0.8680235	0.92384034	0.98209405	-0.944109	1.0080545	-0.93581444	-0.76719564	0.95503634	-0.914827	-0.74004287	0.9818913	-0.8946712	0.8866621	0.95136005	-0.9673593	-0.91945875	-0.90398586	-0.92495966	0.86854535	-0.7695055	-0.92426014	0.9319533	0.86438656	-0.8473794	-0.96230453	-0.8692473	-0.97600454	-0.9529068	-0.96437126	0.9849713	-0.9249295	-0.93681824	-0.9661612	-0.9725902	0.9061767	0.8293982	-0.914888	0.9730037	0.94635516	-0.89873135	0.8665144	0.98210377	-1.0118783	0.8973214	0.95580035	-0.9661612	-0.8793129	0.91980153	0.89261955	0.89152324	-0.9604766	-0.8797334	0.71280885	0.8958816	-0.8495525	0.9755382	0.85801774	0.79406077	0.9825636	0.9129966	0.98403853	-0.87874824	-0.9008859	0.8953716	0.92371595	-1.016432	0.94183826	-0.9230035	0.9514079	0.93408877	-0.7042781	0.94323987	-0.94325846
-0.8702272	-0.91302806	-0.88003284	0.9208628	-0.8888275	-0.8262494	0.8299493	0.79353565	0.906997	0.8908046	-0.8616767	-0.9542257	-0.8536608	0.83807254	-0.889823	-0.8725859	0.9149226	0.8921536	-0.86522335	-0.9276345	-0.88898623	-0.91198343	0.8323815	0.9053887	0.85705894	0.83131146	-0.8666213	-0.84710383	0.84960365	0.9222466	-0.84103256	0.9376215	-0.8104316	-0.82182574	0.84985816	-0.9349863	-0.8185742	0.8337896	-0.8982319	0.88404346	0.88597566	-0.8950013	-0.87967515	-0.93227005	-0.89594185	0.84858596	-0.7911815	-0.9151973	0.8178017	0.87752855	-0.8192076	-0.9072683	-0.8456184	-0.86617243	-0.8570266	-0.888405	0.9098589	-0.8317833	-0.91870236	-0.85832614	-0.9309032	0.8810963	0.86267763	-0.9584524	0.9304311	0.94800997	-0.870829	0.84067017	0.9165158	-0.92006207	0.8056932	0.93454385	-0.95089346	-0.9043152	0.88736844	0.8639776	0.8524154	-0.92356884	-0.85246706	0.8138275	0.8315473	-0.8250698	0.84846747	0.84299254	0.8006238	0.8363793	0.8872816	0.88833284	-0.8307845	-0.8617322	0.85337335	0.9099766	-0.8583408	0.7791655	-0.89732146	0.8603129	0.9047994	-0.7895428	0.89134747	-0.88582563
-0.7972273	-0.9295309	-0.887993	0.88963395	-0.86086947	-0.928024	0.91486114	0.78766215	0.8779917	0.89706236	-0.96606594	-0.9465912	-0.86084706	0.8479099	-0.9597299	-0.9777313	0.94752395	0.8680003	-0.9336026	-0.8998701	-0.99331164	-0.88260543	0.9291196	0.95906997	0.921861	0.88252527	-0.85504395	-0.82637644	0.97028923	0.9467052	-0.8822489	0.9369775	-0.9258188	-0.7275825	0.877858	-0.9904446	-0.83196175	0.83006746	-0.8773147	0.8381028	0.9515163	-0.9223724	-0.90004313	-0.8371403	-0.96017194	0.94419897	-0.87457544	-0.9123706	0.9588637	0.94585204	-0.7276275	-0.98589844	-0.7836672	-0.8837547	-0.9300378	-0.9510478	0.88374865	-0.9340415	-0.92466813	-0.87169117	-0.93438965	0.897197	0.791347	-0.908613	0.9059344	0.9642226	-0.80709636	0.8123512	0.9774711	-0.8828893	0.85049516	0.89183295	-0.8997695	-0.9041879	0.86364704	0.89597553	0.8972052	-0.984314	-0.8455141	0.69313926	0.8373106	-0.7264009	0.8989233	0.90148187	0.72100693	0.86356425	0.9222932	0.8660342	-0.90378666	-0.86166024	0.8635546	0.9095698	-0.8922888	0.8890324	-0.94821626	0.84644365	0.94690454	-0.6914008	0.91995245	-0.99527144
-0.7669685	-0.96453494	-0.85978705	1.011413	-0.8297641	-0.8581776	0.9285246	0.7858421	0.9633759	0.94640595	-0.8995363	-0.98286796	-0.9767796	0.8567525	-0.9608603	-0.9931831	0.9665662	0.8603845	-0.9322499	-0.9309032	-1.0392807	-0.9704533	0.90256894	1.0082679	0.97042173	0.87679225	-0.94462705	-0.88346934	1.041189	1.0081494	-0.87098575	1.0094316	-1.0141082	-0.75792694	0.8914315	-0.93027496	-0.73734707	0.8599824	-0.9184374	0.8691932	0.96317995	-0.99954265	-0.94675875	-0.936088	-0.9953911	0.97463304	-0.8422288	-0.92408764	0.93766737	0.87630206	-0.6639303	-0.9995681	-0.888676	-1.0003581	-0.9127164	-0.96776426	1.0175623	-0.98240554	-0.97317135	-0.8603968	-0.9253924	0.84560484	0.7692336	-0.9938416	0.98638505	1.0034177	-0.7462919	0.8521518	0.9587403	-0.9584478	0.8931776	0.9745451	-0.9971101	-0.8697909	0.9281584	0.87583953	0.9393572	-0.94498557	-0.8501873	0.70593	0.77068573	-0.7233616	0.91840416	0.8585876	0.6697421	0.8449525	0.967797	0.87091935	-0.94415915	-0.92614806	0.9040509	0.9239054	-0.95405984	1.0381601	-0.90907717	0.9343567	1.0601032	-0.67621577	0.95806193	-1.0080917
-0.78824127	-0.8614394	-0.8500491	0.89005655	-0.7961879	-0.67545915	0.83965564	0.77866346	0.88230664	0.88658255	-0.7687691	-0.9231882	-0.8642656	0.84663683	-0.79814744	-0.88942593	0.76370126	0.8224667	-0.8531814	-0.8216005	-0.93100554	-0.9057878	0.81433463	0.879891	0.84798676	0.8013375	-0.91230595	-0.8601928	0.8375529	0.85144836	-0.8324672	0.8742542	-0.8577403	-0.6505966	0.913214	-0.8761273	-0.72212327	0.8566155	-0.7911586	0.8260866	0.81972337	-0.89555305	-0.8589231	-0.8812117	-0.8351061	0.81529826	-0.7381764	-0.8947449	0.8248408	0.8129834	-0.6897542	-0.9621248	-0.77086246	-0.8873336	-0.85617155	-0.8908741	0.929587	-0.8238683	-0.76102287	-0.8867967	-0.8331402	0.7773012	0.7768897	-0.84429985	0.95041174	0.9091093	-0.7816622	0.8044377	0.8195978	-0.9340427	0.85774535	0.90298045	-0.90846974	-0.8279991	0.9098507	0.8789502	0.82803553	-0.9501104	-0.7924893	0.62238526	0.778928	-0.7795578	0.8414307	0.6763829	0.56845623	0.8493586	0.8755098	0.886811	-0.75321263	-0.87317854	0.91560733	0.85099536	-0.8951484	0.7433089	-0.84185255	0.91543835	0.9052518	-0.63182783	0.8563931	-0.94877046
-0.59328794	-0.5451867	-0.5782089	0.5647088	-0.6121753	-0.6187397	0.5636567	0.5841775	0.55996263	0.6092038	-0.56554013	-0.5447204	-0.6178888	0.6283037	-0.6026655	-0.63934606	0.59739536	0.59356534	-0.55772334	-0.5471574	-0.61604774	-0.59341496	0.6012693	0.5739172	0.55533844	0.5943046	-0.61886185	-0.5701259	0.5831791	0.6163937	-0.5613135	0.5814501	-0.61799103	-0.55444914	0.6222622	-0.59502923	-0.52009404	0.5814967	-0.5716198	0.5774741	0.57439107	-0.61470664	-0.5884166	-0.5628795	-0.6422622	0.6363386	-0.55064625	-0.5958208	0.5792523	0.6257198	-0.5216695	-0.5597171	-0.62154263	-0.63517386	-0.6006602	-0.5899852	0.5717295	-0.5516132	-0.571034	-0.54913044	-0.59967035	0.5997444	0.5373064	-0.5943291	0.6168021	0.6076767	-0.549235	0.57497025	0.6029877	-0.5479924	0.5680123	0.6113805	-0.5600157	-0.5978026	0.6187959	0.64130443	0.6352622	-0.640849	-0.53402096	0.5193715	0.584485	-0.60633415	0.6388182	0.53851825	0.5357221	0.54516244	0.565204	0.5467741	-0.6306093	-0.59939	0.5788413	0.5817437	-0.61554253	0.5577219	-0.5641627	0.6307875	0.5485744	-0.55489695	0.63559705	-0.57000715
-0.7425057	-0.9554642	-0.8491794	0.9454907	-0.86686164	-0.98600876	0.8800675	0.6943855	0.90201306	0.90367097	-0.9653217	-0.92193353	-0.975492	0.7944546	-0.91317874	-0.928206	0.98423564	0.75048673	-0.89314514	-0.8639521	-0.94909686	-0.90759754	0.9099752	0.9094736	0.91475815	0.85187215	-0.8255085	-0.7900624	0.94076705	0.9261937	-0.8557179	0.9920346	-0.9319834	-0.7521869	0.870485	-0.9941036	-0.7830521	0.7886644	-0.8611097	0.83077836	0.92813236	-0.9029692	-0.8979958	-0.8248219	-0.8765353	0.9594134	-0.87742823	-0.84732354	0.9920829	0.89291185	-0.6911382	-0.9598467	-0.7969756	-0.9325983	-0.8926933	-0.9347317	0.9478077	-0.96771497	-0.98186976	-0.7639904	-0.9197368	0.8813271	0.71989334	-0.91885793	0.8910756	0.8994955	-0.7526256	0.80605567	0.9247623	-0.932398	0.86906666	0.87170535	-0.9575216	-0.9540092	0.8396101	0.8426564	0.9012678	-0.8856782	-0.9091598	0.7559023	0.7404899	-0.7532592	0.82516587	0.81650156	0.7336409	0.7491426	0.8393574	0.7986069	-0.9388847	-0.89552426	0.9182255	0.9182179	-0.88622636	0.9052235	-0.86459726	0.8594055	0.92950684	-0.6820843	0.9020955	-0.99815506
-0.8264637	-0.93437374	-0.8928732	0.88273376	-0.81459284	-0.8309457	0.7920907	0.7863636	0.9230842	0.91375995	-0.8645339	-0.9364566	-0.87069935	0.8690714	-0.9138062	-0.97553515	0.94157267	0.84120977	-0.8907724	-0.945925	-0.92525065	-0.8846067	0.9370733	0.9036451	0.8935204	0.902382	-0.9771056	-0.8926547	0.9654758	0.9829028	-0.94552445	0.9853123	-0.9347258	-0.78020173	0.9113473	-0.9284743	-0.7349906	0.87301266	-0.8612011	0.84866256	0.95013016	-0.8922561	-0.9425952	-0.89100313	-0.8558022	0.9233142	-0.8127755	-0.9299582	0.9258929	0.8380012	-0.7394738	-0.93156	-0.83999294	-0.9100037	-0.9595645	-0.93567806	0.93872696	-0.91500324	-0.85086954	-0.9028336	-0.88048106	0.8613845	0.7945025	-0.96452284	0.9567137	0.90056056	-0.782308	0.80146164	0.9188489	-0.94631916	0.82753754	0.95783395	-0.9298664	-0.89391154	0.8687154	0.8052922	0.88832	-0.9055527	-0.8520416	0.6494818	0.84565884	-0.77324873	0.9423359	0.8229888	0.70255053	0.9573906	0.9205947	0.9017785	-0.8203264	-0.92589325	0.93462557	0.8865146	-0.9237851	0.84630096	-0.8749114	0.95076466	0.9297448	-0.66256857	0.8854975	-0.89640844
-0.8254676	-0.7581278	-0.84924364	0.77743435	-0.7728216	-0.6701727	0.68368316	0.7981224	0.8607586	0.7946866	-0.7575541	-0.8187739	-0.8034978	0.7569163	-0.71951574	-0.74220735	0.7806349	0.74092615	-0.7876477	-0.77265966	-0.8342663	-0.7782718	0.7168441	0.8539518	0.8001544	0.81809676	-0.82905245	-0.82300687	0.7389704	0.7500272	-0.79756266	0.81800604	-0.7927782	-0.7227423	0.7936893	-0.7405901	-0.73004484	0.84409654	-0.76793295	0.75365496	0.7935074	-0.7755088	-0.7119708	-0.8619844	-0.74604434	0.69430894	-0.7420148	-0.8208353	0.76661	0.70567757	-0.750033	-0.7658945	-0.8015841	-0.85336494	-0.7414738	-0.76739794	0.7770416	-0.7183335	-0.67542464	-0.8177231	-0.7736896	0.73359907	0.77742445	-0.7797777	0.8072611	0.7881557	-0.79097015	0.7641166	0.78682643	-0.8151479	0.74807626	0.82426065	-0.7985683	-0.74785465	0.8019069	0.72187525	0.69967246	-0.79127187	-0.7243581	0.7168572	0.80274856	-0.7752175	0.84862185	0.7768032	0.6925141	0.830011	0.82776886	0.81066465	-0.7514344	-0.7390038	0.77526945	0.77839047	-0.84439856	0.67160755	-0.82249385	0.8250773	0.7391017	-0.7037618	0.8044445	-0.80852115
-0.59456843	-0.60857964	-0.6122523	0.6615239	-0.6016758	-0.6172397	0.5934693	0.58234614	0.68094546	0.6746405	-0.62695473	-0.7159498	-0.61170536	0.58613336	-0.710477	-0.62368226	0.6518819	0.6164141	-0.6898558	-0.6526514	-0.70746595	-0.66984904	0.64224464	0.7067124	0.68540025	0.60752034	-0.61398464	-0.60018724	0.6431781	0.6595427	-0.6327958	0.6634657	-0.64560556	-0.57808167	0.65107286	-0.61704624	-0.5567464	0.63515526	-0.6770392	0.67716956	0.65501976	-0.67348975	-0.6680715	-0.6776707	-0.64819336	0.69153893	-0.633153	-0.6300229	0.67907095	0.6287534	-0.58672917	-0.65743136	-0.6425613	-0.6166973	-0.6854574	-0.5939793	0.6197162	-0.69675434	-0.658318	-0.57820815	-0.6368616	0.66847396	0.64261013	-0.6788099	0.71716845	0.6570749	-0.5998307	0.65564215	0.6429631	-0.6980418	0.6710915	0.62172925	-0.6715806	-0.6908223	0.6730617	0.6777669	0.7057516	-0.6617973	-0.6824608	0.50491124	0.59239715	-0.6157153	0.6146475	0.5807773	0.4994536	0.5795664	0.61716455	0.61394674	-0.61981714	-0.6016485	0.6369325	0.6971854	-0.6997834	0.56229836	-0.6534682	0.65861773	0.64443755	-0.5014379	0.6616399	-0.7124632
-0.895083	-1.0226923	-0.95932686	0.99960107	-0.94521165	-0.9519352	0.86411184	0.89909405	1.0485455	1.004511	-0.94744474	-1.008911	-1.000641	0.91965777	-0.98909366	-0.9988166	0.97885853	0.9426407	-0.9737608	-1.0045235	-1.0167689	-0.9898289	0.9756241	0.97212726	0.99479085	1.0293113	-1.006866	-0.94657516	1.0022764	1.031409	-1.0078326	1.0097277	-0.97697824	-0.7915915	0.96764326	-1.0055836	-0.77801424	0.9812761	-0.9173264	0.88428456	1.0442747	-0.954806	-0.93856	-0.9813784	-0.9223587	0.9202045	-0.8574063	-0.88619286	0.94157845	0.93352216	-0.9002146	-1.027025	-0.9362371	-1.0039905	-0.93392855	-0.9908549	0.9998973	-1.0207709	-0.9258908	-0.9355955	-1.0408834	0.93233865	0.8790298	-0.9818388	0.941432	0.9857521	-0.8913406	0.9355291	0.9914169	-0.9684159	0.94282156	0.98582345	-1.0090641	-0.97964025	0.92829615	0.9439242	0.8747626	-0.9661693	-0.7761321	0.75697196	0.9572197	-0.91284895	0.9400152	0.91895604	0.8737921	1.01646	0.98745745	0.9672497	-0.870725	-0.8914642	0.9862302	0.9466919	-1.0158051	0.9997858	-0.923211	1.0203254	1.0290698	-0.8089186	1.0021007	-1.0263611
-0.9247761	-1.1227887	-0.9167277	1.1032792	-0.99276614	-0.9385123	0.8820077	0.8045713	1.1106174	0.9839621	-0.9728119	-1.0941715	-1.2001696	0.9104142	-1.0488307	-1.1575922	1.0423242	0.95196056	-0.9391388	-0.9741438	-1.13042	-1.0048627	1.0067719	0.9765585	0.96290797	0.9871291	-1.0815392	-0.9210053	1.1616999	1.0287037	-1.0296745	1.0746177	-1.1446128	-0.7762151	1.0262469	-1.0669181	-0.697068	1.0498948	-0.9243204	0.840828	1.1210341	-0.94800985	-1.00372	-0.9481875	-0.93095016	1.0677037	-0.73506594	-0.97000873	1.1240964	0.9677824	-0.8474583	-1.0832417	-0.87756795	-1.0420945	-1.0241655	-1.098932	0.9781435	-1.0929401	-1.0021827	-1.0106856	-1.0906515	0.89530766	0.88645756	-1.0774353	0.97666526	1.1465372	-0.885633	0.943548	1.0646882	-1.0208722	0.9368714	1.047325	-1.0376048	-0.9694064	0.9325958	0.8782507	0.8167638	-1.0003092	-0.7507227	0.69254434	0.9118513	-0.7948074	1.0023909	1.0358632	0.83797604	1.0314194	1.0405273	0.99421215	-0.8354687	-0.85798895	0.9307496	0.8706573	-1.0851129	1.1344663	-0.9271391	0.97944933	1.116045	-0.6360301	0.9867896	-1.0197245
-0.6909338	-0.8169888	-0.7592252	0.8922724	-0.7882067	-0.7655627	0.8391194	0.74308693	0.83265203	0.85171986	-0.85323256	-0.8554357	-0.8275405	0.8065776	-0.8341651	-0.83696616	0.8212048	0.7782509	-0.8145708	-0.85455865	-0.8353181	-0.8301507	0.8744346	0.8031341	0.8682938	0.8494274	-0.7743293	-0.8131547	0.8498294	0.8763783	-0.82055795	0.8577794	-0.8163187	-0.7924171	0.7990238	-0.8287625	-0.7886353	0.86499304	-0.77438784	0.8100001	0.8877947	-0.7756169	-0.82501876	-0.7866333	-0.85646236	0.8480427	-0.7711868	-0.77819335	0.8790574	0.7930142	-0.71792316	-0.80119157	-0.73742324	-0.8403706	-0.8160643	-0.86463624	0.7914578	-0.7751769	-0.8012623	-0.8444793	-0.81367195	0.7583401	0.778585	-0.8626169	0.81512976	0.87512326	-0.799813	0.7474149	0.8133572	-0.827185	0.83385277	0.8071704	-0.8160639	-0.8698398	0.78788346	0.7595264	0.7802672	-0.83701944	-0.7344855	0.7301515	0.8027138	-0.78909814	0.8434101	0.7897734	0.78499085	0.8188586	0.79200107	0.740313	-0.80186254	-0.7619344	0.8396371	0.78235346	-0.81823623	0.9099985	-0.8017337	0.7834547	0.8421692	-0.71695304	0.8428462	-0.8812496
-0.8449886	-1.0237153	-0.9968194	1.0073147	-0.9067635	-0.9904451	0.950707	0.7705404	0.96244127	1.0185875	-0.9750529	-1.0552686	-1.0945143	0.9686609	-1.0622579	-1.0626181	1.0605289	0.9095438	-0.9863004	-1.0137078	-1.1280924	-1.0139555	1.0190935	1.0386425	1.0553517	0.87072074	-0.9955109	-0.9016699	1.089348	1.0177283	-0.9726865	1.0661263	-0.9742697	-0.76029396	1.0361779	-1.0779915	-0.7958152	0.9042705	-0.93378085	0.9184644	1.0839149	-0.98457557	-0.9993066	-0.971984	-0.9588881	0.98684156	-0.9178129	-0.95781994	1.0074177	0.97592956	-0.78034973	-1.0811456	-0.88867295	-0.953213	-1.0401605	-1.0334576	0.9784438	-1.0254674	-1.0522127	-0.9093316	-0.978743	0.9298384	0.8527794	-1.0304496	0.9854117	1.0354384	-0.82772756	0.8760039	1.1180208	-1.0162225	0.9539233	0.9912403	-1.0113429	-1.0484598	1.0098662	0.8793397	0.9213232	-1.0063951	-0.8970329	0.78742826	0.8261882	-0.78025985	0.9770725	0.9288807	0.70382386	0.92307705	0.9683423	0.88740945	-0.9609194	-0.9752566	0.95585275	0.97469807	-0.9819795	1.0498221	-0.95345753	0.91997886	1.077101	-0.79687285	0.94020474	-1.1129692
-0.96258825	-0.9548794	-0.9655994	1.0259598	-0.93979853	-0.7593139	0.8885877	0.9269771	1.0258547	0.89996123	-0.8468181	-0.90772915	-0.97474915	0.9184342	-0.8719119	-0.93784004	0.9352428	0.9292956	-0.86893976	-0.92490184	-1.0078653	-0.9763898	0.9521103	0.97029155	0.8607521	0.9571523	-1.0656773	-0.9121718	0.8443808	0.91574633	-1.0071111	0.8962729	-0.9272189	-0.8727627	1.0092506	-0.85938364	-0.8519738	0.9698099	-0.8782755	0.9410711	0.9349551	-0.88254595	-0.83376986	-0.98588336	-0.9408671	0.82543266	-0.79570353	-0.967157	0.8259829	0.8115699	-0.8760022	-0.96466494	-0.91002077	-0.99361855	-0.88160235	-0.9619133	0.90455574	-0.7938589	-0.7783022	-1.0584137	-0.98624223	0.8866443	0.88005614	-0.8868988	0.92755246	0.995454	-0.94758475	0.9617181	0.9596973	-0.91906667	0.9502815	0.9219155	-0.9735238	-0.88954645	0.92025346	0.91868913	0.8200499	-1.0116333	-0.73891264	0.7157191	1.0245069	-0.87819314	1.0240552	0.9987803	0.92213863	1.0615966	0.93940496	1.0056939	-0.8481516	-0.7844735	0.9724393	0.8505829	-1.0291085	0.84854853	-0.89400476	0.9758386	0.9431707	-0.77925366	0.8844668	-0.93429935
-0.55850196	-0.7949574	-0.76703936	0.78553563	-0.7884221	-0.9478913	0.7910219	0.6366346	0.7319905	0.8457235	-0.87527835	-0.9162906	-0.9352788	0.74583405	-0.93637943	-0.89525706	0.8799356	0.61964047	-0.9310537	-0.8266548	-0.87953025	-0.76484215	0.8894352	0.83985573	0.87732565	0.6894541	-0.6962124	-0.7129264	0.92341995	0.8786378	-0.7048595	0.9293033	-0.86958146	-0.68035114	0.7668336	-0.89662904	-0.69113165	0.6923448	-0.74852544	0.69058686	0.9661984	-0.8753874	-0.8655093	-0.7527552	-0.7897052	0.92154336	-0.8069395	-0.7182053	0.9882574	0.8474653	-0.49180642	-0.83967906	-0.7196444	-0.8144607	-0.88762885	-0.864766	0.8358391	-0.9926373	-0.8748566	-0.6707101	-0.7909133	0.72556233	0.641852	-0.8873767	0.8337032	0.83166057	-0.62042755	0.6006778	0.9463901	-0.8070704	0.74967426	0.80867225	-0.8010508	-0.85911906	0.7754181	0.81681305	0.84722394	-0.89187515	-0.8611835	0.6213849	0.58998644	-0.51882327	0.781652	0.7896555	0.52511585	0.68153745	0.7718539	0.6590493	-0.8221746	-0.8442275	0.8417757	0.81291413	-0.7461375	0.91341823	-0.8113386	0.66611993	0.9108354	-0.6289601	0.76133627	-0.92247415
-0.63906	-0.86723465	-0.7516076	0.91710305	-0.8280041	-1.0076394	0.8177041	0.6936527	0.84197056	0.8844329	-0.91509527	-0.94048524	-0.9499077	0.8145398	-0.9471896	-0.99193597	0.97816706	0.7491964	-0.90283835	-0.84738356	-0.94607234	-0.8523813	0.9111263	0.8929619	0.8970423	0.82122755	-0.7904153	-0.7377228	1.0032643	0.93498194	-0.86639524	0.96434796	-0.9260431	-0.74291533	0.8523827	-0.93639433	-0.72111726	0.81713533	-0.790757	0.7666169	1.0251946	-0.8894065	-0.97138125	-0.86987877	-0.8284795	1.0086788	-0.83278733	-0.82312185	0.97333	0.9953004	-0.61110294	-0.8376551	-0.8120466	-0.8766285	-0.9569913	-0.8764955	0.91393137	-0.9971692	-1.0046569	-0.7265116	-0.8885008	0.82639253	0.72020304	-0.96278596	0.90002567	0.90513694	-0.70489734	0.72011214	0.9826812	-0.86234397	0.78592485	0.8941807	-0.89373356	-0.88364965	0.87478614	0.8151708	0.9507557	-0.89040387	-0.9114408	0.73446286	0.7085808	-0.6079887	0.8828522	0.8710036	0.6885963	0.7349754	0.82177347	0.7406742	-0.94706506	-0.9127816	0.818365	0.8407827	-0.860751	0.94754136	-0.86088276	0.78464186	0.929117	-0.69754016	0.83117	-0.9920445
-0.83619034	-0.8875631	-0.8300369	0.9522177	-0.8585481	-0.80014277	0.87784076	0.8009053	0.9049641	0.9112902	-0.8418059	-0.9572517	-0.9274647	0.7938192	-0.8606552	-0.9654015	0.8484745	0.84642464	-0.9067396	-0.83037704	-0.9814814	-0.90331525	0.88191545	0.9050539	0.9084864	0.9229206	-0.89922947	-0.86438125	0.8826019	0.9071597	-0.8252442	0.91541815	-0.8877052	-0.7723301	0.9042952	-0.9135998	-0.7519226	0.88584006	-0.8075899	0.87682885	0.9349637	-0.8401201	-0.8636683	-0.9166313	-0.89990157	0.8190556	-0.78572357	-0.8494434	0.9020411	0.8390293	-0.7651446	-0.97867733	-0.82976264	-0.89717376	-0.9165214	-0.9348593	0.93612385	-0.85659593	-0.8663455	-0.86085856	-0.8678718	0.838056	0.8299534	-0.93380725	0.9556905	0.8983218	-0.86371166	0.8268113	0.92589015	-0.92228615	0.88935256	0.9374464	-0.9172251	-0.8274925	0.9041767	0.8660082	0.90262574	-0.93794286	-0.7925724	0.671016	0.8772017	-0.847225	0.89879984	0.836151	0.7192174	0.96163255	0.9245411	0.92804146	-0.8976328	-0.86580867	0.91605425	0.90904784	-0.94531447	0.8968765	-0.92941105	0.91672647	0.91639006	-0.6634948	0.8962398	-0.9864826
-0.80232525	-0.86542153	-0.80014426	0.88452953	-0.8076309	-0.8098568	0.7326449	0.75057554	0.8903773	0.858306	-0.82143277	-0.84034264	-0.95854795	0.7961814	-0.86993414	-0.9296973	0.85902214	0.8114326	-0.8638673	-0.84827244	-0.8915391	-0.9215657	0.8364813	0.8534143	0.80801237	0.86383075	-0.86660004	-0.7796537	0.8893451	0.89284	-0.8312909	0.84578794	-0.85592884	-0.5944106	0.9002691	-0.89536786	-0.62389886	0.8393096	-0.79967564	0.76483566	0.8919758	-0.8726382	-0.85924256	-0.8687635	-0.84377974	0.8706372	-0.6625907	-0.88594824	0.8926047	0.80030483	-0.6934927	-0.9154152	-0.73363304	-0.8481881	-0.8313778	-0.8706871	0.85868686	-0.8809305	-0.79916877	-0.813325	-0.88465476	0.79264784	0.6939424	-0.8573441	0.8608722	0.93470085	-0.76354915	0.7962466	0.90693897	-0.85762244	0.8091313	0.8229346	-0.850224	-0.8141609	0.7860139	0.76084846	0.7325023	-0.8783264	-0.7417016	0.54203945	0.79073524	-0.76246	0.8940023	0.7953493	0.6720637	0.8510335	0.83550215	0.89978105	-0.7840322	-0.80218655	0.84308136	0.8264842	-0.8849935	0.91341084	-0.8580912	0.85051066	0.93245703	-0.51160085	0.783635	-0.9557976
-0.7837094	-0.91070557	-0.8267939	0.901819	-0.8076804	-0.85895103	0.7501725	0.7372907	0.94245857	0.9120442	-0.83503246	-0.92206967	-0.85871756	0.838586	-0.92399234	-0.9090658	0.89800245	0.83892673	-0.9124604	-0.8876673	-0.9492399	-0.8677245	0.9097507	0.8991634	0.8898769	0.85286975	-0.91129756	-0.8351569	0.900363	0.871619	-0.8450492	0.88524723	-0.90079755	-0.73164374	0.928473	-0.8624194	-0.7119079	0.9215997	-0.78588223	0.7441485	0.88847643	-0.8418904	-0.8649248	-0.85680765	-0.91950214	0.8688707	-0.76941395	-0.88943946	0.9301297	0.8559898	-0.7310414	-0.8981305	-0.76798534	-0.9064623	-0.8632135	-0.89465415	0.8817276	-0.8874088	-0.8038869	-0.8630051	-0.8571763	0.7631782	0.7595484	-0.83904374	0.92767084	0.93609345	-0.82628214	0.8208395	0.95024246	-0.9280907	0.8943928	0.90014464	-0.9420275	-0.82141715	0.86644953	0.7806336	0.8508468	-0.86961323	-0.83709913	0.7262179	0.8084968	-0.7464004	0.9326778	0.8373864	0.75437164	0.93031305	0.9518608	0.944367	-0.8589596	-0.88730067	0.87795556	0.8850434	-0.94185126	0.86058116	-0.8684923	0.8947034	0.8799503	-0.61403996	0.79747385	-0.9303535
-0.6144371	-0.7105814	-0.6385761	0.730651	-0.65555346	-0.6011656	0.6684288	0.6825756	0.6771651	0.75602895	-0.72641426	-0.7093913	-0.6711933	0.64741975	-0.6202081	-0.71873873	0.6858325	0.6140635	-0.7096637	-0.72777313	-0.66774714	-0.73910177	0.6261908	0.66756576	0.6435723	0.64858663	-0.6915945	-0.6606933	0.71559113	0.72108775	-0.6955733	0.69534916	-0.5957662	-0.60183173	0.6758995	-0.66356	-0.64462125	0.6432421	-0.71204823	0.6722624	0.64049345	-0.7322336	-0.7445828	-0.6802623	-0.68851405	0.67346907	-0.6051146	-0.7041417	0.6212429	0.69920707	-0.5979889	-0.67630374	-0.6938939	-0.69173396	-0.66060674	-0.6711075	0.734778	-0.62083626	-0.605383	-0.7202859	-0.6786686	0.6925692	0.67217034	-0.75434405	0.7224781	0.75106955	-0.6640235	0.6697003	0.65853316	-0.71397686	0.66575515	0.7068176	-0.72899985	-0.69535744	0.68409324	0.69180936	0.6198663	-0.76498127	-0.56383866	0.6212368	0.58636445	-0.65342253	0.7133888	0.6342105	0.60941243	0.6183306	0.69317734	0.61928177	-0.63392514	-0.6691371	0.6734018	0.7036203	-0.6475803	0.56177133	-0.732163	0.6857437	0.7147358	-0.521181	0.7232228	-0.65379584
-0.6054266	-0.7172698	-0.7255619	0.7341945	-0.73630136	-0.8318312	0.7726592	0.6389242	0.68945175	0.7896867	-0.80025905	-0.8274635	-0.77571595	0.79064465	-0.7640218	-0.8621062	0.7695156	0.6499332	-0.757646	-0.7103217	-0.79633975	-0.78566396	0.7532431	0.74900186	0.86210793	0.69194	-0.7042808	-0.68239385	0.85919106	0.78935266	-0.70540917	0.82879966	-0.7329556	-0.5989207	0.7242884	-0.7840028	-0.5869107	0.65264326	-0.6632283	0.6528566	0.7976829	-0.8161632	-0.8548051	-0.78186846	-0.8250606	0.74986285	-0.73415035	-0.7368684	0.7647746	0.75838757	-0.6105567	-0.8805051	-0.67006457	-0.8092329	-0.8091361	-0.76944166	0.78179175	-0.89292425	-0.7988088	-0.6943861	-0.75175965	0.711781	0.6794494	-0.89382356	0.8227119	0.7691264	-0.583892	0.5961871	0.82592845	-0.8501507	0.652262	0.72227514	-0.8259259	-0.75497264	0.81475794	0.7865468	0.7835364	-0.7994982	-0.7758638	0.6244737	0.6733549	-0.60658866	0.7050489	0.6236246	0.5152225	0.62132126	0.7727159	0.6415521	-0.8337658	-0.8404727	0.7623316	0.80048287	-0.69018257	0.73432463	-0.8040308	0.704509	0.8243864	-0.5838807	0.7624018	-0.8542771
-0.54941726	-0.9917028	-0.850351	0.96270245	-0.8637748	-0.9552762	0.8287148	0.6577501	0.84955823	0.9888952	-0.9124917	-0.999198	-1.067518	0.85133725	-0.94840705	-0.994828	1.0427341	0.69523335	-0.9504501	-0.9286734	-1.0801685	-0.8702738	0.980225	0.9171098	0.93925244	0.758487	-0.83849037	-0.7879586	1.0405133	0.92764163	-0.81308025	1.0301529	-1.0081193	-0.6857693	0.88140947	-0.9816982	-0.7261404	0.8102096	-0.8512593	0.8293426	0.9694557	-1.0102284	-0.9505851	-0.9271196	-0.90505534	0.97872895	-0.8901155	-0.8902935	0.99141204	0.95122033	-0.5532511	-1.0232385	-0.7278391	-0.87410104	-1.0111337	-0.95055425	0.99685466	-1.0053855	-0.99992	-0.68745875	-0.93912417	0.8656955	0.7354792	-1.0318161	0.9090428	1.014712	-0.590575	0.6541739	1.0314404	-0.9586545	0.79191196	0.91928583	-0.898567	-0.9415462	0.97146595	0.87493783	0.9154254	-0.95211554	-0.91433597	0.70637405	0.61778814	-0.60014915	0.8381532	0.80660087	0.51952356	0.74657035	0.9123165	0.7468716	-0.9611625	-0.9807504	0.95481557	0.8613743	-0.8239555	0.969542	-0.9245102	0.84353405	1.0152794	-0.7241417	0.88048583	-1.0413795
-0.88883835	-0.9784859	-0.9334994	1.0067211	-0.9494512	-0.85258967	0.8298744	0.8968186	1.0279285	0.94606096	-0.9087439	-0.9771088	-0.98910195	0.8184606	-0.9921326	-1.0093008	0.965341	0.9485292	-0.8904782	-0.9164788	-0.9974926	-0.9629536	0.9712199	0.92446774	0.9441215	0.9247813	-1.0390978	-0.86581004	0.98659277	0.9518826	-0.9242111	0.97867066	-0.9703867	-0.8111671	1.0090376	-0.9323213	-0.8193743	0.9543876	-0.89251095	0.84116733	1.006991	-0.8795474	-0.9384163	-0.8865205	-0.917062	0.985975	-0.73938173	-0.9322155	0.97908884	0.8607244	-0.81552166	-1.0461388	-0.9382036	-1.0062393	-0.9789135	-0.9905603	0.98337567	-0.9456719	-0.88985264	-0.9775345	-0.96711713	0.8724329	0.886626	-0.93461514	0.9819375	1.0460252	-0.97262865	0.9122208	0.96368617	-0.9393631	0.9103263	0.9256299	-0.9487943	-0.92668074	0.8953266	0.9063079	0.88424563	-0.93649906	-0.8064198	0.70291024	0.8662671	-0.89127916	0.96936584	0.96305627	0.8914774	1.0342106	0.96441877	0.97133577	-0.8130245	-0.8936857	0.9523207	0.9266469	-0.9548285	0.92294186	-0.93556327	1.0308653	0.997037	-0.77063507	0.9473661	-0.9426227
-0.78906727	-0.97317755	-0.8756356	1.0170413	-0.941976	-1.0500957	0.89059216	0.75253093	0.9782568	0.99408895	-1.0324037	-1.0295663	-1.0273893	0.8224632	-1.0440925	-1.092049	1.0660968	0.8486206	-1.0116235	-0.9334896	-1.0857228	-0.9173977	0.9782595	0.9787297	0.9953561	0.9408248	-0.94847786	-0.83122516	1.0851288	1.0253743	-0.9485564	1.0071163	-1.0605695	-0.7831884	0.9318468	-1.0132369	-0.7926773	0.9321792	-0.8546372	0.8899828	1.0741848	-0.97895795	-1.0331303	-0.89381796	-0.89453024	1.0000229	-0.80333483	-0.92013687	1.0686384	0.9773774	-0.68795925	-0.9669911	-0.81620544	-0.9467605	-0.96441483	-1.0578818	0.98758954	-1.0774676	-0.98478097	-0.9428605	-1.016454	0.9405224	0.75058156	-1.0510014	0.94186497	1.0103251	-0.7996949	0.8395694	1.0616536	-0.9473392	0.83936995	0.95085025	-0.9685331	-0.9701775	0.9359683	0.84220403	0.94694316	-1.0117279	-0.8873241	0.6935654	0.8599755	-0.754068	0.9464682	0.9801869	0.750694	0.9816008	0.93014544	0.9009425	-0.91411275	-0.994774	0.9527313	0.96918935	-1.0044283	1.0174744	-0.9409447	0.98732585	1.0023102	-0.66958606	0.9570171	-0.98076624
-0.90281594	-0.9552361	-0.91124105	0.965866	-0.83793133	-0.8194055	0.7838464	0.8504853	1.0221777	0.89285153	-0.8675109	-0.89058614	-0.9312445	0.8413928	-0.9324125	-0.963742	0.94286656	0.9009689	-0.8527643	-0.8811532	-0.96980786	-0.99647945	0.8929924	0.8547714	0.9347937	0.8577017	-0.93916315	-0.90672684	0.9389444	0.9539291	-0.84144425	0.9260539	-0.9238307	-0.74516904	0.87702465	-0.83243966	-0.74668545	0.90229803	-0.86235726	0.76592916	0.8982814	-0.88403606	-0.91175866	-0.8853734	-0.85363734	0.86943	-0.7692919	-0.9147767	0.85052794	0.8961568	-0.8018466	-0.9711197	-0.88243586	-0.8731828	-0.931509	-0.87480354	0.9162433	-0.86984295	-0.8221909	-0.9358589	-0.8619085	0.79816884	0.7873552	-0.9604598	0.9805255	0.9214509	-0.83357424	0.875776	0.8708625	-0.9345107	0.8541474	0.9006346	-0.8881104	-0.81285733	0.85075074	0.8330542	0.90560126	-0.9409521	-0.8380116	0.70619506	0.8434275	-0.8208392	0.9008644	0.85713255	0.793605	0.93440104	0.9450318	0.93128574	-0.8687828	-0.82624733	0.8963225	0.83722085	-0.95600516	0.9127077	-0.8842339	0.9512575	0.965667	-0.66350365	0.9071918	-0.93520266
-1.0142994	-0.94762576	-0.97364163	0.9544606	-0.8799313	-0.7238342	0.87604165	0.8896677	1.0290747	0.89998126	-0.82479256	-0.94374585	-0.973439	0.82786065	-0.85051435	-0.96539074	0.84174323	0.92052025	-0.82556874	-0.8942464	-0.98180395	-0.99752957	0.88709855	0.88886935	0.89641243	0.9726482	-0.999943	-0.85861456	0.8378953	0.97545445	-0.989839	0.88777924	-0.9559746	-0.8313057	1.007573	-0.8186485	-0.7871084	0.95202076	-0.9508545	0.932673	0.8635827	-0.7982044	-0.8052425	-0.96812665	-0.89972556	0.8269435	-0.7990241	-0.92209387	0.8402994	0.8419511	-0.89081156	-0.9915343	-0.925535	-0.9660672	-0.8486417	-0.99560416	0.9026952	-0.8263978	-0.80389076	-0.9996378	-0.9843997	0.8597862	0.8831126	-0.8971591	0.87162745	0.99426013	-0.953033	0.9223999	0.8856931	-0.9107537	0.9500043	0.98866814	-0.93714535	-0.8654996	0.8629355	0.8804166	0.8479438	-0.9736552	-0.73574305	0.7789717	0.9804076	-0.8338261	1.007231	0.9197817	0.85441357	1.0281532	0.95878386	0.95307964	-0.77874374	-0.84851074	0.8861091	0.81959367	-1.0201687	0.85587895	-0.941071	0.9517843	0.92847985	-0.70512134	0.9462552	-0.8661345
-0.94889337	-0.93046063	-0.9175368	0.94603926	-0.93306524	-0.7110087	0.8437938	0.93779486	1.0222893	0.83060855	-0.8447875	-0.9018256	-0.93099	0.9172242	-0.8814621	-0.974348	0.94030106	0.8763655	-0.8604021	-0.92953223	-0.98747844	-0.99195236	0.86609834	0.8713882	0.8588559	0.9486179	-1.0002258	-0.8856486	0.9332652	0.8995717	-0.9650983	0.9639432	-0.9769332	-0.8397067	0.96703434	-0.8623107	-0.8198067	0.9318537	-0.9276913	0.8538648	0.9018127	-0.82951707	-0.82546496	-0.91177446	-0.88096344	0.8268575	-0.7554585	-0.86325914	0.8840405	0.8534959	-0.92219794	-0.92388386	-0.91808397	-0.9506652	-0.86362433	-0.94702697	0.86773896	-0.8760863	-0.857401	-1.0049124	-0.96845216	0.91284114	0.8558066	-0.87326	0.9135973	0.9656265	-0.9756503	0.9256246	0.9553599	-0.9009855	0.9782615	0.92715013	-0.9361851	-0.90217435	0.9111363	0.858032	0.79703486	-0.91888875	-0.6639506	0.73356354	0.929766	-0.92070407	0.95213336	0.92980003	0.9093469	1.0518295	0.8999401	0.9996819	-0.7571256	-0.8482968	0.9041214	0.8234674	-0.9988897	0.84932303	-0.92497647	0.9306257	0.9739807	-0.742325	0.9088895	-0.936472
-0.78718597	-0.8584339	-0.7694897	0.8923966	-0.877228	-0.8597731	0.80280274	0.7398785	0.905218	0.8905367	-0.877855	-0.91526043	-0.8933195	0.7804882	-0.9448238	-0.9578702	0.8787418	0.7540508	-0.9259491	-0.844256	-0.8723467	-0.87416136	0.91153634	0.87587583	0.86864144	0.82987845	-0.8774922	-0.7916644	0.90107834	0.89342064	-0.8353227	0.9275829	-0.91639715	-0.73705053	0.86852604	-0.90637255	-0.7456864	0.85577357	-0.7870514	0.8317534	0.8727015	-0.8948019	-0.8713424	-0.84894776	-0.8689793	0.90221196	-0.836632	-0.8603993	0.922876	0.9258302	-0.6717881	-0.931212	-0.7974511	-0.83646756	-0.8931066	-0.851362	0.8515896	-0.90286165	-0.9395064	-0.8263756	-0.8669759	0.83338255	0.7629969	-0.88031656	0.8954678	0.8755785	-0.73184055	0.8268431	0.9450015	-0.8568887	0.772959	0.8691353	-0.8672485	-0.86114246	0.79721713	0.8022308	0.8552947	-0.84783703	-0.84938115	0.6887082	0.7647827	-0.71921015	0.8445465	0.8233562	0.72446805	0.8642963	0.9021408	0.8270168	-0.86502075	-0.8256216	0.89906985	0.8009102	-0.8458748	0.8622548	-0.81813306	0.82159287	0.88826764	-0.712764	0.80326355	-0.93155825
-1.0592558	-1.0221081	-1.0435649	1.0601964	-0.98432326	-0.7760539	0.8826888	0.96817726	1.1313727	1.0211157	-1.0007787	-0.9975647	-0.9403242	0.8932446	-0.9606414	-1.0063262	1.028772	0.9880905	-1.0085088	-1.0215346	-1.0179051	-1.0988663	1.0060246	1.027931	0.95069665	1.1010065	-1.0374496	-0.9382356	0.973024	1.0517192	-1.0479982	1.0153832	-1.0626585	-0.79640174	1.0565004	-1.0251675	-0.86117196	1.0812657	-1.0118438	0.9583365	0.96868855	-0.9474128	-0.99617547	-1.0109445	-0.95073855	0.9415091	-0.8448586	-0.9845003	0.9205364	0.9027009	-0.94737667	-1.0680171	-0.91342926	-1.0352687	-1.0173712	-1.0240422	0.9705848	-0.90853566	-0.8921561	-1.0457358	-1.0675399	0.9481612	0.93594474	-0.95578307	0.96308947	1.0063603	-0.971371	1.0196356	1.0361823	-1.037122	1.029437	1.0716261	-0.96347153	-0.92655957	0.9604587	0.91224974	0.8634754	-0.9928983	-0.8074686	0.7302233	0.9898685	-0.9319084	1.0575067	0.9702512	0.99807763	1.1100159	1.0569264	1.0912768	-0.8411679	-0.88506216	1.017187	0.9909369	-1.0697347	0.9273388	-1.0044847	1.1122371	1.0107924	-0.7724526	1.052786	-0.95706666
-0.89268005	-0.8441576	-0.95029455	0.83901256	-0.86279315	-0.6373767	0.9007494	0.93149674	0.9741301	0.86122966	-0.790809	-0.85381734	-0.82431895	0.9021782	-0.8020487	-0.85092986	0.8017052	0.95478785	-0.89213854	-0.89086086	-0.8330313	-0.9140061	0.81355506	0.9401716	0.8443601	0.8931697	-0.9666421	-0.91192615	0.76113456	0.938256	-0.9248541	0.83900195	-0.8851709	-0.91621554	0.93580395	-0.83603233	-0.81063205	0.925123	-0.88379174	0.8718741	0.8167605	-0.8594216	-0.86383855	-0.86203545	-0.88961846	0.736227	-0.8429123	-0.9358991	0.7616902	0.7505137	-0.8990046	-0.9091235	-0.8992439	-0.89962965	-0.90068084	-0.9006619	0.9366783	-0.76018023	-0.7936378	-0.9680426	-0.89803636	0.8217166	0.92403126	-0.79627585	0.8684423	0.878219	-0.9070367	0.91211134	0.7769886	-0.90743226	0.9196462	0.8781571	-0.86740786	-0.86370254	0.86555463	0.89866066	0.8926994	-0.93852085	-0.79060626	0.84423405	0.98860806	-0.90873164	0.8990337	0.93080163	0.9201009	0.9372534	0.95724833	0.9588735	-0.78250754	-0.8434893	0.9116042	0.85842556	-0.99701184	0.6854927	-0.8913259	0.9868932	0.8847545	-0.7887047	0.91469365	-0.822378
-1.0396824	-1.0139147	-0.967959	1.0402962	-0.98519677	-0.7423743	0.8811979	0.9676206	1.0127573	0.9456213	-0.9376927	-1.0124139	-0.904806	0.8923418	-0.9663857	-0.93770653	0.8849072	1.0040563	-0.94967127	-0.91908485	-0.9562338	-0.97247857	0.9918758	0.98501253	0.9251966	1.0330292	-1.0449647	-0.9372477	0.8623861	1.0339445	-1.0048437	0.91131514	-0.9782779	-0.8186927	1.0692725	-0.94811743	-0.8456043	0.9956473	-0.9287905	0.9624748	0.8713697	-0.96711063	-0.8982287	-1.046713	-0.9944404	0.86138	-0.8778477	-0.99272794	0.8702798	0.89160866	-0.94651693	-0.98061705	-0.9577137	-1.0130571	-0.9946606	-0.9841162	0.9325636	-0.8994145	-0.8959772	-0.97484446	-0.9897641	0.8913125	0.9642024	-0.8958605	0.9779565	0.9966027	-0.95154047	0.9876819	0.98565304	-0.94283307	1.0113741	0.9310299	-0.9741245	-0.9150512	0.97225535	0.9269961	0.8627163	-1.0006374	-0.81994474	0.7418694	1.0339581	-0.9510547	1.0236635	0.9707425	0.9581726	1.0502808	1.0273942	0.996256	-0.9369817	-0.8633299	0.93385607	0.9723825	-1.0800413	0.8350383	-0.9356468	1.0442224	0.95665836	-0.7366269	0.95745975	-0.9089079
-0.8515331	-0.98773444	-0.9259924	0.95610875	-0.95643646	-0.8618258	0.85134363	0.8724439	0.95193285	0.9205289	-0.89366966	-0.97196203	-0.98374546	0.9075561	-0.9262523	-0.9601838	0.92769027	0.8363017	-0.9847903	-0.9577599	-0.9461985	-0.91232437	0.9721926	0.9204265	0.9229835	0.92112195	-0.95764047	-0.8713837	0.98207074	0.9329813	-0.8996842	0.9619587	-0.9448398	-0.8168673	0.92285955	-0.98418486	-0.8247589	0.9068305	-0.8969871	0.8815428	0.9878492	-0.9435666	-0.96306944	-0.8865093	-0.9019274	0.9722928	-0.85861826	-0.96003413	0.9140734	0.94490206	-0.82937014	-0.91889644	-0.8589946	-0.9397458	-0.9468242	-0.9958875	0.8931363	-0.93753904	-0.9561472	-0.9174223	-0.9635567	0.8938915	0.88015336	-0.9251795	0.9229548	0.9637242	-0.8311636	0.88229185	0.9817663	-0.9055118	0.94985104	1.0052601	-0.86477923	-0.9830955	0.908779	0.8647951	0.8653876	-0.9031829	-0.808859	0.8127195	0.89949465	-0.79271555	0.9429784	0.9062767	0.8153577	0.9258273	0.90838253	0.9064036	-0.9210261	-0.87592083	0.87276936	0.8832147	-0.89355665	0.95061654	-0.953204	0.94009966	0.99299777	-0.82565516	0.93386585	-0.9614494
-0.5873147	-0.9712401	-0.8782676	0.9270742	-0.873437	-0.94058067	0.8187347	0.67495084	0.79829574	0.94110495	-0.9802519	-0.9565938	-0.9915529	0.84843594	-0.94030803	-0.9908452	0.93081075	0.7937963	-0.95871377	-0.95246357	-0.96623236	-0.8211882	0.90491945	0.9350085	0.95869863	0.7774595	-0.85947293	-0.83051604	1.0515814	0.9720939	-0.7774579	0.9645695	-0.91534805	-0.7851729	0.89156336	-0.92735696	-0.7241515	0.82106954	-0.7844002	0.80169415	1.045077	-0.9392555	-1.0260254	-0.88463897	-0.9053709	0.9961706	-0.89573044	-0.903879	0.96507597	0.98080117	-0.5819982	-0.9090993	-0.7418677	-0.84937793	-0.9355937	-0.96833724	0.9368089	-1.020716	-0.9625436	-0.73927194	-0.9247744	0.8193066	0.7118346	-1.0228105	0.9480147	0.9818769	-0.6407508	0.6262582	1.0037032	-0.96424496	0.79959345	0.9727628	-0.94315875	-0.8704825	0.8963288	0.87503123	0.9048025	-0.9207264	-0.93752843	0.70499533	0.68819743	-0.5960011	0.87070704	0.8386194	0.53922397	0.6932657	0.85050565	0.6986876	-0.90035963	-0.8906992	0.9140711	0.9120715	-0.8907123	1.0048462	-0.86372983	0.8473362	0.98412794	-0.70574594	0.90721345	-1.0691361
-0.7631796	-0.9232051	-0.7958185	0.8986525	-0.7980607	-0.9083917	0.83100235	0.7898251	0.9028258	0.8083506	-0.9237813	-0.93322635	-0.99983776	0.807409	-0.8986058	-0.9686501	0.9485144	0.83840346	-0.89855963	-0.9007647	-0.9805085	-0.836984	0.8679361	0.84269094	0.85248375	0.8880724	-0.94780546	-0.84056586	0.95430976	0.9382652	-0.9173155	0.9790436	-0.9146636	-0.7494105	0.87897575	-0.8875985	-0.71317583	0.8865587	-0.8080675	0.7768419	0.9842811	-0.8962142	-0.93642163	-0.84317917	-0.85038304	0.9059734	-0.7797196	-0.8843176	0.9029789	0.91091675	-0.71863145	-0.8752136	-0.83326024	-0.8647858	-0.9158572	-0.92326885	0.85135514	-0.9888957	-0.9301517	-0.9017746	-0.8625004	0.82859504	0.80011135	-0.90325534	0.8609393	0.8951397	-0.8310391	0.8620532	0.95334613	-0.903277	0.8653328	0.8717243	-0.86581534	-0.82923144	0.88153535	0.7882377	0.79954755	-0.9195239	-0.8038312	0.6872435	0.8331713	-0.76373035	0.87027746	0.85920006	0.77560246	0.9350647	0.8999464	0.80034816	-0.8635457	-0.8537807	0.91552204	0.8351659	-0.8448519	0.9961438	-0.8563691	0.91421473	0.97268414	-0.7266519	0.87312245	-0.97410494
-0.69609565	-0.955824	-0.8711836	0.94302267	-0.8287768	-0.9270861	0.8448819	0.7200921	0.8932504	0.9770212	-0.98843724	-0.9656858	-0.9791277	0.85831696	-0.9332937	-0.984577	0.96373934	0.78513926	-0.92277396	-0.89630395	-0.96714216	-0.8810164	0.93226445	0.889804	0.98506325	0.80373424	-0.82659435	-0.803565	1.0260416	0.8933376	-0.8473748	0.94329166	-0.87671226	-0.72476536	0.88874865	-0.968697	-0.7455942	0.79958725	-0.8214638	0.8170939	0.95542824	-0.9683686	-1.002817	-0.85519284	-0.94274473	0.9962941	-0.9096356	-0.90950006	1.0117953	0.95334786	-0.66641784	-0.9793022	-0.7565562	-0.92151064	-0.9927744	-0.91078955	0.96735466	-1.032502	-0.9309676	-0.74640197	-0.89637476	0.87300247	0.7567504	-0.9587667	0.96579623	0.90335834	-0.72348464	0.71368605	0.9832427	-0.93130046	0.7661782	0.940716	-0.8978821	-0.9481356	0.9076108	0.88333136	0.9139363	-0.9966955	-0.98246163	0.7499163	0.7833498	-0.68179965	0.8597906	0.7773824	0.6103406	0.75243306	0.9176453	0.81745064	-0.92068285	-0.90189976	0.9234275	0.8758562	-0.86785144	0.962313	-0.85158956	0.8122554	0.92947733	-0.6850849	0.8706081	-0.99968123
-0.87144107	-0.9236283	-0.9145891	0.9666556	-0.917931	-0.803669	0.8997391	0.8334156	0.9687687	0.9506413	-0.9469527	-0.9208157	-0.90244395	0.87418026	-0.9616786	-0.9845348	0.9764363	0.89612854	-0.96764123	-0.9005069	-0.92676544	-0.9488778	0.8934305	0.9092031	0.984137	0.93206036	-0.9763868	-0.8985389	0.9123316	1.0008562	-0.9099627	0.9697464	-0.95116204	-0.81593496	0.9088318	-0.9060232	-0.7686674	0.92949766	-0.8980119	0.8620845	0.9516392	-0.89521486	-0.91825855	-0.90115327	-0.96413326	0.876615	-0.8603566	-0.91978	0.86428493	0.9104688	-0.78172964	-0.99008733	-0.85340065	-0.8967131	-0.9706627	-0.99325705	0.95026624	-0.91499513	-0.88110024	-0.90211684	-0.9561269	0.9272602	0.8601734	-1.0086718	0.924076	0.9916925	-0.85891294	0.8939446	0.9668545	-0.9997979	0.94604313	0.91875845	-0.94198596	-0.89836234	0.91982275	0.8997674	0.9322879	-0.9739633	-0.8478222	0.7694799	0.91438204	-0.8013612	0.9676533	0.9083739	0.77881014	0.93153	0.96595657	0.9168319	-0.8862025	-0.89575064	0.8962412	0.90834385	-0.9354934	0.8149967	-0.9608278	0.89294267	0.9462998	-0.7080139	0.94342685	-0.9744527
-0.5319443	-0.7899196	-0.70700645	0.78421205	-0.7347644	-0.77967834	0.78413737	0.65044206	0.698269	0.7441029	-0.7762729	-0.7716688	-0.75706536	0.76162064	-0.7415989	-0.8424365	0.80591637	0.7189809	-0.73093224	-0.7591896	-0.7524086	-0.76317245	0.76685226	0.76332337	0.75909376	0.71837896	-0.761791	-0.68764406	0.7624534	0.81924736	-0.67955333	0.81734824	-0.7748829	-0.62945575	0.7289984	-0.8367922	-0.7117708	0.664408	-0.74381727	0.6908135	0.7681951	-0.74656653	-0.7466871	-0.7079557	-0.69248617	0.78425914	-0.68319184	-0.7799145	0.77029926	0.7504456	-0.6397255	-0.7460647	-0.73854494	-0.7807892	-0.80071825	-0.8169181	0.8152073	-0.7651617	-0.8066362	-0.6555973	-0.78549916	0.7656721	0.64687246	-0.79463685	0.7543276	0.7966877	-0.64103246	0.61993825	0.8093177	-0.813044	0.67916703	0.81279856	-0.81989443	-0.7352792	0.7724594	0.755637	0.7610137	-0.7592232	-0.7805143	0.6372648	0.7089539	-0.6119554	0.7856489	0.68679076	0.563164	0.68617636	0.7186776	0.70812356	-0.7668077	-0.7519871	0.76354903	0.79224455	-0.754855	0.8511599	-0.7127035	0.72370815	0.83622295	-0.64420366	0.77243835	-0.75571465
-0.7582773	-0.76543903	-0.7804144	0.79843503	-0.69546473	-0.70858	0.7296126	0.69389194	0.78324527	0.76317465	-0.7296383	-0.8034214	-0.7818243	0.81563836	-0.80240864	-0.7837742	0.75390637	0.8122118	-0.77185136	-0.79403365	-0.7700155	-0.75412214	0.7941488	0.75685644	0.755624	0.82897496	-0.72869027	-0.81677675	0.7659301	0.7637138	-0.7826174	0.7790734	-0.8177815	-0.68400234	0.8256183	-0.8026904	-0.6586871	0.8031969	-0.7154838	0.7371001	0.7813596	-0.7947876	-0.8218677	-0.7678503	-0.80452603	0.8046623	-0.7607132	-0.8229045	0.774172	0.6924637	-0.6604742	-0.79799145	-0.7355783	-0.8180898	-0.83664405	-0.8335366	0.7377801	-0.7629231	-0.7170179	-0.8008349	-0.7545226	0.7655963	0.73843807	-0.80867887	0.806226	0.7594334	-0.7365704	0.7586754	0.82650363	-0.8411489	0.766419	0.8063177	-0.7969352	-0.7635735	0.7742991	0.712204	0.75498766	-0.7686855	-0.72913074	0.63693887	0.802205	-0.68337256	0.81024116	0.7222852	0.70293814	0.7824726	0.8228374	0.7296936	-0.76028293	-0.79909974	0.81104165	0.70980245	-0.7939595	0.7401453	-0.7644049	0.7606526	0.8368595	-0.6387649	0.7867241	-0.7992581
-0.7400487	-0.7766609	-0.80601025	0.8334427	-0.7638815	-0.73266345	0.7919753	0.7419056	0.83600676	0.76101995	-0.74131286	-0.78321147	-0.8268601	0.7252066	-0.8039412	-0.7772675	0.8044984	0.81424934	-0.8014297	-0.8279841	-0.8272565	-0.79057026	0.7951067	0.7979617	0.7779046	0.7803538	-0.8006225	-0.7420053	0.79266787	0.8491968	-0.74600697	0.78685176	-0.7868027	-0.6505372	0.7997884	-0.85311437	-0.7033047	0.8219984	-0.71387464	0.78868306	0.76024365	-0.7932458	-0.8083096	-0.7986452	-0.7721532	0.77721465	-0.7038209	-0.8396778	0.7801071	0.7699048	-0.6513188	-0.8682637	-0.7383983	-0.81433046	-0.78859776	-0.78377676	0.7687213	-0.7382591	-0.7785226	-0.79864657	-0.7755277	0.7433889	0.6973569	-0.8007861	0.79057676	0.834702	-0.7041703	0.7718993	0.79173535	-0.81585795	0.81593037	0.80147886	-0.8567531	-0.837138	0.8329366	0.73000795	0.7785755	-0.8594207	-0.75691855	0.6443556	0.7850935	-0.75463444	0.8571823	0.7730289	0.65465343	0.81974953	0.8034308	0.8221434	-0.734174	-0.76857996	0.7483157	0.76700026	-0.7840396	0.7318737	-0.7737466	0.7616112	0.8521068	-0.6024854	0.76451206	-0.79259026
-0.830627	-0.9256763	-0.9242644	0.9589385	-0.90857196	-0.9004042	0.9263784	0.79977274	0.9627774	0.9907123	-0.9064132	-0.99069345	-0.94454384	0.9405926	-0.9111409	-1.0001165	0.9951443	0.8958201	-1.0035933	-0.94167775	-1.0233978	-0.9972741	0.98319966	1.0121626	0.90879	0.91986537	-0.94291	-0.88413024	0.99729264	0.9397845	-0.88087463	0.9800375	-0.9147253	-0.79918027	0.9273904	-1.0151367	-0.7988939	0.87618256	-0.91052336	0.92053807	1.0097743	-0.9612249	-0.95404863	-0.9894626	-1.0103583	0.92046946	-0.87040716	-0.9322159	0.98866105	0.90894395	-0.7466528	-1.0247469	-0.83849156	-0.94058055	-0.935769	-0.9522354	0.99618715	-0.9644157	-0.9874977	-0.8906203	-0.9715698	0.8631167	0.83939475	-0.9800093	0.97009504	0.9964303	-0.8208943	0.87093806	0.95405024	-1.039581	0.93114275	0.9567489	-0.98169404	-0.8970764	0.93146306	0.9391244	0.9668107	-0.9792371	-0.99245024	0.76008195	0.8216754	-0.82184947	0.90457284	0.8524577	0.6599636	0.856855	1.0097753	0.8637539	-0.98033273	-0.9956394	0.92325145	0.8972523	-0.9770766	0.98213786	-0.9743792	0.87326396	0.9935346	-0.6800351	0.9713233	-1.0500532
-0.85595274	-0.9362571	-0.8377508	0.88163483	-0.83452636	-0.68602514	0.7981129	0.79609656	0.8820965	0.81676394	-0.7307811	-0.9388596	-0.8449152	0.8254586	-0.7847888	-0.8947366	0.8635692	0.8948446	-0.8011187	-0.8170925	-0.8563688	-0.8805037	0.8441236	0.9535743	0.84005624	0.8679957	-0.9346647	-0.8016447	0.82466096	0.8641446	-0.9542811	0.8903438	-0.89649284	-0.72325414	0.9117587	-0.8453781	-0.7968398	0.92022955	-0.82735443	0.8223262	0.7938046	-0.88059086	-0.86120385	-0.8832748	-0.80777854	0.79489577	-0.72569895	-0.84321326	0.8321927	0.7091599	-0.8172089	-0.96812814	-0.84443367	-0.8910913	-0.8652501	-0.9401885	0.8836538	-0.7877894	-0.75669473	-0.9247703	-0.8680036	0.8270232	0.8588113	-0.88338053	0.85911644	0.9748035	-0.79868394	0.82536876	0.8036945	-0.8992497	0.86565495	0.90475935	-0.8807556	-0.8279522	0.8916898	0.80803114	0.76308805	-0.8735398	-0.66676086	0.718055	0.85892445	-0.84358203	0.9146164	0.8688031	0.78107363	0.98467493	0.90403277	0.8423181	-0.7857246	-0.81209564	0.9251145	0.80833447	-0.9271164	0.8187869	-0.8743253	0.9246917	0.8870161	-0.6273646	0.87678355	-0.86595523
-0.84912443	-0.8982455	-0.87746525	0.90683705	-0.8721696	-0.8501247	0.9019436	0.825758	0.9630225	0.9739501	-0.9041457	-0.96281946	-1.0017982	0.8388331	-0.8820143	-1.0075083	0.9183358	0.8323261	-0.87783134	-0.8972559	-1.0169667	-0.97804844	0.8906958	0.9564868	0.9594876	0.8808715	-0.9705091	-0.9426594	0.94731784	0.9365993	-0.87751275	0.9720485	-0.9179848	-0.7079047	0.97556597	-0.9412887	-0.76101035	0.93000597	-0.82548517	0.81110126	0.89894265	-0.9306359	-0.9141739	-0.91238487	-0.90558815	0.91174376	-0.8188809	-0.9754552	0.8646389	0.83224463	-0.81986904	-0.99910057	-0.8408775	-0.9775052	-0.9465196	-0.8819421	0.92236334	-0.9942645	-0.8639363	-0.91638577	-0.89069116	0.8414896	0.85483766	-0.97790873	0.9849154	1.0143399	-0.8517717	0.87527174	0.9130174	-0.9496291	0.9331663	0.8916576	-0.9829276	-0.8345194	0.92881453	0.90528286	0.8588043	-0.93619287	-0.81533676	0.6471016	0.9332343	-0.8218564	0.97184765	0.8823447	0.7847319	1.0137457	0.96468323	0.91693205	-0.8303622	-0.9077508	0.9580313	0.864313	-0.97680736	0.9061426	-0.9411194	0.9862775	0.9663461	-0.72916937	0.877551	-0.93364114
-0.6167153	-1.0290675	-0.8429865	0.9144737	-0.8396027	-1.1486417	0.78400874	0.6237906	0.9261023	0.95053124	-1.0434788	-1.0416158	-1.1570386	0.7878616	-1.0312653	-1.1071391	1.0905545	0.7756756	-1.0139339	-0.9074072	-1.0519675	-0.9180969	1.0147314	0.99739534	0.9620881	0.8180831	-0.89555365	-0.76572645	1.1725152	0.9985159	-0.8605685	1.075916	-1.0114026	-0.6273364	0.8600434	-1.0324053	-0.6665653	0.9207546	-0.8719549	0.75298345	1.1750095	-0.9862521	-1.0778649	-0.8682701	-0.8997568	1.093884	-0.8065092	-0.83764446	1.1434461	0.9776141	-0.5529169	-1.008913	-0.7622422	-0.9405009	-0.9681097	-1.0980748	1.0206463	-1.1181647	-1.0244219	-0.76696414	-0.9961225	0.8558247	0.69401085	-1.0855244	0.99116015	1.0332007	-0.6082958	0.7078321	1.0592834	-0.96225023	0.80352086	1.0300076	-0.9779524	-0.97966975	0.8801091	0.83019423	0.87443715	-1.020798	-0.8390932	0.60891783	0.71611625	-0.52773184	0.849829	0.83353394	0.5386153	0.84043944	0.9136717	0.78422517	-0.95007026	-0.97226864	0.8861428	0.93463284	-0.9018919	1.1097213	-0.9163849	0.90435284	1.1023548	-0.59938824	0.8392938	-1.0450984
-0.84220815	-0.8836627	-0.77991885	0.8070752	-0.8105935	-0.6519286	0.7704402	0.7024467	0.8659856	0.7929407	-0.7835858	-0.81890315	-0.7973969	0.82416713	-0.8125853	-0.8051354	0.80416036	0.827173	-0.7478575	-0.83674896	-0.82008046	-0.8933845	0.7496872	0.86314505	0.8599422	0.82938415	-0.8498628	-0.7805345	0.77998847	0.8515249	-0.871048	0.81461084	-0.79360616	-0.65892816	0.87498665	-0.7795562	-0.662576	0.8551617	-0.76432335	0.7808164	0.7355964	-0.80805224	-0.77896	-0.868619	-0.7737251	0.7937886	-0.66238046	-0.79492337	0.74731416	0.727478	-0.741656	-0.89191914	-0.80867285	-0.81974465	-0.8346928	-0.8212778	0.8408301	-0.82554996	-0.78757787	-0.82063675	-0.80932367	0.789578	0.7945449	-0.7864638	0.7936798	0.82641	-0.7994364	0.7850172	0.82438916	-0.7967997	0.81225604	0.83107436	-0.8635671	-0.7866741	0.7736975	0.75360364	0.79639864	-0.82208645	-0.73173887	0.6453821	0.80613756	-0.71024233	0.8213287	0.82282376	0.74414146	0.9094337	0.87503123	0.80575955	-0.74331844	-0.7511628	0.7836713	0.78145903	-0.87502575	0.6904591	-0.814735	0.8963846	0.8236246	-0.68091786	0.79565287	-0.80108947
-0.81620806	-0.8995088	-0.87137234	0.9885396	-0.9346806	-0.8339525	0.89318955	0.83080494	0.89633673	0.97537386	-0.8590769	-0.92677987	-0.91816026	0.9461916	-0.8247763	-0.9531409	0.86098975	0.9077326	-0.96236503	-0.96206105	-0.92447734	-0.9810175	0.93194085	0.9786039	0.9254913	0.9171213	-0.94016373	-0.8761674	0.90285313	0.9229947	-0.88871974	0.9342774	-0.89329326	-0.7721352	0.96293855	-0.9231161	-0.88100296	0.8630744	-0.8605941	0.84733635	0.8395832	-0.9179848	-0.8940529	-0.93834877	-0.8570822	0.82161003	-0.8253348	-0.9586963	0.85060793	0.9334183	-0.819493	-0.9491292	-0.85971254	-0.9851872	-0.92737406	-0.9299861	0.9690891	-0.82137305	-0.9074791	-0.9268162	-0.9460451	0.9143246	0.8116839	-0.9728251	0.93811387	1.0043997	-0.8178708	0.88173884	0.91103244	-0.9645886	0.9155769	0.948268	-0.9595211	-0.92120385	0.9116657	0.84079164	0.8956443	-1.0002666	-0.89349437	0.83424217	0.8483697	-0.79064345	0.937084	0.89838105	0.7835526	0.8590968	0.9920324	0.9323056	-0.90561634	-0.94289935	0.92566276	0.94303936	-0.9569767	0.8581925	-0.9764329	0.95496714	0.9852709	-0.76593447	0.9080272	-0.9410455
-0.74994576	-0.8296992	-0.8498706	0.8578282	-0.76547027	-0.78694326	0.7917298	0.7468056	0.8839157	0.8573261	-0.7722802	-0.86549634	-0.91928923	0.7246097	-0.8529136	-0.86927205	0.8561204	0.7918526	-0.8501012	-0.82481617	-0.8778314	-0.868069	0.86248106	0.8353097	0.7856467	0.8331761	-0.81322956	-0.8235489	0.9133821	0.9080093	-0.83413196	0.8732666	-0.85014373	-0.67771906	0.8942598	-0.84481895	-0.7084052	0.8381675	-0.8224797	0.73220026	0.9139068	-0.7730663	-0.8559479	-0.85967124	-0.83618724	0.84342164	-0.7232728	-0.7882667	0.8951138	0.76938176	-0.7598243	-0.9066363	-0.7575224	-0.7746504	-0.8087668	-0.8654486	0.8752252	-0.9104975	-0.820224	-0.8227252	-0.8219779	0.7460523	0.7696236	-0.87000996	0.89024097	0.9119116	-0.77619714	0.8439978	0.8031552	-0.8601598	0.7872515	0.8722329	-0.87305534	-0.8533753	0.83264023	0.7882338	0.7516505	-0.90350795	-0.7469298	0.61605275	0.751772	-0.77150935	0.8791236	0.84808415	0.73470354	0.8779265	0.80611885	0.8011123	-0.80067766	-0.8455215	0.78822166	0.8470201	-0.86212534	0.8367926	-0.7887739	0.8560059	0.832987	-0.642456	0.8162955	-0.92570597
-0.830264	-0.8912395	-0.92552483	0.87657595	-0.8105021	-0.7424832	0.87320966	0.8569766	0.9289072	0.8349174	-0.80833685	-0.8634783	-0.8713696	0.7987592	-0.8660187	-0.9028675	0.8531883	0.87647754	-0.86876166	-0.9174356	-0.90741163	-0.9376144	0.9223764	0.881202	0.8432444	0.9056686	-0.94011164	-0.8597136	0.9180635	0.9142675	-0.86164486	0.8665949	-0.8547251	-0.7278064	0.925197	-0.83123904	-0.7633269	0.8348985	-0.83380467	0.87528944	0.8881201	-0.8224379	-0.86311334	-0.84770113	-0.8621843	0.8173821	-0.7631758	-0.8783082	0.8776665	0.8200923	-0.82338786	-0.9541729	-0.82660294	-0.88270307	-0.84584063	-0.87729955	0.9239389	-0.82012355	-0.84063995	-0.9347212	-0.84884	0.8200445	0.7886524	-0.92466605	0.86306524	0.8867558	-0.8262131	0.89941823	0.8677411	-0.9198416	0.8088498	0.8725095	-0.9335322	-0.86447996	0.8119974	0.80923367	0.81512636	-0.8723757	-0.7915735	0.67901653	0.8974858	-0.8230729	0.9141357	0.86362463	0.75322956	0.91666144	0.9266934	0.919008	-0.7863129	-0.86850685	0.910333	0.8642623	-0.8926061	0.8125479	-0.83140165	0.9381035	0.8864531	-0.73472244	0.89485794	-0.84761524
-0.8918443	-0.91562223	-0.94484353	0.95730686	-0.8320203	-0.7525218	0.8144716	0.7768626	0.9098145	0.83093727	-0.73449856	-0.8849749	-0.90084404	0.80095774	-0.8201269	-0.9222738	0.8545049	0.85386866	-0.8939672	-0.8939955	-0.93574435	-0.8894004	0.8554056	0.9417549	0.8110759	0.9288956	-0.9089823	-0.89799654	0.800817	0.9358786	-0.86892545	0.91444504	-0.90738994	-0.8122064	0.89175844	-0.8134918	-0.7296481	0.9433179	-0.89638174	0.8317934	0.7951772	-0.78521454	-0.87751204	-0.9222211	-0.87465477	0.7417563	-0.73113245	-0.88894033	0.7868489	0.8261757	-0.88591206	-0.89517874	-0.9153161	-0.9521854	-0.90078926	-0.91223085	0.89298046	-0.7833388	-0.7972382	-0.9123308	-0.8876859	0.89348364	0.86776626	-0.8466135	0.9053629	0.9246882	-0.8563799	0.87920654	0.84327453	-0.8497101	0.9191551	0.9307264	-0.9200119	-0.85798466	0.85630894	0.79127777	0.7598809	-0.89116484	-0.7001146	0.784092	0.93717957	-0.8374388	0.97022784	0.86017877	0.800819	0.9130008	0.88590986	0.97341055	-0.78769845	-0.8467419	0.8336099	0.8189307	-0.9454662	0.78612083	-0.9006532	0.88832957	0.94376594	-0.6894599	0.91777736	-0.84891546
-0.73354375	-0.89834744	-0.84534925	0.9528783	-0.89628273	-0.86530536	0.91319436	0.8033166	0.8376513	0.9448586	-0.97188294	-0.950097	-0.9112023	0.88075584	-0.9119214	-0.9774951	0.9663225	0.7634508	-0.9481004	-0.8879932	-0.98774797	-0.85978496	0.94679624	0.9562704	0.94210863	0.8214041	-0.8759343	-0.8467014	1.0026159	0.9563374	-0.8162612	0.98675203	-0.9176004	-0.7218526	0.8683097	-0.9425837	-0.8144534	0.8360605	-0.8216178	0.80800515	0.94437486	-0.9704044	-0.9749617	-0.8433863	-0.9184417	0.9389067	-0.8746376	-0.86663944	0.9534409	0.86664623	-0.71242106	-0.98207533	-0.7821819	-0.858504	-0.944432	-0.97372484	0.9283958	-0.9063961	-0.9826119	-0.7867423	-0.8867717	0.81526935	0.8184337	-1.0208424	0.9664102	0.8989312	-0.7325639	0.8263888	1.0056647	-0.94837743	0.7936885	0.88372433	-0.9194271	-0.8967777	0.9501142	0.91777587	0.9750602	-0.9567626	-0.85360754	0.7910787	0.79271275	-0.7033918	0.9236142	0.8245792	0.70377344	0.77535886	0.9014222	0.73524934	-0.8970497	-0.8962551	0.91121846	0.8893159	-0.8424804	0.92014676	-0.91635704	0.85141	1.0079753	-0.7441981	0.8566066	-0.92966634
-0.82306486	-0.9682085	-0.8928404	0.9384014	-0.89618105	-0.8769056	0.75917166	0.80328023	0.9867546	0.7993388	-0.8704808	-0.86915	-0.95210415	0.7353436	-0.87202126	-0.8803892	0.8895444	0.8443509	-0.8519171	-0.86585695	-0.9121857	-0.9654965	0.89248824	0.86500204	0.81797796	0.91827804	-0.89378303	-0.83081037	0.95447713	0.9004797	-0.9005286	0.9003658	-0.9496733	-0.68618226	0.93233854	-0.8485642	-0.7271445	0.9016132	-0.8405469	0.8456001	0.88437307	-0.8273425	-0.83855313	-0.9297456	-0.8113423	0.8467087	-0.6878393	-0.8622839	0.8985304	0.82687366	-0.77657473	-0.97700185	-0.8221946	-0.8533052	-0.873386	-0.932662	0.87135357	-0.85076606	-0.889169	-0.8707397	-0.8920606	0.85358995	0.8033075	-0.8713248	0.90857345	0.9085377	-0.80472857	0.81851006	0.83392656	-0.9110549	0.84199566	0.8668745	-0.86214924	-0.893307	0.8183179	0.84852624	0.8158991	-0.9489096	-0.7423538	0.64618164	0.7945819	-0.76766527	0.8970905	0.828931	0.7868321	0.9205805	0.8883025	0.9553153	-0.7353703	-0.8476039	0.8264827	0.7882882	-0.9397766	0.86048776	-0.88366103	0.9105651	0.88257617	-0.66131854	0.8244075	-0.88893896
-0.6989083	-0.84143126	-0.7498293	0.82540673	-0.7904828	-0.66062665	0.6911939	0.78645885	0.8444778	0.7980534	-0.7104279	-0.7733152	-0.8561995	0.7486153	-0.783583	-0.7658399	0.8004937	0.7741542	-0.7810088	-0.7150364	-0.80426055	-0.83681077	0.72011447	0.79260856	0.70122576	0.8327432	-0.7584033	-0.8162214	0.7656888	0.7968874	-0.801014	0.7309966	-0.80463034	-0.6453084	0.8398487	-0.75899744	-0.68380445	0.77645254	-0.7285931	0.77894634	0.785862	-0.76453984	-0.78650546	-0.73615086	-0.73324084	0.6801235	-0.6426229	-0.75138974	0.742161	0.6683767	-0.77226204	-0.8401158	-0.77266824	-0.82426375	-0.7490566	-0.8131341	0.8110099	-0.76112336	-0.66494155	-0.7887086	-0.74214774	0.76975626	0.69612086	-0.82768357	0.7483652	0.8205636	-0.75119376	0.7289076	0.81141627	-0.77693117	0.78550714	0.81473327	-0.8215775	-0.6937306	0.73474854	0.6958108	0.7157926	-0.77383316	-0.6312891	0.695782	0.79140824	-0.7714235	0.820148	0.7823566	0.72603273	0.776937	0.73406076	0.79272825	-0.64441425	-0.70960796	0.7324608	0.70724237	-0.8085613	0.747814	-0.727147	0.81290585	0.7558327	-0.67947763	0.77802724	-0.7610801
-0.80255306	-0.7305269	-0.7694587	0.7515998	-0.7558717	-0.6374974	0.7278785	0.8036937	0.7751137	0.8175296	-0.753738	-0.7674706	-0.6187799	0.76353717	-0.73434645	-0.76133335	0.7586145	0.76821595	-0.76433957	-0.8106138	-0.79264313	-0.7839026	0.71945655	0.86529946	0.7807654	0.7851051	-0.84806323	-0.77494186	0.643032	0.7576206	-0.79365677	0.7986408	-0.70968795	-0.73388505	0.8287483	-0.7744367	-0.75332814	0.72121745	-0.7837579	0.7758116	0.7156094	-0.7993858	-0.81027675	-0.84959126	-0.7469851	0.7053072	-0.7115306	-0.80104524	0.6697614	0.7836464	-0.77330226	-0.86964023	-0.78714836	-0.82138914	-0.76752144	-0.78755194	0.793927	-0.6705454	-0.73309165	-0.7431375	-0.8295668	0.7297867	0.74352676	-0.7678387	0.88068104	0.7901133	-0.7861293	0.8110039	0.78087306	-0.81981796	0.79757667	0.72756714	-0.87209135	-0.77112633	0.8389652	0.7915201	0.8388447	-0.80917627	-0.7524681	0.7139595	0.81814736	-0.7936958	0.82186514	0.7354925	0.73072225	0.8071138	0.7865145	0.83625287	-0.7488882	-0.7486003	0.8303259	0.7687795	-0.8048347	0.44724143	-0.8025974	0.7939033	0.7934726	-0.67917776	0.75585186	-0.83910775
-0.7649282	-1.0926615	-0.89539844	1.0614111	-0.8965156	-1.0504165	0.89023924	0.8038541	1.0487387	0.9849631	-1.0030473	-1.0613192	-1.1390778	0.916983	-1.0435538	-1.0491005	1.0191201	0.89386725	-1.054584	-1.0326629	-1.057045	-0.98020625	1.0155528	1.0036227	1.0029587	0.9405342	-1.054996	-0.92391264	1.088068	1.0763553	-1.0026151	1.1175133	-1.046993	-0.73722965	0.97032523	-1.0479023	-0.77458596	0.96403176	-0.8667463	0.84212536	1.0768291	-1.0181079	-1.0546197	-0.99161327	-0.9729425	1.0762477	-0.80935913	-0.94467145	1.0820144	1.0119127	-0.7330989	-1.0877653	-0.83306724	-1.0367087	-0.99285495	-1.0917	1.0727304	-1.037144	-1.0663167	-0.8896145	-1.0220523	0.9306638	0.7936662	-1.0497444	1.033869	1.062772	-0.791101	0.9053534	1.0686347	-0.9897337	0.94137293	0.98836535	-1.0182133	-1.014345	0.9615415	0.90933746	0.9868775	-1.0361314	-0.8789343	0.6776387	0.8320565	-0.76528215	0.9648447	0.98491484	0.736556	0.9616921	1.0403976	0.8544037	-0.8997638	-0.90259767	0.9834551	0.97666705	-1.0514663	1.0645003	-1.0140221	1.006853	1.0612808	-0.7490389	0.9889016	-1.0854139
-0.93394446	-1.0834224	-0.91205496	1.03349	-0.9066625	-0.9360676	0.8329986	0.8984488	1.012161	0.9156878	-0.97962946	-0.99877983	-1.0637934	0.9420899	-1.0179372	-1.0705242	1.0602459	0.8878983	-0.953562	-0.9399729	-1.0492032	-0.9673516	1.0466458	1.0270466	0.9602333	0.98322886	-1.019948	-0.92875427	1.0828608	0.97991264	-0.9428465	1.0680943	-1.0806646	-0.8066663	0.98066217	-1.0202078	-0.7807178	1.0582967	-0.9456656	0.9462705	1.0652211	-0.90189236	-0.91411	-0.9968861	-0.92337227	0.95892155	-0.78321034	-0.9875612	0.98431844	0.88021356	-0.83127666	-1.0604362	-0.8584033	-0.99730706	-0.9806082	-1.0415535	0.9977208	-1.0367872	-0.93329823	-0.9571793	-1.0579222	0.94397515	0.8270706	-1.0375582	1.0008646	1.0780687	-0.9003731	0.9762174	1.0206224	-1.0265193	0.9282177	1.0294815	-0.99860317	-0.9350675	0.8923667	0.84363794	0.9104136	-1.0383586	-0.78240526	0.6531004	0.9423925	-0.85173	1.0328543	0.9501563	0.8518805	1.0188935	1.0380061	1.0179434	-0.8996393	-0.85681057	1.0062189	0.9297434	-1.0436887	1.0612031	-0.9467117	0.9953032	1.0686493	-0.7103582	0.945995	-0.9868454
-0.8313348	-1.0511508	-0.94142926	0.97314924	-0.8851607	-1.1007317	0.97002167	0.79061365	0.9497713	1.0169461	-1.0352117	-1.1115991	-1.1156387	0.90546566	-1.0895698	-1.088006	1.0443243	0.8436275	-1.0043324	-1.0026666	-1.0760698	-1.0103538	1.0037447	0.9801611	0.99715036	0.9007581	-0.9376719	-0.9016716	1.1091223	1.0708673	-0.92521393	1.1228676	-1.0666064	-0.7827803	1.0310643	-1.1221728	-0.8760271	0.94458294	-0.90474313	0.9542167	1.1369891	-1.0263461	-1.1205522	-0.97441477	-1.0164797	1.0723804	-0.9184911	-0.9190488	1.1007342	1.1053191	-0.75959104	-1.0960014	-0.8455173	-1.0544083	-1.0549983	-1.0443014	1.0656796	-1.0972219	-1.1150379	-0.9066288	-1.0521514	0.9914844	0.780338	-1.077828	0.99293673	1.0270187	-0.8470935	0.79936224	1.1097031	-1.0516595	0.8651354	1.0616435	-0.9972764	-1.0126244	0.9633633	0.95239055	0.94955367	-1.0389992	-0.94227135	0.75224775	0.8440512	-0.7334243	0.9281632	0.95688903	0.76225686	0.8264765	1.038223	0.9168792	-0.9871211	-1.0694562	1.0217437	0.9583557	-0.9876362	1.1047155	-0.9607661	0.92752004	1.1229007	-0.75463206	0.9952282	-1.1114831
-0.8466739	-0.8413636	-0.8670652	0.8898586	-0.84782267	-0.7639423	0.8306031	0.72260624	0.9016113	0.8685563	-0.85728127	-0.9002866	-0.88116634	0.79081506	-0.90712154	-0.8850557	0.8372646	0.8397869	-0.8359631	-0.8295756	-0.90084404	-0.92670053	0.89888716	0.8553317	0.8998735	0.87992024	-0.9372426	-0.7770206	0.8921108	0.85396695	-0.8356336	0.92069304	-0.8667745	-0.6823163	0.8881187	-0.8765892	-0.6755586	0.8238098	-0.7997638	0.8377157	0.8782631	-0.86440736	-0.9081932	-0.8670302	-0.8531872	0.7960313	-0.7395947	-0.84359	0.8829382	0.771016	-0.72942007	-0.9432784	-0.8071273	-0.8739222	-0.91433185	-0.87822866	0.8989114	-0.86549777	-0.7944092	-0.8564755	-0.90191	0.7758651	0.7478696	-0.90571505	0.86088306	0.89766246	-0.7719402	0.7995754	0.8412057	-0.92818594	0.84822744	0.85928524	-0.8614609	-0.81752485	0.8574403	0.7946954	0.7876493	-0.9157264	-0.7162438	0.6852033	0.824537	-0.7336894	0.8976305	0.78678566	0.7385635	0.92651945	0.863682	0.89741147	-0.80583996	-0.80943155	0.8086258	0.8012989	-0.9061907	0.9115207	-0.8126263	0.8368495	0.85411984	-0.580681	0.8619712	-0.88000315
-0.6989362	-0.8448753	-0.7317273	0.8320229	-0.70157725	-0.80329734	0.7380497	0.65448856	0.79147017	0.8452334	-0.82504725	-0.8533983	-0.79887855	0.74207276	-0.82976377	-0.89193857	0.8405428	0.79978734	-0.85749584	-0.81051195	-0.8870871	-0.8453351	0.7673138	0.79321575	0.8343798	0.72401553	-0.79422396	-0.7331201	0.79994446	0.8099874	-0.8270169	0.86358047	-0.7904993	-0.6460447	0.84704876	-0.80947924	-0.618169	0.76842356	-0.7173405	0.7370567	0.8169851	-0.81582934	-0.8027335	-0.7706219	-0.82267636	0.8247987	-0.7311263	-0.77642846	0.79522234	0.8404421	-0.6376348	-0.808868	-0.7482064	-0.8001374	-0.803221	-0.79178137	0.8037309	-0.78883344	-0.78221685	-0.75429314	-0.82598525	0.736073	0.6762739	-0.81727326	0.8885588	0.8823364	-0.703282	0.73578835	0.8638757	-0.8093849	0.8003118	0.8514941	-0.8466592	-0.79544294	0.7862734	0.7055557	0.83104444	-0.8566371	-0.77652776	0.6409303	0.70485526	-0.7106398	0.79193234	0.7000073	0.5355446	0.77175707	0.8205917	0.8079741	-0.7719381	-0.8058027	0.77815056	0.7632491	-0.80481386	0.73710877	-0.75736284	0.7957963	0.83357716	-0.6327109	0.83246255	-0.8008547
-0.99063337	-0.98184615	-0.91027564	1.0308645	-0.9219472	-0.9202772	0.77111924	0.81518555	1.0252972	0.94950664	-0.89586455	-0.99818665	-1.0845101	0.8944095	-0.9927094	-1.0334535	0.9726588	0.9542268	-0.8906734	-0.9628328	-0.9867601	-1.0366457	0.92860085	0.9182509	0.92181224	0.93910944	-1.0278343	-0.9409979	1.035692	1.0283514	-0.96495634	0.95916545	-1.0578048	-0.70552236	0.9979912	-0.96079737	-0.6930683	0.9552794	-0.9055441	0.8379351	1.0695151	-0.8752611	-0.89819425	-0.9205075	-0.894427	0.9106701	-0.6895683	-0.9283473	0.98983186	0.85879934	-0.8107328	-0.9739815	-0.8274092	-0.97587204	-0.9433492	-1.0211822	0.99143213	-0.9837407	-0.8591933	-0.9936662	-0.98397416	0.8925657	0.90103227	-0.9855168	0.91014826	1.0133574	-0.97766644	0.96058506	0.986788	-0.96066356	0.98407364	0.9924714	-0.9610486	-0.90946954	0.9591842	0.79678494	0.81682414	-0.9647124	-0.66448	0.58754456	0.9242148	-0.8259386	0.95915216	0.92735356	0.7733231	1.0057198	0.96246535	0.95539504	-0.7939044	-0.8529211	0.94363284	0.8724271	-1.0066036	1.032023	-0.91863406	1.034686	0.9707172	-0.60520136	0.9126008	-1.011204
-0.9960235	-0.98115236	-1.0324457	0.9523469	-0.9197315	-0.6945837	0.93215847	0.92989284	0.99718183	0.94365066	-0.8933796	-0.94757247	-0.7906181	0.97264445	-0.90356976	-0.8727809	0.9267298	0.9673531	-0.91244	-0.9911045	-0.9526821	-0.97223216	0.9622131	0.9553043	0.9213065	0.9477807	-1.035677	-1.018071	0.857285	0.9474675	-0.97757477	0.9511012	-0.8286101	-0.8910173	1.0488198	-0.91087943	-0.8963996	0.97470057	-0.92825645	1.005615	0.84101576	-0.9178182	-0.9715972	-1.0565891	-0.9720498	0.840615	-0.9379055	-1.0380131	0.77176887	0.8518882	-0.8978956	-1.0145622	-0.94785535	-0.9808444	-1.002685	-0.9495862	0.94617194	-0.8481488	-0.83925354	-1.0170326	-0.94290227	0.9873896	0.9863752	-0.9048009	1.0541576	0.9590886	-0.98033684	1.0004249	0.8806001	-1.0389973	0.9449982	0.9134227	-1.0280343	-0.89037657	1.0317084	1.0271598	0.9999569	-0.9387465	-0.9562807	0.8256783	1.0061591	-1.002227	0.9719046	0.9451171	0.9113164	0.95398057	1.0314811	1.003614	-0.8826418	-0.9854778	0.9513959	0.91691154	-0.94726115	0.6447269	-0.940656	0.9811202	0.9286136	-0.8547734	0.96977144	-0.9215094
-0.9347416	-0.94118756	-0.9738836	0.9410221	-0.91465414	-0.91181254	0.9515166	0.8482187	0.97368336	1.0208412	-0.94119006	-0.9445613	-0.93035495	0.9380306	-0.9740749	-0.97655314	0.99901855	0.95633584	-0.9914727	-0.9629037	-0.97776335	-1.0076774	0.9165431	0.9849887	0.93043584	0.9405041	-1.0129542	-0.9587582	1.0024143	0.9888588	-0.94192284	1.0282825	-0.9032043	-0.756064	1.0183352	-0.93624234	-0.7911819	0.92300373	-0.9449354	0.87328035	0.9445568	-0.98153144	-0.9590338	-1.0384434	-0.9398464	0.96981716	-0.9137156	-1.0470865	0.9094686	0.90920913	-0.7777291	-1.0267788	-0.94230634	-1.0301981	-0.9475282	-0.9887786	1.0053078	-0.9663782	-0.9203832	-0.9058389	-0.9385955	0.9397778	0.86542237	-1.0164595	1.0982302	1.0590912	-0.9183593	0.89681	0.9372945	-1.0622541	0.96953017	0.9189267	-1.0378432	-0.9198921	0.9929007	0.9283739	0.9641994	-1.0282683	-0.9606531	0.7419761	0.96238405	-0.831284	0.95408636	0.85929644	0.7540611	0.9880299	1.0169516	0.97581583	-0.9206936	-0.9511734	0.9725107	0.9711747	-0.9607471	0.91149235	-1.000207	0.93235856	1.0155114	-0.79113984	0.95596755	-1.0222511
-0.89993006	-1.0113174	-1.0331682	1.0014819	-0.9379642	-0.8362902	0.9714344	0.89691186	1.0760937	1.0608457	-0.9692321	-1.0829526	-1.0338879	0.9210012	-0.9972868	-1.0754188	1.0125016	0.89555484	-1.0328898	-0.97305256	-1.1317942	-1.0202953	0.9462574	1.0641048	0.9397345	0.9930873	-1.0658951	-0.9957611	1.1009566	1.101678	-1.0122179	1.0321691	-0.9632577	-0.8378238	1.0041653	-0.9823372	-0.7650649	0.99105054	-0.9451865	0.8943385	1.0441766	-1.0737046	-0.97953945	-1.0320622	-0.9549395	0.9504094	-0.8484643	-1.067084	0.9616666	0.90440714	-0.8185073	-1.1006753	-0.9600714	-1.0405606	-1.057774	-0.9847748	1.058824	-1.0215167	-0.91531193	-0.99279135	-1.0172668	0.9248345	0.90338844	-1.116823	1.0932658	1.1206126	-0.95534253	0.9129287	1.0052319	-1.0514542	0.9215166	1.0389017	-1.071074	-0.93778735	0.9796356	0.987339	1.0172197	-1.0844976	-0.88502663	0.7530003	0.91694045	-0.9025402	1.0672115	0.94480574	0.76291126	0.998632	1.024191	1.0146043	-0.9016129	-0.9145582	0.9806958	1.0123552	-1.0197054	0.97761744	-0.990521	1.0440844	1.0575079	-0.786948	0.9597091	-1.1263831
-0.8872055	-0.89739645	-0.8853099	0.9063309	-0.9095129	-0.8892287	0.9410178	0.80611897	0.89558214	0.940067	-0.9022082	-0.9168248	-0.9133615	0.91741633	-0.9076392	-0.9523506	0.909214	0.8649133	-0.9297128	-0.9245132	-0.9683018	-0.98608613	0.9789095	0.93242776	0.96866435	0.9459533	-0.9713113	-0.9030944	0.96796083	0.94222766	-0.9323159	0.9770266	-0.85894763	-0.86146045	0.9614312	-0.99849665	-0.83365935	0.8786375	-0.8992769	0.9402326	0.97975564	-0.99820995	-0.9501026	-0.9547109	-0.94226307	0.9468847	-0.9239396	-0.9375	0.94674873	0.910624	-0.82625127	-0.9392527	-0.89099926	-0.9381759	-0.96632	-0.8886138	0.99043036	-0.9664352	-0.97021437	-0.900153	-0.91427016	0.9114022	0.8432496	-0.93886197	1.0144482	0.9371329	-0.874003	0.8685485	0.95060545	-0.97912824	0.8701108	0.9383241	-0.9656557	-0.9321433	0.97125417	0.90013427	0.96904486	-1.0132959	-0.9173154	0.7819961	0.8831867	-0.8788638	0.9042534	0.90089667	0.7767111	0.87490535	0.9972684	0.89030707	-0.9387991	-0.95376927	0.98277855	0.9226477	-0.92263466	0.81877726	-0.97814727	0.87625676	0.9777353	-0.71618944	0.9654656	-0.9446757
-0.89868325	-0.9780143	-0.91980827	0.9814292	-0.9378593	-0.7763157	0.852126	0.86236423	0.9491501	0.88008106	-0.8209499	-0.9891038	-0.9204189	0.9028113	-0.9220675	-0.9669702	0.9564973	0.8756475	-0.9351219	-0.8870861	-0.9538517	-0.9944901	0.9735106	0.98101586	0.88156974	0.93431765	-1.0189507	-0.8695108	0.88711053	0.9998768	-0.9220179	0.9603607	-0.8971733	-0.8373595	0.9333729	-0.8903351	-0.79051757	0.95268303	-0.8906009	0.9133931	0.8801767	-0.92173135	-0.9245861	-0.91346675	-0.9001676	0.85626775	-0.7454388	-0.95949423	0.9139446	0.8052403	-0.9015269	-1.0248493	-0.8821938	-0.9168541	-0.96016085	-1.0124751	0.9729097	-0.8696277	-0.8749421	-0.93144876	-0.97508067	0.9269489	0.82086164	-0.9555114	0.9616334	1.0205468	-0.85519564	0.9440349	0.9263915	-0.9165519	0.9572218	0.9335401	-0.90346557	-0.90847194	0.9569457	0.8060493	0.8554258	-0.9672651	-0.7420008	0.78301245	0.96811974	-0.8204643	0.92669857	0.9251241	0.88167423	1.004263	0.9671411	0.9811975	-0.8020056	-0.8045384	0.95864105	0.8665674	-1.0173032	0.927854	-0.9227292	0.9698969	0.90473026	-0.7709951	0.8836764	-0.9405322
-0.7456723	-0.7955351	-0.7664037	0.82660764	-0.7690131	-0.70540947	0.7352303	0.7616272	0.82069534	0.7673151	-0.74719745	-0.8391525	-0.7118102	0.7449321	-0.8135765	-0.7694509	0.8223931	0.8027305	-0.79872096	-0.80667156	-0.7737733	-0.8194138	0.7841783	0.7791243	0.8406509	0.7890716	-0.8514378	-0.75333524	0.7408397	0.77318805	-0.74312097	0.82072324	-0.75984335	-0.7083816	0.8451126	-0.8133767	-0.74181855	0.730934	-0.76405287	0.78462404	0.82526404	-0.8481937	-0.84000564	-0.8454723	-0.78522575	0.7719477	-0.7967479	-0.75520533	0.7369588	0.78798664	-0.72842103	-0.80062413	-0.7448542	-0.8475993	-0.8307031	-0.80315524	0.8129346	-0.8021283	-0.8329887	-0.8211835	-0.8012024	0.76712704	0.7120354	-0.83806	0.79645973	0.7787805	-0.70568854	0.79856884	0.84349376	-0.8779999	0.7191189	0.80129915	-0.793921	-0.7714035	0.784231	0.7671947	0.80793744	-0.8566078	-0.8061115	0.6481379	0.73707086	-0.77483135	0.85026866	0.7368975	0.659152	0.80276763	0.8017032	0.79856086	-0.82747805	-0.81782025	0.7754266	0.78203934	-0.84597117	0.70478517	-0.77932155	0.8172129	0.776895	-0.62367404	0.74094623	-0.81667084
-0.97105306	-1.0029498	-0.9780781	0.980678	-0.94038206	-0.9246126	0.91091347	0.87648714	1.0406439	0.98041123	-0.96348965	-1.0666326	-0.98473555	0.9152852	-0.960793	-1.0543398	0.97488165	0.90147233	-0.9360672	-0.9882875	-1.0527235	-0.9993003	1.0020471	1.0242739	0.98080045	1.0311619	-1.0912114	-0.92581654	1.0640031	1.0386815	-0.95907843	1.0574294	-0.9718938	-0.764467	0.9981555	-1.0640317	-0.77195024	0.9763816	-0.9432635	0.8809309	1.0435759	-1.0064559	-0.9867744	-0.97535425	-0.97345906	0.96208537	-0.8666642	-0.9737287	1.0324165	0.91141313	-0.819145	-1.1033616	-0.8938342	-1.0389321	-1.0161799	-1.0135154	0.99110717	-1.0730966	-0.9942342	-0.9931021	-1.0441196	0.8863147	0.8826039	-0.9947704	1.0574219	1.0309029	-0.90008247	0.9823691	1.010957	-1.0173836	0.9824527	0.9853338	-0.9743797	-0.99003255	0.97201127	0.8653207	0.92773855	-0.9770141	-0.85134643	0.7759835	0.9722773	-0.80601704	0.95327467	0.980306	0.8356224	1.0309579	0.9685991	0.9625909	-0.89899576	-0.9539549	1.0076547	0.8950411	-1.0384526	0.9661903	-1.0092347	0.9738522	1.0545375	-0.75661105	0.97576183	-1.0410005
-0.9255883	-0.87542	-0.91503686	0.9473553	-0.9018908	-0.6796167	0.87717164	0.9235484	0.9906014	0.8985066	-0.8601094	-0.9098776	-0.7924391	0.85625744	-0.8644166	-0.8649157	0.88475686	0.8835977	-0.90514445	-0.9061847	-0.88339907	-0.97808	0.8002918	0.91519946	0.88229024	0.95542514	-0.97604567	-0.91203284	0.8333372	0.95504564	-0.89247274	0.8648378	-0.88300025	-0.78838706	0.9870857	-0.8410864	-0.7993151	0.95660037	-0.9199356	0.8866711	0.8417952	-0.85243404	-0.8852804	-0.955162	-0.85669154	0.8042581	-0.74244255	-0.93975186	0.8256106	0.78565407	-0.85734016	-0.93029803	-0.8413638	-0.8871913	-0.9021226	-0.8915835	0.9180793	-0.8065055	-0.8233972	-0.95922744	-0.8766503	0.8588938	0.83851814	-0.848564	0.8866497	0.9407666	-0.9745459	0.88202095	0.83087236	-0.95793784	0.942734	0.871251	-0.8809393	-0.86791426	0.8820616	0.91373885	0.7757946	-0.92996544	-0.7546124	0.81404924	0.9213902	-0.92944455	0.9104153	0.8489321	0.91372687	1.0025448	0.9968267	1.0015157	-0.76333284	-0.8698288	0.9484174	0.8531397	-0.93130195	0.7831594	-0.88826257	0.892485	0.9183702	-0.8365487	0.88335824	-0.8910453
-0.7780383	-0.99203664	-0.8824097	0.93595874	-0.8314563	-0.88811535	0.75469404	0.7352462	0.99336	0.86679757	-0.84070873	-1.0000371	-0.9708903	0.76371616	-0.92864466	-1.0017354	0.9212814	0.8011068	-0.94227964	-0.90772104	-0.94742817	-0.9284536	0.89342785	0.87850046	0.89212	0.90307516	-0.92151845	-0.8255396	1.0203558	0.9366822	-0.8492741	0.994162	-0.99706274	-0.67364854	0.96461296	-0.9195654	-0.6446458	0.87812024	-0.8501676	0.77623564	0.9718515	-0.8461483	-0.9363449	-0.93649685	-0.86619145	0.9425841	-0.73927706	-0.89094174	0.9529287	0.88907987	-0.72749275	-0.97287464	-0.84475684	-0.91435504	-0.89907604	-0.9752698	0.9582621	-1.0004015	-0.9216587	-0.8660839	-0.97069573	0.8451151	0.7528221	-0.970169	0.94627154	0.95550525	-0.79990655	0.870542	0.93824357	-0.9713607	0.82064104	0.9466403	-0.9583262	-0.9190498	0.90256095	0.83230144	0.8332965	-0.9415802	-0.8208894	0.59930336	0.86283463	-0.71830213	0.95969325	0.8401125	0.6894994	0.9384567	0.9427126	0.9049155	-0.7717326	-0.86917156	0.86283493	0.8341505	-0.90036225	1.0406351	-0.89747477	0.89161927	1.0039394	-0.5848109	0.8992366	-1.0199323
-0.74226373	-0.8801124	-0.8148171	0.867353	-0.8345179	-0.764081	0.79214436	0.7967961	0.9097696	0.8194479	-0.88173956	-0.92279506	-0.7854947	0.8386067	-0.81505454	-0.8693525	0.85110515	0.835993	-0.8878683	-0.8821685	-0.9504372	-0.8466635	0.83415556	0.9249058	0.8513117	0.88572687	-0.86445546	-0.8285089	0.8696356	0.9089341	-0.8232006	0.9045806	-0.80370104	-0.71794015	0.87961966	-0.90881497	-0.7099844	0.7924508	-0.76640886	0.8234737	0.84751683	-0.9354093	-0.9186836	-0.91004944	-0.84981906	0.8386793	-0.7717103	-0.80695254	0.8617769	0.8407441	-0.7233816	-0.87760127	-0.76481295	-0.90329677	-0.8808079	-0.84804475	0.8795552	-0.89921594	-0.8462261	-0.76513505	-0.90565485	0.7866677	0.7808494	-0.8815956	0.91292876	0.90455216	-0.7629132	0.8307725	0.855374	-0.8994532	0.7981127	0.9007738	-0.8882576	-0.8719423	0.8402634	0.8408837	0.7995893	-0.92852163	-0.7810324	0.63755155	0.84548336	-0.79283893	0.8215473	0.82790875	0.6585196	0.82853234	0.8729678	0.8586955	-0.77578366	-0.8648942	0.88993967	0.80875975	-0.92334473	0.67919797	-0.88509905	0.8824671	0.89382315	-0.7114282	0.85890096	-0.8558575
-0.7018709	-0.8197724	-0.7939055	0.7413913	-0.72021973	-0.7256454	0.6973481	0.6958338	0.8713482	0.72521675	-0.7634371	-0.8482711	-0.7543496	0.75500077	-0.80816996	-0.83536935	0.79122835	0.78513503	-0.75912255	-0.7970288	-0.8507554	-0.83203316	0.732771	0.7512372	0.7553554	0.7389743	-0.84160674	-0.74709755	0.7526966	0.80616057	-0.77393055	0.76000535	-0.799819	-0.609446	0.84809893	-0.7552686	-0.64944124	0.7425361	-0.6861336	0.73405206	0.77427244	-0.7639457	-0.8094394	-0.76663	-0.7589639	0.74506384	-0.57573235	-0.8049431	0.7185628	0.66635025	-0.6636935	-0.8656209	-0.71365297	-0.80061865	-0.79028213	-0.7704649	0.813912	-0.8015215	-0.73116434	-0.81504095	-0.76033056	0.69850975	0.70299137	-0.82263106	0.80642533	0.8337003	-0.707035	0.7461021	0.733511	-0.8100821	0.8110995	0.80342907	-0.81343234	-0.706508	0.71253765	0.72985744	0.760712	-0.7663137	-0.668169	0.5555859	0.73230845	-0.7090961	0.7624359	0.69929963	0.6810338	0.7697821	0.75997895	0.80289537	-0.70438665	-0.7397516	0.7411066	0.7426204	-0.8169284	0.744098	-0.69540954	0.7983891	0.7839018	-0.5979828	0.8041995	-0.7649471
-0.73521245	-0.9262654	-0.8202371	0.8534903	-0.8167477	-0.9740994	0.9149785	0.8136139	0.8551246	0.96661246	-0.9693726	-0.9213194	-1.0033232	0.8831303	-0.9493389	-1.0015258	0.9972405	0.8387766	-0.9046118	-0.96106035	-1.0018282	-0.8849362	0.94528276	0.9408857	0.98949414	0.8628359	-0.8728625	-0.8954239	0.9951905	0.9877083	-0.83438474	0.9643188	-0.90474135	-0.78610086	0.89554214	-0.9253658	-0.7516564	0.8628449	-0.8965168	0.7857168	1.0387055	-0.934959	-0.9812539	-0.88923365	-0.8575798	1.0007387	-0.8662553	-0.8555018	1.0037487	0.9950526	-0.70688343	-0.97054064	-0.81202614	-0.8648306	-0.9973739	-0.94670594	0.9116976	-1.0186653	-0.94732827	-0.827857	-0.908664	0.89381784	0.74013346	-1.0187953	0.9418635	0.9023778	-0.791045	0.7783372	1.0003431	-0.9272532	0.8326357	0.9617952	-0.90490353	-0.9086027	0.93210024	0.8721917	0.9217769	-0.97695506	-0.87683403	0.75548303	0.80730325	-0.79556197	0.85630035	0.7981896	0.6813185	0.82453674	0.8871471	0.7872509	-0.93577945	-0.968058	0.9284785	0.89657205	-0.9177156	0.9797311	-0.8598218	0.803621	0.99838877	-0.72557694	0.88774836	-0.96806204
-0.8184441	-0.84415746	-0.8341368	0.8145779	-0.82956326	-0.73693115	0.7663832	0.72971916	0.9019695	0.81109786	-0.8807732	-0.90562856	-0.8532576	0.78238255	-0.88475513	-0.8762273	0.7991877	0.86489457	-0.8590148	-0.883238	-0.83310664	-0.91017586	0.81034654	0.89414	0.86262196	0.81450963	-0.85055196	-0.80926555	0.89025104	0.83370614	-0.8354601	0.8848212	-0.8240678	-0.7064843	0.8414306	-0.86115813	-0.79155636	0.84633225	-0.8439858	0.8439496	0.86244255	-0.8168459	-0.88507605	-0.85564166	-0.86058795	0.7951243	-0.810192	-0.87685007	0.8486208	0.83486444	-0.8026613	-0.9016701	-0.8462063	-0.8071538	-0.8821752	-0.8231304	0.8453608	-0.8340673	-0.8754271	-0.804156	-0.8871486	0.84808165	0.8076476	-0.82660055	0.8193923	0.8779458	-0.73978233	0.7667483	0.81219774	-0.8192979	0.77921706	0.8794579	-0.8486428	-0.8702882	0.87188065	0.7807922	0.84250796	-0.80933	-0.7789874	0.70689434	0.7806385	-0.8137624	0.85705036	0.86755025	0.78338856	0.8216014	0.864271	0.89319205	-0.772028	-0.8737317	0.8456432	0.7758478	-0.8573021	0.85388064	-0.81983846	0.91381264	0.81345105	-0.694193	0.82693803	-0.8826038
-0.31076893	-0.088168755	-0.31975722	0.17545472	-0.24115929	0.19653514	0.24479312	0.3849077	0.2630165	0.31041387	-0.19671078	-0.14347179	-0.027681094	0.27854043	-0.081557386	-0.14833537	0.11688739	0.27593264	-0.12143481	-0.17953615	-0.17693958	-0.23535046	0.13083363	0.26569924	0.23197651	0.274378	-0.25555223	-0.32755217	0.037332058	0.26070964	-0.1886771	0.07366882	-0.15258223	-0.37528592	0.35601974	-0.039005946	-0.2931819	0.29750523	-0.2611171	0.2747678	0.053548407	-0.114107385	-0.1801262	-0.21548985	-0.21917123	0.03585536	-0.19110954	-0.2931598	0.041567493	0.02188418	-0.3124935	-0.33526856	-0.22504501	-0.23957643	-0.14903559	-0.15482083	0.16869296	-0.03434884	-0.03648731	-0.27065998	-0.19644953	0.22703207	0.28734088	-0.16394548	0.31638756	0.2807974	-0.26291424	0.23840562	0.14049111	-0.20141853	0.33484006	0.20521894	-0.2555208	-0.11239113	0.31823704	0.32233348	0.21654427	-0.24346055	-0.16309659	0.42171124	0.2052919	-0.35373512	0.29418698	0.2338485	0.3542631	0.22287674	0.24150403	0.29918927	-0.18857874	-0.21198869	0.2519709	0.2393821	-0.28705812	-0.056769684	-0.23726492	0.24459958	0.1218339	-0.35034576	0.33913326	-0.13679501
-0.094243065	0.16388074	-0.09973803	-0.103822604	-0.055018075	0.3712014	0.056122698	0.15972917	-0.015879221	0.0018412626	-0.016099108	0.09701759	0.24593414	0.043663148	0.12221909	0.1347819	-0.140065	0.024761934	0.044740684	0.09008047	0.11183674	-0.07456703	-0.08857229	0.029321652	-0.0020754293	0.07195747	-0.011025442	-0.074794784	-0.2604495	0.057163805	0.07251615	-0.16548142	0.15844283	-0.13775036	0.030672053	0.16160771	-0.1954541	0.027653074	-0.039831996	0.11436947	-0.18851772	0.13130735	0.073881686	0.027862506	0.050207898	-0.16857801	-0.024485622	-0.009716008	-0.20883979	-0.17424554	-0.15513377	-0.017829424	-0.1062539	0.054413207	0.11518133	0.035575934	-0.04603292	0.25748432	0.22559948	-0.04670303	0.043727268	-0.0043614474	0.12949407	0.11073841	0.010386408	-0.09698543	-0.0958176	0.070830636	-0.06443438	0.11819085	0.08049751	0.022928845	0.09213078	0.03733613	-0.021558402	0.048882466	-0.023722308	0.10541884	0.027602067	0.2502615	0.050492615	-0.13765647	0.05912555	-0.013981565	0.12900321	-0.033526663	-0.022664554	0.03512756	0.06722143	0.026824728	0.008231255	0.02917629	0.0034487916	-0.3387094	-0.027273204	0.053332724	-0.17317799	-0.15656683	0.078187525	0.19307177
-0.81944567	-0.9433989	-0.8860231	0.9185515	-0.8571257	-0.920332	0.8764855	0.8090689	0.97621334	0.92700714	-0.935705	-0.95881945	-0.85535985	0.8451716	-0.91327477	-0.94143903	0.9383667	0.9192889	-0.90838766	-0.9240674	-0.915291	-0.95882136	0.96981317	0.9957923	0.97131497	0.9486602	-0.94701755	-0.9486426	0.942953	0.99000806	-0.93132627	0.9697881	-0.9715532	-0.8009811	0.9543667	-0.9212627	-0.82269996	0.90135014	-0.9063169	0.8701131	0.9873308	-0.902022	-0.9187355	-0.88671285	-0.9833927	0.95768964	-0.79083115	-0.94743776	0.9755251	0.894611	-0.79215294	-0.9341345	-0.8080665	-0.88575256	-0.9086326	-0.9843988	0.987738	-0.97351557	-0.90526474	-0.9224371	-0.9140465	0.8910065	0.85053796	-0.9584572	1.0004103	0.9572168	-0.91317135	0.8767391	0.9012584	-0.9910595	0.85203516	0.94890416	-0.9838653	-0.9263149	0.87685144	0.9026043	0.88866484	-0.9536841	-0.8520592	0.72204554	0.93567544	-0.85660577	0.9401275	0.8495413	0.72690564	0.85556316	0.98763955	0.9725234	-0.91932225	-0.9534316	0.8690103	0.93547815	-1.0017954	0.81612843	-0.9371354	0.89913017	0.896369	-0.6894139	0.8887503	-0.94133586
-0.68567526	-0.73667747	-0.7028002	0.67383397	-0.63934976	-0.6268739	0.6917421	0.72104245	0.72787976	0.7308187	-0.697267	-0.7624248	-0.69701064	0.7457473	-0.72919226	-0.6908461	0.6679346	0.6733686	-0.7597108	-0.6732481	-0.70661306	-0.72267526	0.73688394	0.7112736	0.73181534	0.7085947	-0.71466357	-0.7237579	0.70681715	0.7163867	-0.6819808	0.7356217	-0.6559575	-0.6640075	0.7828585	-0.70186615	-0.68392956	0.7425755	-0.69280666	0.7293846	0.7009998	-0.74751115	-0.7137124	-0.73839545	-0.76309025	0.62937033	-0.6893401	-0.7491817	0.6727346	0.7231161	-0.6471609	-0.7947743	-0.66266406	-0.7740011	-0.6943191	-0.72107494	0.71041656	-0.69311875	-0.7228346	-0.76588136	-0.7061326	0.7112937	0.6022836	-0.69060147	0.7212086	0.7454863	-0.723843	0.70022357	0.64395446	-0.7728087	0.6980831	0.72988117	-0.75710636	-0.7013557	0.7796732	0.66392756	0.77593803	-0.7860902	-0.66643125	0.51871395	0.7437201	-0.68884987	0.73791623	0.5881538	0.654494	0.74246734	0.74305224	0.7265972	-0.6521578	-0.7173756	0.68778825	0.6675789	-0.73880595	0.56691337	-0.7654206	0.7374331	0.680995	-0.60747015	0.6850927	-0.77731526
-1.008141	-0.9484772	-1.0277379	0.98702455	-1.0239469	-0.7022837	0.9756065	1.0414919	1.0260195	1.0210901	-0.9966467	-1.0396351	-0.7951597	0.9715426	-0.979001	-0.9488672	0.9855353	1.0329577	-1.0229086	-0.9562988	-1.0446345	-1.0530553	0.96700823	1.0922743	1.0284773	1.046025	-1.0107201	-0.99972063	0.87889993	1.063307	-1.0231371	0.96155965	-0.9121095	-1.0206456	1.0818636	-0.9873443	-0.9656327	1.0707713	-1.0440887	1.0452181	0.86836743	-1.0216451	-0.9809808	-1.091996	-1.0626547	0.9298679	-0.9739545	-1.0563079	0.8797374	0.9194638	-0.9864195	-1.0316722	-1.0465757	-1.0400004	-0.97089076	-0.9145627	1.0121131	-0.92016757	-0.9520327	-1.0182105	-1.0215777	1.0296453	0.9818731	-1.0107633	1.0474392	1.053087	-1.0129871	1.0532378	0.9559001	-1.0350711	0.97734666	1.0545841	-1.0219517	-1.013466	1.0108148	1.0410888	1.0787295	-1.0670823	-1.0253127	0.9143702	1.0624633	-1.0606823	1.046642	0.9375033	0.99380714	1.0644675	1.0189631	1.0160133	-1.0224369	-0.9635322	1.0166563	1.0260724	-1.0575235	0.5963023	-1.0968391	1.0882475	0.97481185	-0.9808526	1.0143191	-0.97909486
-0.92440313	-0.8241003	-0.93105537	0.9128474	-0.89541715	-0.58665633	0.8108961	0.8714405	0.8999486	0.8352531	-0.8264559	-0.8610428	-0.6892023	0.88637906	-0.8412553	-0.8039004	0.89344895	0.8983421	-0.8703007	-0.8524882	-0.8296694	-0.93216956	0.80915254	0.89740366	0.81664866	0.93385667	-0.90153944	-0.90022236	0.7958222	0.86851776	-0.9210188	0.8501499	-0.82698	-0.8523135	0.93027204	-0.8485088	-0.7836126	0.8799813	-0.9231691	0.89052534	0.74769604	-0.84860903	-0.84719473	-0.9039288	-0.84199893	0.7220187	-0.7985259	-0.93963766	0.7639613	0.81713104	-0.8847695	-0.94624496	-0.8442803	-0.8920079	-0.8102599	-0.87340045	0.8711068	-0.71343786	-0.8087888	-0.8611629	-0.9134475	0.8913152	0.8880184	-0.85622996	0.9379679	0.8581469	-0.8511819	0.8672643	0.8330413	-0.8572634	0.87392205	0.91459584	-0.9429809	-0.8135524	0.84565914	0.89946043	0.88411903	-0.8631497	-0.7816789	0.72989833	0.87553936	-0.8805651	0.9584229	0.90477663	0.81690764	0.8921654	0.94441944	0.90828335	-0.86116046	-0.8021148	0.91606104	0.81710756	-0.87957615	0.6330357	-0.91204584	0.8776755	0.8058711	-0.7851336	0.93397766	-0.7949383
-0.9042316	-0.87083155	-0.92643815	0.9231918	-0.879936	-0.8126651	0.91132885	0.8082483	0.9402459	0.94046825	-0.87580466	-0.9724992	-0.8331265	0.86153823	-0.8684482	-0.950436	0.9392148	0.89960074	-0.95602024	-0.8933482	-0.9463448	-0.9692044	0.88522154	0.95851725	0.932402	0.878046	-0.9814723	-0.851584	0.87534785	0.9763157	-0.8658773	0.9869171	-0.8658071	-0.7716641	0.92427206	-0.91926175	-0.83878595	0.8879723	-0.844426	0.91368353	0.866633	-0.98637605	-0.939136	-0.9023039	-0.9841238	0.8762266	-0.89987266	-0.95595556	0.8480087	0.9308375	-0.82317114	-0.91389257	-0.8461481	-0.93916905	-0.8964255	-0.93287486	0.90616107	-0.8843693	-0.9172729	-0.9259846	-0.94136554	0.89641196	0.8085406	-0.9148431	1.018751	0.91048276	-0.86925304	0.8653059	0.96103615	-0.94141	0.9223621	0.8671252	-0.946755	-0.9418977	0.9252376	0.9283726	0.9146788	-0.89928424	-0.8840853	0.7938935	0.843983	-0.8145419	0.9398157	0.84914964	0.8453803	0.9370756	0.91105855	0.87647647	-0.9328964	-0.8687094	0.900235	0.85111547	-0.9670747	0.72990483	-0.95358235	0.8753131	0.9193242	-0.7997132	0.9021583	-0.9804016
-0.85765254	-0.9179079	-0.89457345	0.9134177	-0.8223124	-0.7909386	0.8502799	0.85975844	0.93702847	0.87594956	-0.8896366	-0.8885005	-0.85056865	0.89215416	-0.8439005	-0.93175614	0.93964255	0.88691866	-0.8497235	-0.90837157	-0.9032293	-0.93812376	0.9524012	0.92847705	0.84230167	0.91589725	-0.9336691	-0.9076705	0.83434594	0.9143694	-0.9458697	0.94195825	-0.81947017	-0.89975286	0.9386403	-0.9212941	-0.7996019	0.9242712	-0.81929684	0.825574	0.8633002	-0.8823717	-0.92195773	-0.8832618	-0.8914245	0.8577402	-0.8224816	-0.94559085	0.8826035	0.91174024	-0.8285391	-0.9260051	-0.93012506	-0.88185495	-0.8977621	-0.9022816	0.8699546	-0.8960422	-0.87053823	-0.91548896	-0.8796299	0.81332064	0.82779884	-0.9175433	0.9393206	0.96082705	-0.8467389	0.89505035	0.9002416	-0.9205721	0.8929736	0.9071599	-0.9037565	-0.8943596	0.85853845	0.89244807	0.8485083	-0.94569844	-0.84307456	0.82254755	0.90060794	-0.87491095	0.93252283	0.85000664	0.87359583	0.8819103	0.9106843	0.8849161	-0.86408937	-0.86051	0.9295604	0.9440686	-0.92995334	0.7550393	-0.89693636	0.92896575	0.9145433	-0.7629375	0.850769	-0.9308214
-0.8124137	-0.8214531	-0.7929239	0.7935718	-0.79957616	-0.65669173	0.73962396	0.8373653	0.862181	0.82503885	-0.8020181	-0.85705006	-0.684858	0.7910831	-0.7819526	-0.8343293	0.7506809	0.766661	-0.81819797	-0.7667329	-0.8240886	-0.88575464	0.7835016	0.87282544	0.84093016	0.8724145	-0.8872342	-0.85879004	0.728575	0.7993299	-0.81139773	0.79458725	-0.7639534	-0.7086997	0.8307434	-0.75951356	-0.72017974	0.84219825	-0.8447982	0.7709375	0.72474957	-0.7615213	-0.8091034	-0.880912	-0.7679601	0.73478776	-0.7904226	-0.8548044	0.71822655	0.79326427	-0.80826735	-0.87495327	-0.8477176	-0.83429754	-0.77714795	-0.8337176	0.7922514	-0.74839735	-0.73202026	-0.8377003	-0.8028217	0.7786924	0.7588185	-0.78127736	0.806227	0.87099767	-0.80123764	0.7681079	0.7680489	-0.78618264	0.8056328	0.8588447	-0.7941258	-0.80972475	0.8568107	0.82799155	0.7977756	-0.8047654	-0.76972324	0.7231861	0.81971574	-0.82728064	0.8549174	0.76951	0.7764261	0.8324916	0.88498145	0.8384197	-0.7202093	-0.7990858	0.8555867	0.75456923	-0.84150743	0.6101963	-0.83149177	0.85854673	0.79912835	-0.6850724	0.8615735	-0.8359137
-0.830156	-0.76637703	-0.7995255	0.8339496	-0.832411	-0.6453335	0.74235153	0.72027004	0.88186634	0.7913128	-0.7260124	-0.8260391	-0.762396	0.73628956	-0.7996317	-0.74139875	0.77895784	0.75560075	-0.742283	-0.8261477	-0.8048943	-0.8096525	0.7341664	0.76685745	0.7800061	0.8390689	-0.80555946	-0.7389646	0.7674935	0.83727044	-0.7820643	0.79239315	-0.76380295	-0.7270966	0.7997083	-0.7749825	-0.6525025	0.78833884	-0.82373023	0.7638662	0.7882024	-0.7479262	-0.7339563	-0.8389281	-0.72745335	0.7410973	-0.70379674	-0.76457566	0.7653425	0.7303125	-0.75601923	-0.8526423	-0.73792	-0.7632896	-0.7464308	-0.8287061	0.76847744	-0.77179474	-0.66686976	-0.7860374	-0.7684373	0.7343211	0.81831527	-0.8064928	0.7958019	0.79693395	-0.81012654	0.81101507	0.76248026	-0.8001379	0.8036525	0.82867235	-0.7849468	-0.75536174	0.80344534	0.757696	0.72480434	-0.83498245	-0.6066927	0.68566984	0.7998948	-0.7131672	0.8443853	0.80088836	0.718714	0.89622736	0.82571363	0.84285843	-0.6515452	-0.7293408	0.7873196	0.75964886	-0.8017122	0.6496365	-0.80127674	0.8228031	0.82897913	-0.6784271	0.7566398	-0.7371943
-0.8064141	-0.87262726	-0.8336054	0.86251265	-0.7492508	-0.6546886	0.68442076	0.7488244	0.82313603	0.75628054	-0.74503833	-0.84496117	-0.7670178	0.7599265	-0.86585367	-0.77885735	0.7955689	0.7522867	-0.815646	-0.79584414	-0.81362045	-0.8171298	0.8345724	0.8003815	0.8032308	0.8734498	-0.8491801	-0.78218323	0.8345905	0.8124889	-0.82133675	0.7854818	-0.83258426	-0.71975875	0.84325933	-0.81834334	-0.6733554	0.8841392	-0.7526215	0.81374097	0.7691302	-0.7367022	-0.76448655	-0.79256696	-0.83691305	0.81297344	-0.66329837	-0.7956642	0.8406579	0.7523095	-0.75270414	-0.8655917	-0.8095039	-0.7806031	-0.7975944	-0.87419677	0.77196646	-0.7492776	-0.7589563	-0.85402495	-0.79890424	0.7943892	0.76679194	-0.81546324	0.80859286	0.9010126	-0.7584299	0.80375385	0.76685965	-0.8145219	0.8691164	0.8180235	-0.7935095	-0.84308857	0.78222066	0.77685744	0.7651717	-0.87704706	-0.6315003	0.6434297	0.7920198	-0.7447466	0.79865354	0.8275911	0.8108909	0.86995727	0.7990048	0.8723467	-0.72371274	-0.75040555	0.76148987	0.75930053	-0.8503611	0.74776715	-0.8393503	0.79864705	0.84278756	-0.61357427	0.82435787	-0.8157776
-0.83196396	-0.9459455	-0.86058146	0.91153365	-0.8280568	-0.8806765	0.77757305	0.73167884	0.99580026	0.836582	-0.8955073	-0.9304502	-0.97447413	0.7874941	-0.92121226	-0.94719166	0.97364914	0.88243574	-0.86739886	-0.9421415	-0.9821996	-0.8799672	0.87353146	0.93106973	0.933461	0.95412606	-0.9534084	-0.8176486	0.9884951	0.90562415	-0.9159832	0.95464057	-0.966392	-0.65234154	0.90258586	-0.89962584	-0.6759229	0.9302553	-0.82096493	0.84996146	0.9066885	-0.8797367	-0.86646485	-0.8551613	-0.8313563	0.89810586	-0.6846879	-0.85361123	0.9311713	0.8758117	-0.72817636	-0.93749535	-0.77391076	-0.89240575	-0.93040913	-0.9448053	0.8388487	-0.9068439	-0.9029753	-0.93926287	-0.95673925	0.87365186	0.82868004	-0.875014	0.90368176	0.93239486	-0.8348224	0.8687134	0.9231115	-0.94987935	0.9058435	0.91448975	-0.9084353	-0.91001266	0.86106765	0.84323823	0.7489188	-0.93614525	-0.7496634	0.658577	0.88321584	-0.7616746	0.8847244	0.9331891	0.79891175	0.968401	0.8704926	0.8948878	-0.76759154	-0.78032327	0.85969853	0.80301046	-0.9081422	0.9829391	-0.83743757	0.90370786	0.9411776	-0.67589134	0.8748392	-0.9616109
-0.67183894	-0.8635264	-0.73621887	0.77709895	-0.77255404	-0.81065303	0.76228786	0.63007563	0.8236023	0.782	-0.8051462	-0.83300406	-0.8402305	0.7638685	-0.8125681	-0.8609632	0.8507709	0.6985183	-0.79324305	-0.76160705	-0.90042716	-0.7416819	0.811532	0.84362704	0.8299693	0.7306859	-0.7542501	-0.69218683	0.84074825	0.78700835	-0.74311924	0.87147874	-0.805669	-0.61251605	0.7719718	-0.81068736	-0.7137256	0.7203648	-0.6894478	0.7588305	0.79972804	-0.8643747	-0.8325505	-0.7420888	-0.80834794	0.87019753	-0.71632123	-0.7428127	0.87748027	0.8677428	-0.60376215	-0.8643596	-0.70260143	-0.7814572	-0.8810814	-0.8133541	0.7725502	-0.84847414	-0.8185344	-0.7234148	-0.83746576	0.75076073	0.6759227	-0.87995225	0.81884986	0.7982473	-0.66307026	0.61780447	0.82857656	-0.8048527	0.7645693	0.8414253	-0.77402025	-0.7940728	0.8086625	0.77465844	0.83072597	-0.8003288	-0.7825871	0.6137583	0.6280927	-0.5929299	0.7277728	0.75193125	0.60107064	0.6949788	0.82778007	0.6984753	-0.81538934	-0.85736376	0.7890025	0.79809386	-0.7762285	0.8162004	-0.7394785	0.7599664	0.80466807	-0.657858	0.7818851	-0.8184508
-0.86834365	-0.9378089	-0.88545454	0.8520752	-0.88174045	-0.8491536	0.79483986	0.8192401	0.8765353	0.83910096	-0.8796954	-0.9417723	-0.93761694	0.7963608	-0.86630076	-0.8896332	0.8801732	0.82295513	-0.8655919	-0.8316947	-0.8858988	-0.915491	0.8558944	0.9212012	0.8891886	0.8966276	-0.95215535	-0.8108999	0.8735199	0.9247209	-0.844868	0.904553	-0.9231664	-0.72541773	0.87891555	-0.8986062	-0.7398908	0.8693885	-0.79788184	0.7706051	0.93561757	-0.8900316	-0.8750606	-0.89224523	-0.89517623	0.8540962	-0.7684165	-0.8641856	0.83657706	0.7900979	-0.7777621	-0.94865084	-0.812798	-0.8884841	-0.83503264	-0.8868252	0.91854185	-0.8891889	-0.8626982	-0.8907633	-0.9388737	0.7910216	0.7966723	-0.897634	0.8549502	0.9218702	-0.80456585	0.87112534	0.885384	-0.91495013	0.8213967	0.8522192	-0.8984703	-0.88252246	0.8721355	0.86606926	0.8493603	-0.8663443	-0.68372613	0.63629043	0.8076459	-0.73856217	0.9288056	0.8677997	0.8176901	0.86681944	0.8420605	0.8743029	-0.81673706	-0.80449414	0.8455572	0.8830237	-0.92603195	0.8457516	-0.8982888	0.8746812	0.9061693	-0.65144724	0.8434556	-0.94781053
-0.77951324	-0.80944616	-0.7875151	0.7833799	-0.7366975	-0.6853991	0.7789567	0.74643284	0.77210027	0.8023892	-0.7535672	-0.81417274	-0.8468869	0.7958503	-0.75175303	-0.8475766	0.73007166	0.7540844	-0.75420046	-0.7500389	-0.82734203	-0.7938565	0.7602689	0.824938	0.73876715	0.7982493	-0.7738066	-0.8096901	0.8421926	0.7743534	-0.82466656	0.75280035	-0.80359584	-0.7492376	0.7836367	-0.77088565	-0.69506	0.7450357	-0.75541914	0.7381359	0.82885563	-0.7586847	-0.75744116	-0.76621056	-0.75831646	0.77202153	-0.65521955	-0.8150986	0.7815415	0.7344321	-0.71756566	-0.7853269	-0.733154	-0.7438851	-0.79238135	-0.80716753	0.79719424	-0.82453084	-0.7133341	-0.73893374	-0.7454411	0.752592	0.6879078	-0.75893337	0.8144618	0.7806187	-0.73789656	0.69555396	0.775916	-0.8429164	0.74784154	0.8304963	-0.8424527	-0.7717831	0.799011	0.71939254	0.78653735	-0.7616065	-0.7097078	0.69906837	0.7550275	-0.7814031	0.7996383	0.8000498	0.6840855	0.74655056	0.8465006	0.78482807	-0.76388186	-0.71108234	0.83206934	0.7584891	-0.8091433	0.79749465	-0.7610264	0.8113856	0.78411615	-0.6864418	0.7560574	-0.7819073
-0.8059144	-0.88561636	-0.8230161	0.9527762	-0.86095685	-0.96379393	0.8195061	0.8230589	0.88949704	0.89939237	-0.9249316	-0.93495977	-0.921909	0.89560217	-0.9331059	-0.89747477	0.94683135	0.8455621	-0.8986232	-0.8758388	-0.95220345	-0.86564916	0.913242	0.886704	0.9479393	0.85576034	-0.87013566	-0.85477114	0.90564036	0.971333	-0.89944726	0.89907426	-0.88510025	-0.7968213	0.9274142	-0.8790241	-0.74008864	0.9127617	-0.8216669	0.79262704	0.97135323	-0.8809889	-0.8994147	-0.936325	-0.89078397	0.8875337	-0.7620599	-0.89956313	0.92610466	0.8731583	-0.7118407	-0.96442	-0.80826116	-0.894932	-0.8724342	-0.9549023	0.95532346	-0.97130305	-0.9237783	-0.8714492	-0.8982616	0.82432693	0.7908601	-0.9534729	0.8807505	0.92727154	-0.7944947	0.8358719	0.970557	-0.94190127	0.8262916	0.8731215	-0.9492168	-0.90485615	0.930148	0.84282887	0.8452498	-0.94190925	-0.78294647	0.72146904	0.8146854	-0.7488017	0.911781	0.9097382	0.7876456	0.8919958	0.89543575	0.82924014	-0.8711378	-0.82211095	0.8381987	0.9202017	-0.88655615	0.97117877	-0.89990383	0.8935739	0.97211164	-0.6839045	0.86519504	-0.9094335
-0.6461348	-0.73859626	-0.756269	0.7002048	-0.73382735	-0.6930405	0.71668315	0.6681098	0.69695497	0.73642534	-0.79114723	-0.6965914	-0.7336881	0.73860395	-0.77393264	-0.750507	0.78474003	0.6921108	-0.76744634	-0.7509553	-0.7667953	-0.6869283	0.7273953	0.777098	0.7582794	0.7477697	-0.66890144	-0.7319456	0.7516956	0.7691644	-0.748062	0.7634986	-0.7629987	-0.62230766	0.6703996	-0.74182767	-0.5806527	0.7125992	-0.7420841	0.7314184	0.75939965	-0.717424	-0.74914867	-0.69999295	-0.74214345	0.7358037	-0.70595396	-0.68465924	0.7639447	0.78603095	-0.62334013	-0.7712377	-0.70016557	-0.7066985	-0.70117587	-0.77951926	0.75117683	-0.78550196	-0.7764799	-0.6427182	-0.77475196	0.71711123	0.66657305	-0.74888426	0.7151787	0.7474697	-0.60801494	0.690923	0.7451631	-0.71405953	0.692942	0.76802546	-0.7700507	-0.7584278	0.7280701	0.7015326	0.6849376	-0.71232986	-0.68459415	0.60511214	0.6716798	-0.6549898	0.667919	0.72375774	0.65122354	0.6551399	0.68732035	0.72869277	-0.75495076	-0.7674347	0.7600093	0.7578573	-0.7149849	0.76395816	-0.72074383	0.74123377	0.77456105	-0.62985307	0.71650094	-0.72683567
-0.3466032	-0.49405563	-0.4331731	0.45222574	-0.5088554	-0.48609075	0.44945267	0.404565	0.5322752	0.51225394	-0.45103207	-0.45154476	-0.468586	0.5050761	-0.47994295	-0.50517356	0.48119634	0.4363489	-0.46784285	-0.5238101	-0.53427744	-0.48519275	0.48280883	0.4844249	0.5270721	0.4837359	-0.4551149	-0.4396373	0.52576995	0.44608375	-0.47381705	0.45660213	-0.45096064	-0.4632757	0.5350007	-0.44096258	-0.44273263	0.52344215	-0.49416456	0.48898724	0.5206261	-0.45703548	-0.47768694	-0.5327109	-0.45499125	0.5254146	-0.40796685	-0.5008224	0.4565915	0.5060649	-0.4111889	-0.52264774	-0.42452696	-0.5328478	-0.4962889	-0.46141765	0.508114	-0.5195923	-0.46599114	-0.49416137	-0.51090986	0.49687684	0.47234157	-0.51963395	0.5272375	0.5321936	-0.41786838	0.48826367	0.5006437	-0.52570194	0.42507556	0.4470939	-0.4463775	-0.48663822	0.43367383	0.44843256	0.4576164	-0.46708405	-0.4265085	0.4376189	0.4710245	-0.38255084	0.49874383	0.4456618	0.44906774	0.370222	0.49318933	0.3881044	-0.48049495	-0.5194759	0.47769406	0.4783363	-0.51911443	0.5088188	-0.50662756	0.49190974	0.48287633	-0.41260803	0.48179978	-0.5497632
-0.67255646	-0.98216975	-0.8186966	0.9531195	-0.8346744	-0.94795656	0.7893657	0.7650374	0.9609973	0.87964714	-0.9539491	-0.9732081	-1.05427	0.8126215	-0.940369	-1.0419945	0.9940772	0.83738446	-0.8916715	-0.90758497	-0.98508656	-0.86025745	0.9676645	0.9661865	0.91020983	0.8415463	-0.9261657	-0.8440339	0.9697777	0.9843336	-0.85270995	1.0334911	-0.9939964	-0.6733996	0.9380803	-0.99685574	-0.65114987	0.92579865	-0.78453887	0.7591336	0.9853483	-0.87478256	-0.9520437	-0.8447678	-0.8314132	0.9912831	-0.76533514	-0.86737764	1.0320238	0.93355125	-0.6746213	-0.921959	-0.7553531	-0.8877706	-0.94985646	-0.9744074	0.91695577	-0.959854	-0.88975084	-0.80570024	-0.96538866	0.88148075	0.6794016	-0.9639757	0.90432346	0.95283556	-0.7521918	0.8088604	1.0338525	-0.96580744	0.870659	0.967387	-0.9251551	-0.8876191	0.90193033	0.78083694	0.8184296	-0.94798315	-0.8028504	0.6152977	0.7959008	-0.6375949	0.91480154	0.8457399	0.6165757	0.8470163	0.93435204	0.7909182	-0.8251142	-0.9110148	0.9003692	0.868163	-0.89253765	0.9533642	-0.84346086	0.842733	0.9950858	-0.5826073	0.92292815	-0.9755667
-0.9344844	-1.0711672	-0.9167008	1.031203	-0.9516979	-0.9420237	0.8701006	0.8245967	1.0674163	0.8446012	-0.86688	-1.0283573	-1.0366033	0.8485562	-0.99621874	-1.0338285	0.99518627	0.91700727	-0.89441216	-0.946786	-1.0338806	-0.93321687	0.9381125	0.9183601	0.963287	1.0093318	-0.99128276	-0.8502323	0.9680648	0.99322194	-1.0235733	1.0129302	-0.9864529	-0.76408327	0.9765483	-0.9268872	-0.85162514	0.99071777	-0.8772521	0.9134787	1.0174221	-0.8765281	-0.8997249	-0.97429407	-0.91334486	0.9664037	-0.70319635	-0.8601327	0.9916281	0.8871493	-0.9157607	-0.9557684	-0.87602717	-0.97734743	-0.9596164	-0.98265296	0.98274565	-0.9893689	-0.86523414	-0.9699835	-1.0276477	0.8827931	0.86979806	-0.9703661	0.85806143	1.0727314	-0.8772386	0.9208528	0.9903465	-0.91269755	0.92098427	0.9913229	-0.95313156	-0.9686589	0.8677654	0.84632677	0.7966123	-0.9433767	-0.6974318	0.71241504	0.9205277	-0.79386234	0.96529955	0.9715033	0.8501443	1.0647908	0.902469	0.966265	-0.8192904	-0.84068394	0.95379066	0.8914548	-0.9420441	1.0255735	-0.90699893	1.030689	0.9936128	-0.7230437	0.9537885	-0.9350958
-0.73546755	-0.91999435	-0.9016729	1.0091139	-0.9047093	-0.9287414	0.8387143	0.79017574	0.8923401	0.94956446	-0.9547895	-1.0021862	-0.98628426	0.91295516	-0.99220026	-1.0388601	0.957863	0.8250504	-0.9811475	-0.99693686	-1.0087631	-0.9296538	0.9535488	0.89229643	0.91419375	0.8958262	-0.9273099	-0.9085125	1.0197297	1.0196797	-0.9196702	1.0518842	-0.969178	-0.7486486	0.9086229	-0.9625332	-0.79408985	0.9309957	-0.8585026	0.80845314	0.95690286	-1.0118663	-1.0130156	-0.9575729	-0.94060993	0.9778067	-0.8908586	-0.9241047	0.95844156	0.9572926	-0.69857264	-1.0029609	-0.7957925	-0.97055197	-0.960391	-1.0181713	0.9402153	-1.0414573	-0.9436997	-0.8767224	-0.94208926	0.87535894	0.76806015	-0.98933727	0.98597485	0.9829333	-0.7720687	0.84904313	1.0070829	-1.0075718	0.84432566	0.93854934	-0.99236184	-0.9071815	0.95108247	0.91378486	0.9427248	-0.96939325	-0.84780824	0.8082031	0.7863014	-0.72120297	0.94980866	0.85156333	0.73103786	0.841936	0.96903104	0.909613	-0.94763	-0.8741293	0.91458297	0.9155682	-0.9458104	1.0367428	-0.8946527	0.8982632	1.0218331	-0.67955124	0.9265469	-0.9833868
-0.80345243	-0.87969166	-0.88163847	0.8446339	-0.8761153	-0.84891826	0.8416508	0.7450265	0.8386643	0.8712869	-0.8885671	-0.87347054	-0.901548	0.78178704	-0.90777785	-0.90372145	0.9207685	0.7947603	-0.8300609	-0.84743494	-0.9239983	-0.848521	0.8537669	0.8449985	0.87044597	0.835186	-0.81374204	-0.8097999	0.86339575	0.8366047	-0.8054897	0.8542547	-0.8863159	-0.768679	0.87370265	-0.8910823	-0.8085719	0.8531312	-0.82160455	0.86847025	0.8814365	-0.9134353	-0.8785033	-0.87201005	-0.8799113	0.90405524	-0.7645733	-0.88551897	0.91221476	0.81363636	-0.7791247	-0.8736594	-0.85785776	-0.84261763	-0.82879585	-0.9123668	0.8762267	-0.8488975	-0.8362421	-0.8567165	-0.84625113	0.8146947	0.7708158	-0.8641635	0.88881123	0.9359919	-0.7825199	0.8625722	0.85817575	-0.84342617	0.88288236	0.8421855	-0.9001683	-0.8795876	0.8621306	0.84805787	0.8594936	-0.84286505	-0.81924295	0.7053666	0.84164923	-0.7600287	0.82269466	0.8465998	0.7807482	0.7819297	0.807929	0.85461444	-0.8802938	-0.8940881	0.8600248	0.82191855	-0.8229668	0.8752415	-0.8971954	0.8922019	0.87125474	-0.7370544	0.83995783	-0.83582973
-0.8885867	-1.0724969	-0.89364254	1.0348791	-0.9153595	-0.92732346	0.8817973	0.83629733	0.9894891	0.9757292	-0.97759724	-1.0261093	-1.0570039	0.8693074	-1.0462513	-1.0724177	1.0426503	0.9214043	-1.0290912	-0.9572747	-1.0301754	-0.95411944	0.9636332	1.0010995	0.95280063	0.99299216	-0.96834046	-0.88434994	1.0633813	1.0581547	-0.93368715	1.0678087	-1.070892	-0.7364307	0.96506983	-1.0615698	-0.72688735	0.9874849	-0.9141979	0.8828882	1.054982	-0.91082036	-0.95190334	-0.8934609	-0.9082313	1.0331297	-0.71953446	-0.9258688	1.0191199	0.9347909	-0.8355301	-0.98564756	-0.9017676	-0.9923752	-1.0193682	-1.0584068	0.9949518	-1.0546796	-0.95004535	-0.9459083	-0.99783766	0.95912486	0.857152	-1.0476149	0.889139	1.0615333	-0.92608136	0.8817593	1.0808047	-0.9656329	0.9673195	0.9935182	-0.99535567	-1.0135865	0.9240335	0.81370485	0.8702836	-0.97304547	-0.8432053	0.7266018	0.901142	-0.7493099	0.95495147	0.9172883	0.86742467	0.975746	0.93293643	0.9487361	-0.90335965	-0.88804436	0.90481764	0.9461516	-0.9943836	1.0822115	-0.9603178	1.0144416	1.0361978	-0.7238106	0.97711873	-0.9858717
-0.74044716	-0.850881	-0.73846084	0.76050824	-0.75353426	-0.78017205	0.7414864	0.71879256	0.7436389	0.8289	-0.8012581	-0.84574443	-0.864437	0.7647095	-0.82521254	-0.88202643	0.79766625	0.73718005	-0.8142384	-0.76215	-0.8114192	-0.7825388	0.8363703	0.7702296	0.76606464	0.7186512	-0.80583245	-0.75083756	0.86364925	0.8559155	-0.82048446	0.84607863	-0.7748818	-0.652786	0.7756588	-0.8534977	-0.6892291	0.72295296	-0.76612204	0.7618779	0.8763546	-0.82498676	-0.8382354	-0.73878706	-0.74882233	0.8292514	-0.6994789	-0.80157894	0.8536612	0.82787436	-0.67744017	-0.84571904	-0.77000475	-0.8037049	-0.7806395	-0.8639388	0.771757	-0.78331774	-0.8488946	-0.7853354	-0.84283227	0.78449714	0.6445694	-0.774961	0.82970816	0.8190702	-0.6555198	0.6769581	0.8197262	-0.83629817	0.72877496	0.8580236	-0.8183216	-0.76569444	0.8212145	0.7867387	0.73171824	-0.80290437	-0.6930401	0.6327169	0.6781611	-0.6585331	0.7886804	0.7139657	0.64302915	0.7277953	0.76383084	0.7725259	-0.80715054	-0.7671827	0.75306284	0.76497555	-0.79182935	0.85955	-0.7763486	0.7809576	0.8544477	-0.5843296	0.76705384	-0.8444165
-0.42932048	-0.51927364	-0.47254327	0.50672954	-0.47653013	-0.5692726	0.5129768	0.44691488	0.56591314	0.48395878	-0.49342316	-0.5577506	-0.5186743	0.50960594	-0.53374714	-0.53080934	0.5183358	0.52138525	-0.47931597	-0.49731147	-0.5035704	-0.4860904	0.48299634	0.57480246	0.56912905	0.52178943	-0.5442622	-0.52695787	0.52423215	0.49357003	-0.53886384	0.53062224	-0.55684394	-0.5368202	0.5536057	-0.5686037	-0.49680302	0.52057964	-0.5534398	0.46946836	0.56111836	-0.56204635	-0.47818336	-0.5563672	-0.5334152	0.5300567	-0.5114713	-0.48483846	0.49425492	0.52983826	-0.50393254	-0.49624366	-0.48122793	-0.5628677	-0.48893097	-0.51334345	0.5608711	-0.57443225	-0.54794014	-0.52509487	-0.5566008	0.51544845	0.5046459	-0.5320684	0.51958823	0.5177972	-0.5132209	0.51047826	0.572748	-0.56116503	0.5341408	0.48799658	-0.53311723	-0.48199487	0.5032101	0.5509281	0.5155735	-0.4812457	-0.56145555	0.49098587	0.4525225	-0.4437143	0.550448	0.5508414	0.48577595	0.48549494	0.5093549	0.4559344	-0.50864077	-0.5670793	0.49806923	0.517529	-0.49158373	0.57530695	-0.47582635	0.52708733	0.522798	-0.4279557	0.5620241	-0.55784214
-0.73416334	-0.8246871	-0.76732886	0.82364225	-0.7825911	-0.79105383	0.74431014	0.68811303	0.84043956	0.7825918	-0.77343696	-0.78191066	-0.86475736	0.6830173	-0.78318805	-0.82075906	0.82120156	0.75911474	-0.79884267	-0.7943299	-0.84512085	-0.7469713	0.8031786	0.79784447	0.7386317	0.7485203	-0.77647895	-0.70957345	0.8192682	0.76683927	-0.8032392	0.784822	-0.8076418	-0.6179021	0.8157673	-0.74028444	-0.71095467	0.7776935	-0.72065514	0.74707484	0.83648264	-0.72574335	-0.81189847	-0.80684674	-0.6828	0.7786758	-0.6414737	-0.69993305	0.7998886	0.7368508	-0.66537505	-0.8168902	-0.72751635	-0.71294385	-0.80210584	-0.8568034	0.8063966	-0.74938375	-0.7769616	-0.70256114	-0.81115484	0.7727008	0.74787205	-0.7460133	0.7427239	0.7644057	-0.69840753	0.7531352	0.81598365	-0.7370864	0.78718454	0.82703614	-0.7739779	-0.75192857	0.78989726	0.6986221	0.7104967	-0.8291911	-0.6532997	0.56779194	0.70702976	-0.6745357	0.741192	0.8044559	0.70188314	0.8034535	0.7341778	0.74873734	-0.74602664	-0.7748507	0.7992811	0.7220263	-0.74438226	0.755184	-0.79921466	0.73833495	0.7898762	-0.64523137	0.75390536	-0.74794483
-0.55283505	-0.63399065	-0.65734804	0.6804103	-0.682781	-0.6348708	0.6187883	0.55875695	0.6468693	0.631412	-0.70755416	-0.71693784	-0.6562564	0.6250185	-0.72832614	-0.7281358	0.65475774	0.6620436	-0.6937333	-0.64221823	-0.71932673	-0.70570767	0.6593942	0.6695422	0.7254354	0.63645566	-0.643411	-0.60951823	0.6777034	0.64960384	-0.6672099	0.65892524	-0.72404635	-0.5652222	0.62950414	-0.72201973	-0.6397421	0.6705167	-0.6652597	0.58511364	0.65180117	-0.6164769	-0.69992983	-0.66429037	-0.6923262	0.7032906	-0.642856	-0.67220587	0.7350586	0.70640016	-0.5456875	-0.69355714	-0.58982	-0.63936335	-0.61911356	-0.73122025	0.6770417	-0.71159816	-0.6815466	-0.64249235	-0.64333785	0.63977677	0.6371657	-0.7240892	0.63814825	0.6335758	-0.5669231	0.57130736	0.71448547	-0.7028108	0.6417177	0.69049793	-0.70609313	-0.62345284	0.64796776	0.59324914	0.62824774	-0.67885786	-0.67959195	0.5944091	0.6641983	-0.5404846	0.6827782	0.71373445	0.5276844	0.7157642	0.6789747	0.63782173	-0.6922334	-0.70378554	0.61803854	0.6262298	-0.6884413	0.63472444	-0.61827093	0.62385654	0.7093599	-0.64095235	0.5914175	-0.72356427
-0.8876217	-1.0562618	-1.0135045	1.1243911	-1.0042211	-1.0484328	0.8586264	0.8704476	1.0870905	0.96686745	-1.0293236	-1.049718	-1.1298413	0.9061554	-1.0595493	-1.0706797	1.0408252	0.8890279	-1.056373	-1.0951612	-1.0686058	-1.0946044	1.0742893	0.98364854	1.071266	1.013253	-1.0871542	-0.9281484	1.1172839	1.0684221	-1.0494783	1.1173316	-1.1578565	-0.73768306	1.0564854	-1.0765873	-0.75967383	1.080565	-0.9228097	0.89410836	1.1093882	-0.98548555	-1.0265925	-1.0270352	-0.9893694	1.095656	-0.7600135	-0.95563567	1.1125239	0.9679949	-0.7899524	-1.0309978	-0.8883438	-1.0739572	-1.0703614	-1.1646266	1.0102183	-1.0841324	-1.045492	-1.0589955	-1.0623399	0.95346653	0.8379014	-1.0773171	0.9674135	1.1561328	-0.96084213	0.9365361	1.1035366	-1.0626061	1.0280997	1.0535524	-0.9984919	-1.0414824	0.9654861	0.88105476	0.8749474	-1.0864277	-0.7756341	0.6891401	0.91240335	-0.8393987	0.999716	1.0354725	0.8689858	1.098374	1.0060332	0.9718753	-0.9338653	-0.9828117	0.9801231	0.95995575	-1.0316776	1.1953869	-1.0240977	1.0112532	1.111946	-0.643341	1.0110635	-1.06406
-0.87172616	-0.88281	-0.86467844	0.83491725	-0.8725057	-0.71489495	0.73559636	0.75299585	0.9337173	0.82943696	-0.79139984	-0.8144645	-0.84342664	0.75602096	-0.8613848	-0.82229793	0.78269506	0.881024	-0.81710756	-0.83398	-0.8399814	-0.8905068	0.7752232	0.84774214	0.8003546	0.901815	-0.9338949	-0.84020084	0.8461698	0.87801945	-0.8411706	0.87621766	-0.8550913	-0.7280858	0.9322813	-0.8441613	-0.73988825	0.85362774	-0.87061125	0.8310567	0.81966	-0.8135954	-0.79685235	-0.83927965	-0.78716207	0.80590194	-0.6582944	-0.8664621	0.81765264	0.8017015	-0.7843275	-0.8755877	-0.84362406	-0.883302	-0.8410025	-0.8950721	0.8012744	-0.84592754	-0.7526087	-0.9054807	-0.85261357	0.811552	0.80453664	-0.85533696	0.7933275	0.90114325	-0.8439502	0.88031584	0.84551895	-0.88011444	0.8908328	0.8517332	-0.82288516	-0.82517445	0.8570663	0.74173087	0.80155176	-0.88465565	-0.66592616	0.6475222	0.8511599	-0.7943396	0.8539839	0.8593401	0.790826	0.86254174	0.8418704	0.925496	-0.8051093	-0.83355016	0.8748278	0.8387031	-0.9144722	0.78785986	-0.80671424	0.86015695	0.9073553	-0.7002484	0.87373817	-0.8113416
-0.6321122	-0.98228174	-0.8160311	0.90364635	-0.80098635	-1.0788854	0.8100145	0.6556321	0.9258049	0.9442548	-1.0191281	-1.03999	-1.0851765	0.80728227	-0.9711741	-1.0296016	1.0148112	0.7706306	-1.0116493	-0.93631154	-1.0325432	-0.921851	1.0214088	0.9399959	0.91627586	0.72868246	-0.88068163	-0.77458006	1.0345796	0.9682153	-0.8371158	0.98875904	-1.0367599	-0.5891593	0.8573819	-1.0772259	-0.66459423	0.7556587	-0.8315596	0.71039855	1.1006607	-1.0160037	-1.0722643	-0.8526187	-0.8523263	1.0351845	-0.7739748	-0.9005065	1.0579323	0.9652168	-0.6097555	-1.0443326	-0.7572742	-0.87225735	-0.9845989	-0.9538131	1.005774	-1.0929615	-0.99127877	-0.77559125	-0.9010239	0.84769785	0.62221515	-1.0886929	0.95197135	0.95778954	-0.7041226	0.6750343	0.99895036	-0.946333	0.78641874	0.99291974	-0.9508278	-0.9543397	0.92723995	0.8764725	0.87162834	-0.9943123	-0.83360845	0.57950497	0.72103554	-0.6016776	0.8924229	0.75239545	0.56809586	0.84500915	0.8762623	0.74275637	-0.9502145	-0.9344914	0.85747254	0.9266226	-0.88338745	1.0887972	-0.84484154	0.853994	1.0295237	-0.61185336	0.8918399	-1.0303198
-0.8718549	-0.77566314	-0.74506086	0.8423943	-0.8192372	-0.5990874	0.68874043	0.69560456	0.8746815	0.6988559	-0.6781522	-0.7874932	-0.84678215	0.706901	-0.7262234	-0.73270077	0.7393694	0.74796665	-0.6979711	-0.7445646	-0.8140056	-0.8363609	0.71377355	0.80665374	0.73379004	0.8108376	-0.8676594	-0.7630749	0.8064233	0.8292186	-0.84419227	0.72819793	-0.7760491	-0.65540135	0.80603486	-0.76094997	-0.63729596	0.82868654	-0.75254226	0.74794716	0.78674406	-0.70559984	-0.6726705	-0.773863	-0.78896403	0.64776736	-0.5392108	-0.7491087	0.69976485	0.65059555	-0.79266435	-0.7716448	-0.7784873	-0.7744832	-0.70027757	-0.8349769	0.7895755	-0.6774085	-0.6745255	-0.8282945	-0.8092221	0.71710366	0.7947308	-0.70906484	0.72354656	0.8290725	-0.8008763	0.8197801	0.77148104	-0.75539684	0.7655349	0.80362225	-0.7950908	-0.68639535	0.7121189	0.6960917	0.66195893	-0.8409606	-0.4792359	0.5828787	0.86060447	-0.7748008	0.8382898	0.85204184	0.809867	0.8960563	0.82636696	0.87932134	-0.6092189	-0.69293237	0.7341304	0.73871857	-0.8687539	0.7445135	-0.77677923	0.8108865	0.8181519	-0.5974934	0.821094	-0.7010669
-0.43280038	-0.47367468	-0.4632316	0.42398417	-0.43684202	-0.44580477	0.47052574	0.43354344	0.47821426	0.4069885	-0.41863522	-0.40798077	-0.4594753	0.4496774	-0.46576783	-0.47517905	0.47468328	0.39256644	-0.4893201	-0.43621323	-0.46222547	-0.42161345	0.44335473	0.4164275	0.45749992	0.3951167	-0.43480265	-0.38954282	0.4263781	0.43281886	-0.43038404	0.47223505	-0.43085107	-0.46572825	0.4933347	-0.44356072	-0.46128654	0.45331436	-0.3986564	0.43256605	0.44390807	-0.45608607	-0.43351084	-0.46652234	-0.39637384	0.4484608	-0.40849867	-0.4700441	0.41216993	0.46794775	-0.47497523	-0.4968158	-0.45590195	-0.49274942	-0.4489217	-0.42359316	0.43402222	-0.45714355	-0.46301654	-0.480987	-0.4466061	0.3893943	0.45840573	-0.4885491	0.46071526	0.43784884	-0.40083054	0.39911288	0.41469383	-0.48899516	0.44922268	0.427921	-0.46868688	-0.4537165	0.4384648	0.43988562	0.39368203	-0.39959857	-0.43523744	0.4312385	0.39281905	-0.38126048	0.42893916	0.4633398	0.40043664	0.44666818	0.3947842	0.40875867	-0.45438212	-0.39765897	0.4616808	0.40285382	-0.42011824	0.46929824	-0.436787	0.44165945	0.41432965	-0.3888643	0.44945827	-0.4618302
-0.67323756	-1.0142587	-0.89439833	1.0361418	-0.8825981	-1.0187609	0.87157166	0.7630116	0.926324	0.9690387	-1.0184016	-0.9786065	-1.0589018	0.83979774	-1.0648353	-1.0788312	1.084501	0.7943241	-1.0169796	-0.96401894	-1.0073718	-0.91056734	0.99752456	0.91038173	1.0208843	0.8653989	-0.93199646	-0.8594958	1.0971674	1.042534	-0.9021622	1.103492	-1.0744548	-0.7012134	0.89181966	-1.0078976	-0.7396873	0.8234247	-0.78586113	0.76744515	1.1544923	-1.0492494	-1.0092713	-0.83400995	-0.9645654	1.0998776	-0.8172422	-0.9499928	1.0686142	1.0393225	-0.60272527	-0.98157936	-0.8041301	-0.9059299	-0.98651797	-1.0130018	0.9354401	-1.1124598	-1.0379733	-0.7918841	-0.99717826	0.8961911	0.75444573	-1.0921392	0.94647187	0.96144235	-0.7352959	0.7855742	1.1110919	-0.996994	0.80856097	0.94198257	-0.93089473	-0.9694234	0.9457717	0.8090494	0.9371637	-0.96506655	-0.8871195	0.6535206	0.71266603	-0.62979656	0.9511709	0.95270085	0.5981018	0.7606054	0.86995167	0.7712121	-0.9284716	-0.94963664	0.93467724	0.8592518	-0.8950177	1.1420383	-0.94587827	0.87592983	1.0493004	-0.7047443	0.9062015	-1.0813257
-0.88565123	-1.0279682	-0.9315161	0.97828037	-0.90528524	-0.958612	0.76901555	0.83937335	1.0630841	0.8822742	-0.87140834	-1.0224627	-1.0485616	0.8134152	-0.9810726	-1.0375473	0.9773715	0.938978	-0.8970987	-0.92248327	-0.9845102	-0.99918616	0.98022777	0.970425	0.9315436	1.0182204	-1.0681523	-0.8915048	1.0753837	0.932284	-0.95188814	1.0411553	-1.0496893	-0.7063048	0.99215573	-0.9178564	-0.6838283	1.0258771	-0.82688993	0.80505675	1.0713576	-0.94878966	-0.9685297	-0.89185303	-0.9378774	0.9060448	-0.7335086	-0.8964365	1.0470887	0.8921851	-0.7880235	-1.000732	-0.8193343	-0.91796815	-0.91208875	-1.0610617	0.9432664	-1.040632	-0.91123134	-0.93639356	-0.95296574	0.8734544	0.7727718	-0.9423646	0.9085266	1.0381278	-0.9216074	0.93751	1.0128057	-0.9567691	0.9625389	0.92162704	-0.93394923	-0.8701652	0.85119516	0.8694739	0.8864747	-1.0002413	-0.73430425	0.6266158	0.923817	-0.73095465	0.95438385	0.9248854	0.756569	0.9972459	0.9493256	0.97811395	-0.8432354	-0.8498968	0.9500995	0.89001244	-1.0578107	1.053645	-0.93646085	0.9735874	0.9961875	-0.5995281	0.95353293	-0.98692685
-0.98076457	-1.0404366	-0.90815246	0.9890268	-0.9087499	-0.786015	0.8078053	0.8279181	1.0582341	0.86790484	-0.8448576	-1.0422616	-0.9595073	0.83628345	-0.9743029	-0.9727971	0.9131681	0.9381381	-0.8975633	-0.9601877	-0.979128	-1.0601009	0.9337046	0.9071567	0.8900154	0.9869388	-1.0414795	-0.84491456	0.94146377	1.0120777	-0.96069884	0.9289879	-0.99581605	-0.75020915	1.0136764	-0.9731517	-0.764451	0.9934641	-0.9080354	0.84072816	1.017254	-0.86356753	-0.8263489	-0.9923482	-0.86498874	0.9352502	-0.62675136	-0.92812467	0.9951783	0.82779515	-0.8251634	-1.0043445	-0.834248	-1.0489467	-0.9280722	-1.0460961	0.89830816	-0.9512535	-0.888833	-1.0819334	-0.9790974	0.923668	0.89617807	-0.9523753	0.824092	1.0477766	-0.9091219	1.0105416	0.9391657	-0.990678	0.9377705	0.97005737	-0.9777163	-0.86772317	0.92659307	0.8415134	0.7365701	-0.9627486	-0.6048422	0.6553015	1.0064403	-0.880752	0.9592881	0.9285766	0.86621875	1.0837996	0.93516976	1.0583184	-0.7723647	-0.75405955	0.958509	0.91504633	-0.99205565	0.9492763	-0.8999161	1.0166252	0.9855461	-0.7393222	0.9592468	-0.8863718
-0.67792004	-0.80248827	-0.7562497	0.81700575	-0.75001615	-0.8948524	0.7532378	0.66437566	0.780654	0.837665	-0.83236873	-0.85651505	-0.8985724	0.7872696	-0.87889296	-0.926537	0.8525966	0.7303422	-0.83305246	-0.776581	-0.8725535	-0.7719897	0.81087756	0.80008763	0.8918912	0.7484107	-0.7617747	-0.69587624	0.8620605	0.87248904	-0.7337678	0.85053045	-0.8070753	-0.63903666	0.77978486	-0.84306765	-0.64242977	0.76823586	-0.7264786	0.73649186	0.944497	-0.8819419	-0.8415181	-0.79471856	-0.76947725	0.9197599	-0.71429116	-0.77024436	0.92574906	0.8126775	-0.62670255	-0.89575106	-0.6473971	-0.8250302	-0.81658256	-0.8061518	0.82237005	-0.95086133	-0.9013768	-0.7126312	-0.78355783	0.73911345	0.677847	-0.9217011	0.8049109	0.8123299	-0.6599304	0.6733586	0.92277527	-0.8803402	0.7309065	0.82539093	-0.8112706	-0.80483824	0.75836027	0.77369416	0.7735541	-0.8317643	-0.8189445	0.63377434	0.68316704	-0.64125085	0.81180805	0.7753514	0.6057408	0.7708208	0.779951	0.6991321	-0.7767102	-0.8575498	0.83474016	0.7867216	-0.76830095	0.88156515	-0.7803166	0.8033718	0.8276495	-0.5708383	0.7918862	-0.8969235
-0.6839177	-0.8586669	-0.7421425	0.8524815	-0.81961066	-0.868249	0.7485515	0.66876626	0.90548193	0.7951243	-0.8166115	-0.8336022	-0.86533153	0.77009195	-0.84010977	-0.8604489	0.83343333	0.7834652	-0.8473111	-0.8729454	-0.8205935	-0.8128643	0.87231016	0.8301075	0.80469024	0.80147964	-0.8357384	-0.73950094	0.8648917	0.89063215	-0.7834404	0.8635884	-0.9134415	-0.64207983	0.8361665	-0.8739015	-0.74069095	0.77636045	-0.75663096	0.7437501	0.9090603	-0.7630628	-0.8449602	-0.76324886	-0.762664	0.808798	-0.6691551	-0.74413514	0.8196713	0.8258925	-0.6668492	-0.8255057	-0.7207019	-0.81247306	-0.8694807	-0.81896996	0.8170592	-0.8750594	-0.8266018	-0.8552756	-0.83578503	0.80824983	0.73745686	-0.8034257	0.8061839	0.827287	-0.74463165	0.73731005	0.84933144	-0.80289537	0.8270744	0.85629314	-0.8109095	-0.77442956	0.7846013	0.7308268	0.67768437	-0.8173436	-0.67160404	0.62046576	0.8030521	-0.6549897	0.8639634	0.8590707	0.7013528	0.84810984	0.80545497	0.7719906	-0.74399626	-0.7589488	0.823824	0.7528385	-0.8317411	0.8972909	-0.74539274	0.78404176	0.8974446	-0.6925439	0.824423	-0.8606528
-0.83162737	-0.8936944	-0.8532717	0.8688892	-0.8933367	-0.88595563	0.7799005	0.866044	0.93225163	0.93811303	-0.9021368	-0.9066446	-1.0193928	0.80087066	-0.88434803	-0.89533097	0.9355659	0.83717465	-0.8846118	-0.90758914	-0.90047866	-0.901561	0.92468196	0.8552301	0.918346	0.8624154	-0.9402539	-0.8335962	0.9112632	0.9383801	-0.9455338	0.96301657	-0.9180029	-0.7271996	0.9295404	-0.90739065	-0.79069275	0.9225333	-0.8064388	0.8086115	0.9288618	-0.92598003	-0.91407555	-0.9082547	-0.8509076	0.8928911	-0.74933213	-0.89016557	0.96276754	0.8967829	-0.83252287	-0.9398572	-0.8748544	-0.8507139	-0.8746464	-0.9796836	0.94782573	-0.8859715	-0.9283694	-0.9113501	-0.8755631	0.85111517	0.81885546	-0.8634218	0.8218235	0.9636887	-0.78623843	0.8710541	0.9483871	-0.9126213	0.812463	0.927742	-0.8645425	-0.87790054	0.9052842	0.7884235	0.7685174	-0.9590242	-0.7761631	0.75479025	0.87567365	-0.7499947	0.8713852	0.8923926	0.7626723	0.94384444	0.91301864	0.87349963	-0.8433349	-0.88578224	0.8682349	0.88149214	-0.9039272	0.9701349	-0.9189625	0.9034622	0.94867814	-0.7043766	0.8498844	-0.8980093
-0.56677943	-0.4722522	-0.5480984	0.54239464	-0.54513234	-0.45394275	0.5524058	0.577557	0.47848824	0.56543225	-0.52370685	-0.46856225	-0.45299137	0.55859613	-0.4458692	-0.47906533	0.44024226	0.52417004	-0.540008	-0.47459474	-0.5493958	-0.48675665	0.4829614	0.49387985	0.49170077	0.55312246	-0.54823524	-0.55283374	0.44689777	0.4737135	-0.47569215	0.4997838	-0.5169098	-0.50594884	0.5626958	-0.5339438	-0.5135688	0.5052629	-0.48829567	0.49771592	0.46804917	-0.49984363	-0.49201164	-0.535205	-0.5270697	0.46678162	-0.5083741	-0.55782086	0.4830156	0.46428582	-0.5593132	-0.5489334	-0.56098884	-0.5229614	-0.4953654	-0.4901821	0.50713694	-0.44301963	-0.51006335	-0.54673463	-0.49571443	0.55730337	0.486996	-0.5176864	0.5176249	0.5103416	-0.5043039	0.57952046	0.4791769	-0.5045451	0.52800864	0.5212919	-0.5644113	-0.5344193	0.50092405	0.5029817	0.53575516	-0.5215272	-0.47507885	0.5448436	0.5393069	-0.5038907	0.574631	0.5107537	0.5592535	0.50077456	0.53312665	0.5055965	-0.46846542	-0.48851654	0.48454127	0.5220281	-0.5586753	0.41483095	-0.57034177	0.528385	0.50303227	-0.5385899	0.54179287	-0.5068447
-0.5205686	-0.6253944	-0.5834651	0.6340475	-0.5630324	-0.7120689	0.66288745	0.59614104	0.5819391	0.61829144	-0.6672352	-0.64634794	-0.6515023	0.5980929	-0.6134034	-0.7048301	0.62107205	0.55578905	-0.6273561	-0.6432047	-0.6509973	-0.5974673	0.66522086	0.6154967	0.6808056	0.5979707	-0.6604829	-0.64396834	0.6956839	0.65037614	-0.63596106	0.6583107	-0.6246963	-0.5542386	0.6554434	-0.7116192	-0.52263415	0.5565585	-0.61386466	0.6156537	0.6617265	-0.6788755	-0.63029224	-0.65823925	-0.65182817	0.6277839	-0.55419254	-0.6269558	0.65249115	0.6303806	-0.50546736	-0.69750166	-0.5487622	-0.602539	-0.6492054	-0.628933	0.60709304	-0.6713427	-0.691409	-0.6069414	-0.5945253	0.63136584	0.5482682	-0.7225352	0.63472766	0.6872662	-0.5774433	0.55679667	0.6453809	-0.67316586	0.58889836	0.6489389	-0.6168103	-0.6322288	0.6445101	0.6040617	0.6378794	-0.7005295	-0.62150925	0.57357633	0.5225576	-0.54487467	0.62619317	0.6098767	0.5290169	0.59140337	0.65812844	0.6127297	-0.63362736	-0.611755	0.6456835	0.67516243	-0.61850643	0.704984	-0.63745177	0.61061704	0.6694609	-0.55979836	0.65673244	-0.7115501
-0.48000255	-0.548581	-0.6147653	0.56360656	-0.5592643	-0.63325685	0.57460415	0.50274956	0.61590755	0.570851	-0.62915844	-0.6262045	-0.64839154	0.6094163	-0.62291574	-0.6466567	0.6060017	0.5418301	-0.6352196	-0.55498886	-0.6344228	-0.596227	0.5528514	0.608922	0.5993003	0.5615558	-0.6028785	-0.54748946	0.5811033	0.616027	-0.6157305	0.65159196	-0.62999135	-0.5038336	0.63179564	-0.5602771	-0.48505756	0.5959815	-0.5127933	0.5575069	0.61591846	-0.54123116	-0.6192501	-0.55425894	-0.6151418	0.5656502	-0.55406505	-0.576774	0.5637218	0.55482817	-0.4688245	-0.58297896	-0.5324208	-0.5959092	-0.6008646	-0.5948159	0.56941044	-0.5531119	-0.5712682	-0.52729756	-0.5517052	0.59140414	0.52883434	-0.5989521	0.5778139	0.5801309	-0.54728484	0.57997817	0.6020667	-0.64779586	0.61722255	0.6432933	-0.59497803	-0.62265897	0.56162834	0.5239192	0.5252613	-0.592787	-0.47374722	0.5633853	0.5772996	-0.5748483	0.60135746	0.62664413	0.5141156	0.5865431	0.6050499	0.57489574	-0.5817395	-0.5279634	0.6349204	0.5938913	-0.59949994	0.6271616	-0.55152255	0.58375686	0.6054181	-0.53659856	0.6241073	-0.56280017
-0.730923	-0.76347965	-0.77372193	0.76474684	-0.75649846	-0.7548954	0.69917357	0.6768567	0.7383922	0.74534565	-0.75987744	-0.78391606	-0.76056343	0.7406528	-0.7284786	-0.77394444	0.7504483	0.77114546	-0.73544794	-0.7342686	-0.7925037	-0.7401704	0.8035206	0.7862869	0.7303795	0.7231304	-0.77649456	-0.69714934	0.8114902	0.7450149	-0.7374002	0.7867097	-0.7501576	-0.7009293	0.7652186	-0.7411689	-0.6568874	0.7652254	-0.77486014	0.7673099	0.78291553	-0.7733004	-0.7387296	-0.76244545	-0.7330853	0.71564084	-0.7275433	-0.78589845	0.73461455	0.76637423	-0.6727942	-0.7754831	-0.71266806	-0.7727564	-0.7624078	-0.75867265	0.794719	-0.8135925	-0.738652	-0.7049545	-0.7411173	0.70430034	0.68948865	-0.8026541	0.77939665	0.73457164	-0.72998154	0.6886284	0.72743803	-0.724817	0.78928125	0.78775704	-0.7903833	-0.79188913	0.7183046	0.7387146	0.70368654	-0.7599689	-0.74805635	0.6544988	0.76164645	-0.6986232	0.71138304	0.79042256	0.69427097	0.7317666	0.71731704	0.779425	-0.69500256	-0.7071192	0.76850283	0.7718068	-0.71617657	0.8115039	-0.72675115	0.7625445	0.7687519	-0.6668998	0.7181135	-0.8041546
-0.781898	-0.7762339	-0.72109765	0.8426881	-0.7778921	-0.7187581	0.6692176	0.75434	0.80696076	0.7038069	-0.7515007	-0.8156415	-0.8350329	0.70035285	-0.79183984	-0.8033055	0.775068	0.7711893	-0.74858785	-0.7288892	-0.80132663	-0.76234543	0.78600246	0.81164193	0.73778206	0.77680147	-0.815516	-0.7074868	0.85903555	0.82712364	-0.76721287	0.7816406	-0.7635634	-0.69521505	0.8034284	-0.78793424	-0.6330876	0.8368119	-0.70520127	0.68882805	0.8154512	-0.723468	-0.80621564	-0.7297557	-0.7674318	0.8123016	-0.60235435	-0.74976254	0.7650748	0.78322077	-0.68706816	-0.77962494	-0.75525016	-0.8097785	-0.74958605	-0.81658876	0.7224625	-0.8006065	-0.79123557	-0.77719754	-0.8213389	0.7225196	0.7748001	-0.79829	0.7114056	0.8260763	-0.7663953	0.7657272	0.8482329	-0.8132546	0.7133246	0.82078815	-0.731842	-0.7357272	0.7450877	0.74420923	0.7322953	-0.81788075	-0.6877157	0.5641378	0.7707645	-0.66593665	0.77054334	0.7981702	0.737175	0.7759418	0.78585243	0.74135756	-0.7117968	-0.7650186	0.75772685	0.7576308	-0.83197397	0.79185075	-0.7715008	0.74288464	0.8432758	-0.64535946	0.745351	-0.8400577
-0.5486113	-0.72795296	-0.6518923	0.72746044	-0.6899153	-0.7823826	0.73741883	0.6364434	0.711029	0.7621153	-0.71747786	-0.7494671	-0.7161044	0.67206997	-0.71828026	-0.7998887	0.7582297	0.686275	-0.7015885	-0.7143519	-0.7348052	-0.7359874	0.7194568	0.7647902	0.73752856	0.6930275	-0.66503	-0.66964	0.7905562	0.7099565	-0.7102277	0.6983815	-0.7003386	-0.6690525	0.7300305	-0.71709824	-0.654862	0.7180814	-0.68837374	0.69318885	0.7593297	-0.71303886	-0.6978973	-0.6508519	-0.67623204	0.72767955	-0.70119965	-0.64717406	0.7738331	0.7367447	-0.59981257	-0.7297976	-0.6903253	-0.72863096	-0.7614548	-0.70031095	0.71998173	-0.7443561	-0.71957844	-0.6820687	-0.7116531	0.670193	0.6375598	-0.7231537	0.6936506	0.70507157	-0.5746816	0.606326	0.7209229	-0.7244532	0.6289996	0.7140967	-0.69241095	-0.6734774	0.6791358	0.66327924	0.6804748	-0.7240071	-0.7025183	0.6756993	0.669029	-0.58494484	0.7277187	0.6661723	0.6307003	0.67856437	0.7068152	0.66204584	-0.6935443	-0.7409314	0.7210705	0.7304198	-0.7261296	0.7347733	-0.74631566	0.628695	0.71806824	-0.6222706	0.70955455	-0.7266038
-0.8457564	-0.8788344	-0.7564366	0.89017385	-0.7675608	-0.72285855	0.7626529	0.7279765	0.83728683	0.71467215	-0.785257	-0.8317674	-0.8735846	0.8019831	-0.8649896	-0.8205928	0.84384716	0.81104034	-0.7826198	-0.8627182	-0.85739976	-0.78475046	0.7826843	0.7745268	0.8443606	0.7801848	-0.79813045	-0.7368936	0.7978169	0.8382342	-0.83377045	0.821652	-0.8454651	-0.65782094	0.8214609	-0.83471483	-0.7423267	0.86415744	-0.74863935	0.78291106	0.81489354	-0.82174456	-0.7489139	-0.8288876	-0.7679119	0.77758735	-0.5982484	-0.83742356	0.80248207	0.80015695	-0.7849363	-0.8298028	-0.77319705	-0.81942135	-0.7771347	-0.85311496	0.7719077	-0.79011935	-0.82304865	-0.8303878	-0.8274212	0.8226307	0.7898175	-0.81890804	0.6820447	0.86147976	-0.79272914	0.7863094	0.8244092	-0.75089765	0.7728516	0.81779325	-0.7670771	-0.772873	0.8161571	0.69837373	0.6813042	-0.8384106	-0.49867368	0.7024774	0.7736407	-0.7442475	0.79400045	0.83724904	0.7960899	0.83540577	0.7735701	0.84785604	-0.71668315	-0.79236823	0.7942144	0.8031282	-0.80239224	0.80578196	-0.8336619	0.8699391	0.8102178	-0.67128474	0.79402024	-0.79976636
-0.72475296	-0.9552233	-0.82120615	0.99416596	-0.91419584	-1.0466002	0.837718	0.6967555	0.9279529	0.93138796	-0.9252899	-0.979362	-1.0315014	0.8195965	-1.0475641	-1.0439861	0.97927773	0.8316495	-0.9911278	-0.9640794	-0.98719835	-0.8984383	1.0342218	0.9050565	0.9963391	0.83675456	-0.8637349	-0.8471403	1.0311348	1.0188134	-0.93660045	1.0279275	-1.0168097	-0.6448786	0.845859	-1.0364956	-0.7500374	0.8321332	-0.86142427	0.7830104	1.1026028	-0.9320591	-0.9802087	-0.8436991	-0.90190345	1.0410058	-0.7997228	-0.8763296	1.0918525	0.9408819	-0.7145221	-0.9556848	-0.7381767	-0.908183	-1.0139219	-0.99409544	0.89731866	-1.0026152	-1.0303757	-0.77546334	-0.90867835	0.9000975	0.76411146	-0.9693279	0.83555704	0.98056114	-0.7506154	0.7384292	1.0747166	-0.9310014	0.82858086	0.98060346	-0.92513007	-0.9236547	0.84300137	0.7903464	0.8393533	-1.0033224	-0.8187149	0.6556856	0.74831635	-0.7029116	0.87864935	0.88118887	0.70299536	0.88551044	0.9004706	0.7976039	-0.8495476	-0.9392135	0.91496986	0.88296086	-0.91394585	1.061405	-0.8906471	0.84812397	0.98456705	-0.7064579	0.9159299	-1.0269989
-0.72575396	-0.77263296	-0.8163286	0.81831807	-0.77990013	-0.54377466	0.7153649	0.6994931	0.8482457	0.74801177	-0.7796177	-0.755673	-0.79841447	0.7119008	-0.77170795	-0.81004053	0.7299101	0.71502614	-0.7214579	-0.8279381	-0.8143631	-0.8355114	0.79392725	0.80626494	0.7352934	0.83707994	-0.8232586	-0.7512352	0.7567681	0.8170196	-0.84014994	0.79395163	-0.8085029	-0.70431304	0.8641172	-0.7628343	-0.7278762	0.81535393	-0.79934055	0.78974706	0.73890084	-0.7101092	-0.72181344	-0.8459494	-0.74247694	0.70944345	-0.7230443	-0.8071006	0.7450252	0.7137435	-0.76154	-0.82646203	-0.7972111	-0.7458892	-0.7588724	-0.7528951	0.7700866	-0.6970632	-0.672256	-0.77595973	-0.8283649	0.7416029	0.78363895	-0.7499663	0.84159786	0.7627737	-0.8159139	0.8125899	0.7853142	-0.830602	0.84240407	0.79185444	-0.82557344	-0.70226353	0.7457694	0.7350174	0.67328036	-0.7601984	-0.6808275	0.6297053	0.77009624	-0.7952042	0.77989703	0.82814157	0.72823644	0.8384379	0.8136938	0.8385275	-0.74265045	-0.690722	0.76631355	0.77315986	-0.84654343	0.7184567	-0.7390479	0.84030426	0.75250006	-0.59529895	0.82418454	-0.8107775
-0.8730828	-0.8969677	-0.89848876	0.9345282	-0.89742035	-0.72004896	0.9068909	0.8240676	0.91035616	0.87283784	-0.93574685	-0.848788	-0.7992675	0.9402585	-0.89217967	-0.84106374	0.84096974	0.9419054	-0.9027236	-0.8947492	-0.8567968	-0.89814883	0.91332185	0.8729881	0.9167241	0.85854447	-0.9184575	-0.88464326	0.84151226	0.9282694	-0.86959493	0.89658594	-0.8870676	-0.82755655	0.89634824	-0.9197775	-0.8597135	0.8687018	-0.94361204	0.88772434	0.8197615	-0.8930842	-0.86172473	-0.8759124	-0.92793715	0.84954494	-0.919903	-0.9401695	0.79669845	0.9057388	-0.8628969	-0.9100067	-0.88559157	-0.955854	-0.8828436	-0.86401796	0.88338727	-0.7977766	-0.89070994	-0.8597018	-0.95707977	0.88165814	0.88275564	-0.8570945	0.9474242	0.95125693	-0.85844505	0.87382334	0.9238476	-0.9721284	0.92534274	0.889709	-0.9568942	-0.8673119	0.9264032	0.8616721	0.9097712	-0.917209	-0.82974154	0.8591512	0.9088755	-0.8528534	0.9370771	0.9015309	0.8837058	0.8844887	0.88188493	0.93270606	-0.82430553	-0.8883105	0.9113708	0.86608994	-0.91345793	0.73419344	-0.88476866	0.8779202	0.8596961	-0.77938	0.88441414	-0.9240518
-0.7192915	-0.6749903	-0.65641886	0.6980741	-0.6734908	-0.58127666	0.6353084	0.7061138	0.7918605	0.6897702	-0.7137094	-0.76178336	-0.6638039	0.70405906	-0.65431345	-0.6726697	0.68303365	0.71164167	-0.7262412	-0.66034484	-0.75246024	-0.7757567	0.74574804	0.67591286	0.7521717	0.7184047	-0.77415776	-0.651905	0.64751196	0.6799549	-0.68748605	0.7448835	-0.7256852	-0.6519216	0.71885127	-0.6789308	-0.6565242	0.7016265	-0.677701	0.65030277	0.65281475	-0.6662953	-0.6547839	-0.7330529	-0.76306206	0.6261918	-0.6685242	-0.69512594	0.6564239	0.71438396	-0.63262767	-0.6818167	-0.64203775	-0.68130606	-0.71283865	-0.6701723	0.71909374	-0.71503097	-0.6914013	-0.7003741	-0.7149663	0.7212086	0.6410336	-0.7214112	0.68686455	0.709462	-0.68534	0.7315765	0.74256355	-0.74833137	0.68306756	0.75061464	-0.71572906	-0.69099617	0.743756	0.6757354	0.67002654	-0.7319446	-0.6633949	0.65473515	0.7160759	-0.6391229	0.76462924	0.71644163	0.6498927	0.774537	0.6883259	0.6849955	-0.6373964	-0.63964134	0.7276908	0.69304955	-0.7724503	0.6383947	-0.73735875	0.75199926	0.74769104	-0.56203103	0.69098747	-0.6636109
-0.5929413	-0.73947096	-0.6575734	0.7739151	-0.7430095	-0.77481794	0.79020643	0.66007775	0.6161099	0.7354002	-0.8326948	-0.8282731	-0.83184105	0.7130468	-0.77693737	-0.78677016	0.7948321	0.6552052	-0.7384928	-0.7767303	-0.81421626	-0.72841924	0.74450237	0.7969062	0.8303883	0.69578195	-0.66833264	-0.73296195	0.8226226	0.7488022	-0.6455577	0.7588501	-0.7320221	-0.6917206	0.7153649	-0.8103411	-0.6638678	0.6870073	-0.69219935	0.65614134	0.8283791	-0.82114047	-0.8150984	-0.68163675	-0.730399	0.76438946	-0.78505147	-0.75695515	0.78771794	0.7591738	-0.60191184	-0.7186412	-0.6200707	-0.7521304	-0.8007896	-0.80049884	0.778672	-0.7845115	-0.80960613	-0.62403303	-0.7344919	0.75584793	0.6434405	-0.81393534	0.78270984	0.7220503	-0.5329556	0.5925662	0.83767074	-0.7782798	0.6830966	0.71481407	-0.8130269	-0.7630786	0.74049294	0.75043976	0.726228	-0.7379115	-0.81916785	0.65292275	0.568927	-0.6024163	0.6867103	0.6511543	0.5884644	0.59541655	0.7091416	0.5720586	-0.82859194	-0.772438	0.7634396	0.7723416	-0.6617383	0.8523025	-0.77736545	0.68283886	0.77352875	-0.6846797	0.74699837	-0.8345683
-1.0620998	-1.059098	-0.9713118	1.0781207	-0.99532896	-0.8343053	0.8920693	0.9510223	1.0961589	1.0080622	-0.9486941	-1.0588746	-1.0776126	0.9830975	-0.9930846	-0.9843796	1.0087926	1.0154637	-0.9316253	-1.0435743	-1.0824082	-1.0655131	1.0331179	0.9652162	0.9782615	1.0832684	-1.0672919	-0.9775293	0.9559846	0.99039596	-1.0440471	0.9669674	-1.0757987	-0.8921314	1.0804799	-0.9338448	-0.8866108	1.0176717	-0.9677557	0.9743745	0.9634072	-0.9066377	-0.92626566	-0.99006706	-0.9720193	0.93900275	-0.8138643	-1.0199502	0.96439004	0.94628805	-0.95497084	-0.987915	-0.98758286	-1.0195504	-0.9524287	-1.053113	1.0287879	-0.9697276	-0.8683103	-1.0904193	-1.0384479	1.0029792	0.95445293	-0.9751345	0.9604162	1.0088639	-1.0237118	1.0866007	0.96925366	-1.0124723	1.06445	1.0266235	-0.9615792	-0.98142415	0.9931869	0.9591659	0.9288722	-1.0432022	-0.755823	0.745171	1.0056019	-0.9789231	1.0563104	1.0335224	1.0221617	1.104076	1.0211886	1.0908391	-0.84675026	-0.86714745	1.0307877	0.9711425	-1.017607	1.037783	-1.0233109	1.021253	1.0724169	-0.798155	0.9553595	-0.93933904
-0.78654474	-0.854541	-0.8691532	0.82567394	-0.8731734	-0.7235322	0.81844854	0.75462437	0.8284511	0.8232342	-0.8265798	-0.89530665	-0.8102934	0.82177866	-0.8012912	-0.8592068	0.87552	0.828795	-0.8033527	-0.83800197	-0.88517284	-0.8744793	0.8022929	0.8311263	0.828975	0.8168744	-0.86114395	-0.8424798	0.8405589	0.80457175	-0.81586224	0.8941892	-0.8709496	-0.7334529	0.824092	-0.8552186	-0.7054576	0.8657228	-0.81115574	0.75608015	0.8274245	-0.8234641	-0.80188465	-0.8822307	-0.838366	0.8402061	-0.7232896	-0.8450813	0.7565089	0.78357065	-0.82241917	-0.8792635	-0.82643354	-0.8149573	-0.8440092	-0.8329235	0.782848	-0.8112495	-0.76817983	-0.8408915	-0.81611687	0.802815	0.7587014	-0.84555393	0.84536535	0.8292045	-0.824877	0.87434155	0.78767926	-0.84291404	0.8502655	0.85771555	-0.8504329	-0.8110809	0.86498946	0.75657994	0.8025946	-0.8992589	-0.7892397	0.7561019	0.78421474	-0.79950756	0.901567	0.8693369	0.82531726	0.83050656	0.83015823	0.8123434	-0.74965316	-0.77485645	0.84089476	0.8558421	-0.8873151	0.67627287	-0.8563089	0.8165602	0.89545023	-0.7660917	0.8480407	-0.85412884
-0.74632233	-0.8704093	-0.78902215	0.8860057	-0.7893938	-0.7254357	0.6860667	0.74984616	0.9182477	0.815648	-0.79894775	-0.8479679	-0.86805964	0.7763717	-0.76385146	-0.8537741	0.9003124	0.7447014	-0.809243	-0.76151216	-0.8885904	-0.81215507	0.78327084	0.80670965	0.8546986	0.821546	-0.811415	-0.75698876	0.9148359	0.81562066	-0.8065285	0.8210163	-0.8400666	-0.64644957	0.79797626	-0.8310864	-0.6588865	0.79348016	-0.73569274	0.7727426	0.9170045	-0.8398933	-0.8332722	-0.81776977	-0.7762594	0.872364	-0.64304507	-0.8367651	0.82632893	0.77164793	-0.62994933	-0.87858784	-0.71699256	-0.834097	-0.82244694	-0.8337986	0.83294696	-0.8507988	-0.8304881	-0.758416	-0.8404281	0.7213177	0.7016211	-0.8113745	0.8917873	0.8609985	-0.72059053	0.7979596	0.8343652	-0.8522845	0.7725738	0.86209184	-0.8199193	-0.8007684	0.77290934	0.7028541	0.8019236	-0.8101191	-0.6394782	0.60158	0.80011845	-0.64608794	0.8631438	0.7628015	0.62190086	0.8262086	0.8346269	0.8333759	-0.7010899	-0.82429624	0.74345267	0.7442187	-0.9068212	0.8182029	-0.7702578	0.80204904	0.86463445	-0.62345463	0.78235316	-0.8501678
-0.6276929	-0.74281913	-0.7517922	0.7529677	-0.71784675	-0.7014066	0.71807534	0.72833145	0.7689797	0.8324906	-0.7615189	-0.79893094	-0.7900937	0.7877621	-0.7943328	-0.7945481	0.7788186	0.7757997	-0.7766032	-0.72932625	-0.78742576	-0.74253935	0.7768578	0.7243359	0.83512354	0.69284946	-0.7653005	-0.748134	0.7585517	0.8033237	-0.782754	0.84861606	-0.8045312	-0.68147624	0.74857396	-0.75895405	-0.6908844	0.7528051	-0.7222169	0.7467322	0.7511098	-0.81594664	-0.821468	-0.76322794	-0.78954977	0.76814586	-0.7463072	-0.78288937	0.8121459	0.73570174	-0.7108512	-0.82108164	-0.68555117	-0.7956758	-0.7950193	-0.8075566	0.7949785	-0.788941	-0.7951849	-0.6968548	-0.79339296	0.7303149	0.6940075	-0.75843215	0.7565533	0.74473864	-0.6400913	0.71630216	0.79532176	-0.8018993	0.75179815	0.744662	-0.8141089	-0.7217083	0.800593	0.7832183	0.75613767	-0.82669175	-0.7187772	0.67417514	0.70753944	-0.7317827	0.7713121	0.75671315	0.6936673	0.6730331	0.75304157	0.70781755	-0.7431098	-0.77523625	0.7546429	0.7606715	-0.70933616	0.7980405	-0.72874796	0.7590156	0.7609198	-0.67303765	0.74058616	-0.752967
-0.75156534	-0.78915393	-0.7710442	0.7520204	-0.7489838	-0.6775265	0.72279835	0.67331374	0.7899225	0.7860535	-0.70028293	-0.80086035	-0.7726769	0.75710356	-0.8109038	-0.7764242	0.755114	0.7094149	-0.78054184	-0.75360495	-0.85102797	-0.73622495	0.7302191	0.7797301	0.80583173	0.7169844	-0.8147022	-0.7195569	0.7824923	0.77862567	-0.7758197	0.75346816	-0.8332442	-0.6463318	0.806144	-0.80199844	-0.6446085	0.73256177	-0.7259324	0.74896985	0.8178473	-0.7921029	-0.7612707	-0.7266535	-0.71785754	0.7830318	-0.6946116	-0.80211663	0.74295706	0.7874748	-0.64781785	-0.7666902	-0.76195997	-0.75416505	-0.8070709	-0.7772618	0.7820076	-0.7514063	-0.72172374	-0.7321642	-0.814598	0.6905801	0.6486775	-0.8188535	0.7568635	0.81898725	-0.73662025	0.7406095	0.82578164	-0.8062112	0.71156496	0.7557983	-0.8248536	-0.80062664	0.75640875	0.72238755	0.7509011	-0.7435136	-0.6798632	0.570772	0.6931776	-0.66760707	0.8252979	0.76974887	0.62425977	0.8290401	0.8216491	0.76918674	-0.7708829	-0.80094486	0.76336545	0.7992112	-0.7585369	0.7664607	-0.81063604	0.7881573	0.8119973	-0.6275974	0.7942723	-0.76827204
-0.54314226	-0.81737787	-0.78479916	0.8154686	-0.7899198	-0.75628936	0.68251824	0.7160898	0.6924895	0.8008463	-0.741877	-0.7673113	-0.8540597	0.6938848	-0.7821067	-0.7716722	0.79870653	0.7402579	-0.7540492	-0.805637	-0.7872254	-0.7783204	0.7587292	0.76723725	0.7524135	0.7668099	-0.7703036	-0.75717646	0.8373653	0.8309595	-0.72707736	0.7889665	-0.75927687	-0.70806855	0.7440649	-0.7687088	-0.65213823	0.7691479	-0.71672606	0.7687064	0.74344903	-0.7071974	-0.78267044	-0.7540951	-0.7163926	0.786867	-0.66627467	-0.7689721	0.7486606	0.6867722	-0.6130482	-0.77604806	-0.73690224	-0.74749404	-0.7229454	-0.7599581	0.7777066	-0.8294456	-0.7236545	-0.6769512	-0.7696921	0.7165552	0.7475869	-0.79371893	0.79930747	0.7714558	-0.625898	0.6904657	0.73897606	-0.8071805	0.72207445	0.7382668	-0.73656917	-0.74094296	0.7851383	0.7206655	0.70275265	-0.7703985	-0.6388619	0.61173964	0.7176833	-0.6724451	0.8152621	0.75249803	0.6046367	0.6015927	0.762114	0.6578079	-0.7552713	-0.7407379	0.75885737	0.7786181	-0.77923125	0.82267344	-0.7919722	0.76869804	0.78425926	-0.6281822	0.7496492	-0.78635955
-0.78286564	-0.81005585	-0.8501567	0.8770943	-0.81417435	-0.7468609	0.7440234	0.8029704	0.86389583	0.8182727	-0.8215718	-0.85413724	-0.82418126	0.80491865	-0.8252208	-0.8406778	0.86185044	0.85024583	-0.81015044	-0.7950488	-0.907869	-0.855722	0.8279722	0.81054074	0.8485956	0.8831098	-0.849077	-0.8273866	0.87503064	0.799824	-0.8476897	0.86553174	-0.8005463	-0.7499465	0.87697494	-0.84346104	-0.71907616	0.81353796	-0.79765064	0.8229711	0.8192702	-0.78085256	-0.7957003	-0.82300496	-0.8165387	0.7546311	-0.70952	-0.78027314	0.8375096	0.7355582	-0.80190533	-0.8417573	-0.72363794	-0.8151171	-0.86258686	-0.85810775	0.8127206	-0.79354435	-0.7684287	-0.8752892	-0.8027683	0.78570366	0.7402757	-0.8506123	0.79937315	0.91014236	-0.7812239	0.82363826	0.7960126	-0.8645087	0.7989449	0.8509106	-0.8242736	-0.76443195	0.85857296	0.7659093	0.7511961	-0.84048986	-0.67254686	0.6185372	0.7789078	-0.8064271	0.8743383	0.82309985	0.79608667	0.90640205	0.8028455	0.854437	-0.73425674	-0.76440656	0.8141275	0.7784485	-0.9161675	0.82605314	-0.77336365	0.8300806	0.89249414	-0.64709055	0.8383684	-0.80441445
-0.64886475	-0.7722793	-0.77119905	0.7198992	-0.66463673	-0.6262593	0.7307143	0.7125884	0.7521171	0.73889107	-0.7109085	-0.7272406	-0.7403267	0.743323	-0.73609304	-0.7326861	0.6710564	0.7156694	-0.71570253	-0.7591025	-0.7984009	-0.771955	0.66747034	0.7128833	0.7772644	0.7308064	-0.769263	-0.6977107	0.70261455	0.7653129	-0.7264712	0.72422504	-0.7450416	-0.6457618	0.7709985	-0.68414193	-0.71377796	0.6923621	-0.7615493	0.7405548	0.69037306	-0.7786384	-0.7002645	-0.70682055	-0.7095503	0.7223439	-0.7241352	-0.74037004	0.68963313	0.6981318	-0.6074135	-0.78835255	-0.72432715	-0.7813238	-0.74063355	-0.73668975	0.79434544	-0.7029757	-0.71841264	-0.7443925	-0.7595508	0.7001121	0.6567669	-0.7768425	0.7225553	0.7257564	-0.7427616	0.7500137	0.74724144	-0.7231418	0.6752063	0.72668654	-0.7967862	-0.7195358	0.6977733	0.74928486	0.6992637	-0.70008516	-0.7216158	0.6294127	0.71752685	-0.66299456	0.744158	0.6891394	0.62528956	0.72531724	0.7466326	0.67265433	-0.66733694	-0.7203814	0.70758075	0.76911426	-0.73713255	0.6143357	-0.7585109	0.6856252	0.7481429	-0.6748958	0.76604927	-0.70047545
-0.9177831	-0.97542197	-0.94811374	0.9781445	-0.90879714	-0.8437512	0.8366343	0.8499434	0.9315195	0.8458973	-0.95249665	-0.91961026	-0.9023597	0.89391845	-0.95879924	-0.94144493	0.9310373	0.9082957	-0.91222477	-0.9316327	-0.95168173	-0.97112155	0.8743841	0.9499523	0.9554147	0.9050113	-0.89779955	-0.8529423	0.92642605	0.94056416	-0.94651216	0.97271985	-0.9366507	-0.8772289	0.9324485	-0.8719452	-0.78411615	0.88801205	-0.91449887	0.9321914	0.8942477	-0.9030881	-0.9009384	-0.95059276	-0.94329274	0.8972313	-0.788973	-0.9464994	0.9299405	0.85749006	-0.83314675	-0.9471235	-0.83435	-0.9062255	-0.8886701	-0.92044646	0.9437205	-0.88001704	-0.8815084	-0.85167235	-0.89064527	0.8497881	0.8670331	-0.9626396	0.84831387	0.98606205	-0.8455132	0.8607561	0.87743396	-0.96667093	0.92283684	0.95260125	-0.9291427	-0.9035151	0.8488381	0.82370627	0.84891146	-0.98105156	-0.77716404	0.8196468	0.91484123	-0.8329312	0.92879176	0.8696324	0.89345706	0.90784323	0.8887752	0.91804826	-0.9067948	-0.828022	0.89218765	0.8396114	-0.91386205	0.86730987	-0.8638524	0.9023528	0.92870265	-0.8025987	0.8942679	-0.9462917
-0.6020546	-0.6375105	-0.6305161	0.67428315	-0.6279722	-0.6513954	0.6380661	0.6018795	0.6780247	0.5588154	-0.62205935	-0.63555	-0.64392895	0.6349604	-0.5858526	-0.6214361	0.6581685	0.61516994	-0.62664264	-0.6625231	-0.59221804	-0.638138	0.616169	0.5990749	0.58436483	0.59566677	-0.5935022	-0.6122803	0.6433528	0.6441217	-0.6342587	0.66097623	-0.6334653	-0.5861081	0.6491023	-0.6696899	-0.57797915	0.65403783	-0.5978109	0.63119644	0.57087284	-0.6297477	-0.6464742	-0.6197317	-0.606835	0.5973277	-0.591835	-0.62941355	0.56126785	0.63894665	-0.64481664	-0.61355805	-0.58363914	-0.61179596	-0.586783	-0.6351404	0.5958936	-0.6384211	-0.6039521	-0.6388116	-0.5889568	0.66111016	0.60168946	-0.6690228	0.6213341	0.56652504	-0.649371	0.6170729	0.642653	-0.66566455	0.66743046	0.58759826	-0.58322453	-0.5820484	0.6132714	0.55307084	0.5863165	-0.6279842	-0.59152037	0.5608463	0.66962224	-0.61800665	0.6079977	0.6395682	0.63928056	0.64829606	0.56548136	0.64786035	-0.628601	-0.6193939	0.5708744	0.6408868	-0.5893262	0.6386267	-0.671996	0.62526685	0.5892077	-0.53691643	0.65247345	-0.5907707
-0.9019986	-0.93738437	-0.91074306	1.0063915	-0.8723886	-0.81238735	0.9201461	0.9188857	1.0131058	0.87830496	-0.8789408	-0.9405293	-0.8969382	0.90578556	-0.9273153	-0.93894243	0.9480381	0.9657222	-0.9804447	-0.9108793	-0.9562674	-1.0023721	0.9138901	0.96007913	0.90217364	0.95127624	-0.9866212	-0.92038244	0.94237524	0.95116776	-0.9162325	0.99571365	-0.9413317	-0.7576761	0.97979593	-0.97485745	-0.80373394	0.9816309	-0.8802197	0.9315244	0.9700233	-0.88427365	-0.9532613	-0.989002	-0.9308783	0.9006267	-0.87761253	-0.9371883	0.949684	0.88434184	-0.8372319	-1.0104704	-0.8235402	-0.9055708	-0.9179215	-0.94669604	0.9364342	-0.8776825	-0.8933023	-0.9152732	-0.9434588	0.94893897	0.8509703	-1.0092717	0.94469225	0.9406928	-0.9130687	0.89118767	0.94389963	-0.9176414	0.9740451	0.9895984	-0.93772215	-0.87741464	0.9377656	0.8827594	0.8826961	-1.0020281	-0.8351468	0.80593526	0.9337449	-0.86698055	0.99638784	0.8863627	0.8116846	0.97877353	0.9302037	0.9209111	-0.9235743	-0.91286296	0.947935	0.863705	-1.0348636	0.8510686	-0.92562133	0.95596206	1.0010784	-0.76581746	0.95602816	-0.9946949
-0.81174046	-0.86499184	-0.7515652	0.8510146	-0.7794392	-0.73625386	0.6666679	0.713203	0.82712835	0.7517012	-0.72604215	-0.8045188	-0.87238544	0.71797353	-0.7953508	-0.7750083	0.72140896	0.79085964	-0.78313196	-0.74305993	-0.7603339	-0.86224246	0.8165881	0.7999772	0.73166305	0.7865884	-0.7854837	-0.7609708	0.8320677	0.76777905	-0.82942474	0.80856174	-0.8259839	-0.68266064	0.8651524	-0.75574476	-0.6810402	0.77316356	-0.7222736	0.6845119	0.75282663	-0.67450535	-0.75018555	-0.74390584	-0.7149017	0.72324014	-0.6337682	-0.7054251	0.8015474	0.6776958	-0.74903613	-0.76491004	-0.7352772	-0.7316096	-0.78724897	-0.84546936	0.7729908	-0.74200976	-0.6761164	-0.7961386	-0.8462227	0.7409933	0.74003977	-0.7256551	0.77480567	0.7718154	-0.74068487	0.74656844	0.80728275	-0.7627488	0.7652517	0.84152925	-0.76377213	-0.7860861	0.7732466	0.7312264	0.6842663	-0.835886	-0.60528374	0.55003744	0.7686871	-0.772339	0.799203	0.7910057	0.70344275	0.8428167	0.7879152	0.78508765	-0.6358486	-0.6793576	0.8003837	0.6961551	-0.8396535	0.75335515	-0.78767294	0.7969567	0.78238386	-0.60710603	0.7806472	-0.7503046
-0.5703816	-0.6468404	-0.6330322	0.68541706	-0.60828465	-0.67605555	0.59063333	0.6184583	0.66694385	0.6038406	-0.64780354	-0.71776885	-0.7108808	0.6098719	-0.7022106	-0.74921244	0.7113282	0.64145625	-0.70662194	-0.7115672	-0.6593472	-0.67331624	0.6416953	0.6729807	0.62285286	0.6301455	-0.71140826	-0.67817336	0.7582683	0.6490318	-0.71058595	0.6667865	-0.6776844	-0.5659344	0.70634705	-0.7346612	-0.5957362	0.65625894	-0.68943995	0.6661245	0.7299995	-0.6272537	-0.6555665	-0.6814823	-0.64127874	0.67405003	-0.60754937	-0.68804586	0.7487208	0.6704278	-0.55265665	-0.7258189	-0.651088	-0.65766954	-0.70767635	-0.7159096	0.64260733	-0.70620185	-0.7034556	-0.616145	-0.6529242	0.5957748	0.62546	-0.6428292	0.70407164	0.6650634	-0.612839	0.63224334	0.7073954	-0.6915739	0.6200138	0.7204739	-0.66505516	-0.7002889	0.6454588	0.55444527	0.6226939	-0.7017895	-0.60075223	0.5549499	0.6901882	-0.604277	0.65462625	0.67960703	0.5064021	0.6752859	0.65696067	0.69569206	-0.6670432	-0.68782985	0.6204938	0.69982463	-0.6694829	0.7199543	-0.6253306	0.6838469	0.6903973	-0.5273662	0.6730467	-0.662417
-0.8808308	-0.991155	-0.92116064	0.94488883	-0.90490836	-0.8626267	0.8679006	0.81595975	0.94934016	0.92741704	-0.9183821	-0.98814785	-1.0578697	0.8766437	-0.98710006	-0.97185206	0.93913233	0.86125046	-0.9460995	-0.9240868	-1.0025083	-0.96699685	0.96564746	1.0123433	0.9406982	0.88919383	-0.9287086	-0.8806042	0.98868126	1.016651	-0.96963924	0.9587366	-1.0277022	-0.7693525	0.9684141	-0.94542724	-0.7890783	0.94881284	-0.9046912	0.8585774	1.0481137	-0.9750373	-0.8990654	-0.91711736	-0.91136384	0.9603678	-0.8435727	-0.9622814	1.0365077	0.91431266	-0.79713994	-1.0021828	-0.9084035	-0.9602721	-0.9979705	-1.0100245	0.9202183	-0.95913	-0.8841948	-0.93652844	-0.99033177	0.8544921	0.86554986	-0.9935067	0.89968425	1.0410606	-0.8342851	0.90544695	0.97387964	-0.9559585	0.86448866	1.0164579	-0.91418976	-0.971801	0.90061325	0.84931964	0.88585097	-0.9977294	-0.7862308	0.78468204	0.8362327	-0.7584652	0.937029	0.9610851	0.7695132	0.8960779	0.9635355	0.850157	-0.8480193	-0.90503967	0.9323066	0.856673	-0.99348927	0.97080255	-0.880249	0.88668895	1.0353177	-0.68194914	0.954758	-1.0101336
-0.60035926	-0.79559654	-0.74253374	0.8225795	-0.82563484	-0.8441228	0.79597634	0.6517081	0.76929307	0.76122755	-0.81113505	-0.8518331	-0.9170563	0.7334786	-0.87415403	-0.83993745	0.8133127	0.6834436	-0.8202785	-0.8184543	-0.85744524	-0.80695045	0.8407303	0.8416643	0.8232009	0.7481945	-0.7052175	-0.76192564	0.84736687	0.8479158	-0.7740629	0.91465575	-0.842471	-0.6575953	0.7655789	-0.8599022	-0.72031146	0.79829633	-0.7828938	0.69752306	0.91195446	-0.8105226	-0.8822643	-0.73923373	-0.8652248	0.90781575	-0.79537606	-0.76346457	0.90567505	0.83933675	-0.54101646	-0.8439267	-0.70370156	-0.78311354	-0.8618605	-0.83495617	0.7687367	-0.91262263	-0.8707439	-0.6786412	-0.80381376	0.7930471	0.691766	-0.82394004	0.7975646	0.833654	-0.6600005	0.67544997	0.8579462	-0.7858547	0.7594786	0.83624023	-0.79126114	-0.88312954	0.79693556	0.70471513	0.8058216	-0.8423789	-0.7638142	0.59411895	0.6583307	-0.617338	0.7858138	0.74283373	0.6007974	0.702586	0.8113975	0.62713104	-0.80637807	-0.80405444	0.79375404	0.83997005	-0.77584565	0.8650391	-0.7941491	0.74866515	0.8365228	-0.6252392	0.8204335	-0.87198997
-0.7207403	-0.9393265	-0.90638244	0.9682895	-0.8640839	-0.8747181	0.8853091	0.78662336	0.9661724	0.904092	-0.9764218	-0.97774917	-0.972451	0.8395497	-0.9503703	-1.0013276	1.0456952	0.8176823	-0.95125026	-0.98744303	-0.9533406	-0.9450381	1.0218835	0.9507689	0.9203108	0.8536714	-0.877553	-0.83892	0.9769655	0.96159524	-0.89465064	1.036517	-0.95070827	-0.81937945	0.95344377	-0.98643804	-0.8066245	0.90941346	-0.8256389	0.7957778	1.0106002	-0.9132288	-0.9578519	-0.8369731	-0.93897516	0.98712707	-0.8018061	-0.86989945	0.9523001	0.97795314	-0.71356237	-0.91654366	-0.83875686	-0.92274153	-0.9877905	-0.996072	0.91422033	-0.9396027	-0.9866412	-0.8889127	-0.9949968	0.8914689	0.7548721	-1.0298278	0.93141735	0.95689654	-0.77849007	0.82758987	1.0330962	-0.9831051	0.8410467	0.9321449	-0.8896892	-0.97933036	0.8632066	0.8774019	0.8881283	-0.9918026	-0.7958265	0.7763943	0.7688646	-0.7785001	0.90629756	0.91090417	0.7128566	0.82088166	0.882002	0.80452174	-0.9061531	-0.8762266	0.857939	0.91996264	-0.9607991	0.96063673	-0.92821336	0.85141057	1.01144	-0.7359514	0.91541654	-0.95429146
-0.96409	-0.9935401	-0.9671574	0.9656021	-0.9354749	-0.77204823	0.87545526	0.8963384	1.026157	0.9369655	-0.8665366	-0.97282016	-0.95763165	0.8731852	-0.8857689	-1.0039895	0.9701322	0.9118227	-0.9643323	-0.96509516	-0.99270326	-0.99442977	0.894593	0.9585861	0.92207295	0.9380943	-0.98301315	-0.9722648	0.932153	0.9475136	-0.9968803	0.9550723	-0.93664724	-0.81325746	1.0125934	-0.9122486	-0.8180845	1.0049363	-0.94837415	0.89037967	0.9060428	-0.87201107	-0.97642374	-0.9746629	-0.91062677	0.9180079	-0.80437875	-0.9024276	0.93840224	0.9101955	-0.88471305	-0.99591786	-0.883481	-0.9691505	-0.9044955	-0.99474627	0.95435035	-0.8523727	-0.9249509	-0.93329424	-1.0176829	0.87324744	0.8605468	-0.99953324	0.98312867	0.9980694	-0.9365482	0.9420018	0.9751727	-0.99445254	0.9668303	0.9984111	-0.9951225	-0.92078	0.9461165	0.88395685	0.86712855	-1.0208522	-0.76746434	0.815465	0.94690394	-0.86081177	1.0170089	0.9609577	0.8223482	0.9886463	0.97541	1.0105997	-0.8185931	-0.86636835	0.9096056	0.8709201	-1.0358319	0.8168794	-0.9758109	1.0162644	0.96746206	-0.7618745	0.9201387	-1.0012786
-0.79039353	-0.9048492	-0.7971133	0.8212529	-0.7992591	-0.77907914	0.7770432	0.7850439	0.83880734	0.7961623	-0.8307281	-0.8472813	-0.8693305	0.75181895	-0.88263446	-0.82772034	0.79714423	0.86412907	-0.8190323	-0.8785284	-0.8259514	-0.89994735	0.8567566	0.8083287	0.81727207	0.8907719	-0.86709964	-0.79041195	0.7949076	0.81115526	-0.8629447	0.8243748	-0.8398555	-0.7947808	0.81072366	-0.79751045	-0.73639506	0.8413168	-0.8338682	0.77871233	0.8597349	-0.79052097	-0.78847873	-0.8601856	-0.769798	0.81669563	-0.77767223	-0.7939036	0.8085073	0.7887182	-0.80898035	-0.8168217	-0.852035	-0.8436646	-0.81106895	-0.87058556	0.7974895	-0.8090436	-0.8548893	-0.85215044	-0.84061956	0.8304747	0.77977574	-0.7779087	0.7894084	0.91839683	-0.78413326	0.8645392	0.82625806	-0.86913407	0.8081218	0.8214451	-0.8610457	-0.85018533	0.81851786	0.84108824	0.80875516	-0.8864909	-0.8270532	0.748579	0.8277284	-0.7277843	0.79667467	0.8694536	0.7286557	0.92777246	0.86644024	0.8208501	-0.81456494	-0.8159797	0.8390673	0.79283196	-0.8403363	0.79089475	-0.8343641	0.90135896	0.82568675	-0.7275312	0.8457016	-0.82426333
-0.7782147	-0.8837412	-0.84525084	0.86823833	-0.80078834	-0.67381287	0.8244736	0.8076921	0.8373167	0.8096284	-0.71244603	-0.85681975	-0.911711	0.78773654	-0.8531917	-0.8413916	0.75261354	0.8238421	-0.7586407	-0.79316646	-0.83541244	-0.8151938	0.8179176	0.7964624	0.7789889	0.79759365	-0.8815932	-0.81992906	0.8614429	0.81828153	-0.9059391	0.8321479	-0.8331823	-0.7975133	0.8705866	-0.8087302	-0.78338534	0.8510218	-0.8004662	0.7543448	0.8364936	-0.80699575	-0.7994681	-0.8316895	-0.7752612	0.70750797	-0.75326544	-0.8089206	0.74716	0.73312527	-0.7410269	-0.86790055	-0.82911325	-0.7762579	-0.8147821	-0.8728004	0.8827505	-0.75391096	-0.7369947	-0.86966574	-0.85434014	0.8175715	0.8568295	-0.83924705	0.81257015	0.856788	-0.7984206	0.80198723	0.75248796	-0.88237417	0.8172618	0.8043048	-0.7845562	-0.7484568	0.76788944	0.77973115	0.77853656	-0.8391337	-0.6596523	0.7784305	0.82183367	-0.8136921	0.8936074	0.79764444	0.81767553	0.82825446	0.8739835	0.8559685	-0.702208	-0.79033685	0.84994096	0.851454	-0.8785841	0.82240033	-0.7897843	0.9203562	0.81147504	-0.74331105	0.8119864	-0.8408532
-0.71395814	-0.8640733	-0.8495898	0.8888934	-0.8322813	-0.78522927	0.8170675	0.7560732	0.79899246	0.8719843	-0.89696586	-0.91494536	-0.8897888	0.8693127	-0.8122745	-0.86993253	0.8882904	0.7668291	-0.84808725	-0.802617	-0.94000286	-0.8841863	0.8734027	0.9132432	0.92367435	0.84857297	-0.86173385	-0.74686015	0.89592296	0.87562865	-0.7783059	0.8028756	-0.90851575	-0.74088734	0.8478619	-0.8477827	-0.74281126	0.77729535	-0.8398398	0.84203756	0.92277426	-0.8829737	-0.8665295	-0.7924142	-0.8382821	0.869303	-0.7775931	-0.8659702	0.9052532	0.8189605	-0.70883936	-0.86301315	-0.8181742	-0.85659164	-0.82694775	-0.9284509	0.86413145	-0.89677185	-0.8247986	-0.7784837	-0.8163073	0.85698277	0.8245323	-0.8898515	0.86365134	0.8644578	-0.7042373	0.72457314	0.85386467	-0.8963095	0.81861514	0.87734854	-0.8406904	-0.90002584	0.8351083	0.8704313	0.82906294	-0.8528338	-0.83944714	0.7614913	0.71352834	-0.7391002	0.795114	0.8918257	0.7075225	0.79449344	0.8040512	0.73063344	-0.8120927	-0.865908	0.8556237	0.8357962	-0.78530955	0.89387697	-0.794873	0.7828777	0.89304626	-0.68462324	0.7950574	-0.91938436
-0.7724344	-0.98052067	-0.96162915	0.950181	-0.8588454	-0.90157545	0.844209	0.80353457	0.9429903	1.0016204	-0.91416746	-1.0478344	-0.96590334	0.8777602	-0.9654393	-0.9891302	0.9985285	0.9259874	-1.0190428	-0.985851	-1.0242364	-0.99565405	0.96266854	1.0052178	0.94544464	0.9302749	-0.98089826	-0.89862955	1.047673	0.9973701	-0.9856181	1.0291474	-1.0388048	-0.819222	0.9436329	-0.9736308	-0.8002455	0.9841086	-0.9067786	0.87216306	1.0166792	-0.9444895	-1.016762	-0.9651879	-0.96854764	0.9370951	-0.89570355	-0.9755489	0.99441165	0.9956797	-0.69278103	-1.0088763	-0.8583091	-0.93681747	-1.003648	-1.0165783	0.990892	-1.0832767	-0.9249734	-0.88940597	-0.98185045	0.86765075	0.7791989	-1.0624952	0.95510393	1.0372872	-0.8206818	0.81971204	0.96721727	-0.98124546	0.8557005	0.9590914	-1.0283735	-0.93216425	0.9226022	0.85119635	0.9746221	-0.97568244	-0.878972	0.69407654	0.8264676	-0.81476605	0.9330895	0.9010328	0.7266832	0.8984393	1.01674	0.89375496	-0.9036014	-0.9648271	0.99687386	0.8729078	-0.91661566	0.9743859	-0.98194426	0.9620653	1.0306793	-0.71779764	0.9172025	-0.9834699
-0.6138656	-0.8889254	-0.7543877	0.805952	-0.7995813	-0.7902921	0.710618	0.7387635	0.7423065	0.8055893	-0.8029069	-0.9085928	-0.92193884	0.734425	-0.8797141	-0.8313884	0.87856793	0.69628733	-0.7692748	-0.8532152	-0.8575144	-0.7630541	0.86823666	0.80261546	0.8480252	0.746956	-0.8116347	-0.7282402	0.8574448	0.819648	-0.74349093	0.8346404	-0.9088689	-0.7104483	0.7395877	-0.8950644	-0.6769626	0.8019074	-0.7410658	0.7058731	0.90574646	-0.7693202	-0.83227044	-0.786531	-0.817627	0.8868214	-0.71823835	-0.7324344	0.8455483	0.76419055	-0.60604423	-0.8180403	-0.66850024	-0.8671367	-0.84360594	-0.8589348	0.7753942	-0.90753317	-0.8845345	-0.7126416	-0.7875147	0.78553617	0.6696403	-0.8338168	0.77237684	0.8446664	-0.64967215	0.70361084	0.9093443	-0.77970564	0.69855285	0.87304497	-0.7700806	-0.86629564	0.7700501	0.75541145	0.76705533	-0.84783065	-0.6804814	0.6849107	0.6960393	-0.6488909	0.8102771	0.7447347	0.5892316	0.6631648	0.7657944	0.6891644	-0.80272543	-0.74083954	0.7867391	0.83121073	-0.7254101	0.89689785	-0.770082	0.7299815	0.8337053	-0.6240682	0.8342454	-0.88036835
-0.68835604	-0.7906047	-0.77810824	0.79616183	-0.7700054	-0.7630064	0.78798866	0.70837337	0.84229255	0.83881336	-0.7794287	-0.8224708	-0.8154606	0.7577987	-0.87580353	-0.85564494	0.8028295	0.81871253	-0.8053003	-0.7865511	-0.82063395	-0.7986763	0.8648281	0.80740005	0.81961584	0.80214614	-0.8292821	-0.75238264	0.84280956	0.81275153	-0.8203863	0.8494584	-0.7551713	-0.77078605	0.79881227	-0.86765915	-0.7097069	0.81790036	-0.7767532	0.781074	0.8448913	-0.8115125	-0.81690985	-0.81301385	-0.8645325	0.77064127	-0.7298441	-0.8472078	0.74687064	0.8305932	-0.6839489	-0.8327166	-0.8094197	-0.86803246	-0.86835206	-0.824767	0.84246874	-0.76471174	-0.82792	-0.79495203	-0.801819	0.8005462	0.75714076	-0.8233693	0.8091688	0.8691798	-0.7803451	0.8050152	0.8344333	-0.8248217	0.8393809	0.8604841	-0.8082457	-0.8807956	0.79882526	0.854465	0.80772746	-0.8599967	-0.8433683	0.7646801	0.7910358	-0.7305286	0.8428065	0.8362161	0.7563017	0.7543967	0.795723	0.8127355	-0.7712761	-0.8062302	0.7762447	0.8061175	-0.78673023	0.7160614	-0.83386415	0.76098895	0.8877011	-0.679111	0.82447493	-0.7814942
-0.6511999	-0.86489457	-0.7232098	0.81042653	-0.7140004	-0.7751181	0.684344	0.6492927	0.8480825	0.7774233	-0.77652913	-0.81503296	-0.8955638	0.67462945	-0.79239064	-0.90083325	0.85155207	0.7076322	-0.7923985	-0.7946064	-0.8316767	-0.8246881	0.77650857	0.799943	0.77592635	0.71839315	-0.8253792	-0.7295609	0.87824064	0.8170277	-0.7482239	0.7950668	-0.86924046	-0.61586434	0.82716125	-0.83817273	-0.5992935	0.71533173	-0.69204515	0.7172007	0.81322765	-0.7992082	-0.84180343	-0.79576015	-0.7866044	0.79348475	-0.7408236	-0.72573954	0.86143214	0.8096789	-0.56921107	-0.8238219	-0.6868917	-0.7548718	-0.77636147	-0.8859733	0.8461242	-0.8812818	-0.8471086	-0.70666295	-0.7787854	0.73693883	0.689044	-0.804011	0.81421643	0.82948214	-0.63072276	0.6363372	0.8154576	-0.7987341	0.71045685	0.80183035	-0.81935614	-0.7905855	0.7534099	0.71968716	0.771368	-0.8507118	-0.72741044	0.56926024	0.7176847	-0.6202688	0.77512234	0.6852476	0.5491781	0.7570255	0.80810714	0.7180524	-0.79667175	-0.7268256	0.77443784	0.77399653	-0.80550915	0.7932542	-0.7181843	0.793302	0.85809714	-0.53875947	0.7463682	-0.8248157
-0.8767462	-0.9872423	-0.91925716	0.9713745	-0.8418431	-0.8938831	0.78968805	0.8096702	0.9713959	0.9252833	-0.95834225	-0.93381876	-0.98684716	0.85807675	-0.9593289	-0.97982144	0.9440173	0.8835285	-0.90928537	-0.90203774	-0.9443229	-0.93427	0.9671579	0.9470087	0.9099928	0.9595568	-0.967771	-0.8230203	1.0214162	0.91786027	-0.9386788	0.98937094	-0.9435489	-0.64307046	0.8970728	-0.9181972	-0.69649774	0.89780164	-0.8810979	0.7786664	0.9632493	-0.8717156	-0.93587756	-0.92552793	-0.91867685	0.8969634	-0.6898023	-0.8555922	0.93654627	0.9463272	-0.73822266	-0.99665415	-0.7679079	-0.88878524	-0.974209	-1.0260516	0.86939734	-0.9792201	-0.8814857	-0.8772571	-0.9628867	0.90191185	0.8198187	-0.97686636	0.93447345	0.95528173	-0.89514244	0.81968105	1.0092915	-0.9069172	0.88992393	0.97688806	-0.9108472	-0.906789	0.9090734	0.8541333	0.8945431	-0.94146496	-0.7852221	0.5832468	0.8530606	-0.75478154	0.98402375	0.8498264	0.7322738	0.9654615	0.8970909	0.9030071	-0.853758	-0.83613175	0.8712148	0.90985453	-0.97174644	1.01434	-0.920923	0.89176375	1.0074099	-0.55538744	0.925553	-0.9777989
-0.64045566	-0.6347963	-0.6159034	0.6487659	-0.62536013	-0.6332021	0.5809295	0.63565373	0.648121	0.5912698	-0.619589	-0.606446	-0.5886659	0.643538	-0.6102428	-0.5798242	0.6527294	0.66326064	-0.5806024	-0.59069806	-0.64186424	-0.617503	0.57124555	0.6043789	0.6464987	0.6339716	-0.66202855	-0.5910343	0.5871484	0.6221684	-0.6620055	0.6006522	-0.5859825	-0.59999436	0.6165359	-0.6405588	-0.580787	0.6383313	-0.6640867	0.5846889	0.55846393	-0.58929354	-0.65420914	-0.63112444	-0.6105816	0.63661414	-0.5683994	-0.66450024	0.6613419	0.6331957	-0.56615704	-0.59858114	-0.66178834	-0.6220142	-0.5865923	-0.5974317	0.67329156	-0.56302214	-0.60578686	-0.626363	-0.5872723	0.5812348	0.638453	-0.67483354	0.59652144	0.64031374	-0.6237724	0.657874	0.6708525	-0.66999775	0.66356665	0.6319034	-0.6614359	-0.585981	0.6055264	0.64879024	0.6193485	-0.68219495	-0.6403895	0.54055744	0.59192854	-0.57922643	0.6786116	0.6443371	0.6454996	0.65046275	0.6118028	0.6264412	-0.6529349	-0.5982951	0.6571098	0.6169033	-0.65353435	0.5923712	-0.62662923	0.6335578	0.62121785	-0.56885076	0.68027043	-0.6122264
-0.7720759	-0.8954709	-0.7749062	0.84042674	-0.76282686	-0.88705635	0.6715291	0.6952401	0.8758262	0.8356585	-0.79842937	-0.8431324	-0.9912948	0.7144555	-0.9364017	-0.9136696	0.9160526	0.76389724	-0.86772877	-0.8534737	-0.9219273	-0.84849745	0.85818905	0.8604746	0.85613906	0.82174826	-0.88145024	-0.740384	0.9844834	0.8241427	-0.7795283	0.9150342	-0.89621055	-0.5473047	0.8694897	-0.8858088	-0.6388717	0.7951552	-0.77757794	0.75837475	0.88214	-0.8536176	-0.87385577	-0.75750816	-0.82949203	0.8682989	-0.67244947	-0.7532639	0.9215594	0.8656817	-0.7130073	-0.8245189	-0.706541	-0.8270248	-0.9045643	-0.92743886	0.8321459	-0.8894244	-0.82565373	-0.7610138	-0.82854724	0.7708292	0.6848425	-0.8255674	0.8344404	0.8877382	-0.7341422	0.788201	0.9507489	-0.86869895	0.7934308	0.9188058	-0.8224781	-0.868616	0.7762117	0.71283954	0.7018088	-0.8504393	-0.6615636	0.54702806	0.80467325	-0.69940543	0.774841	0.8254173	0.65340894	0.83922654	0.78726006	0.7628956	-0.7852817	-0.78871036	0.794626	0.82809526	-0.8131821	0.9736136	-0.8006862	0.8690578	0.9301929	-0.5651228	0.8403594	-0.9328382
-0.771349	-0.80013645	-0.7312573	0.8097706	-0.79405737	-0.7029103	0.7819669	0.7343172	0.8182397	0.81661785	-0.77011716	-0.7981065	-0.7903417	0.7143438	-0.8067794	-0.76151985	0.74487346	0.7735354	-0.8180456	-0.826622	-0.7387298	-0.8212814	0.7509471	0.7525161	0.7997181	0.7592351	-0.82706434	-0.7744788	0.75401115	0.8142849	-0.82694846	0.78273576	-0.7603123	-0.71287364	0.81152076	-0.81550723	-0.69900066	0.75647134	-0.73319304	0.80340075	0.80890846	-0.7606771	-0.74989754	-0.72723025	-0.78638667	0.7436946	-0.70673823	-0.8076932	0.7439683	0.7727337	-0.710655	-0.77600765	-0.7477415	-0.801607	-0.7934465	-0.729283	0.80444217	-0.76162374	-0.7565627	-0.8154739	-0.7338823	0.7637177	0.6957259	-0.77659	0.7903302	0.7692577	-0.77057606	0.74029964	0.7825483	-0.7931058	0.78956157	0.7440676	-0.75138927	-0.75721216	0.7319075	0.724264	0.7499677	-0.8082268	-0.7719369	0.65334797	0.75549537	-0.6939011	0.73254704	0.7207727	0.7219113	0.74830514	0.7815745	0.7597505	-0.77012676	-0.7821252	0.73674506	0.74191076	-0.826642	0.6750706	-0.7599312	0.75476515	0.7780022	-0.6871973	0.73238677	-0.73138225
-0.43705037	-0.8730009	-0.7481228	0.82850724	-0.84680444	-1.0053698	0.8654339	0.6677299	0.65148425	0.95490646	-0.9938109	-0.9779435	-1.0325487	0.8185527	-0.9740827	-1.0463767	0.9758252	0.65694946	-0.9451342	-0.89681965	-0.9971309	-0.75112814	1.0158653	0.8688516	0.98972714	0.6727866	-0.6927031	-0.6969768	1.0036516	0.9637826	-0.78182274	0.99095386	-0.92956895	-0.76415515	0.6849279	-1.0483104	-0.7916024	0.71207976	-0.71701723	0.78289914	1.041518	-0.9953955	-1.0363636	-0.7951171	-0.8505693	1.0050349	-0.8929917	-0.8323529	1.0448523	0.97657335	-0.47529146	-0.9042738	-0.70202297	-0.80961394	-0.95393324	-0.9363844	0.9509494	-0.99328196	-1.0396581	-0.5169126	-0.9214555	0.9027036	0.6328262	-1.0289303	0.9051905	0.9016043	-0.4998628	0.5371124	0.9685054	-0.9022981	0.7023982	0.9029234	-0.96990424	-0.9887018	0.8815397	0.8343837	0.99364495	-0.9351437	-0.8998567	0.7237898	0.5195096	-0.43875042	0.80074924	0.74264544	0.5456717	0.4786234	0.81110376	0.47574836	-0.978032	-0.96182024	0.8940476	0.8555113	-0.6499089	1.0573611	-0.9118068	0.5913053	0.99771917	-0.7546771	0.86307013	-0.9790275
-0.7518759	-0.7585808	-0.8188193	0.79626673	-0.7396991	-0.6545709	0.85155416	0.7569711	0.76627153	0.76544595	-0.7385941	-0.81729114	-0.7301476	0.8546279	-0.7890203	-0.80469	0.80709696	0.8101239	-0.75927734	-0.7863045	-0.8033281	-0.78603464	0.7714492	0.8552022	0.7939857	0.8321671	-0.7473147	-0.8268122	0.77631354	0.7951189	-0.738749	0.74248946	-0.7789338	-0.8129958	0.78717	-0.7647666	-0.80613977	0.80241966	-0.83098453	0.84392005	0.7588963	-0.74531406	-0.7254707	-0.80669385	-0.76618725	0.7170991	-0.7601248	-0.80052674	0.69472384	0.77247953	-0.7490758	-0.7983319	-0.7914429	-0.8535761	-0.8380114	-0.78380966	0.8353671	-0.6930192	-0.6986618	-0.8296914	-0.8296061	0.7983103	0.7634453	-0.7875062	0.78815013	0.7646563	-0.7579561	0.8279591	0.78677934	-0.7967837	0.7665889	0.75469035	-0.7825739	-0.72823805	0.84193516	0.7626849	0.7648639	-0.81641746	-0.78014624	0.82229614	0.7997647	-0.81606525	0.808672	0.81237245	0.7147247	0.7561477	0.85970545	0.8488406	-0.7867348	-0.74883944	0.80069524	0.7869337	-0.83609104	0.73913944	-0.8030324	0.80683255	0.82392716	-0.78575456	0.7541987	-0.75862247
-0.7285409	-0.80636024	-0.8367352	0.86678296	-0.7980542	-0.9011309	0.7790742	0.7688848	0.84105587	0.8646981	-0.84315735	-0.8948516	-0.900979	0.81757677	-0.8324317	-0.91044074	0.89545965	0.73345095	-0.876397	-0.8523874	-0.8961114	-0.8300125	0.803223	0.7907664	0.8119474	0.8235229	-0.8441498	-0.82661855	0.8683837	0.8054193	-0.76347846	0.8272929	-0.8526439	-0.76035804	0.8346992	-0.81458086	-0.73951054	0.76376444	-0.7940833	0.74301004	0.92520237	-0.8602431	-0.8744754	-0.8359938	-0.78298223	0.87840056	-0.7743063	-0.8110876	0.85558283	0.8413898	-0.7260015	-0.81435394	-0.81661063	-0.86377925	-0.88625866	-0.8198912	0.8579859	-0.918474	-0.8151913	-0.8228395	-0.81103206	0.81693417	0.7737491	-0.813773	0.8016373	0.8452421	-0.7678372	0.7826708	0.88201845	-0.8873534	0.7392031	0.85829633	-0.8343138	-0.8391629	0.79608375	0.8175309	0.83369195	-0.90181327	-0.83383447	0.7579436	0.80484307	-0.69242936	0.7651951	0.81849074	0.6787653	0.8102968	0.8844713	0.7706516	-0.77833486	-0.83495706	0.82872176	0.7745571	-0.8564952	0.92329407	-0.8816608	0.7638876	0.9126916	-0.710327	0.76446897	-0.90660924
-0.6319281	-0.975448	-0.83220166	0.96422464	-0.8308607	-0.96936184	0.8542359	0.70053893	0.89192605	1.0094601	-1.0303692	-1.0297896	-1.0933009	0.8779563	-0.9495944	-1.1018277	1.0804268	0.7334061	-1.0030258	-0.9739263	-1.0641844	-0.8939517	1.0025893	0.94778794	1.0259733	0.82702833	-0.91746587	-0.877651	1.0647305	0.9485918	-0.80233496	1.088667	-0.93868935	-0.68904144	0.88423944	-0.9975472	-0.71892464	0.85935956	-0.79104674	0.8028972	1.0802407	-1.0225359	-0.9880095	-0.9232	-0.94913393	1.0330118	-0.8367548	-0.91812664	1.023261	0.9980222	-0.5343619	-0.9903365	-0.73899305	-0.94417584	-0.994277	-0.9788972	0.9954257	-1.0445364	-1.0601763	-0.82624316	-0.8993618	0.87211305	0.665409	-1.0737983	0.97221714	0.962433	-0.72119635	0.70440704	1.0401728	-0.9767482	0.7589991	1.0129056	-1.0148925	-0.9841265	0.90287817	0.8741525	0.99033755	-1.0194696	-0.88438445	0.64410573	0.73413235	-0.63999385	0.84875834	0.829778	0.55341065	0.7871959	0.8867309	0.7744895	-0.9494239	-1.0066966	0.9428381	0.97765946	-0.91032505	1.0774709	-0.8770725	0.84486115	1.0356842	-0.66506964	0.8461942	-1.1186653
-0.626558	-0.78247136	-0.77626276	0.8227206	-0.8257739	-0.8634345	0.8101961	0.7070479	0.8395945	0.8875195	-0.82850873	-0.86410177	-0.8763605	0.77305263	-0.8466809	-0.86203307	0.8241118	0.7767207	-0.8636904	-0.87116176	-0.90973556	-0.8064257	0.871421	0.8312212	0.851634	0.77467346	-0.7772128	-0.76931316	0.82721686	0.86181873	-0.78753287	0.83392215	-0.7988713	-0.6675704	0.8362566	-0.82554144	-0.6594513	0.74831176	-0.77214104	0.7885928	0.9173383	-0.8329497	-0.878089	-0.8278762	-0.88067657	0.88635576	-0.83369344	-0.81350166	0.8762366	0.86614454	-0.64888304	-0.84292024	-0.7363887	-0.86710995	-0.81907004	-0.90671	0.86466324	-0.8624863	-0.8920151	-0.7710458	-0.81262594	0.78838176	0.7008774	-0.83455336	0.8146139	0.8708073	-0.7187268	0.69813555	0.8299412	-0.83171827	0.8078101	0.8884185	-0.8629688	-0.87221247	0.8739118	0.86280143	0.8760475	-0.8654185	-0.860107	0.7333547	0.6970827	-0.6641119	0.7949912	0.79821855	0.6342634	0.7639794	0.83293295	0.7499486	-0.8798898	-0.83717394	0.8177152	0.8716839	-0.8518068	0.91513926	-0.86303365	0.75615424	0.8320577	-0.67857295	0.79849464	-0.89480907
-0.7192493	-0.7510206	-0.7761169	0.8317322	-0.76442534	-0.8179029	0.83187336	0.72919744	0.7855603	0.7886392	-0.77338135	-0.8369375	-0.74486786	0.7262151	-0.79218924	-0.7987861	0.8393675	0.76064247	-0.84354615	-0.82663804	-0.79833764	-0.7845677	0.8282023	0.8189645	0.7954194	0.7152289	-0.80102783	-0.7133119	0.83530235	0.7740677	-0.7773799	0.8801842	-0.79402536	-0.7718923	0.7371255	-0.872966	-0.7938174	0.80020577	-0.76744825	0.7604441	0.8054928	-0.80729336	-0.8518222	-0.7719264	-0.8029472	0.8003984	-0.80714995	-0.8228981	0.83892673	0.842079	-0.70068765	-0.8155293	-0.7952525	-0.79101837	-0.84492373	-0.8276111	0.81595993	-0.8102051	-0.79835755	-0.7674107	-0.8077686	0.7887706	0.7304106	-0.8766261	0.8036157	0.8095147	-0.6630715	0.751275	0.79074097	-0.8052434	0.72370803	0.79220134	-0.84348065	-0.8402333	0.8183428	0.7758584	0.81268144	-0.8305218	-0.815099	0.6913677	0.70365167	-0.7146783	0.78996855	0.72527593	0.6560992	0.72701156	0.7681254	0.73956347	-0.7920013	-0.79041916	0.82720655	0.7657881	-0.77034956	0.7340397	-0.8268789	0.7199543	0.8049072	-0.7248849	0.81934536	-0.8505306
-1.0100468	-1.0320204	-0.93942326	1.0208206	-0.96789634	-0.7696239	0.8257471	0.8646956	1.0623504	0.90523404	-0.89906764	-1.0004807	-0.9733903	0.94532055	-0.9156639	-1.0088497	0.91438854	0.99134415	-0.9492922	-0.91842943	-1.0527798	-1.0232799	0.88943034	0.9837682	0.87694633	0.9593652	-1.059885	-0.9767138	0.898288	0.96792686	-1.0482693	0.9874499	-0.95625126	-0.76572675	1.0152515	-0.9108638	-0.7590879	0.9957495	-0.90761065	0.90145123	0.924115	-0.930099	-0.8681932	-0.9979057	-0.9492778	0.9002984	-0.7391818	-1.0005258	0.8576106	0.87593746	-0.90708524	-0.9626778	-0.8770098	-0.9342682	-0.9270073	-0.98932606	0.9993295	-0.87358046	-0.7998466	-1.0632392	-1.0450032	0.9028363	0.8818349	-0.9602052	0.925474	1.051759	-0.970961	0.9104495	1.0082232	-1.0054439	0.9391589	0.9640593	-0.97888815	-0.9186191	0.97699654	0.8612163	0.83763796	-0.99050665	-0.70484054	0.67268157	0.9922545	-0.8910297	1.0219318	0.93723345	0.85368997	1.078561	1.0108217	1.071386	-0.7663087	-0.81126446	0.992003	0.88644135	-1.0276544	0.9135364	-0.9005112	1.0411897	0.99965894	-0.7419276	0.9534406	-0.91293615
-0.7028743	-0.80177027	-0.8148173	0.82936347	-0.854628	-0.857405	0.8434156	0.807651	0.75104463	0.8987852	-0.90850735	-0.90426284	-0.7838158	0.8578998	-0.8917883	-0.8470266	0.82022005	0.7856001	-0.8727548	-0.847265	-0.9271313	-0.8281662	0.8810382	0.89232403	0.8663169	0.7986581	-0.82008374	-0.7971393	0.87055784	0.86852527	-0.8175233	0.8961172	-0.7877771	-0.75666106	0.7926502	-0.8682661	-0.8222031	0.7945798	-0.84664816	0.8205344	0.82998294	-0.8818108	-0.9043969	-0.7961708	-0.85381943	0.867245	-0.81844866	-0.88207006	0.88386405	0.9172697	-0.7547291	-0.87273777	-0.80208075	-0.84525114	-0.89974546	-0.83144	0.8590888	-0.88056225	-0.84477156	-0.78852034	-0.87987584	0.8629766	0.8264484	-0.85278845	0.84787154	0.8289662	-0.7591281	0.6968851	0.8384494	-0.915034	0.81069916	0.815582	-0.924628	-0.843805	0.868664	0.8618729	0.92526853	-0.8885329	-0.89772177	0.7554182	0.74662375	-0.7902758	0.8584329	0.78704476	0.64489216	0.7271447	0.8205898	0.7557214	-0.94687563	-0.9191979	0.89796275	0.91839546	-0.8405541	0.80696553	-0.9081146	0.8218919	0.8551252	-0.7324888	0.8338281	-0.9324812
-0.78828615	-0.923979	-0.8313573	0.8649344	-0.8640816	-0.9442851	0.8092801	0.7414598	0.8983926	0.8819844	-0.8935079	-0.8746317	-0.9291453	0.8670391	-0.89999217	-0.9006272	0.9284033	0.76939815	-0.8742469	-0.83450866	-0.8545216	-0.88110244	0.8858033	0.83741367	0.84792644	0.8460046	-0.88630486	-0.81531024	0.9192245	0.8975809	-0.81233126	0.8617526	-0.92375314	-0.7431803	0.8876718	-0.921609	-0.75390834	0.79147834	-0.84919125	0.8399546	0.94930136	-0.8878188	-0.91484135	-0.7964039	-0.87107754	0.93830836	-0.86632985	-0.8189805	0.9075076	0.9374201	-0.6503499	-0.84189534	-0.7166433	-0.83073515	-0.85477	-0.8945881	0.82881457	-0.95513403	-0.8971685	-0.834939	-0.895127	0.8467948	0.746443	-0.8889785	0.84942716	0.9122377	-0.79231524	0.72483444	0.86155707	-0.91172963	0.7913796	0.8548991	-0.83944094	-0.91050786	0.801188	0.8304224	0.82952094	-0.8627829	-0.85614157	0.70175105	0.7949361	-0.72326267	0.83346176	0.80633473	0.7006235	0.78579587	0.87620234	0.84569466	-0.8385994	-0.90049464	0.88991416	0.8395603	-0.8042071	0.957945	-0.85146123	0.8937691	0.91121024	-0.72797126	0.851239	-0.8757289
-0.8472356	-0.8748423	-0.8376798	0.8176506	-0.8615496	-0.8522652	0.83100325	0.8277893	0.8726728	0.8550334	-0.884108	-0.8597213	-0.87133175	0.7983219	-0.83852416	-0.8957617	0.89754343	0.8007403	-0.8319442	-0.8578246	-0.927751	-0.93676883	0.8431266	0.91388947	0.87321514	0.83476025	-0.9624498	-0.8396282	0.90947604	0.9091	-0.91144687	0.9113074	-0.9151171	-0.7751257	0.8826546	-0.93486434	-0.73510575	0.8671072	-0.82864934	0.7741154	0.91466016	-0.83685464	-0.8696599	-0.9117359	-0.86137885	0.8061076	-0.71885127	-0.83427626	0.8686661	0.8676266	-0.72667766	-0.8688518	-0.7693374	-0.92458034	-0.91586643	-0.8513069	0.8773098	-0.88635194	-0.8854294	-0.82749295	-0.88509566	0.7704058	0.81360376	-0.8990717	0.91814125	0.93634593	-0.7995171	0.83146167	0.88478065	-0.93048644	0.8731969	0.87137794	-0.9282799	-0.80006486	0.83432764	0.7834255	0.7823513	-0.9222594	-0.7135048	0.60867137	0.8139429	-0.80228686	0.91688514	0.83364713	0.76342154	0.9035987	0.82057905	0.90875345	-0.8364656	-0.8662257	0.85660344	0.8692117	-0.9062856	0.8226108	-0.83155537	0.9271565	0.9414076	-0.61142427	0.845961	-0.87915087
-0.5171838	-0.6065318	-0.6239595	0.68129164	-0.55805606	-0.6349158	0.6383951	0.52431774	0.5914649	0.60519534	-0.63718957	-0.6772136	-0.62306935	0.5291873	-0.64006525	-0.63564754	0.6046052	0.53093785	-0.60630506	-0.6059375	-0.6721574	-0.60828173	0.60728014	0.6809433	0.6239113	0.56982726	-0.6439915	-0.5287213	0.6735631	0.6275462	-0.6147897	0.6435369	-0.6321333	-0.4926831	0.6268009	-0.63047403	-0.4784867	0.59806615	-0.60788333	0.53398603	0.70143765	-0.6718739	-0.6680327	-0.64966875	-0.6246552	0.6841504	-0.53190917	-0.6350536	0.666905	0.6167468	-0.40886045	-0.7026429	-0.5043713	-0.6763854	-0.634519	-0.65741754	0.6600283	-0.6493101	-0.6352291	-0.61069983	-0.5907008	0.5998161	0.48656222	-0.65275943	0.71585023	0.62354	-0.52318263	0.5234599	0.6886442	-0.6717812	0.5944602	0.5977144	-0.61985594	-0.63352007	0.60462797	0.54977757	0.6810364	-0.6714545	-0.5748913	0.4042453	0.5568975	-0.42635942	0.64078236	0.62177116	0.43119627	0.5891579	0.59898007	0.62870973	-0.6549115	-0.64093786	0.674946	0.589214	-0.6163546	0.6558768	-0.6056769	0.6279796	0.60055083	-0.364311	0.6646876	-0.6683643
-0.7668516	-0.84565085	-0.7915284	0.8221261	-0.83430415	-0.81311834	0.79466033	0.75191396	0.84315056	0.8473817	-0.8000954	-0.90897554	-0.83336025	0.74763906	-0.79396784	-0.88760084	0.88016737	0.806866	-0.79000664	-0.8600192	-0.84724504	-0.8577846	0.7614375	0.86273885	0.8421677	0.8614787	-0.8587856	-0.8069953	0.8297695	0.8725212	-0.7828449	0.84859395	-0.8331214	-0.69495565	0.8723746	-0.8505253	-0.75237453	0.848584	-0.79192764	0.81881213	0.8614084	-0.8278155	-0.8939793	-0.83679676	-0.7973579	0.8163858	-0.7128855	-0.7876536	0.8772155	0.8734504	-0.6827974	-0.85577124	-0.7955898	-0.8332666	-0.8705964	-0.8231495	0.8660617	-0.8580829	-0.85067284	-0.847667	-0.8330323	0.77281237	0.7474018	-0.8893792	0.8795895	0.8410093	-0.7727491	0.8167017	0.8218404	-0.9097052	0.82226056	0.8296428	-0.853016	-0.82360756	0.84733796	0.8519657	0.7933186	-0.812879	-0.7726695	0.6252398	0.8247163	-0.6766624	0.88402504	0.75991404	0.6402912	0.790069	0.82607293	0.80684084	-0.7853243	-0.8133619	0.8028994	0.83726454	-0.8643316	0.849357	-0.8732707	0.8508927	0.8312212	-0.5823038	0.8079462	-0.86755437
-0.695619	-0.82756126	-0.82306325	0.8739223	-0.84706455	-0.8831399	0.81989735	0.6715444	0.7841452	0.8238824	-0.89616144	-0.8953481	-0.8683442	0.81291044	-0.8237771	-0.8858415	0.8734268	0.7189521	-0.8667174	-0.79903424	-0.8645928	-0.8607807	0.88218904	0.8063392	0.8514543	0.79250693	-0.75760114	-0.82034355	0.8787567	0.80933136	-0.77419686	0.8899375	-0.79926085	-0.7323296	0.8260416	-0.8702695	-0.71332216	0.736864	-0.8495459	0.79749954	0.8243666	-0.8706129	-0.8882936	-0.8385092	-0.8302513	0.85719335	-0.84156156	-0.8437145	0.8843723	0.90506077	-0.6679036	-0.87500465	-0.79646987	-0.88171643	-0.8528543	-0.8204486	0.9022706	-0.8901364	-0.88105154	-0.69398904	-0.7977726	0.8243201	0.7077066	-0.82982093	0.868409	0.84357005	-0.75146526	0.68699265	0.88391894	-0.85893434	0.74775726	0.88234085	-0.82402337	-0.83239937	0.7991609	0.81101686	0.8777986	-0.9018859	-0.86969596	0.73025846	0.7459413	-0.66752416	0.80694664	0.8304013	0.68505955	0.6655628	0.81824046	0.72154444	-0.8555991	-0.8511642	0.81661946	0.8731848	-0.8060948	0.8262748	-0.8815686	0.78513527	0.85761476	-0.68908554	0.81431663	-0.9205419
-0.796663	-0.8809726	-0.8756105	0.8248856	-0.7693889	-0.7047184	0.8151771	0.7375517	0.8912552	0.82633877	-0.8463472	-0.8036592	-0.7400063	0.7700922	-0.8297143	-0.7862492	0.87986857	0.79167736	-0.7981374	-0.81496024	-0.79451555	-0.81858647	0.8569428	0.8298834	0.77419436	0.7890364	-0.89071155	-0.7862322	0.79883707	0.7933804	-0.7910387	0.80733716	-0.7915977	-0.7310256	0.81317395	-0.78106844	-0.774984	0.8402943	-0.78401583	0.74255955	0.774156	-0.8290873	-0.83962065	-0.85343987	-0.8003472	0.7472809	-0.74905837	-0.79004383	0.8030709	0.75702715	-0.7380901	-0.82755923	-0.75916785	-0.8001019	-0.8192261	-0.8191158	0.8043966	-0.74929273	-0.7341668	-0.84449136	-0.7967721	0.78217727	0.750795	-0.83028746	0.7809792	0.86223304	-0.78349304	0.7957422	0.7738833	-0.8494767	0.86482024	0.79135895	-0.82447755	-0.8600184	0.7748098	0.7599879	0.7963332	-0.86363333	-0.7418987	0.7305625	0.83640546	-0.7792772	0.88396096	0.820636	0.736605	0.8841271	0.8575631	0.79620105	-0.7467739	-0.807463	0.8461274	0.8263779	-0.8181546	0.71058875	-0.82304364	0.86844254	0.8393493	-0.69348395	0.77916473	-0.7612993
-0.88837475	-0.82142234	-0.83493984	0.8953615	-0.81057084	-0.62084925	0.82345164	0.8369295	0.84108484	0.87215656	-0.8333881	-0.85765815	-0.675667	0.83197504	-0.8459336	-0.869593	0.75999767	0.8304308	-0.78423506	-0.8008216	-0.84011465	-0.8596321	0.8708082	0.91548795	0.84897137	0.8015494	-0.8817069	-0.82644737	0.78508294	0.8718026	-0.8567979	0.7999231	-0.8452094	-0.8338856	0.89635456	-0.79619056	-0.83220595	0.8087528	-0.88196546	0.8776491	0.808586	-0.86330533	-0.8334315	-0.9088626	-0.90982413	0.77690035	-0.7895777	-0.84901196	0.70706993	0.73342234	-0.82383	-0.85239345	-0.83643305	-0.8466844	-0.8649916	-0.8102372	0.8368203	-0.79480726	-0.7511278	-0.8357122	-0.8066773	0.7954989	0.8808133	-0.8416793	0.92762965	0.8318825	-0.88632995	0.852379	0.85048634	-0.8442739	0.87326205	0.8689763	-0.8643208	-0.8506164	0.84201133	0.84281135	0.8513934	-0.8978371	-0.76601005	0.7809559	0.91035527	-0.89389366	0.87387496	0.82257855	0.8452859	0.8250392	0.9005139	0.8286968	-0.82310086	-0.8476635	0.81881964	0.8238167	-0.8730228	0.63508683	-0.89530027	0.8752462	0.8596972	-0.74126166	0.8522357	-0.8144191
-0.75987625	-0.79473597	-0.79379374	0.73529935	-0.80192274	-0.68939584	0.67237556	0.69673884	0.7193873	0.7939458	-0.7510983	-0.72926146	-0.7026116	0.73969185	-0.72161865	-0.7176325	0.7486768	0.7385011	-0.7902015	-0.77409285	-0.78125066	-0.7842788	0.72791374	0.70922	0.71749496	0.78516734	-0.8193909	-0.7098073	0.7629096	0.7276391	-0.7147886	0.76943576	-0.76429737	-0.6386585	0.776075	-0.80620575	-0.6646772	0.79793996	-0.64435905	0.72067386	0.6909678	-0.7166564	-0.75224423	-0.79791015	-0.6910479	0.7794678	-0.6720545	-0.7920267	0.7230628	0.7102775	-0.73196644	-0.78820634	-0.7059162	-0.740823	-0.8065888	-0.77388054	0.7600216	-0.67765397	-0.7063147	-0.7681708	-0.8153278	0.7519921	0.7431059	-0.7955285	0.74876803	0.7307442	-0.7395632	0.75354147	0.71767527	-0.78139377	0.74553865	0.7901414	-0.79615134	-0.7352788	0.7187263	0.68425703	0.7035669	-0.7574874	-0.74432564	0.6805712	0.76345557	-0.7014868	0.70835316	0.6908775	0.663774	0.8028414	0.71836495	0.7364521	-0.74517345	-0.7094635	0.7440997	0.7654479	-0.73735094	0.63147485	-0.79069203	0.79333603	0.816086	-0.65263116	0.7270896	-0.78688115
-0.84375924	-0.7952364	-0.7549711	0.75793	-0.77708805	-0.6272968	0.75292796	0.8120627	0.80984926	0.7547994	-0.7189462	-0.73478085	-0.78723955	0.76191354	-0.7226036	-0.7485084	0.78740746	0.7674204	-0.74296266	-0.8145474	-0.7877229	-0.75429237	0.74900764	0.79234993	0.7535352	0.8387797	-0.7773537	-0.7258849	0.7312079	0.80540717	-0.8012791	0.80823416	-0.82722896	-0.76765317	0.76028085	-0.7681208	-0.7696629	0.8013269	-0.8183946	0.7905905	0.71065694	-0.6790145	-0.7337893	-0.81679267	-0.7332309	0.6858274	-0.6912815	-0.79657286	0.776078	0.67464364	-0.7730513	-0.80624217	-0.8004622	-0.7583695	-0.76624286	-0.80918986	0.7614154	-0.7023757	-0.66979086	-0.801441	-0.83093995	0.72323257	0.80211806	-0.7661617	0.7135928	0.78953046	-0.8369019	0.81907946	0.79455495	-0.8125543	0.7650132	0.8209272	-0.7347284	-0.7650124	0.7655827	0.78412545	0.6899099	-0.7353987	-0.671232	0.6993307	0.78297234	-0.79456544	0.8104936	0.8036096	0.7985138	0.8167927	0.74924314	0.781304	-0.67006016	-0.74063784	0.7344317	0.77655613	-0.8096642	0.7607514	-0.75257856	0.8497847	0.77580935	-0.7228491	0.76918507	-0.73251295
-0.79656404	-0.79638946	-0.7950457	0.8607199	-0.8107484	-0.7660643	0.7263437	0.79042965	0.78827876	0.7465318	-0.71053743	-0.77049196	-0.7622056	0.7613803	-0.74610704	-0.819608	0.79109883	0.7348873	-0.8271432	-0.81198275	-0.83409685	-0.8249968	0.7870491	0.8357835	0.74595827	0.74687886	-0.84508854	-0.7248568	0.7605598	0.7785713	-0.82009226	0.814291	-0.7843085	-0.7373423	0.8313149	-0.7765068	-0.6659796	0.79184705	-0.7543695	0.7681964	0.77951944	-0.7813181	-0.79025465	-0.7575875	-0.7046896	0.75660604	-0.72643936	-0.7546188	0.8263598	0.76206005	-0.7646003	-0.7753143	-0.77807087	-0.74321485	-0.8331907	-0.7646333	0.8003266	-0.8055823	-0.72263604	-0.7957621	-0.7777045	0.80054224	0.7356632	-0.8225645	0.76237094	0.8623451	-0.79761136	0.74972224	0.8355976	-0.77176446	0.8192527	0.7711527	-0.75396216	-0.7526933	0.74792093	0.78948784	0.7822441	-0.78938025	-0.6932396	0.6766793	0.79651016	-0.77009326	0.7786859	0.82438606	0.7397759	0.8665552	0.80818313	0.84088576	-0.7097114	-0.7935385	0.77438444	0.7644296	-0.76513267	0.73805076	-0.7407641	0.8091463	0.7717683	-0.60150987	0.80988735	-0.7603048
-0.9045463	-0.98569334	-0.937334	0.9707314	-0.9124677	-0.9125916	0.8378572	0.8471064	1.004511	0.8507882	-0.9436103	-1.0309831	-1.0745912	0.8979368	-0.97138655	-1.0601894	0.9433904	0.8846067	-0.918299	-0.9792559	-1.050202	-1.0034178	1.0111371	0.95872605	0.96269256	1.0044011	-1.0489128	-0.91009927	0.9686305	0.96067506	-0.9718779	0.9861815	-1.0199984	-0.83360976	1.0195664	-1.000182	-0.7860051	0.99338764	-0.93202716	0.91	0.9804105	-0.9183174	-0.9928501	-0.94637436	-0.8852864	0.87356687	-0.747216	-0.9370493	0.9880268	0.8695014	-0.9175195	-0.95992357	-0.8518101	-0.9988782	-0.96504176	-1.0115337	0.9845118	-1.0328021	-0.9220865	-1.0206909	-1.0397992	0.8835192	0.85094184	-1.0192168	0.89427763	1.0065581	-0.8943161	0.9527413	0.9516181	-1.0169616	0.9498646	0.95814097	-0.9662926	-0.92183506	0.93265593	0.9108385	0.8339088	-0.96185297	-0.7531372	0.6858308	0.93821037	-0.82169116	0.9805222	0.9165136	0.89610755	1.0583284	0.8951651	1.0141352	-0.80662096	-0.85018265	0.8760827	0.86838526	-1.0505517	1.0195118	-0.9736746	0.9876228	0.9814327	-0.7327285	0.959888	-0.9739386
-0.673632	-0.92766863	-0.85145694	0.84367406	-0.7976067	-0.75904596	0.79254544	0.7256373	0.8650847	0.86167884	-0.8360101	-0.8993584	-0.87698364	0.80783993	-0.871381	-0.9586975	0.8749079	0.79342955	-0.9432545	-0.8986537	-0.9396333	-0.85669196	0.89086425	0.8853707	0.9089671	0.86151606	-0.83336145	-0.8233518	0.8403865	0.8805112	-0.8219741	0.8698093	-0.8129661	-0.7289755	0.8528391	-0.85495126	-0.7078254	0.85721123	-0.79494244	0.8592362	0.83712053	-0.9050688	-0.87732244	-0.8978054	-0.83606	0.8231943	-0.8708844	-0.9425697	0.80539805	0.8776206	-0.58580285	-0.92922705	-0.80563176	-0.8967141	-0.9508696	-0.91875905	0.8625704	-0.85925144	-0.8196472	-0.81814694	-0.88448447	0.7870833	0.73937476	-0.93275535	0.9522183	0.8641407	-0.74894834	0.7052281	0.89423406	-0.9390136	0.8098092	0.9382959	-0.8597327	-0.8557003	0.91094035	0.86667156	0.86508316	-0.95039374	-0.83954734	0.6387554	0.72380626	-0.74239266	0.82859224	0.7583944	0.5931653	0.79215586	0.8485129	0.7797009	-0.90829825	-0.93125224	0.897271	0.85636675	-0.85983497	0.81725174	-0.85576785	0.82050115	0.9098481	-0.66783625	0.9170835	-0.8738047
-0.61940557	-0.6716159	-0.68432367	0.6549355	-0.67028147	-0.61966103	0.6916598	0.62408406	0.6536934	0.6921766	-0.7002817	-0.6592332	-0.65012	0.6513961	-0.6671493	-0.65025103	0.69599926	0.6324052	-0.7134726	-0.6498929	-0.69819826	-0.7001332	0.6373167	0.7119063	0.6580408	0.6304295	-0.71047735	-0.6955219	0.70708513	0.6675534	-0.676996	0.67304045	-0.66381377	-0.6069891	0.66256875	-0.6962708	-0.61479706	0.6854229	-0.62702924	0.6782319	0.6336334	-0.61885685	-0.7104519	-0.63880944	-0.69337684	0.6837627	-0.6147152	-0.6639648	0.7173649	0.67374516	-0.57332814	-0.65947515	-0.70155174	-0.6774662	-0.65454274	-0.6682295	0.70156	-0.6486123	-0.63179755	-0.62713754	-0.7258593	0.6704745	0.66510797	-0.6297397	0.65363955	0.6815841	-0.6651042	0.62748593	0.7186037	-0.6920498	0.6609169	0.7016751	-0.7263246	-0.63979644	0.6655395	0.67976934	0.6401036	-0.7152824	-0.59189785	0.571489	0.66938823	-0.65819293	0.64313394	0.6846047	0.59238917	0.6784692	0.6812163	0.69367856	-0.6059135	-0.6592842	0.71819645	0.6597621	-0.7266805	0.68234164	-0.7073921	0.6603001	0.71296054	-0.5904736	0.70048344	-0.6366631
-0.70999664	-0.72602105	-0.7420468	0.71364427	-0.7139672	-0.7086328	0.5875678	0.69217956	0.74054176	0.6663701	-0.746082	-0.7677322	-0.6892588	0.67089957	-0.7173296	-0.7059509	0.77017146	0.67177784	-0.73872006	-0.74539846	-0.78439564	-0.7704182	0.75434256	0.69438	0.69041127	0.7621632	-0.7396782	-0.730634	0.74634564	0.76098925	-0.72853446	0.7678987	-0.77035195	-0.6202139	0.7484843	-0.75399196	-0.639509	0.7515561	-0.66818637	0.643117	0.7269096	-0.72394484	-0.76263255	-0.6808122	-0.6670848	0.72646177	-0.6743124	-0.68125224	0.7261148	0.7371389	-0.6233356	-0.75062263	-0.72145104	-0.695027	-0.73763794	-0.7467899	0.7407369	-0.7332976	-0.67779547	-0.7382325	-0.7373638	0.66085273	0.6776362	-0.7866373	0.7418967	0.7497103	-0.70517474	0.72335076	0.6940722	-0.6940165	0.75307065	0.75126743	-0.69344085	-0.6714336	0.70950663	0.67595005	0.6802699	-0.7782928	-0.6132459	0.5798845	0.6945831	-0.6063123	0.7656677	0.69933474	0.61006457	0.7283406	0.7362073	0.7128912	-0.6519323	-0.7388542	0.74550754	0.682433	-0.78195953	0.66599816	-0.702071	0.77579576	0.76356816	-0.551085	0.7593575	-0.6931615
-0.8077377	-0.92830086	-0.87788403	0.9269693	-0.84389925	-0.9505542	0.8223806	0.7269476	0.9876227	0.91788375	-0.91456205	-0.96910137	-0.99972945	0.8197535	-0.92187804	-1.0645465	1.0270313	0.8860237	-0.98782545	-0.98450387	-0.9892958	-0.93493176	0.9026662	0.91393375	0.9490449	0.9185339	-0.9239566	-0.8617356	1.0084621	1.0268004	-0.8948457	1.0451669	-0.9847684	-0.68169117	0.94552463	-0.9862142	-0.63402647	0.9006158	-0.84707564	0.821294	1.025643	-0.95505065	-0.9712525	-0.95335186	-0.857706	0.9851229	-0.6963094	-0.9466268	1.0031236	0.9515197	-0.72378206	-0.96591115	-0.82244706	-0.9220855	-1.0052845	-1.0382364	0.92928374	-1.0665768	-0.98238903	-0.9338977	-0.95781344	0.81889033	0.76872355	-1.0572044	0.9147123	1.0342121	-0.8782243	0.83581805	0.9802101	-0.9619492	0.86655086	0.9294853	-0.92887473	-0.9545002	0.85867405	0.83127767	0.8651101	-1.0089941	-0.70644486	0.5365612	0.88900673	-0.6829984	0.9777596	0.88731074	0.7021624	0.91957694	0.9532426	0.8910022	-0.8525815	-0.9429568	0.8829253	0.91048515	-0.9723555	1.0109053	-0.8963065	0.9598655	1.0079161	-0.5601351	0.9584848	-1.0190631
-0.65993744	-0.84710693	-0.77553713	0.7896641	-0.73355514	-0.82934934	0.7637477	0.66385305	0.8147217	0.81550384	-0.8419877	-0.81559265	-0.85342276	0.7868684	-0.82865816	-0.85928047	0.8926438	0.7496515	-0.8865234	-0.7782257	-0.8832611	-0.82492775	0.8093382	0.7977902	0.8489437	0.7153842	-0.79129004	-0.73592526	0.86848444	0.84483564	-0.8003686	0.90671235	-0.7961701	-0.65681124	0.7398755	-0.91521734	-0.6677694	0.721702	-0.7087782	0.75285274	0.854946	-0.86512315	-0.8727946	-0.800518	-0.8475076	0.8585379	-0.75203943	-0.79610103	0.92393214	0.8589181	-0.63596314	-0.83336246	-0.74203306	-0.79778534	-0.8090614	-0.84105337	0.82048506	-0.844245	-0.83442897	-0.7192548	-0.84985054	0.78198797	0.7002663	-0.9104394	0.7828846	0.7840385	-0.7174172	0.680213	0.81327885	-0.8198149	0.7210531	0.86936176	-0.83597976	-0.82957	0.81880796	0.8140829	0.8280891	-0.827171	-0.84514505	0.6857638	0.6898896	-0.6174984	0.7942523	0.74849355	0.616596	0.7616754	0.8015118	0.75054985	-0.82552123	-0.7836785	0.81014365	0.8027682	-0.79459924	0.908871	-0.77334565	0.7305959	0.80783206	-0.6835581	0.8318596	-0.82971984
-0.75554633	-0.7847019	-0.7851014	0.75088763	-0.75159234	-0.6973531	0.70557874	0.67852485	0.8204574	0.8119962	-0.72277254	-0.78045064	-0.7265446	0.72322714	-0.797428	-0.8368312	0.7906879	0.7395861	-0.8248827	-0.82594144	-0.81415933	-0.8273938	0.7982503	0.7944643	0.8080213	0.74457675	-0.76937324	-0.77626806	0.7764519	0.78197676	-0.77859885	0.8040975	-0.74106294	-0.70419943	0.8526527	-0.82498866	-0.72696096	0.8009844	-0.726866	0.7831594	0.78272814	-0.752164	-0.7975656	-0.7622742	-0.81655735	0.7471653	-0.6629354	-0.7519444	0.78586525	0.7537303	-0.70197445	-0.8300553	-0.71997106	-0.83585906	-0.75387824	-0.8009116	0.74638915	-0.7395521	-0.8081789	-0.7839231	-0.7395986	0.73647857	0.7120266	-0.7854636	0.79016674	0.8311286	-0.71664274	0.7951969	0.82625353	-0.80758345	0.78600633	0.80794054	-0.7566292	-0.79413396	0.7602064	0.75700176	0.7445938	-0.80137295	-0.6945307	0.6660287	0.82247764	-0.76583195	0.78822273	0.7681681	0.69705224	0.8521076	0.8379053	0.77857655	-0.7650534	-0.75788385	0.76193696	0.8076039	-0.8498562	0.6416728	-0.80031466	0.84970134	0.7864606	-0.6116037	0.8051747	-0.74450964
-0.6248011	-0.638404	-0.56063575	0.62583655	-0.6228686	-0.5294888	0.60069805	0.54301304	0.63260317	0.58575094	-0.5516947	-0.6218535	-0.6218395	0.5363116	-0.5630997	-0.59584	0.6160089	0.6013379	-0.53511786	-0.626587	-0.5972245	-0.6270288	0.5681135	0.5449439	0.569497	0.56279045	-0.62847835	-0.60889876	0.56757754	0.63407314	-0.5619629	0.5464706	-0.64554965	-0.5713945	0.57587475	-0.55872583	-0.57837766	0.627215	-0.6327674	0.5555627	0.62193054	-0.57285315	-0.6083418	-0.58171546	-0.5456753	0.53056	-0.5736157	-0.6097729	0.5563888	0.5887733	-0.5333347	-0.63911825	-0.5306497	-0.5900916	-0.57881206	-0.5617821	0.6257056	-0.55038786	-0.5276804	-0.6354275	-0.6325056	0.5544259	0.5938658	-0.603719	0.5919991	0.5873618	-0.57438564	0.55353904	0.5503931	-0.5921662	0.5511431	0.6239663	-0.55367404	-0.56697994	0.5999774	0.53684646	0.59451634	-0.62666345	-0.4939821	0.47825193	0.608246	-0.58138084	0.55615795	0.58997387	0.55668217	0.56797147	0.6229693	0.59484917	-0.5302733	-0.573782	0.5681713	0.57404315	-0.62600297	0.59234804	-0.5464751	0.5589791	0.55554074	-0.5625047	0.54034114	-0.55161697
-0.6646864	-0.6776532	-0.64584196	0.6863962	-0.66969794	-0.52090394	0.634627	0.59350127	0.64192456	0.6382712	-0.58269274	-0.7010634	-0.68593556	0.6046278	-0.6248401	-0.62758714	0.67238706	0.66353524	-0.6554081	-0.685931	-0.6557726	-0.70691764	0.6660655	0.67675614	0.6604626	0.661012	-0.6248056	-0.61303926	0.63186103	0.69712037	-0.6067382	0.6022508	-0.630416	-0.6641267	0.63149774	-0.6444953	-0.67295945	0.6410596	-0.6809322	0.62077045	0.6860856	-0.6829937	-0.59824944	-0.6793172	-0.7131086	0.5990657	-0.5950292	-0.6591738	0.59535235	0.59733933	-0.6167502	-0.6530999	-0.693611	-0.65584755	-0.6787319	-0.67523456	0.6334248	-0.65439105	-0.58608586	-0.7148027	-0.67941886	0.65243566	0.63411504	-0.6930007	0.626996	0.6777357	-0.60125816	0.705566	0.609615	-0.6238619	0.68853253	0.61767787	-0.661953	-0.5862459	0.6247774	0.61615634	0.6827977	-0.7048365	-0.57981193	0.6057684	0.7090655	-0.68446	0.627028	0.6614824	0.61799943	0.7082545	0.7113822	0.72276175	-0.61964095	-0.6445773	0.70666444	0.67524993	-0.7223585	0.58561933	-0.6430746	0.65683216	0.69966996	-0.6347665	0.6358636	-0.6425381
-0.8059386	-0.98951805	-0.8654379	0.91309524	-0.9018724	-0.9747669	0.89248776	0.7838779	0.91078085	0.9541005	-0.96143	-0.9433267	-0.9532802	0.8531187	-0.9120151	-0.95186466	0.9754338	0.8578783	-0.96286696	-0.9204298	-0.9992984	-0.9493773	0.95914346	0.88892716	0.97250026	0.9396554	-0.9815166	-0.86625946	0.99813306	0.9107324	-0.9036531	0.9259815	-0.9470287	-0.7761182	0.9110355	-0.9808017	-0.8138495	0.92397714	-0.8498363	0.8843822	0.95836264	-0.9693406	-1.0032933	-0.9760055	-0.9686505	0.919805	-0.85664743	-0.91521364	0.9173486	0.96381575	-0.794845	-0.9793145	-0.86878234	-0.9013853	-0.96053654	-0.95958245	0.9470023	-0.9609669	-0.89762783	-0.88999236	-0.971907	0.91970724	0.86906534	-0.96380436	0.97808415	0.95117074	-0.7974718	0.8745841	0.9263233	-0.9009073	0.8611119	0.9593092	-0.94464606	-0.90414655	0.91712654	0.9088395	0.90394413	-0.9887359	-0.8444514	0.74326044	0.8460862	-0.7926134	0.9383172	0.8866142	0.74154675	0.9187418	0.9027771	0.9421554	-0.9381135	-0.9594805	0.9742122	0.9494492	-0.9097955	0.9172662	-0.9387785	0.90717113	0.9802321	-0.74611825	0.95747834	-0.9947853
-0.9478835	-0.8936283	-0.9375518	0.94703203	-0.8752856	-0.7321872	0.8948218	0.8803427	0.9954658	0.9379103	-0.88657945	-0.92718893	-0.89417917	0.9063235	-0.89962095	-0.9012039	0.92213726	0.94809777	-0.96488446	-0.93504596	-0.9854688	-0.93730974	0.9465819	0.95147496	0.9323053	0.9542169	-0.99291885	-0.9050685	0.8195764	0.9247187	-0.91057086	0.91926706	-0.90058404	-0.8249496	0.9780465	-0.929379	-0.83712965	0.9161225	-0.8975585	0.9258572	0.89460456	-0.9494749	-0.90989995	-0.9984954	-0.9666991	0.8938445	-0.91709447	-0.95816666	0.8078097	0.8355026	-0.94402844	-0.9633389	-0.91881424	-0.89958394	-0.9725185	-0.9154903	0.91240823	-0.84428257	-0.81383353	-0.96771055	-0.98562026	0.907556	0.85882384	-0.9237571	0.96746093	0.9544703	-0.8683737	0.9421456	0.8866473	-0.9916442	0.9616213	0.9304752	-0.9196478	-0.9080597	0.94848603	0.8937091	0.8687189	-0.9025349	-0.8347896	0.85380864	0.90426266	-0.92124027	0.97972524	0.87024033	0.87239933	0.929522	0.9427266	0.9214147	-0.88804525	-0.9218587	0.94536257	0.92540306	-0.915038	0.8630773	-0.89271766	0.9386069	0.9095834	-0.9048739	0.916497	-0.88441133
-0.84480006	-0.9268779	-0.8316968	0.872671	-0.87368494	-0.940842	0.759869	0.7520794	0.97115856	0.8484503	-0.8710549	-0.9678192	-0.99787307	0.87481284	-0.9596781	-0.9993521	0.94229996	0.8242361	-0.9418671	-0.8444841	-0.96859103	-0.8653583	0.87605757	0.879282	0.9000751	0.90727866	-0.9325624	-0.8675282	0.9903235	0.8774939	-0.92568284	0.9902409	-0.95700204	-0.74391997	0.94666064	-0.94355184	-0.7470291	0.8487146	-0.8373247	0.84615433	0.9822667	-0.90897155	-0.95523167	-0.89380914	-0.8690619	0.9558254	-0.7826723	-0.8314315	0.93538666	0.87122655	-0.76632476	-0.9123986	-0.7712127	-0.9102191	-0.90224046	-0.9617681	0.9680637	-1.0044836	-0.90153074	-0.8163603	-0.93718505	0.84829193	0.8027358	-0.9700799	0.87814057	0.96547973	-0.7997562	0.8571703	0.9429058	-0.8798863	0.85239613	0.91776526	-0.9445336	-0.87268364	0.8321517	0.78452784	0.83062464	-0.93354225	-0.8019871	0.6608187	0.83939874	-0.7264715	0.9290978	0.7928112	0.68163556	0.8814583	0.8417648	0.8563415	-0.8552107	-0.8816195	0.8983525	0.8963808	-0.9189036	0.9909016	-0.8469725	0.87348205	0.9906152	-0.5974035	0.90674925	-1.0186433
-0.8713818	-0.9930849	-0.9386508	0.9311089	-0.8400787	-0.8815852	0.8673682	0.8451413	0.9176647	0.9506581	-0.87116176	-0.9665987	-0.92434037	0.84844416	-0.9328297	-0.95357114	0.94224614	0.8625752	-0.89022756	-0.9053517	-1.0081626	-0.9072637	0.89053303	0.9000489	0.972866	0.93403715	-0.91344136	-0.9508307	0.8895706	0.99385774	-0.8730798	0.9226149	-0.9209214	-0.78367066	0.9486943	-0.94611883	-0.8118752	0.89025134	-0.9110828	0.8902929	0.94048905	-0.96370935	-0.960343	-0.9470829	-0.90080947	0.9340165	-0.88387805	-0.9372839	0.9585449	0.94830066	-0.84934866	-0.9555401	-0.8975063	-0.91344607	-0.90944177	-0.9379089	0.89760476	-0.9568493	-0.94121253	-0.8996595	-0.948454	0.88925195	0.8916267	-0.9819934	0.9057531	0.9597015	-0.83824795	0.8220634	0.9903288	-0.9111271	0.94463134	0.9895747	-0.90893114	-0.9246136	0.9741339	0.9160623	0.90687996	-1.008112	-0.8871669	0.7769725	0.9275108	-0.84925026	0.96831125	0.8872773	0.76635116	0.9172257	0.970416	0.8664952	-0.8691647	-0.87278557	0.9136315	0.93071926	-0.94401944	0.8204518	-0.9359847	0.9497672	0.9800714	-0.7528738	0.9206709	-0.8925384
-0.7558357	-0.895818	-0.86410165	0.88799715	-0.85822415	-0.82928306	0.88556296	0.7801163	0.9189848	0.89612806	-0.8526689	-0.9567025	-0.87987596	0.8664257	-0.9189747	-0.9273036	0.9441114	0.8149669	-0.8677215	-0.89746726	-0.922781	-0.9304933	0.886498	0.87908953	0.8787429	0.8328094	-0.9027345	-0.77904844	0.90494514	0.95198107	-0.8290631	0.8501067	-0.90568984	-0.7579271	0.89829165	-0.91558987	-0.7556797	0.8977278	-0.86838496	0.8404148	0.94260746	-0.89207816	-0.9220081	-0.88130987	-0.90297276	0.91025966	-0.78635764	-0.87895995	0.89092636	0.83350515	-0.7465186	-0.9500842	-0.82406026	-0.9403181	-0.92568415	-0.942475	0.85966855	-0.8456793	-0.8762295	-0.8739284	-0.9385824	0.79276854	0.7596782	-0.91800946	0.8764554	0.9364911	-0.7733479	0.8262403	0.9484242	-0.86087835	0.8214478	0.9184225	-0.94445825	-0.9148106	0.87064785	0.83038986	0.8256166	-0.8911381	-0.8439771	0.6829989	0.852285	-0.7408844	0.94076353	0.8539912	0.720454	0.81406957	0.9466378	0.82412827	-0.8383156	-0.8901199	0.8901885	0.83371705	-0.90747297	0.93454504	-0.88870823	0.8976416	0.9592824	-0.67413306	0.8231044	-0.86024463
-0.83168626	-0.9006944	-0.9010543	0.94890493	-0.92940795	-0.9260178	0.9082105	0.8447467	0.9654681	0.92026216	-0.9536897	-0.99480015	-0.86832666	0.9296883	-0.9452911	-0.89987963	0.90525484	0.8872853	-0.96253365	-0.87823206	-0.97769856	-0.95167947	0.96306866	0.9403114	0.9448591	0.85869855	-0.9697189	-0.93833816	0.8772026	0.93498725	-0.9439961	0.91325676	-0.91015726	-0.8430708	0.8804363	-0.9104317	-0.8755203	0.9478779	-0.9098006	0.886496	0.8892872	-0.9800209	-0.95281714	-0.9285741	-0.8945278	0.87779593	-0.8930569	-0.94451076	0.9236896	0.95543706	-0.80440575	-0.99245495	-0.85189474	-0.97023594	-0.92740995	-0.90320295	0.9915644	-0.87929	-0.9384358	-0.8510681	-0.90382	0.8637378	0.8499343	-0.9667476	0.9348377	0.9459779	-0.8427291	0.8991503	0.93568414	-0.98581296	0.8638037	0.9289965	-0.9461866	-0.96221775	0.9442963	0.9136681	0.87797135	-0.9243914	-0.84693456	0.81907046	0.8731485	-0.80677	0.9212348	0.9373878	0.85294104	0.8943023	0.9088639	0.9118517	-0.87521833	-0.9393161	0.8902595	0.8680081	-0.8975624	0.90428865	-0.91933656	0.8883233	0.99407446	-0.762808	0.86061805	-0.90691954
-0.63433206	-0.9118071	-0.87633646	0.8714255	-0.86423045	-1.0720229	0.8774822	0.68518025	0.82210165	0.9685008	-0.97286934	-0.9844849	-1.0263953	0.862496	-1.0216005	-0.9693058	0.96247107	0.716626	-1.0110985	-0.9256607	-0.99243903	-0.8485393	0.98258245	0.8998334	1.0259761	0.8419406	-0.8821956	-0.8144289	1.0700943	0.9573599	-0.8398934	0.97589785	-0.92189974	-0.77791876	0.8661094	-1.0175163	-0.78415614	0.8312507	-0.8592636	0.8400032	1.0662816	-1.0416529	-0.955409	-0.8813207	-0.9286777	0.9755045	-0.9111791	-0.86176884	1.0385711	0.96068156	-0.6006709	-0.94357955	-0.7425487	-0.9635041	-0.95433474	-1.0049958	1.0160995	-1.035917	-0.993276	-0.7490934	-0.9530498	0.86941206	0.7687688	-1.0453072	0.95168656	0.8961747	-0.6666728	0.722194	1.0578927	-0.9845429	0.7668135	0.9062035	-0.9978594	-0.9497208	0.95289516	0.85695744	0.9212716	-0.9520185	-0.94447	0.7305286	0.70425206	-0.633304	0.9050085	0.8318819	0.6386333	0.7051939	0.86202645	0.74534655	-1.0231367	-0.95905936	0.95154583	0.9023546	-0.82409716	1.0784308	-0.8726526	0.8234254	0.9694194	-0.75197345	0.92775124	-1.060108
-0.571908	-0.8372663	-0.787708	0.83224565	-0.75970376	-0.95769393	0.81196606	0.6378822	0.7027387	0.88095325	-0.9288698	-0.8814927	-0.9676961	0.79720545	-0.8960229	-0.9921413	0.95985967	0.71071404	-0.8776902	-0.88049084	-0.9527318	-0.77026004	0.92136234	0.8949343	0.8789512	0.6681906	-0.83658004	-0.76948595	0.9467495	0.90251076	-0.7777304	0.9633218	-0.8673817	-0.70700496	0.7987247	-0.9204771	-0.7111825	0.7093923	-0.8151518	0.7829958	0.9531515	-0.93704855	-0.9110364	-0.7743185	-0.9016755	0.9522654	-0.799924	-0.8648952	0.9515371	0.94356155	-0.5078528	-0.8543854	-0.6929781	-0.80993843	-0.85417277	-0.8759297	0.87980944	-0.9949449	-0.9197799	-0.7216699	-0.8786948	0.8707164	0.6977148	-0.98999095	0.8460282	0.85737014	-0.6103791	0.64657485	0.95370924	-0.9578273	0.6785261	0.9088406	-0.93251705	-0.94097084	0.8866931	0.86270434	0.8451585	-0.87808543	-0.87073034	0.6437297	0.6839161	-0.5916365	0.7821446	0.7531552	0.5505178	0.6256851	0.8442681	0.64776504	-0.82790774	-0.8816005	0.87113744	0.8788909	-0.78544015	0.89558405	-0.8571598	0.7396515	0.9017551	-0.6131553	0.79987717	-0.92300725
-0.79258704	-0.8733168	-0.8282774	0.78672653	-0.7982655	-0.6597505	0.75837487	0.81269217	0.8609872	0.7906303	-0.7664729	-0.87187576	-0.736164	0.7737705	-0.8328618	-0.8635485	0.7957841	0.8142838	-0.87116396	-0.8102327	-0.82368344	-0.80690277	0.81477743	0.890111	0.792801	0.7988476	-0.8656286	-0.8291214	0.7602612	0.803889	-0.84471816	0.795902	-0.7819742	-0.697247	0.81291914	-0.837861	-0.74618804	0.780558	-0.8420221	0.7726607	0.7829082	-0.81508315	-0.88963586	-0.8570324	-0.77801806	0.74844265	-0.7414865	-0.8581321	0.7433185	0.82055086	-0.80624896	-0.8785233	-0.7935979	-0.7884639	-0.87010676	-0.7913236	0.85791135	-0.7882367	-0.75407076	-0.8576415	-0.8188124	0.81413484	0.74331814	-0.795348	0.88713413	0.80627847	-0.83101785	0.8193052	0.81888694	-0.84189177	0.79983944	0.80638564	-0.86008745	-0.8066262	0.85634047	0.8387969	0.8474921	-0.8710677	-0.77601254	0.7272857	0.77279913	-0.75849456	0.8004827	0.7758308	0.71477616	0.8555374	0.86902714	0.8443275	-0.75401217	-0.8718305	0.7996494	0.85123664	-0.86077565	0.61733407	-0.7853107	0.7938007	0.85090953	-0.7274583	0.8343581	-0.87331146
-0.79431957	-1.0514383	-0.92648154	1.0690691	-1.0081518	-1.125374	1.0526206	0.77763695	0.98235166	1.069319	-1.1172316	-1.0489942	-1.098955	0.92464805	-1.013937	-1.105872	1.1005737	0.863971	-1.0528935	-1.022468	-1.0803292	-0.997633	1.0884519	1.0316191	1.0690982	0.86455923	-0.93802947	-0.9258992	1.1635897	1.0627002	-0.9401128	1.143753	-1.0243361	-0.83780473	0.93210113	-1.064277	-0.86417395	0.93175334	-0.9854057	0.8748951	1.0713291	-1.0972314	-1.1318904	-0.9522667	-1.049328	1.1427808	-1.0408963	-0.9790724	1.1535949	1.117292	-0.7986861	-1.1284451	-0.9491741	-1.053983	-1.0848379	-1.0624942	1.1050905	-1.1460127	-1.1599747	-0.90211225	-1.0357803	0.9978104	0.82726866	-1.1764323	1.031793	1.0204219	-0.86104023	0.8569665	1.1039083	-1.0845336	0.92463183	1.0244923	-1.0928271	-1.0782343	1.0362761	1.0042676	1.0356286	-1.0420209	-1.0457575	0.8610482	0.83217174	-0.7514915	0.94324005	0.95611006	0.6936057	0.84951705	1.0474542	0.8800943	-1.0897654	-1.0578632	1.0040609	1.0482584	-0.94525456	1.0456095	-1.0733379	0.9028053	1.0759559	-0.768154	1.005832	-1.0747306
-0.78449976	-0.8430471	-0.7900426	0.8731837	-0.7756231	-0.71400344	0.8673339	0.82990575	0.8440931	0.84356946	-0.7587534	-0.85032487	-0.8212071	0.78219116	-0.777853	-0.77604216	0.8694245	0.85499775	-0.77914673	-0.85510594	-0.8636667	-0.8666818	0.8414444	0.88274187	0.87850946	0.8077812	-0.78886276	-0.84467256	0.8158545	0.8650618	-0.83642393	0.78239846	-0.8352548	-0.82834774	0.8646197	-0.8402472	-0.7710553	0.8410582	-0.8003229	0.844081	0.7685419	-0.81139505	-0.859206	-0.8394366	-0.86097044	0.7821018	-0.7717143	-0.8303023	0.7911153	0.76579785	-0.764171	-0.86738074	-0.7960303	-0.90313184	-0.8421984	-0.8498008	0.798531	-0.79169554	-0.7969191	-0.8001693	-0.88104016	0.7768828	0.82417095	-0.8847271	0.8139583	0.8504291	-0.76584494	0.7846693	0.88334054	-0.8934337	0.850449	0.812374	-0.88730675	-0.80582553	0.8345858	0.81824535	0.8240956	-0.9029273	-0.7463755	0.73437047	0.8485325	-0.7859673	0.86989826	0.88364327	0.8236054	0.8086408	0.82613426	0.7876481	-0.80899334	-0.767164	0.8253306	0.8163621	-0.8545919	0.77251244	-0.8031919	0.86419827	0.8412548	-0.74644345	0.8319279	-0.78499746
-0.5135739	-0.71449804	-0.6252584	0.7062107	-0.70848924	-0.7328762	0.6311948	0.53444916	0.7259878	0.7303671	-0.7100132	-0.7514288	-0.7525127	0.71029556	-0.73624474	-0.8024301	0.7223795	0.63093287	-0.75610447	-0.6880247	-0.7760252	-0.6730839	0.64991534	0.7454856	0.7715811	0.6665584	-0.74668455	-0.66204804	0.7328112	0.7593155	-0.6648399	0.7391302	-0.6844203	-0.63127005	0.7087445	-0.72606236	-0.60319936	0.6324536	-0.6579403	0.588063	0.7410067	-0.741139	-0.7400231	-0.6449251	-0.6572967	0.72884405	-0.67786837	-0.6859986	0.7814607	0.7314874	-0.48289785	-0.77505326	-0.6203137	-0.64299697	-0.68619543	-0.7834487	0.74059945	-0.7476076	-0.7150444	-0.6286036	-0.74323636	0.6811849	0.5973144	-0.7671394	0.74546295	0.73063	-0.6069237	0.6109816	0.7652431	-0.68895894	0.63975716	0.6901695	-0.67514026	-0.7119206	0.69779086	0.656265	0.6826533	-0.6792229	-0.6917795	0.58912355	0.643209	-0.49911764	0.7347355	0.6779138	0.5364226	0.6832293	0.70344985	0.63497776	-0.6448856	-0.6773952	0.6625999	0.6241141	-0.7222532	0.7387644	-0.681149	0.64363235	0.7303817	-0.5711804	0.6741935	-0.75899196
-0.7246367	-0.78106123	-0.7885379	0.76732373	-0.72737736	-0.72987485	0.65265256	0.6320104	0.8380259	0.7617748	-0.7690301	-0.8259679	-0.7806215	0.72512853	-0.7424643	-0.81962436	0.8057791	0.7392038	-0.76987016	-0.7829859	-0.77067107	-0.7614636	0.75993615	0.74153477	0.71646756	0.712475	-0.8046117	-0.6861125	0.8510053	0.78174263	-0.7507063	0.8190996	-0.779357	-0.6456635	0.7601195	-0.7484678	-0.6301804	0.75502664	-0.74768454	0.6759453	0.7776437	-0.72837484	-0.81544214	-0.76946396	-0.77451366	0.8120314	-0.6254465	-0.7510714	0.8035767	0.72384554	-0.6102462	-0.8012721	-0.65435797	-0.7445573	-0.7419155	-0.82909185	0.79748964	-0.83034486	-0.80819726	-0.7777811	-0.7505015	0.7414195	0.6721046	-0.85193026	0.8317105	0.8404664	-0.74084306	0.6932447	0.80355316	-0.77356446	0.7134393	0.7912246	-0.8204293	-0.75519127	0.7470607	0.6728204	0.66618365	-0.78342825	-0.6744638	0.54779667	0.7249009	-0.6395912	0.74048847	0.6826205	0.5807928	0.7372236	0.8046394	0.7618603	-0.7257259	-0.7175609	0.77145576	0.690432	-0.78274703	0.7802868	-0.778575	0.72788376	0.81031454	-0.57045525	0.74804413	-0.7971682
-0.7905335	-0.7914295	-0.8223673	0.84975797	-0.7883367	-0.8278792	0.7506283	0.75074255	0.8386074	0.86958283	-0.75797147	-0.8727575	-0.79939204	0.76961243	-0.80610794	-0.81853575	0.81753504	0.72685367	-0.80158603	-0.7963712	-0.8099186	-0.8055776	0.77394134	0.81296706	0.8077434	0.8522729	-0.79751235	-0.72938937	0.7989171	0.7869013	-0.7983816	0.8315147	-0.8378603	-0.6646922	0.8360758	-0.84600747	-0.67897063	0.77615374	-0.81785727	0.7385203	0.77924997	-0.786684	-0.8210616	-0.80508286	-0.83304286	0.7998022	-0.75200856	-0.7588515	0.82255757	0.85694414	-0.6425328	-0.8034413	-0.76550597	-0.83812165	-0.8677879	-0.87606823	0.7714978	-0.83669627	-0.8237499	-0.8049285	-0.78242993	0.8140806	0.71571815	-0.8627775	0.85490793	0.8509964	-0.77649534	0.7348972	0.8486974	-0.8843619	0.74265885	0.78682524	-0.8667672	-0.79779106	0.8508055	0.7694947	0.81121707	-0.8397067	-0.8218761	0.68426085	0.8386914	-0.6659633	0.79900765	0.73621416	0.62459797	0.8119951	0.8337535	0.77452046	-0.74684215	-0.80310726	0.8557279	0.7247607	-0.79283816	0.80054635	-0.80423164	0.7919671	0.8149163	-0.6220426	0.8514721	-0.7957427
-0.5872581	-0.7579103	-0.7516237	0.77188253	-0.7123069	-0.83958834	0.76556075	0.56988937	0.6717844	0.8131011	-0.78284127	-0.7848589	-0.7640001	0.6890525	-0.80448765	-0.7926657	0.7715201	0.67335063	-0.7571417	-0.746182	-0.8562723	-0.7176693	0.7599322	0.79135495	0.8250368	0.62395555	-0.6846029	-0.6693213	0.8249254	0.8087589	-0.7422664	0.8077553	-0.80307686	-0.6191646	0.7191451	-0.8285143	-0.6873994	0.6556668	-0.7105186	0.663546	0.8802893	-0.8721312	-0.7860105	-0.74665296	-0.796701	0.7994755	-0.792225	-0.79321223	0.7771339	0.762761	-0.5329409	-0.8432564	-0.62647116	-0.7615369	-0.8310127	-0.75224006	0.84041625	-0.8702027	-0.835347	-0.60713613	-0.71702904	0.718023	0.6580811	-0.8010835	0.76954544	0.7842642	-0.5624735	0.6465691	0.8158772	-0.7934939	0.7137269	0.7752642	-0.7866716	-0.7649386	0.7562929	0.7125997	0.7940582	-0.7721012	-0.76735127	0.67433584	0.6514721	-0.61656827	0.73429364	0.70865655	0.48392454	0.63446224	0.8008554	0.6473977	-0.7955255	-0.80808794	0.8117127	0.772981	-0.6849643	0.815105	-0.780677	0.6491517	0.8078067	-0.55113137	0.7135172	-0.8063571
-0.7368094	-0.9621944	-0.885666	0.89476943	-0.8820241	-0.95133156	0.8586273	0.8042058	0.7913001	0.9548851	-0.93168384	-0.9386211	-0.96152395	0.90150774	-0.90455943	-0.9020959	0.93476766	0.8686685	-0.975135	-0.8755053	-0.90077525	-0.8481662	0.9351133	0.8748377	0.8984485	0.8580406	-0.81871325	-0.89889026	0.93076795	0.8856156	-0.8676188	1.0109669	-0.88228816	-0.8162521	0.8684216	-0.9874193	-0.81357986	0.8212707	-0.8228922	0.85601175	0.90339905	-0.97554636	-0.91035765	-0.8469743	-0.9540419	0.9454248	-0.82548106	-0.8867271	0.9682422	0.9266775	-0.7509161	-0.9227597	-0.8778311	-0.9529717	-0.92057663	-0.9618493	0.935695	-0.94730955	-0.9458858	-0.81304294	-0.88948554	0.865898	0.75652236	-0.9363036	0.90898657	0.8927281	-0.80649376	0.77228236	0.9121939	-0.96926963	0.877679	0.98805445	-0.9796247	-0.91661024	0.9274362	0.94162285	0.8937393	-0.91870904	-0.8887853	0.7482763	0.7826071	-0.7240396	0.8662723	0.8196368	0.7591865	0.80545914	0.85901946	0.7727643	-0.9374818	-0.87516916	0.8907258	0.9047145	-0.89030945	0.922696	-0.92502993	0.7988534	0.9189705	-0.7366476	0.9150212	-0.90210843
-0.7767768	-0.90572226	-0.88804406	0.96156585	-0.915478	-0.961402	0.90792584	0.80960995	0.91243476	0.9696287	-0.92131364	-0.9639468	-0.9645016	0.90954345	-0.8858865	-0.9826777	0.98666984	0.85240155	-0.8884622	-0.96545887	-0.9351569	-0.877264	0.87201875	0.89177924	0.94880104	0.8946621	-0.9151496	-0.9391565	0.960352	0.9087929	-0.92035794	0.86254555	-0.8992513	-0.7939182	0.93134993	-0.935716	-0.80348176	0.81413656	-0.81826293	0.86313206	0.9758513	-0.9142667	-0.90715784	-0.9018103	-0.93987244	0.90817255	-0.83780295	-0.8531318	0.9343456	0.9504044	-0.8039871	-0.9693695	-0.8204516	-0.95315206	-0.93778783	-0.8857199	0.89614445	-0.9630515	-0.9616755	-0.8258892	-0.91525537	0.8436216	0.8194009	-0.9275919	0.97112095	0.9141699	-0.7810067	0.8537801	0.90712565	-0.98507947	0.8953319	0.9468793	-0.96340483	-0.8986244	0.924183	0.89498734	0.93469507	-0.96596193	-0.86877257	0.8024188	0.7999409	-0.76547265	0.9210919	0.8548422	0.6796694	0.8175421	0.94004667	0.7725994	-0.8931293	-0.89606655	0.8955711	0.9211423	-0.92842436	0.8664166	-0.87729466	0.8544633	0.90623343	-0.7464792	0.91230667	-0.95137495
-0.7943669	-0.883229	-0.77908915	0.82544655	-0.79829156	-0.8091427	0.82220465	0.8135385	0.86921895	0.7857383	-0.78209376	-0.8621141	-0.8837938	0.8327191	-0.84047973	-0.8079987	0.84599173	0.7853154	-0.81927073	-0.8737708	-0.8801968	-0.84013206	0.8731751	0.83038396	0.8261341	0.8801942	-0.88990504	-0.7699468	0.887174	0.83272696	-0.81689185	0.855849	-0.8800931	-0.6750574	0.8726593	-0.8461164	-0.72754383	0.8128538	-0.8258328	0.84178597	0.82156706	-0.8452146	-0.871332	-0.776642	-0.8034024	0.87673175	-0.67595315	-0.801757	0.900543	0.85151094	-0.7493396	-0.84797174	-0.79967344	-0.8172787	-0.8687714	-0.8659737	0.8263255	-0.8366811	-0.81669575	-0.80672765	-0.87502366	0.8418889	0.7753258	-0.79508615	0.791723	0.86172706	-0.81414217	0.80402315	0.85612595	-0.79129654	0.8604628	0.87116134	-0.79123104	-0.86095774	0.79481703	0.7465125	0.737255	-0.83407193	-0.7244569	0.63355654	0.77122796	-0.8049446	0.8682963	0.7919953	0.75501525	0.8481206	0.8665035	0.8369025	-0.732214	-0.80988437	0.8616476	0.7731437	-0.8116649	0.8528742	-0.78481007	0.8349221	0.8485949	-0.6513574	0.86535317	-0.8242257
-0.794266	-0.89414096	-0.8538907	0.940392	-0.78349924	-0.7840961	0.757454	0.74617106	0.94217265	0.8814382	-0.8165331	-0.8722737	-0.8810071	0.7786737	-0.829074	-0.8733913	0.89426875	0.77268726	-0.8859572	-0.91619945	-0.87397987	-0.89432615	0.8250014	0.9112015	0.8702217	0.90039814	-0.9319369	-0.8092201	0.8488524	0.890351	-0.8282272	0.89403474	-0.87035257	-0.76107997	0.82120454	-0.84207314	-0.64948136	0.9093014	-0.7639268	0.8089555	0.84141684	-0.816632	-0.90673375	-0.8327856	-0.8866674	0.8843209	-0.7045045	-0.88868976	0.82309014	0.89098215	-0.7612172	-0.85748994	-0.83342063	-0.8456661	-0.8626288	-0.9062853	0.92773604	-0.82350576	-0.8117858	-0.83188176	-0.92691135	0.77434963	0.7908592	-0.9114266	0.89134765	0.9090964	-0.82241195	0.7651598	0.88046116	-0.8451049	0.85937595	0.89779884	-0.9212032	-0.81695366	0.8745651	0.79501146	0.816538	-0.9237158	-0.79167145	0.6087482	0.7935028	-0.7242111	0.91263026	0.81380445	0.72249687	0.90837425	0.90532404	0.81256497	-0.8462833	-0.8020816	0.8491555	0.8673114	-0.854771	0.8833249	-0.8510299	0.84903985	0.91705304	-0.56136364	0.82791513	-0.90635973
-0.6005332	-0.66177535	-0.67667395	0.6836214	-0.63376576	-0.4813017	0.5968574	0.6288089	0.6803452	0.6152835	-0.59320873	-0.6514244	-0.64498425	0.6713247	-0.5450744	-0.61950046	0.56911486	0.5941016	-0.6077386	-0.6610597	-0.63338715	-0.64263475	0.6116444	0.6803362	0.62904626	0.6759199	-0.7058405	-0.60661006	0.5490582	0.6741407	-0.67735624	0.6344319	-0.6782427	-0.58111817	0.6079416	-0.60515255	-0.5251586	0.6081952	-0.65172803	0.64103127	0.6200607	-0.5736938	-0.60556775	-0.7042891	-0.5903611	0.6083831	-0.56665856	-0.5968015	0.63932496	0.63173395	-0.6142121	-0.6327814	-0.5810863	-0.6727383	-0.5860977	-0.66131264	0.68952215	-0.5436926	-0.5941729	-0.68523717	-0.68681717	0.5826602	0.60793775	-0.64373547	0.65607226	0.67643034	-0.6245055	0.62843883	0.6012611	-0.6474523	0.67918414	0.6346942	-0.64632857	-0.558336	0.64897037	0.58176994	0.60300845	-0.63789254	-0.53009003	0.51156795	0.61955166	-0.5698149	0.66058046	0.62737226	0.5403549	0.64123863	0.6620342	0.6970684	-0.59121555	-0.5648851	0.6528167	0.62218136	-0.6841023	0.57704455	-0.63148177	0.648831	0.5886061	-0.49053106	0.6319485	-0.58322597
-0.8100881	-0.84742486	-0.87746274	0.829883	-0.76660967	-0.7658854	0.8208988	0.7861517	0.88457114	0.8494331	-0.8087006	-0.84497344	-0.877499	0.84798753	-0.79537094	-0.80534816	0.7892639	0.86289674	-0.87612325	-0.80937904	-0.8936108	-0.8348143	0.7975302	0.86979926	0.84947294	0.8548483	-0.8492335	-0.80158633	0.78386855	0.8904787	-0.8938915	0.8163541	-0.8239996	-0.77541727	0.85136396	-0.85982585	-0.7457424	0.8356488	-0.8034603	0.79241776	0.86896306	-0.85566056	-0.8666483	-0.85250264	-0.8361533	0.7758688	-0.75149804	-0.8837446	0.76984704	0.84473014	-0.77287453	-0.8748139	-0.8299955	-0.85719484	-0.8518286	-0.82942665	0.90526927	-0.8456347	-0.7921797	-0.8342385	-0.84024924	0.82061243	0.8273762	-0.8339581	0.84930056	0.9029916	-0.78548	0.87521225	0.84994346	-0.80614966	0.79763347	0.86886734	-0.85857815	-0.83422977	0.8915361	0.8435193	0.7731604	-0.90535545	-0.7770175	0.75684184	0.88959605	-0.7903384	0.8975648	0.8241271	0.76727337	0.85785156	0.8133731	0.82954633	-0.82855946	-0.8592133	0.89407307	0.83088946	-0.87874496	0.8453282	-0.8179469	0.8369581	0.8473967	-0.69650227	0.89463156	-0.8653559
-0.5807079	-0.7162883	-0.63540125	0.61100316	-0.5828604	-0.6664158	0.60687464	0.64817876	0.6578359	0.5946396	-0.65596426	-0.6657404	-0.66609216	0.6668646	-0.6068407	-0.6870831	0.692877	0.5805266	-0.6917767	-0.6707104	-0.7038328	-0.66347295	0.6743006	0.6258078	0.62911874	0.61796796	-0.68773866	-0.64323497	0.72087884	0.6160213	-0.64355236	0.70535475	-0.65373784	-0.55255044	0.6483978	-0.6164633	-0.59339637	0.63507414	-0.56295604	0.53889954	0.6736982	-0.702818	-0.69717604	-0.6838843	-0.6186858	0.63463604	-0.6295692	-0.6071194	0.63679564	0.6560442	-0.495326	-0.6744375	-0.6086041	-0.625422	-0.6546582	-0.7179578	0.7054568	-0.6780614	-0.6714303	-0.6638132	-0.67502016	0.5953968	0.5311847	-0.6794544	0.6613557	0.6243409	-0.6106424	0.5092124	0.68432605	-0.6437987	0.5958022	0.6951255	-0.6970836	-0.5919215	0.6513203	0.60936654	0.5790315	-0.6976273	-0.6694317	0.50630295	0.5980457	-0.5843842	0.6386516	0.60699886	0.49987698	0.624359	0.66442925	0.6168448	-0.56931674	-0.62099904	0.632161	0.69542295	-0.6344573	0.6019987	-0.66332185	0.65964353	0.6935004	-0.5526625	0.6617687	-0.69561666
-0.86134523	-0.9985715	-0.9593666	0.94700056	-0.9038663	-0.9216155	0.9177752	0.84952044	0.9710965	0.95185757	-0.98365647	-0.998184	-0.9943525	0.85418385	-0.9799644	-1.0557898	0.94142485	0.8781906	-0.90660685	-0.96499807	-1.0561782	-1.0167936	1.001598	0.9535225	0.92519915	0.94614923	-1.007085	-0.88303	1.0362836	1.0542818	-0.96295273	1.0353308	-0.92272806	-0.74206704	0.95549375	-0.96985984	-0.85398257	0.9384492	-0.9258504	0.8248547	0.95411736	-0.9813715	-0.94561064	-0.94091725	-0.9435352	0.9757591	-0.7983165	-0.9441562	0.95139647	0.8901685	-0.80752677	-1.0235738	-0.9073392	-0.9432957	-1.0143182	-0.9907307	0.95700085	-0.9582004	-0.9784447	-0.9108499	-0.958172	0.960797	0.89244837	-0.9924974	0.93779963	1.0761795	-0.8595307	0.8694314	0.96521103	-1.0365536	0.96019185	1.001472	-1.026072	-0.9282804	0.913085	0.8762109	0.92369026	-1.0583711	-0.83027554	0.7884967	0.93006825	-0.8214662	0.9737596	0.88091135	0.8001724	0.91048425	1.0054456	0.8769742	-0.85973114	-0.9010559	0.93980753	0.89777	-1.0235877	0.93617696	-0.92770886	0.9606157	1.053162	-0.73178476	0.90795505	-1.0560193
-0.9359357	-0.9921947	-0.9677352	0.98469245	-0.90782887	-0.79801464	0.8268993	0.9279456	1.03054	0.90331876	-0.8894349	-0.9681009	-0.8669658	0.83812	-0.96115226	-0.920643	0.9318689	0.9495614	-0.92293274	-0.8921387	-0.8932186	-0.90494996	0.9311745	0.877861	0.8982895	0.95030445	-0.9567957	-0.89946234	0.9015253	0.9184268	-0.9627039	0.8991877	-0.9184199	-0.79993933	1.0144181	-0.87649006	-0.83937484	0.94015723	-0.92692125	0.91355276	0.9044722	-0.8089688	-0.8224287	-0.9186865	-0.8684764	0.8471835	-0.7927978	-0.883271	0.8420795	0.8022018	-0.86679757	-0.9051689	-0.89561886	-0.9211076	-0.86908734	-0.9823599	0.8947526	-0.8136674	-0.8744561	-0.9444805	-0.92484194	0.86889344	0.8632133	-0.881434	0.8785855	1.0084109	-0.91514057	0.9406357	0.9204663	-0.95773274	0.96047616	0.9609446	-0.85671073	-0.9178682	0.86643606	0.8164561	0.82608557	-0.932695	-0.67398363	0.76253283	0.92950714	-0.8594432	0.9679423	0.9906091	0.9520704	1.0315064	0.90416664	0.99481815	-0.78717285	-0.8749345	0.93113655	0.8949818	-1.0035224	0.86698455	-0.8620252	0.9887137	0.88758916	-0.7301316	0.9319656	-0.87729824
-0.87543917	-0.8338473	-0.8080562	0.8808679	-0.81422704	-0.64434606	0.7611718	0.87969154	0.8886212	0.8125078	-0.8447888	-0.8368602	-0.7229431	0.8302315	-0.8046182	-0.77702296	0.81648564	0.8826513	-0.8261321	-0.8779286	-0.8467145	-0.8683136	0.8438504	0.8406462	0.7835341	0.8525281	-0.9225762	-0.8421746	0.81311756	0.84549695	-0.9023149	0.7814707	-0.86080635	-0.81764555	0.8654349	-0.7804503	-0.7821028	0.8634717	-0.82965297	0.8112056	0.74328685	-0.822503	-0.8144608	-0.88453853	-0.793405	0.76476276	-0.73339903	-0.88186985	0.8055634	0.82162154	-0.8013907	-0.8212121	-0.8061158	-0.8924314	-0.8569715	-0.86768067	0.7978023	-0.7968598	-0.8135626	-0.8361812	-0.8494629	0.85977477	0.86028385	-0.81989145	0.81974584	0.86606395	-0.8887615	0.8281623	0.76976645	-0.8642277	0.8794966	0.7994799	-0.9056559	-0.8322823	0.8256553	0.82074076	0.8444399	-0.82262164	-0.74439174	0.67628217	0.86927116	-0.8114875	0.87669224	0.87958145	0.7825227	0.8939769	0.82814854	0.8453574	-0.8347121	-0.822195	0.84592974	0.83242136	-0.87092143	0.65296596	-0.8066553	0.8670564	0.8492105	-0.72979456	0.8862915	-0.8396206
-0.6319619	-0.9106824	-0.87403446	0.85190934	-0.8083554	-0.92700833	0.8709458	0.68628967	0.8578867	0.9156075	-0.9020879	-0.9114734	-0.9528936	0.89837617	-0.8634792	-0.9915648	0.8958358	0.7515102	-0.9091845	-0.8981052	-1.0025249	-0.91686875	0.899105	0.90392214	0.92283785	0.8514167	-0.8457553	-0.852228	0.95662504	0.9814569	-0.8664858	0.97643745	-0.8997397	-0.71168613	0.9163354	-0.9161431	-0.75810194	0.866055	-0.79016125	0.78168386	0.9459179	-0.9237784	-0.9326271	-0.87475324	-0.8314156	0.99540377	-0.8012661	-0.8280888	0.9088427	0.9261564	-0.5976698	-0.9266817	-0.77808976	-0.8511022	-0.8991232	-0.88358	0.88965476	-1.0068489	-0.8780932	-0.7690547	-0.85607713	0.767568	0.739473	-0.9498116	0.91726655	0.91790074	-0.67279077	0.7593929	0.98825336	-0.9649389	0.7347142	0.914595	-0.9269156	-0.8675987	0.93339705	0.8639708	0.949733	-0.9120347	-0.91269535	0.6458181	0.78662145	-0.59881437	0.8273124	0.7554988	0.5980172	0.7467272	0.8523636	0.74994093	-0.91207427	-0.9057885	0.8630108	0.86821675	-0.90612334	0.97450036	-0.84656423	0.84897476	0.91799104	-0.70346135	0.8652135	-1.0155097
-0.83825946	-0.88533014	-0.8837904	0.89073676	-0.83061	-0.7437396	0.8499586	0.78702796	0.89330375	0.8589792	-0.81876755	-0.9015771	-0.7903874	0.7942295	-0.80700356	-0.8474774	0.8169526	0.81106275	-0.82093567	-0.8137655	-0.9078084	-0.83549255	0.8360519	0.8800001	0.8589839	0.82552236	-0.9127719	-0.8593044	0.78250575	0.8546544	-0.87799144	0.824368	-0.8200418	-0.8120262	0.87681836	-0.83155817	-0.78706366	0.8750157	-0.8448716	0.794084	0.8052005	-0.81726766	-0.8594809	-0.80805355	-0.8526753	0.7956909	-0.7886286	-0.85326016	0.8004636	0.7638127	-0.7841251	-0.8811683	-0.78798705	-0.83871853	-0.8663337	-0.9081419	0.8244155	-0.7916067	-0.81030184	-0.9014558	-0.83652765	0.80178624	0.8444817	-0.81322116	0.81596833	0.9100402	-0.85715723	0.86745757	0.8784217	-0.8485866	0.8120735	0.8143741	-0.84800994	-0.8475047	0.8280632	0.80507463	0.8447998	-0.89709765	-0.7383919	0.7164325	0.8330282	-0.84013116	0.9098193	0.86324215	0.78946614	0.9042717	0.8517979	0.8574996	-0.7559936	-0.7940873	0.8741623	0.8081828	-0.92918885	0.80038905	-0.8222836	0.83647186	0.82822466	-0.7562356	0.84053004	-0.84506685
-0.73931646	-0.93801665	-0.8301524	0.91731036	-0.80474156	-0.8314906	0.78424233	0.75605744	0.95516485	0.8831831	-0.8938517	-0.94385934	-0.9391744	0.8608866	-0.85093635	-0.93017393	0.8942604	0.7808603	-0.86864847	-0.9119632	-0.9235698	-0.8956201	0.85642904	0.92968553	0.9013698	0.8817166	-0.95280325	-0.82088655	0.96566457	0.96979755	-0.8607687	0.99434716	-0.93879896	-0.61322427	0.88530755	-0.9784311	-0.65192586	0.8274705	-0.8066836	0.8231969	0.949258	-0.86654705	-0.9887491	-0.9003578	-0.84211904	0.88743967	-0.77309644	-0.8356229	0.8942404	0.8657031	-0.67892504	-0.96492517	-0.7698972	-0.8454646	-0.9068801	-0.9240905	0.9566724	-0.9627401	-0.882793	-0.8389688	-0.90733683	0.79861474	0.7362322	-0.95967734	0.9068614	0.9071625	-0.7380088	0.79789245	0.93549794	-0.9599619	0.85394126	0.8599468	-0.96851414	-0.89980835	0.8796351	0.8694447	0.8633763	-0.9151928	-0.7594032	0.63200873	0.7776072	-0.71307665	0.8430569	0.8110422	0.6661814	0.89980155	0.8905669	0.8208024	-0.81235	-0.8331933	0.8633037	0.8505394	-0.88841397	0.8734363	-0.841889	0.89117396	0.98127055	-0.6526092	0.83267343	-1.0062932
-0.65465134	-0.7212605	-0.62592787	0.7366236	-0.6635283	-0.6462562	0.6574338	0.59601295	0.70543677	0.6870257	-0.68763274	-0.7252672	-0.6851431	0.6475033	-0.64124125	-0.69963115	0.7351923	0.6969099	-0.70346665	-0.64111894	-0.65876704	-0.661884	0.66834784	0.6550672	0.6793983	0.71102905	-0.6568036	-0.7097202	0.66315526	0.6909516	-0.6786148	0.66225666	-0.74251527	-0.66600424	0.7280465	-0.7261516	-0.66489506	0.66339964	-0.6784917	0.69304657	0.6451031	-0.70347744	-0.6703164	-0.64597976	-0.6843179	0.66904813	-0.5979358	-0.6561697	0.70385814	0.6916143	-0.65594196	-0.7344095	-0.62356013	-0.7032067	-0.63005376	-0.68088806	0.66900057	-0.69468844	-0.65684104	-0.7238155	-0.6969944	0.6881877	0.60893655	-0.6988388	0.71453995	0.6910967	-0.68202394	0.6316256	0.6716649	-0.72886515	0.63923407	0.6452861	-0.67540604	-0.65591264	0.64091766	0.6201882	0.6637324	-0.6388157	-0.6329568	0.6317712	0.62511295	-0.6763124	0.727744	0.6465651	0.6184945	0.7466282	0.64976484	0.7115791	-0.61556983	-0.6141751	0.62470835	0.62467855	-0.642283	0.66246355	-0.64274734	0.68835706	0.7387186	-0.6243949	0.71893007	-0.7187429
-0.7533255	-0.94562894	-0.9043101	0.8518133	-0.83035386	-0.8730091	0.7944641	0.6941858	0.9473785	0.91003567	-0.86479187	-0.96418464	-1.0505562	0.74997765	-0.92038494	-0.96868324	0.97673494	0.80379254	-0.90558004	-0.91291124	-0.93085915	-0.92751735	0.9300746	0.92403495	0.91758776	0.8827847	-0.950975	-0.8043091	0.999566	0.9272711	-0.87895215	1.0062071	-0.9848182	-0.6217087	0.9037417	-0.9872638	-0.68022937	0.86062616	-0.84240264	0.82587194	1.0474917	-0.91631556	-0.98995966	-0.83467263	-0.78701735	0.93072206	-0.744934	-0.8838077	1.0078714	0.838977	-0.6904639	-0.9615698	-0.7619701	-0.88827276	-0.9253711	-0.9763792	0.8977996	-0.974293	-0.8890887	-0.88006985	-0.97219455	0.8065522	0.68023366	-0.9331514	0.9120131	1.0041671	-0.73421454	0.73969454	0.9690296	-0.99813855	0.81987506	0.9528936	-0.99006873	-0.8797257	0.8942582	0.82725537	0.87558365	-0.9866033	-0.80151707	0.5514374	0.8083641	-0.7298098	0.9074585	0.83311176	0.6557245	0.8823283	0.95259726	0.86663586	-0.86790866	-0.90460104	0.8598816	0.8793553	-0.88516456	1.0003555	-0.89510655	0.92822975	0.94052595	-0.56662196	0.8350044	-1.025777
-0.5452445	-0.62945	-0.6463997	0.6725381	-0.6543722	-0.62357724	0.6610918	0.60734767	0.6075244	0.64059603	-0.6207153	-0.67560256	-0.674258	0.6331005	-0.6381825	-0.7259876	0.6699518	0.6510933	-0.66116846	-0.65715927	-0.6550359	-0.69173944	0.61657995	0.6458161	0.7018405	0.64624435	-0.66088885	-0.6628222	0.68163514	0.6505104	-0.61679876	0.65464085	-0.6852478	-0.5855498	0.6788038	-0.61592835	-0.6452538	0.6476178	-0.66187763	0.618783	0.6886923	-0.6848187	-0.66908747	-0.64341474	-0.7119433	0.66729134	-0.58326787	-0.65833646	0.70966595	0.67300975	-0.51601785	-0.6490372	-0.6167881	-0.69719696	-0.6477817	-0.71591026	0.63807184	-0.6838274	-0.6155011	-0.6729984	-0.6290664	0.6082224	0.5530227	-0.6694447	0.71610725	0.6540582	-0.5194812	0.63506395	0.6398548	-0.67934847	0.6376362	0.68388057	-0.6817248	-0.64726174	0.65144604	0.6306823	0.69005626	-0.65119493	-0.6132479	0.57585347	0.6106492	-0.59003514	0.6880324	0.59363264	0.5796016	0.6356193	0.6741498	0.6272492	-0.6519724	-0.6452281	0.6926367	0.6489357	-0.68346447	0.652006	-0.65015984	0.5940172	0.71754223	-0.5733202	0.66656756	-0.6872225
-0.7113388	-0.78092337	-0.6736277	0.73658377	-0.6960353	-0.670802	0.719067	0.63220406	0.7186257	0.6984377	-0.7179184	-0.7019029	-0.68759316	0.7139305	-0.7301808	-0.75118953	0.73910326	0.6989074	-0.6915894	-0.7099718	-0.7301937	-0.6942089	0.68932897	0.698074	0.68684316	0.7007488	-0.7062451	-0.6895954	0.7406175	0.7383022	-0.7369196	0.7257923	-0.7549739	-0.6451489	0.72625095	-0.7755955	-0.6551314	0.74242306	-0.68936396	0.6572879	0.7331081	-0.688625	-0.7743006	-0.7067927	-0.71471065	0.7219581	-0.6338058	-0.7280716	0.75089353	0.7487081	-0.6080077	-0.7702791	-0.6887561	-0.72955835	-0.70938677	-0.7109714	0.75110024	-0.75281173	-0.76391	-0.77288485	-0.74337554	0.7223367	0.72022694	-0.72863925	0.7015767	0.7802601	-0.74849606	0.68949586	0.7613039	-0.7089764	0.71769	0.6933367	-0.76165855	-0.77245146	0.7598018	0.7360987	0.72900647	-0.7257408	-0.6298233	0.5315443	0.677373	-0.6329036	0.7097455	0.7084661	0.6268142	0.73503363	0.7468713	0.76811963	-0.72108775	-0.70750934	0.70109695	0.70605373	-0.7138679	0.67815375	-0.74294245	0.7371402	0.725058	-0.5755477	0.768638	-0.74035835
-0.6125008	-0.94655484	-0.82856834	0.85707617	-0.8706694	-0.9433049	0.8040022	0.77538747	0.74874634	0.86981964	-0.86109567	-0.96036065	-0.94695956	0.87649035	-0.9147101	-0.96159875	0.9399618	0.8384633	-0.8909463	-0.8339745	-0.9516653	-0.8200537	0.9110513	0.96104294	0.853773	0.8207862	-0.8678284	-0.8688433	0.95427006	0.8973223	-0.8747481	0.9045851	-0.90619695	-0.75102973	0.82245463	-0.93977827	-0.74518186	0.7664817	-0.77574444	0.8056225	0.9151185	-0.885733	-0.8536625	-0.8465145	-0.87909234	0.96143717	-0.81923544	-0.9108023	0.9161893	0.9131431	-0.637055	-0.9669486	-0.75226116	-0.90506434	-0.9107286	-0.9547594	0.88537484	-0.92311645	-0.93010175	-0.7905792	-0.8957928	0.86831695	0.7071774	-0.90785146	0.912721	0.93306863	-0.6741924	0.66877425	0.9586453	-0.9103328	0.7775629	0.91383165	-0.9553519	-0.9320446	0.8619454	0.8299705	0.85907286	-0.8672772	-0.84538734	0.69775414	0.6539149	-0.7201304	0.8379385	0.84951854	0.6587071	0.7165959	0.8771961	0.6995255	-0.9172763	-0.93071747	0.90798825	0.9360462	-0.8677288	0.974207	-0.89526075	0.8185583	0.98766106	-0.7165484	0.8623805	-0.8903777
-0.7540472	-0.8374849	-0.76853615	0.87508786	-0.7684622	-0.7960919	0.7583939	0.73307717	0.86914736	0.8060533	-0.7823968	-0.8755137	-0.89429426	0.75884485	-0.8571165	-0.86857015	0.8622979	0.8328476	-0.7898467	-0.84219325	-0.9274231	-0.8631682	0.7981533	0.86312443	0.8623139	0.8502472	-0.863557	-0.7233953	0.8797916	0.82292634	-0.7836635	0.8345696	-0.8926039	-0.67812914	0.787392	-0.8943632	-0.7095961	0.80590916	-0.74634165	0.74959445	0.85497725	-0.8529631	-0.8541642	-0.824417	-0.8092276	0.8210789	-0.7496996	-0.83914006	0.8180706	0.8310197	-0.6647031	-0.9092393	-0.76543164	-0.85958695	-0.7910714	-0.8460049	0.86677	-0.80404824	-0.8272627	-0.77704084	-0.8637515	0.8167411	0.7719552	-0.82597315	0.8475074	0.82566184	-0.76375043	0.76131207	0.86703616	-0.87857217	0.74364626	0.81733274	-0.7701487	-0.850528	0.76962775	0.73919135	0.78375995	-0.86875653	-0.7401287	0.69788766	0.821105	-0.7050179	0.8148546	0.8170545	0.7098271	0.80725974	0.8511159	0.78015065	-0.7936779	-0.81038433	0.7819153	0.7921007	-0.8762229	0.8796011	-0.77453893	0.8562715	0.8278694	-0.6133398	0.79358804	-0.84372264
-0.80181354	-0.8233558	-0.85275704	0.86166376	-0.7988787	-0.70710224	0.7984071	0.74027616	0.83646643	0.805047	-0.7976655	-0.82101697	-0.8607734	0.7968254	-0.79416543	-0.8888476	0.8494362	0.77323616	-0.864171	-0.83552456	-0.82718027	-0.81512094	0.76610285	0.85176915	0.7877048	0.79669356	-0.859298	-0.8465304	0.82563794	0.8900494	-0.84701836	0.82401866	-0.85908693	-0.71729976	0.83192986	-0.7911646	-0.6758911	0.8298116	-0.75413233	0.72729784	0.7968246	-0.8133895	-0.8156551	-0.7951765	-0.78939015	0.82983637	-0.7380442	-0.86057013	0.77541715	0.8296633	-0.77066857	-0.8346916	-0.82122135	-0.8037027	-0.83494693	-0.8094155	0.8651817	-0.8739795	-0.8528121	-0.8272306	-0.8789029	0.74806345	0.77365994	-0.83760595	0.89645207	0.82922786	-0.77333426	0.7493574	0.8387737	-0.8118721	0.74631304	0.78604615	-0.8756742	-0.80203545	0.88619107	0.83941466	0.830751	-0.8145322	-0.7653331	0.69194967	0.82640684	-0.77359647	0.7827448	0.7314618	0.7044246	0.8723514	0.85915285	0.8339563	-0.8121162	-0.84587574	0.8075644	0.7675917	-0.87484455	0.7788228	-0.8170987	0.84124714	0.83505696	-0.675299	0.75740856	-0.9142612
-0.6764911	-0.9899674	-0.8901454	1.0232134	-0.95066935	-1.0475016	0.9345358	0.7309604	0.92318237	0.9603586	-1.0643979	-1.1170169	-1.0830286	0.92277807	-1.0943892	-1.120792	1.0290235	0.8326559	-0.98651135	-0.96903104	-1.1304572	-0.94051546	1.0604796	1.0611945	1.0133318	0.90990466	-0.96148574	-0.87831616	1.1380945	1.0804967	-0.9093974	1.0930334	-1.0608252	-0.80010253	0.9265102	-1.0259677	-0.84152365	0.877308	-0.8682906	0.8894444	1.1406758	-1.0471246	-1.0824963	-0.92740905	-1.0560466	1.0487125	-0.8619686	-0.9228468	1.0803663	0.98485315	-0.65090424	-1.0776523	-0.84738237	-1.0418551	-1.0439246	-1.1187907	1.0114435	-1.096643	-1.0477917	-0.7949742	-0.9948148	0.9773538	0.76007795	-1.056281	0.9649772	1.0759283	-0.708094	0.78738433	1.108306	-1.0067134	0.87941986	1.0453035	-1.02858	-1.0283656	0.93606174	0.9331613	0.97303504	-1.1004646	-0.8936588	0.77120924	0.7496678	-0.7491471	0.99795705	0.8797729	0.72018963	0.80897015	1.0212967	0.7794012	-0.936521	-1.0420362	0.93739396	0.97284424	-1.0002041	1.0834284	-0.9821022	0.91812706	1.102693	-0.6863462	0.99710697	-1.1021051
-0.8359028	-0.9487237	-0.90266937	0.9101722	-0.859566	-0.7589159	0.80193263	0.7965789	0.93461746	0.87949383	-0.8240311	-0.90532184	-0.89974254	0.7879489	-0.8663191	-0.9229749	0.84653383	0.7881689	-0.831492	-0.9175245	-0.88737357	-0.9294465	0.90151143	0.88403445	0.7856626	0.82884	-0.87911516	-0.8601115	0.8978772	0.84902626	-0.8602266	0.8525571	-0.87599343	-0.7058194	0.90422684	-0.8446454	-0.7347392	0.88853467	-0.85047966	0.85422844	0.8976595	-0.81744355	-0.8013946	-0.8542817	-0.78073436	0.82780826	-0.7131059	-0.8634552	0.89127403	0.82538366	-0.67571324	-0.88092774	-0.8632373	-0.8386766	-0.85478324	-0.8961385	0.8351579	-0.8719913	-0.7993908	-0.813993	-0.8958692	0.8348759	0.8179899	-0.8997522	0.86007494	0.9085253	-0.8565627	0.8080685	0.892483	-0.8884601	0.8550831	0.89916843	-0.87051094	-0.8337089	0.8111075	0.81260437	0.78451955	-0.8625164	-0.71571094	0.6280291	0.8567366	-0.7076204	0.8652152	0.91352755	0.7422329	0.89846885	0.8951886	0.89351326	-0.79030204	-0.8449649	0.83832884	0.8480077	-0.93842226	0.8380717	-0.8483193	0.9178612	0.8789746	-0.5841888	0.86961377	-0.92656213
-0.66760194	-0.6557142	-0.6941795	0.70890915	-0.6422362	-0.58642006	0.6421157	0.5980633	0.7876897	0.70949185	-0.6087782	-0.7511008	-0.67109245	0.7167096	-0.6451517	-0.71106905	0.6152421	0.71758044	-0.7160911	-0.63550526	-0.6720946	-0.7731815	0.6102378	0.7638221	0.70369476	0.65271944	-0.72196555	-0.6565387	0.7367138	0.6768136	-0.69658464	0.7043275	-0.6472841	-0.55070245	0.7420854	-0.69523513	-0.5643182	0.6496168	-0.70596695	0.5922552	0.67567885	-0.64617276	-0.6861796	-0.68158865	-0.6470221	0.61120844	-0.58444464	-0.7283237	0.6953289	0.64446723	-0.5689211	-0.7532737	-0.6308847	-0.7196792	-0.714696	-0.65951896	0.6790015	-0.67843604	-0.697795	-0.7432791	-0.72278684	0.57516813	0.5824333	-0.7323575	0.7147762	0.73653936	-0.6850787	0.6671437	0.709365	-0.7604287	0.67888623	0.71146417	-0.7493815	-0.66574585	0.7272702	0.66058654	0.6955641	-0.72439295	-0.5701924	0.52412564	0.65687156	-0.5876043	0.7233489	0.62273556	0.5512794	0.68552184	0.7007182	0.7588786	-0.6349232	-0.68857586	0.6990355	0.6650865	-0.77079237	0.66580737	-0.6775006	0.6889206	0.7237507	-0.53574365	0.6994719	-0.75763094
-0.5982793	-1.0133661	-0.8595891	0.9672769	-0.8996501	-1.126543	0.86809486	0.65488	0.9519134	0.96791613	-0.9738827	-1.0685803	-1.1690959	0.8966877	-0.99952346	-1.1002042	1.0420924	0.7615109	-0.97737765	-0.97482234	-1.091759	-0.88771075	1.0437504	1.041396	1.0440106	0.8550858	-0.9585269	-0.8552837	1.1512601	1.0186536	-0.91017866	1.0703416	-1.052281	-0.7162076	0.9436546	-1.0977453	-0.7354488	0.82185584	-0.89165217	0.7871853	1.108583	-0.9892894	-1.065015	-0.91512054	-0.89782566	1.0333867	-0.8261562	-0.8961659	1.0660965	0.97549725	-0.553168	-1.0878005	-0.7546113	-0.9273671	-1.0666815	-1.0331378	0.9744272	-1.1332849	-1.0979328	-0.806051	-0.93797344	0.9064065	0.70363724	-1.0983641	1.0546988	1.0557789	-0.7474714	0.6761672	1.0684847	-1.0079513	0.7779717	0.99359566	-0.9745187	-0.9636684	0.96162677	0.93886834	0.90634346	-0.996155	-0.8900022	0.624103	0.6613123	-0.5954511	0.9456166	0.84609777	0.52139455	0.8042577	0.9581627	0.7642072	-1.0205351	-1.0027537	0.9474928	0.94757414	-0.9554396	1.1725361	-0.97371966	0.87084055	1.1034443	-0.57622474	0.8987522	-1.0910511
-0.58310187	-0.66230196	-0.61985445	0.5950769	-0.6315252	-0.58326274	0.5755957	0.60440886	0.66190046	0.67505753	-0.59005976	-0.63063943	-0.631241	0.62735385	-0.67161125	-0.68595374	0.6074789	0.599978	-0.6662046	-0.5784932	-0.6067893	-0.6678656	0.63130254	0.60321724	0.65316653	0.61354864	-0.6290616	-0.64132786	0.6605802	0.60487086	-0.5861414	0.66557294	-0.61902297	-0.53771865	0.65575397	-0.6167971	-0.57894886	0.60364765	-0.560099	0.62309784	0.6553897	-0.65817535	-0.59362257	-0.6517903	-0.5943492	0.6262516	-0.63266003	-0.59751934	0.62678677	0.66292316	-0.554398	-0.6141207	-0.6091324	-0.63846797	-0.61844033	-0.64406955	0.6763343	-0.66076076	-0.6071186	-0.5897828	-0.62272865	0.5693175	0.5772514	-0.64010894	0.64713997	0.6532625	-0.62278014	0.5703314	0.6052268	-0.6057769	0.5701433	0.6597869	-0.64394915	-0.64368415	0.6160099	0.62323236	0.63506806	-0.67230767	-0.5728519	0.5810783	0.615948	-0.57186115	0.6582715	0.62974894	0.5228303	0.5954207	0.6195074	0.5795022	-0.6163265	-0.6461383	0.5819843	0.58864254	-0.6691025	0.6349279	-0.6049387	0.6718467	0.68210167	-0.5281503	0.65965706	-0.64075696
-0.9265279	-0.8443438	-0.8757971	0.87712693	-0.83555937	-0.62793505	0.87756306	0.89094317	0.92737037	0.86964566	-0.78543305	-0.88936925	-0.78674686	0.8470478	-0.85224926	-0.81962144	0.8425828	0.95252824	-0.80455494	-0.9043083	-0.9432348	-0.94813204	0.8695867	0.8673065	0.8324983	0.95067835	-0.9002477	-0.85940534	0.8038235	0.9164703	-0.8849199	0.8087794	-0.83954453	-0.8417496	0.92334867	-0.8387087	-0.8097892	0.95912045	-0.854285	0.8923528	0.80348575	-0.8038909	-0.82211375	-0.89845955	-0.84607613	0.75282836	-0.7938763	-0.89690113	0.7632411	0.77734745	-0.92249024	-0.9384359	-0.8780649	-0.89286524	-0.8344663	-0.9215461	0.84219635	-0.7406415	-0.8283833	-0.96708715	-0.8966602	0.9080012	0.8784092	-0.8184606	0.931007	0.86179626	-0.8919354	0.9093659	0.9042043	-0.85941166	0.9460544	0.88020355	-0.87505394	-0.8157613	0.9019098	0.89904684	0.8626826	-0.94198924	-0.78132594	0.7472178	0.9203098	-0.8588116	0.93532413	0.9010444	0.90345883	0.9152669	0.9460258	0.9498431	-0.8206148	-0.7955581	0.85439295	0.85453343	-0.9474224	0.7578849	-0.85229176	0.92480236	0.8498148	-0.74952084	0.91701674	-0.81170785
-0.65240526	-0.68126667	-0.6392226	0.71059453	-0.6459599	-0.5725101	0.6512937	0.6447475	0.6778923	0.6924555	-0.64268684	-0.681616	-0.624736	0.607775	-0.67604345	-0.6347476	0.6299802	0.66814584	-0.6217928	-0.6489498	-0.62523836	-0.72485334	0.6742569	0.709728	0.6818334	0.68698657	-0.7142065	-0.6268965	0.6344957	0.7110433	-0.6685727	0.6349771	-0.6614412	-0.573065	0.6428033	-0.58290035	-0.61928725	0.69006324	-0.62605447	0.6194922	0.64727545	-0.6006072	-0.61636055	-0.7261093	-0.68330055	0.6044851	-0.6122659	-0.677862	0.58175516	0.6544847	-0.7153556	-0.64712197	-0.6728853	-0.6907605	-0.6484519	-0.6692915	0.6346816	-0.6043884	-0.61121297	-0.7002446	-0.6991136	0.6154189	0.6782189	-0.6220954	0.61671704	0.7146673	-0.6496051	0.7281621	0.6192436	-0.68821704	0.720628	0.63986397	-0.62632906	-0.6631784	0.6971283	0.62470347	0.5823329	-0.7009485	-0.52009714	0.5725529	0.74044037	-0.7016748	0.7127867	0.6636024	0.68456274	0.6676905	0.7246265	0.68942004	-0.5623382	-0.6270448	0.69151205	0.6495891	-0.6433175	0.55753547	-0.64056206	0.64767826	0.656538	-0.5759137	0.67663604	-0.6377991
-0.7819535	-0.78264403	-0.8264395	0.8739628	-0.82704955	-0.6835988	0.7834941	0.84833145	0.80022943	0.8087437	-0.80462813	-0.8206507	-0.7705462	0.7807533	-0.8536544	-0.78105664	0.7757804	0.8173369	-0.77874047	-0.8409289	-0.82672685	-0.77400446	0.8216062	0.87930274	0.814507	0.82939553	-0.79332674	-0.8570853	0.74077946	0.81933355	-0.8394365	0.8245483	-0.89197737	-0.77500266	0.84547913	-0.82918	-0.73706555	0.87309456	-0.84384	0.8490845	0.83178973	-0.7564299	-0.8119092	-0.8434634	-0.8287228	0.82047516	-0.7591026	-0.81153363	0.79397535	0.7722821	-0.82086545	-0.87348926	-0.73615754	-0.75331056	-0.77104294	-0.7962942	0.779434	-0.788943	-0.7462353	-0.80912143	-0.8425348	0.8391681	0.83102727	-0.74637246	0.802689	0.8497139	-0.8465365	0.80010855	0.8071703	-0.8524533	0.8587582	0.7885219	-0.8579648	-0.77089447	0.8480069	0.8532518	0.7239553	-0.81056094	-0.7108099	0.6917796	0.7744646	-0.8473578	0.79179543	0.81453866	0.80742174	0.87933236	0.84754765	0.89028543	-0.79585254	-0.8479339	0.8055355	0.7903756	-0.8864725	0.7994207	-0.8312418	0.8584714	0.7719901	-0.7145802	0.7777809	-0.7524092
-0.5370536	-0.8943142	-0.7633058	0.8320965	-0.8521921	-0.8813952	0.83876336	0.6836783	0.7448247	0.8200727	-0.86320555	-0.8393058	-0.92391205	0.83642477	-0.84588975	-0.8371317	0.909783	0.67285204	-0.83303064	-0.8514794	-0.8677215	-0.7726365	0.83845264	0.84838486	0.8677194	0.66304034	-0.7033152	-0.8082328	0.89577436	0.8687228	-0.8221429	0.8963826	-0.90634906	-0.74581987	0.7314832	-0.90870273	-0.77953935	0.7082796	-0.822382	0.7385171	0.93300754	-0.8384727	-0.82499886	-0.8265271	-0.8618456	0.850285	-0.80653745	-0.76938426	0.8695534	0.80148786	-0.57842696	-0.8632254	-0.7310653	-0.83912843	-0.8777383	-0.8535097	0.82489467	-0.94058204	-0.8614236	-0.65609413	-0.85318863	0.8387362	0.6501799	-0.93495727	0.895811	0.86766046	-0.59808284	0.6023095	0.9167636	-0.898743	0.7686833	0.80250263	-0.89202315	-0.8435173	0.80787855	0.86719096	0.8368917	-0.81992704	-0.7775622	0.78758335	0.57432383	-0.6262079	0.7793909	0.77985007	0.59874165	0.5839054	0.860138	0.63706714	-0.8861592	-0.8503005	0.8155838	0.8111631	-0.7784412	0.9357519	-0.83502936	0.66296196	0.8760368	-0.6732221	0.82421225	-0.92782503
-0.64003724	-0.7655275	-0.7516759	0.7641375	-0.74335474	-0.7172491	0.72235066	0.61028033	0.73594666	0.7704996	-0.77074057	-0.7435763	-0.7952566	0.7232524	-0.7481209	-0.8186316	0.81080306	0.69806063	-0.78378576	-0.7252327	-0.78696185	-0.7538743	0.79076034	0.7499762	0.7807764	0.70611703	-0.67805827	-0.72337675	0.7930685	0.76037097	-0.7085153	0.7790452	-0.69667006	-0.65607876	0.7620761	-0.76704997	-0.66071033	0.66445994	-0.7191711	0.725981	0.81860805	-0.7864639	-0.7823152	-0.72064745	-0.7735709	0.789896	-0.6834227	-0.6905728	0.780038	0.794761	-0.63870996	-0.764316	-0.6348891	-0.67844146	-0.79467916	-0.774802	0.72264856	-0.831884	-0.7603066	-0.6718844	-0.7523287	0.6753616	0.6694443	-0.82668436	0.77843803	0.7528024	-0.60006	0.68163013	0.78279424	-0.74257576	0.7055542	0.7961661	-0.7285476	-0.73201776	0.714788	0.6669036	0.6957215	-0.74231476	-0.67698836	0.64030355	0.65059364	-0.57791597	0.68394464	0.7274936	0.5293066	0.68077195	0.73284435	0.6317489	-0.7745588	-0.74666303	0.70398694	0.7551686	-0.72247684	0.7234482	-0.7167509	0.74712723	0.81405467	-0.55711913	0.74370307	-0.7782323
-0.80156505	-0.7921618	-0.78172755	0.8512986	-0.8249791	-0.6936062	0.771006	0.71259606	0.84829235	0.81248724	-0.7681875	-0.8646963	-0.81155217	0.7329636	-0.7945979	-0.859597	0.8193307	0.79202366	-0.78375596	-0.80107075	-0.78510356	-0.79277265	0.79917157	0.8166254	0.8349	0.83463806	-0.8774469	-0.75079185	0.81135947	0.8380474	-0.86239964	0.7892419	-0.7759361	-0.7144555	0.79789597	-0.7753593	-0.6219492	0.8202068	-0.72962844	0.7327059	0.78445363	-0.7807794	-0.7539328	-0.76499957	-0.77333224	0.7350479	-0.6751771	-0.8184973	0.80554634	0.7077494	-0.7258024	-0.8449856	-0.79078645	-0.80968124	-0.8129715	-0.81065905	0.80134183	-0.72627294	-0.8005072	-0.7989955	-0.8510374	0.8122033	0.7536316	-0.84810936	0.77933216	0.85639507	-0.7663609	0.76586384	0.8386932	-0.83443534	0.82815796	0.7925067	-0.7805616	-0.75479835	0.8095477	0.77126557	0.7335671	-0.7766594	-0.6620508	0.590591	0.811419	-0.6844917	0.85913414	0.8174307	0.6720677	0.80166155	0.84092444	0.84224516	-0.77992225	-0.7010811	0.79850304	0.75958455	-0.86711526	0.7069822	-0.8006922	0.81367457	0.8672764	-0.63415956	0.82974607	-0.82604086
-0.6525479	-0.8424578	-0.8203997	0.88923365	-0.8304774	-0.9645909	0.7645785	0.64837414	0.8123598	0.79985964	-0.8419309	-0.87825125	-0.9450642	0.8023363	-0.9369313	-0.92267436	0.9433424	0.7660995	-0.8406364	-0.8859717	-0.8971268	-0.82773644	0.8215925	0.90031654	0.8447179	0.7337828	-0.80800474	-0.78210413	0.89258826	0.84389794	-0.8125906	0.913226	-0.83686197	-0.65878487	0.8802355	-0.88991827	-0.68981683	0.8179924	-0.7440345	0.71216416	0.9556669	-0.9104813	-0.93513805	-0.8322296	-0.8041736	0.89112604	-0.82892203	-0.85131013	0.94442666	0.8483879	-0.6217874	-0.9396772	-0.7069518	-0.84285676	-0.86259353	-0.83453447	0.8783398	-0.9398975	-0.95043314	-0.7741773	-0.842492	0.8225222	0.7372802	-0.9393634	0.90915316	0.8778642	-0.70682293	0.7207543	0.94588387	-0.8330303	0.70447546	0.8264933	-0.8636618	-0.8889972	0.80134493	0.8246959	0.8933053	-0.8876762	-0.88372046	0.697366	0.705163	-0.67625767	0.8178809	0.8206979	0.57752794	0.7621686	0.8818674	0.82848346	-0.8426793	-0.89118856	0.8374325	0.81834906	-0.8721747	0.9641336	-0.8091375	0.7571729	0.86533743	-0.6123072	0.816755	-0.9467274
-0.72477394	-0.8807868	-0.7848896	0.78237015	-0.800247	-0.731659	0.8579867	0.710306	0.8549279	0.8255876	-0.86244696	-0.85257417	-0.76890963	0.7510495	-0.8247538	-0.86917454	0.8828788	0.7796066	-0.8756862	-0.816903	-0.9090106	-0.8106372	0.83002335	0.8165976	0.81188	0.76279336	-0.78962183	-0.7900409	0.8075313	0.91321707	-0.81781113	0.86242235	-0.7832825	-0.72255987	0.800802	-0.85632443	-0.7119356	0.79021174	-0.729739	0.7664652	0.7952967	-0.8918842	-0.86811054	-0.82403815	-0.8515952	0.82874817	-0.7352745	-0.8190507	0.8535473	0.82302064	-0.714844	-0.868415	-0.7146036	-0.82976824	-0.82623154	-0.8770045	0.89247364	-0.85475045	-0.8358733	-0.7460832	-0.8303117	0.82289624	0.75003636	-0.8447541	0.88064194	0.8848888	-0.7634133	0.79392236	0.85478395	-0.84654015	0.78701305	0.8346547	-0.8531456	-0.8139801	0.82140136	0.8437814	0.8145317	-0.9141311	-0.8341979	0.7471995	0.7711396	-0.7236662	0.7900622	0.743529	0.65326905	0.7883833	0.8181011	0.74377245	-0.86799675	-0.8128749	0.84824383	0.8791559	-0.8837728	0.79942	-0.790244	0.791587	0.82311475	-0.7119511	0.8110789	-0.8405644
-0.77774316	-0.9183433	-0.9162255	0.9716882	-0.89887726	-0.87877345	0.81607467	0.77216715	0.9307304	0.9437597	-0.92783624	-0.9868898	-1.0218648	0.8452251	-0.9656201	-0.97521824	0.9101368	0.7852305	-0.8875032	-0.90114254	-0.9982563	-0.93395823	0.9044881	0.9380396	0.87750214	0.92586637	-0.88428223	-0.8412981	0.95870924	0.9748889	-0.9127029	0.96980155	-1.006635	-0.6846715	0.85582453	-0.9097711	-0.71579355	0.89557713	-0.90623516	0.7848359	0.94501245	-0.9092696	-0.8996582	-0.9044059	-0.88667536	0.92092687	-0.7988606	-0.8967119	0.9512293	0.9099755	-0.6983879	-0.90295124	-0.8017635	-0.91752625	-0.94651175	-0.9503416	0.88540393	-0.9420168	-0.86360615	-0.8429894	-0.9005624	0.8640877	0.7728032	-0.95051926	0.86321026	0.9962742	-0.8154479	0.80873394	0.91328293	-0.96243215	0.883747	0.9213271	-0.94938934	-0.8710548	0.8948047	0.9121112	0.84814924	-0.95982105	-0.8406007	0.6401243	0.82644	-0.7246283	0.8787072	0.9061833	0.66090035	0.8819128	0.9214123	0.8667559	-0.84539807	-0.852778	0.94476306	0.89477193	-0.917482	0.98390484	-0.90085685	0.917819	0.93443614	-0.61854666	0.90222883	-0.95094424
-0.84035796	-0.7998224	-0.825971	0.7816105	-0.8485883	-0.71637034	0.7768595	0.7503981	0.7839497	0.82157475	-0.77600974	-0.80573905	-0.8080025	0.79316	-0.7854068	-0.81965744	0.7704338	0.8360725	-0.76000935	-0.7897931	-0.8342988	-0.79423445	0.79486156	0.79152143	0.83556265	0.8851274	-0.8099831	-0.7726385	0.79452556	0.7855452	-0.78107524	0.75786424	-0.8082823	-0.74951774	0.80707145	-0.74443966	-0.70922804	0.81893945	-0.8005434	0.77477956	0.7894384	-0.73956037	-0.75606424	-0.7915653	-0.77653605	0.79723656	-0.73585343	-0.7907441	0.76761514	0.7395731	-0.7964744	-0.7715417	-0.77731526	-0.84079707	-0.8308792	-0.7834896	0.76060915	-0.7767806	-0.80695164	-0.8428458	-0.7835317	0.8370796	0.7635774	-0.75687844	0.82270676	0.7824216	-0.8096122	0.77814984	0.77545816	-0.84337014	0.7963171	0.83616376	-0.76626223	-0.83490336	0.800609	0.8092976	0.78970367	-0.7534083	-0.72075087	0.7566996	0.8013777	-0.8027357	0.8469323	0.783919	0.7584923	0.84869915	0.84368527	0.7801166	-0.7590466	-0.7447991	0.82247514	0.8164119	-0.81915987	0.8169499	-0.80222744	0.8513939	0.81990397	-0.7786044	0.7808942	-0.8382387
-0.74804145	-0.7597383	-0.8026531	0.77611685	-0.7867951	-0.7398252	0.69401664	0.72094816	0.7673778	0.72270733	-0.7655857	-0.7587333	-0.8266958	0.7005734	-0.74647343	-0.7240149	0.7269214	0.7664133	-0.71194154	-0.7340962	-0.7889987	-0.824548	0.7250205	0.72111994	0.72564626	0.80523956	-0.84303045	-0.7203593	0.7401923	0.7841767	-0.8436207	0.75061727	-0.76952296	-0.6326152	0.8241626	-0.726293	-0.6781094	0.7850081	-0.73841393	0.7323397	0.7429877	-0.680229	-0.6610289	-0.7599917	-0.747132	0.7082479	-0.68121254	-0.7383901	0.76865953	0.71708065	-0.7734526	-0.8029998	-0.76382697	-0.72396266	-0.73190874	-0.7900363	0.7710075	-0.6642623	-0.67163986	-0.8444999	-0.79841644	0.71528155	0.71931416	-0.7468938	0.6646369	0.7902306	-0.8217528	0.69281965	0.7568625	-0.7862238	0.7734136	0.79108685	-0.7490046	-0.6866981	0.7334461	0.6565253	0.6987788	-0.7997023	-0.5459422	0.62781787	0.8307144	-0.69297945	0.8289112	0.7623911	0.77875894	0.84503037	0.7664489	0.8360177	-0.67634904	-0.6740827	0.7672686	0.75583386	-0.7436862	0.8136305	-0.77099234	0.74487966	0.80624706	-0.63651335	0.72444427	-0.67547226
-0.58569944	-1.0012102	-0.84017605	0.94923145	-0.9147852	-1.0523431	0.90281785	0.59392965	0.88441634	0.95543057	-1.008121	-1.0444041	-1.1107396	0.8824146	-1.0022786	-1.122107	1.1076745	0.7277851	-1.0110106	-0.92166615	-1.036341	-0.892761	1.0286553	0.96732837	1.0004389	0.74723274	-0.79941165	-0.84614795	1.0510081	0.96872395	-0.8898355	0.992194	-0.96710974	-0.6740302	0.8356781	-1.0500162	-0.71237206	0.7711936	-0.8375655	0.80378044	1.1281537	-1.0169566	-1.0024967	-0.8001896	-0.9855743	1.0242023	-0.857527	-0.91658974	1.1023326	1.034992	-0.58195007	-1.0425316	-0.7460658	-0.91046745	-1.031796	-0.97087395	1.0286613	-1.1178938	-0.9868992	-0.72312105	-0.9882407	0.80364	0.6409479	-1.0840446	1.0200338	0.9378146	-0.6586737	0.6739513	1.046496	-1.0186311	0.7836446	0.9582121	-0.9322457	-0.95593023	0.88201743	0.92912346	0.9621179	-0.9744406	-0.93306845	0.7225557	0.65827674	-0.5069726	0.8724234	0.8654004	0.5795632	0.7441659	0.8959596	0.720765	-1.0085378	-1.0042983	0.9019587	0.8919014	-0.8586556	1.059562	-0.95312977	0.7509772	1.0851959	-0.6021723	0.90315825	-1.0929296
-0.7318771	-0.9665832	-0.86933434	0.9385137	-0.85564274	-0.8524813	0.75402737	0.7479862	0.8757545	0.8735374	-0.8846665	-0.958797	-0.9357948	0.8200879	-0.91056466	-0.94273674	0.90460396	0.8387275	-0.915891	-0.9001099	-1.0011907	-0.90755975	0.87960464	0.9156813	0.9026623	0.87545633	-0.88252914	-0.82202095	1.0180222	0.9135651	-0.89779156	0.9746545	-0.9338723	-0.66308486	0.9341777	-0.8738822	-0.6847566	0.855057	-0.8342706	0.78546023	0.9282368	-0.88721704	-0.8980952	-0.8916449	-0.88322026	0.87929595	-0.7573937	-0.8476427	0.8928185	0.8231462	-0.74860716	-0.95363325	-0.7579469	-0.8629788	-0.8793693	-0.9936134	0.8655332	-0.91694903	-0.8294318	-0.83921486	-0.9497884	0.8720062	0.75742847	-0.93470216	0.8607897	0.99522513	-0.80095106	0.7383417	0.9501487	-0.94653124	0.9060602	0.8887552	-0.8959462	-0.904489	0.80362105	0.8235875	0.75143105	-0.8978861	-0.7592684	0.6209701	0.8250753	-0.7384826	0.9259552	0.93173975	0.72906065	0.8969481	0.90146136	0.8658977	-0.7798914	-0.86394095	0.93374723	0.8642139	-0.857017	0.96189547	-0.90770257	0.88695824	0.9512738	-0.59417343	0.91151756	-0.9354064
-0.45652038	-0.7411786	-0.6867752	0.75769615	-0.6217031	-0.7171061	0.69309473	0.5974072	0.72266984	0.68194616	-0.69383305	-0.7455034	-0.7357281	0.65956235	-0.74255437	-0.7887128	0.77769566	0.6468357	-0.7228252	-0.66400874	-0.79244846	-0.73497033	0.7594306	0.71811223	0.7548786	0.6460998	-0.68987274	-0.64088976	0.74900734	0.77263886	-0.6583244	0.70659024	-0.722132	-0.56043345	0.68982303	-0.7754015	-0.5467846	0.6327263	-0.6842705	0.6044619	0.7967896	-0.67870504	-0.7445443	-0.6632806	-0.6731802	0.7559263	-0.7058987	-0.665333	0.79379904	0.75832075	-0.43402764	-0.7016849	-0.60506654	-0.7154038	-0.6772771	-0.74916905	0.6946733	-0.8177941	-0.7617984	-0.6225323	-0.7277208	0.6765062	0.57956874	-0.7350689	0.75823885	0.7652785	-0.5062555	0.53389215	0.74800754	-0.7727598	0.6611695	0.7300592	-0.6734103	-0.6853785	0.6889394	0.6405051	0.7367624	-0.69788355	-0.73637134	0.53272593	0.5889063	-0.52778405	0.7329866	0.68188167	0.41958562	0.5034983	0.73734087	0.6187165	-0.69658345	-0.6749871	0.69437665	0.7002158	-0.6731762	0.7423503	-0.73554724	0.6807418	0.7713425	-0.5546973	0.74220103	-0.7114824
-0.3594781	-0.5367385	-0.46902284	0.56246346	-0.52715856	-0.5220818	0.4679714	0.53275657	0.50052387	0.50844306	-0.49626982	-0.5785918	-0.5534056	0.4787178	-0.52732706	-0.57516986	0.53841805	0.51661503	-0.54891604	-0.55342	-0.4966196	-0.49513182	0.5187224	0.53498775	0.55857486	0.5249277	-0.5305213	-0.46421182	0.49250495	0.5296024	-0.5605399	0.49777755	-0.52285093	-0.43639505	0.5398754	-0.49580598	-0.5368622	0.50882226	-0.49517593	0.5551591	0.54919595	-0.51926553	-0.54892766	-0.49102348	-0.5436406	0.4889051	-0.5468306	-0.5551737	0.56486076	0.5237735	-0.49434158	-0.5771527	-0.51865274	-0.55754304	-0.49781922	-0.5454343	0.56865746	-0.5127134	-0.47501075	-0.50280493	-0.49259096	0.5553072	0.49546424	-0.5141798	0.51760226	0.48322022	-0.42409712	0.45355046	0.5401827	-0.5594791	0.50459576	0.5279446	-0.5545986	-0.541387	0.4954541	0.51198006	0.56167597	-0.56415606	-0.5079144	0.5099292	0.45115653	-0.4346707	0.48841769	0.4785612	0.4277641	0.35159683	0.5138727	0.43245873	-0.50957656	-0.54682684	0.5313683	0.51141346	-0.48620805	0.51027644	-0.5520584	0.44903177	0.546805	-0.43605044	0.488705	-0.5667368
-0.9274918	-1.0103168	-0.9278045	1.0429096	-0.93730175	-0.88955224	0.8389756	0.8559132	1.051524	0.8951178	-0.9337231	-1.0064777	-0.99929804	0.8732273	-0.91009116	-0.9229667	0.94037193	0.9195486	-0.9411226	-0.9600846	-0.9420911	-0.96329457	0.94947845	0.97691137	0.89685625	0.9795708	-0.9510184	-0.8463279	1.0042953	0.9700891	-0.94779503	1.02267	-0.9732728	-0.73460585	0.98420024	-0.921778	-0.74423003	0.9401259	-0.86239326	0.89936167	0.9932279	-0.8762614	-0.8899018	-0.90170825	-0.9306747	0.955446	-0.7948123	-0.9691182	0.9945444	0.8395906	-0.8692301	-1.003657	-0.8888139	-1.0053581	-0.92537856	-1.0364805	0.89562976	-0.95201486	-0.89406544	-0.9469531	-1.0096488	0.86060905	0.81100947	-0.95084244	0.91933846	1.0343301	-0.9030866	0.93443185	1.0095665	-0.93045795	0.95061576	1.0063252	-0.9141838	-0.9111393	0.90604186	0.85185266	0.8570181	-0.98170364	-0.7038192	0.6084424	0.89088714	-0.75729054	0.93354404	0.8946219	0.83127135	1.0063909	0.96700656	0.9854439	-0.78997993	-0.8845962	0.97448283	0.8536423	-0.94934225	0.9712714	-0.87600625	0.9977346	0.9495295	-0.5955307	0.93318045	-0.93805146
-0.7882464	-0.86451626	-0.8589731	0.84829324	-0.82153654	-0.72169816	0.78419596	0.7618809	0.8418098	0.8254121	-0.7616611	-0.85159767	-0.8175473	0.75545555	-0.8135253	-0.85281473	0.81407535	0.7633915	-0.8417274	-0.7692989	-0.81930155	-0.8758857	0.80244374	0.8610231	0.75646853	0.7845002	-0.8592733	-0.80921733	0.80204314	0.8392319	-0.80439705	0.79869735	-0.79162407	-0.6938729	0.81516427	-0.7853458	-0.7312831	0.7819419	-0.75385374	0.8138224	0.8221649	-0.8326733	-0.7784392	-0.86391664	-0.7996569	0.7653507	-0.7268972	-0.7835956	0.81737965	0.7639038	-0.7871951	-0.8280574	-0.82679564	-0.81041485	-0.81171584	-0.84152174	0.86745894	-0.8015201	-0.7780549	-0.7831289	-0.8577518	0.8482431	0.7204791	-0.79645383	0.8264064	0.85664433	-0.76571625	0.8116581	0.80428886	-0.78323877	0.8148277	0.80920774	-0.774775	-0.7764585	0.838893	0.754504	0.7885712	-0.80055505	-0.6678949	0.7524132	0.7782648	-0.75318766	0.85065407	0.7983566	0.7730681	0.86589503	0.8611909	0.8589231	-0.76250887	-0.7804646	0.81243503	0.82887524	-0.8550217	0.74871206	-0.81504995	0.8503385	0.841777	-0.7046444	0.78912073	-0.84732896
-1.0112411	-0.99087524	-0.9925134	0.98317313	-1.0351135	-0.76591444	0.9205096	0.9818138	1.0982584	0.94917995	-0.88222337	-1.029372	-0.9241144	0.92420095	-0.9643992	-1.0032413	0.9601988	0.97886974	-0.90676385	-0.9864713	-1.0106587	-1.0246017	0.978588	0.9314103	0.9598338	1.0408264	-1.0571584	-0.9490763	0.906012	1.040677	-1.0071404	1.0031947	-1.0524893	-0.86604476	1.0232298	-0.96011597	-0.89513785	1.0679724	-0.95254093	0.92879534	0.91597456	-0.82165277	-0.91743433	-1.0342743	-0.98258895	0.8986485	-0.7933214	-0.97730494	0.942936	0.8437774	-1.0086092	-1.0055641	-0.97586536	-1.0273038	-0.9274357	-1.0326244	0.9871115	-0.86266017	-0.8564477	-1.0804815	-1.0134705	0.96015704	0.98677284	-0.9044553	0.9187488	1.0191087	-0.9817313	1.0171971	0.9921053	-0.94348156	0.98235196	1.0033541	-1.0061804	-0.93744487	0.99573743	0.8848952	0.92563766	-1.0125407	-0.7918942	0.8712949	1.0486326	-0.9082498	1.0500383	0.97154176	0.9735924	1.0293278	0.97835964	1.0327123	-0.8178073	-0.87901837	0.9768696	0.95767415	-1.041221	0.91808003	-0.9940392	1.0982524	0.9744146	-0.86825365	0.930875	-0.9120507
-0.6812674	-0.8084752	-0.7372106	0.8210194	-0.7914051	-0.81191474	0.7597991	0.6958691	0.7574324	0.7364093	-0.8250871	-0.80153507	-0.8359726	0.6997677	-0.81457126	-0.8611939	0.76561236	0.77389634	-0.80092883	-0.84134936	-0.85205215	-0.8105163	0.7572042	0.7507265	0.74786484	0.80504215	-0.77052	-0.7379029	0.84905	0.8354917	-0.8300479	0.82579017	-0.83367705	-0.7228963	0.8057873	-0.84373105	-0.7439763	0.8139268	-0.7180957	0.7151941	0.8641359	-0.73529035	-0.81696236	-0.74389607	-0.7940102	0.75532377	-0.7367956	-0.76714975	0.84992397	0.74920243	-0.6881484	-0.8422964	-0.7601122	-0.823534	-0.8458358	-0.8123004	0.7838616	-0.79393303	-0.8220147	-0.7405076	-0.8065663	0.74663615	0.71412903	-0.82327414	0.76947755	0.785017	-0.70973784	0.7560977	0.7704545	-0.77563095	0.784693	0.7883253	-0.7876148	-0.80026686	0.72983927	0.6838969	0.7177481	-0.7921825	-0.6781527	0.6347427	0.7176036	-0.6812586	0.82568806	0.8174063	0.71510446	0.7358698	0.8146199	0.7693095	-0.70825684	-0.7692887	0.78042835	0.7560973	-0.7479714	0.861229	-0.7991623	0.80548257	0.82224464	-0.6359469	0.83421147	-0.8025559
-0.61601806	-0.62258327	-0.6256922	0.5300376	-0.6133722	-0.5237038	0.58426166	0.54930556	0.57684237	0.59667236	-0.5663286	-0.61603886	-0.6231158	0.546824	-0.5306835	-0.58395064	0.58239573	0.6116829	-0.557942	-0.55291176	-0.574777	-0.5465001	0.54978544	0.58349305	0.5454574	0.5399716	-0.5713843	-0.64635366	0.60175884	0.55361086	-0.5554283	0.54321814	-0.55543625	-0.5751328	0.56846374	-0.5686112	-0.60087514	0.56869316	-0.545578	0.6101335	0.6288884	-0.5879823	-0.5464913	-0.61678964	-0.5697532	0.5716586	-0.56611514	-0.59920114	0.57976896	0.5450804	-0.61984426	-0.56525505	-0.60156447	-0.60308844	-0.6443387	-0.58940905	0.6303597	-0.5445551	-0.5897493	-0.61092794	-0.62043285	0.6009917	0.60722697	-0.56424296	0.5822995	0.5803348	-0.57845837	0.5426533	0.5744471	-0.59067667	0.577365	0.6202729	-0.56473947	-0.6024089	0.55110025	0.536615	0.5462484	-0.57936525	-0.58340883	0.5769222	0.6009228	-0.53638333	0.6234133	0.5303919	0.58265334	0.6140688	0.5950411	0.63552165	-0.5623303	-0.5944837	0.6194874	0.596408	-0.55383	0.5082711	-0.5693536	0.5679898	0.55818135	-0.5273898	0.5385236	-0.5884009
-1.0089488	-1.0370662	-1.0441186	1.0535729	-0.9708282	-0.8796148	0.92761725	0.9597165	1.1115686	1.0410993	-0.99118936	-1.0767696	-1.0880072	0.9978564	-1.0633819	-1.0528574	1.0657007	1.0082481	-1.059989	-1.0257665	-1.08359	-1.033399	1.067868	1.067573	0.9977222	1.0684738	-1.04062	-0.996909	1.0258026	1.0138788	-0.99578243	1.0143977	-1.0943778	-0.8711581	1.0675876	-1.0498388	-0.93921983	1.0999051	-0.9700667	1.009264	1.0619372	-0.9295127	-0.98026675	-1.0081016	-1.0398716	0.95433265	-0.9189948	-0.9933742	0.9910363	0.9390497	-0.9492231	-1.000816	-1.0136434	-1.0332366	-1.0149632	-1.0238853	0.9703255	-0.97904575	-0.9537759	-1.0342848	-1.0152414	1.0491395	1.0095074	-1.0184777	0.93250203	1.0787582	-0.96580774	0.9544186	1.0796918	-1.0428241	1.0599335	1.0868679	-1.0160105	-1.0246187	0.97614074	0.9783268	0.9437138	-1.0288593	-0.83597827	0.8299876	1.0235987	-0.97777534	0.99500126	1.0841591	0.9689597	1.1043086	1.010636	1.0037333	-0.83938265	-0.98946875	1.0003859	0.9530698	-1.0405458	1.006223	-1.0432595	1.0571185	1.0433124	-0.89156306	1.0001211	-0.9716569
-0.7567321	-0.75575846	-0.7306276	0.75929695	-0.7020487	-0.6705414	0.7288019	0.7147898	0.7685024	0.73897487	-0.73341584	-0.7400985	-0.7274682	0.6967241	-0.70364165	-0.69404906	0.7902517	0.6840972	-0.7733168	-0.7669052	-0.7529936	-0.69880086	0.7439518	0.69233364	0.7251424	0.676806	-0.78233755	-0.7403531	0.734065	0.78019077	-0.68156356	0.74094266	-0.757786	-0.6425116	0.75132096	-0.7091394	-0.71376896	0.6876414	-0.7250562	0.75299454	0.7061303	-0.7399228	-0.7796387	-0.77552927	-0.72546726	0.7289362	-0.68607223	-0.7410949	0.75020546	0.7330622	-0.7034695	-0.71621054	-0.6826447	-0.6987914	-0.7751896	-0.7456424	0.69820875	-0.7814075	-0.7879634	-0.7333935	-0.7672597	0.68776506	0.6989881	-0.77835345	0.7084425	0.7839194	-0.69108236	0.67026204	0.69388425	-0.7893523	0.7568105	0.72868264	-0.7066695	-0.7735907	0.77905923	0.7260568	0.7443599	-0.7750966	-0.74246114	0.6026243	0.761742	-0.66955113	0.7892533	0.7211269	0.6705012	0.71120375	0.7569078	0.7057055	-0.76350737	-0.76196575	0.7668399	0.7505859	-0.742223	0.69210994	-0.7157112	0.724173	0.7706635	-0.6475745	0.77267766	-0.7346902
-0.87739354	-0.95836264	-0.818319	0.9071952	-0.8740557	-0.84583145	0.80310196	0.78339845	0.91557246	0.8580321	-0.8628026	-0.93031156	-0.93064266	0.8197524	-0.90649635	-0.9270668	0.9433637	0.8530858	-0.9231384	-0.9246899	-0.95942974	-0.93003166	0.92780375	0.93341386	0.83491075	0.8581093	-0.9455934	-0.7806332	0.9013197	0.8850674	-0.9131431	0.9451198	-0.9698683	-0.6914028	0.9043989	-0.9127268	-0.7078516	0.8944217	-0.80815846	0.83177376	0.91420525	-0.9093366	-0.90972114	-0.90224946	-0.8664101	0.8481378	-0.7641275	-0.84490585	0.8848516	0.896305	-0.6999726	-0.9057693	-0.7439342	-0.86214507	-0.87982804	-0.88036335	0.9020172	-0.87701184	-0.8845688	-0.8936938	-0.89915687	0.8305601	0.7654608	-0.88954735	0.89883274	0.96070856	-0.7821995	0.86899906	0.8647921	-0.874181	0.9017295	0.87161154	-0.89656675	-0.8619129	0.81938607	0.77730423	0.78354096	-0.9546988	-0.7825232	0.6394283	0.8157131	-0.78185296	0.9104423	0.90252	0.80206573	0.88866335	0.8990837	0.90269357	-0.790571	-0.87414396	0.92238545	0.8450931	-0.8579689	0.9194282	-0.9011424	0.9453092	0.9242161	-0.71421343	0.9061441	-0.94278693
-0.7485076	-0.8337518	-0.7943553	0.81190544	-0.76838046	-0.79115856	0.76544076	0.7555746	0.80366963	0.7635422	-0.79451567	-0.84148705	-0.7561158	0.79098535	-0.7848229	-0.8684219	0.84256977	0.7367421	-0.816155	-0.82202446	-0.80787885	-0.86900204	0.81492674	0.85741615	0.797296	0.81951207	-0.78938127	-0.7733694	0.84794694	0.8727396	-0.7547221	0.82044977	-0.8249741	-0.7324153	0.8019434	-0.8043167	-0.72607446	0.7638569	-0.8075177	0.73823464	0.81904083	-0.7907979	-0.85929054	-0.7951565	-0.75582963	0.8382619	-0.75923014	-0.8445368	0.7874045	0.7482072	-0.7332075	-0.86079246	-0.78362113	-0.85359967	-0.8105281	-0.81240356	0.8527053	-0.8667045	-0.8248383	-0.8463744	-0.8635945	0.75215447	0.7598098	-0.8320079	0.82133496	0.8555401	-0.74036515	0.83338267	0.83485866	-0.86280566	0.78930926	0.7932244	-0.86670965	-0.76739985	0.79434013	0.8232189	0.8151404	-0.84445226	-0.7564916	0.6389385	0.7396779	-0.693296	0.79013395	0.72716224	0.6649892	0.7882569	0.7976688	0.78851765	-0.7963527	-0.7455762	0.82231516	0.80252486	-0.8514337	0.667928	-0.8397378	0.8205568	0.8601967	-0.65347296	0.7469696	-0.83538306
-0.9105516	-0.9788812	-0.9068345	0.97829056	-0.8442384	-0.7286729	0.85726064	0.7627238	1.0602031	0.937334	-0.84394085	-0.9840416	-0.83811843	0.85130185	-0.8800037	-0.9017124	0.9256792	0.9214263	-0.8939225	-0.90688473	-0.9642498	-0.9974334	0.9164776	0.9055749	0.8461632	0.90859616	-1.0380964	-0.8711891	0.86353195	0.99347085	-0.87602925	0.89994663	-0.9414501	-0.6869994	0.96453714	-0.8519977	-0.7251404	0.9551649	-0.89287955	0.81746686	0.8555178	-0.8646565	-0.9209686	-0.91759217	-0.8866116	0.8617328	-0.6822085	-0.8722352	0.8212856	0.800055	-0.8174509	-1.0227367	-0.8548729	-0.98628104	-0.9123898	-0.9193473	0.93472147	-0.9431075	-0.8811083	-0.93689555	-0.98471713	0.85810137	0.7641467	-0.95429623	0.93714345	0.9828449	-0.8313814	0.9324788	0.9528103	-0.98468775	0.87915945	0.9804885	-0.9803913	-0.8848008	0.85385835	0.85478795	0.7884461	-0.9646542	-0.7532245	0.62702215	0.9518343	-0.82413363	0.96128905	0.8363834	0.7944059	1.0487679	0.97018135	0.98422533	-0.7719172	-0.853976	0.9526851	0.8084142	-1.0300889	0.75719094	-0.9154144	0.9852464	0.9994577	-0.6086281	0.8714082	-0.9293937
-0.8692799	-0.8696023	-0.86145455	0.85853064	-0.8492152	-0.7040203	0.7705325	0.85160726	0.83976215	0.79459304	-0.82574517	-0.85721695	-0.8618964	0.8325814	-0.803212	-0.83027333	0.8225552	0.7907331	-0.79439247	-0.84038985	-0.8051917	-0.8435068	0.8015369	0.80017954	0.756329	0.89287627	-0.8940284	-0.76893896	0.7823525	0.83581257	-0.8415345	0.81885695	-0.87605053	-0.7492217	0.8381771	-0.8115393	-0.7733911	0.82014334	-0.83241886	0.8076528	0.8555385	-0.76187116	-0.80827945	-0.8695963	-0.81272036	0.79021406	-0.7512276	-0.79307157	0.82232785	0.7671367	-0.8606045	-0.7983981	-0.8244401	-0.85468405	-0.8059617	-0.8934945	0.7875401	-0.72792476	-0.787922	-0.80650246	-0.8205971	0.8700571	0.8048206	-0.77947897	0.8361822	0.84841955	-0.79738444	0.88385016	0.8616616	-0.7956794	0.80047363	0.79197973	-0.7866803	-0.86014897	0.83404297	0.80174106	0.762919	-0.8224504	-0.6615448	0.6992111	0.84178144	-0.83905023	0.81110275	0.8887521	0.8096045	0.89929855	0.84960634	0.8215281	-0.7250928	-0.7785421	0.7785156	0.7722627	-0.82505995	0.8603728	-0.78718185	0.842826	0.84624153	-0.7638993	0.7764317	-0.77073467
-0.6047145	-0.8308167	-0.73992246	0.7536318	-0.716643	-0.76220167	0.6917926	0.5821199	0.74064136	0.81412	-0.8128414	-0.78951144	-0.81439555	0.6976654	-0.8024054	-0.8300134	0.8352315	0.6595608	-0.8094616	-0.8322668	-0.77261496	-0.7274538	0.7779707	0.8045837	0.7115082	0.6986496	-0.8327347	-0.74542266	0.79338396	0.85994273	-0.71763295	0.79008025	-0.8213688	-0.6371587	0.81723386	-0.8289795	-0.6769686	0.6951616	-0.67898244	0.6632331	0.82743114	-0.7689777	-0.76799715	-0.7700236	-0.79850686	0.7595586	-0.72895163	-0.7968846	0.7860765	0.74341387	-0.61331165	-0.82642984	-0.661779	-0.8012139	-0.824042	-0.7680647	0.8155541	-0.8061667	-0.74210566	-0.67938274	-0.8276872	0.7023984	0.6932474	-0.8371897	0.79433787	0.74263394	-0.6968577	0.6499923	0.77782005	-0.81711507	0.763739	0.7992274	-0.828318	-0.78670293	0.71163124	0.73764825	0.7396985	-0.80438566	-0.66135246	0.6374526	0.637249	-0.5697898	0.73724717	0.7336729	0.5627501	0.70910466	0.81133187	0.6658549	-0.7820618	-0.7625453	0.8049797	0.73222876	-0.8105243	0.7621088	-0.73459965	0.78096426	0.84842217	-0.61509186	0.74268043	-0.7766135
-0.7085656	-0.840797	-0.82043344	0.7870778	-0.8028656	-0.75553524	0.72381926	0.7569273	0.8245789	0.74762464	-0.7833933	-0.8371123	-0.842645	0.7195376	-0.7869818	-0.83838737	0.7866627	0.7191585	-0.79779124	-0.7608924	-0.8257557	-0.81966096	0.85064095	0.7980702	0.8413991	0.7466388	-0.7738724	-0.7567245	0.80899715	0.7781814	-0.7869314	0.8095015	-0.7852468	-0.71586114	0.81578034	-0.8019682	-0.69965225	0.8105845	-0.7995901	0.70703435	0.79149026	-0.8181025	-0.7529629	-0.79969317	-0.8264755	0.77523345	-0.7258619	-0.79113024	0.7845092	0.7988858	-0.67564744	-0.7972556	-0.7500568	-0.81458426	-0.7767288	-0.80117226	0.76086104	-0.7948868	-0.80443436	-0.7111125	-0.771951	0.7521154	0.7463138	-0.7752762	0.85173726	0.8458103	-0.7254431	0.78199756	0.8507823	-0.81450367	0.80645514	0.8367827	-0.8199909	-0.83189136	0.7942514	0.81486106	0.78009045	-0.8377537	-0.7348088	0.723315	0.78147364	-0.6942703	0.77391666	0.82296926	0.72347957	0.7617902	0.83737826	0.70834774	-0.7822937	-0.82531613	0.7464626	0.75627464	-0.8002717	0.84488755	-0.78821427	0.8238356	0.8665277	-0.6579548	0.7985574	-0.8135722
-0.85686713	-0.8671291	-0.88901466	0.8838576	-0.8670858	-0.7351103	0.85846037	0.7875583	0.88558704	0.8535394	-0.8003494	-0.902851	-0.8244421	0.8277464	-0.88116467	-0.9105119	0.8547236	0.88206583	-0.8796014	-0.8332386	-0.8654161	-0.9242402	0.8391741	0.81418866	0.8187938	0.8712731	-0.8685133	-0.80488694	0.8554203	0.9112228	-0.86399406	0.83012927	-0.8714005	-0.7711651	0.90022784	-0.8121338	-0.7364416	0.8680806	-0.8503693	0.8513629	0.84851897	-0.85092205	-0.81327635	-0.9096383	-0.86609924	0.7565613	-0.7975592	-0.9024697	0.8120394	0.84182477	-0.7923766	-0.85797375	-0.8794991	-0.8057729	-0.8812447	-0.82461727	0.8167561	-0.8330142	-0.8620347	-0.8539726	-0.83755374	0.813958	0.776911	-0.8406859	0.9052269	0.9387499	-0.83246714	0.8404386	0.85476327	-0.85162675	0.8227904	0.8949681	-0.82893854	-0.81701416	0.8740635	0.7921977	0.83256775	-0.86371154	-0.8095058	0.7466988	0.8561917	-0.81753665	0.92836076	0.89705896	0.8685787	0.95933115	0.92186123	0.87112886	-0.8092922	-0.7839971	0.8095782	0.79882264	-0.9308782	0.7629173	-0.88020796	0.9155313	0.89208984	-0.73640776	0.8265533	-0.82374173
-0.8372146	-0.8837761	-0.8287893	0.95238715	-0.90413046	-0.8501178	0.7513663	0.8439874	0.92961067	0.78793514	-0.8320981	-0.9182685	-0.9650847	0.81638575	-0.9493983	-0.94746906	0.8845437	0.88868576	-0.9040157	-0.9008934	-0.9083597	-0.9107509	0.86655015	0.8081505	0.8165569	0.9605349	-0.89827985	-0.8049915	0.95931023	0.90353084	-0.86096543	0.94413435	-0.9646318	-0.82332927	0.9370727	-0.9286298	-0.7715196	0.9222861	-0.86959916	0.8543072	0.8872992	-0.7604477	-0.85801244	-0.80024123	-0.8845911	0.9205423	-0.7019397	-0.8365034	0.8840121	0.82788455	-0.8450387	-0.8876747	-0.8620452	-0.9234983	-0.85241216	-0.9412299	0.87489533	-0.88879	-0.8591513	-0.84137183	-0.92813826	0.8482719	0.8610397	-0.8062316	0.7926408	0.93615705	-0.8536935	0.82226413	0.9567587	-0.8333358	0.8952928	0.90393174	-0.87636983	-0.87015265	0.84718704	0.78668964	0.70669043	-0.85370064	-0.6605786	0.6763678	0.84123254	-0.83266145	0.8578406	0.9489224	0.85361403	0.8900237	0.8470109	0.84249413	-0.7758276	-0.8472459	0.83911747	0.8269981	-0.9434626	0.90768087	-0.85880035	0.9505726	0.9239868	-0.732257	0.8969311	-0.84853655
-0.7708856	-0.97795695	-0.8681832	0.9259963	-0.85799485	-0.8943418	0.8069102	0.73432374	0.9338531	0.88346803	-0.93666923	-0.9615201	-0.97886974	0.80829054	-0.9594146	-0.9818901	1.0028847	0.83428353	-0.9303624	-0.9418164	-0.9235398	-0.88852066	0.9590284	0.92347944	0.89668316	0.8905366	-0.91208005	-0.869971	0.9941173	0.9966391	-0.94925034	0.9814223	-0.945651	-0.7318043	0.9112528	-0.93618125	-0.7442548	0.9229577	-0.84141374	0.8353068	0.9638702	-0.94052213	-0.9329855	-0.91622484	-0.8881081	0.976481	-0.8717267	-0.9251714	0.95007515	0.91972345	-0.77828634	-0.9771791	-0.86303574	-0.8859855	-0.9371746	-0.956127	0.96405184	-1.008616	-0.9624942	-0.92609304	-0.9348428	0.857514	0.82235795	-0.9858493	0.9152112	0.91897833	-0.81001747	0.75956947	1.001935	-0.9646322	0.8957843	0.91709614	-0.87904817	-0.91600996	0.8760901	0.87450075	0.8969896	-0.9651011	-0.8528711	0.686368	0.8163517	-0.7568789	0.9232469	0.92084897	0.78084356	0.90329814	0.8642001	0.856622	-0.9444414	-0.91454446	0.93651885	0.8632003	-0.8957672	0.98466074	-0.96295464	0.93878376	0.9361248	-0.6745924	0.8621158	-0.9308645
-0.77181935	-0.6953209	-0.75728923	0.78489745	-0.7782989	-0.6718337	0.71464497	0.68033856	0.7676024	0.70822626	-0.7575788	-0.77381706	-0.62205094	0.77197945	-0.698853	-0.673074	0.73620045	0.74803084	-0.74331784	-0.80502695	-0.6992269	-0.71179414	0.7098556	0.79679626	0.7799312	0.70890355	-0.7961902	-0.7188512	0.6261817	0.748221	-0.71320844	0.674021	-0.67663074	-0.70622915	0.7422118	-0.75698704	-0.74119794	0.7883402	-0.7683332	0.7794361	0.67140734	-0.7543267	-0.7506382	-0.79713184	-0.75855815	0.7310293	-0.70992106	-0.75258327	0.6940603	0.73814374	-0.75106364	-0.76531816	-0.74327123	-0.7500448	-0.7603884	-0.73953587	0.71388674	-0.7147063	-0.7259268	-0.72994745	-0.7206807	0.74636614	0.70182645	-0.7368726	0.780661	0.76782215	-0.7596623	0.7964489	0.7750929	-0.76435816	0.80209595	0.7654372	-0.8105841	-0.7812657	0.79715014	0.7928588	0.73420304	-0.78620005	-0.7862083	0.72345185	0.7989031	-0.77745026	0.7840314	0.70883423	0.7514356	0.7458431	0.8033724	0.7745134	-0.75732356	-0.7548046	0.72883284	0.7541026	-0.74995434	0.5692559	-0.7431452	0.77724653	0.7570828	-0.6891118	0.7219237	-0.68512744
-0.714769	-0.8061578	-0.8004375	0.77237064	-0.7904178	-0.7881522	0.7446149	0.7091196	0.800831	0.7722229	-0.718485	-0.84278613	-0.8193426	0.71533567	-0.82385355	-0.8052911	0.7377377	0.7378598	-0.76096076	-0.81404024	-0.79226303	-0.74059105	0.81515396	0.786979	0.74489623	0.7323865	-0.77314544	-0.7956841	0.8293541	0.8385531	-0.7546624	0.8056594	-0.7815594	-0.7220539	0.79981565	-0.8183747	-0.70784336	0.8128431	-0.7486325	0.7232414	0.80320007	-0.7587296	-0.74374473	-0.7361533	-0.7572946	0.76313347	-0.7367825	-0.79884595	0.7639396	0.7467428	-0.7240331	-0.77443177	-0.76630306	-0.7721619	-0.766946	-0.79948825	0.82593524	-0.787198	-0.7309146	-0.80220693	-0.8040203	0.6950823	0.7599031	-0.8051926	0.8025175	0.8411969	-0.7828463	0.8074374	0.80203915	-0.7948487	0.8063797	0.8185202	-0.7883866	-0.7648655	0.7258747	0.7371897	0.7608165	-0.784801	-0.7261322	0.65855247	0.75173485	-0.7240613	0.7741462	0.7134954	0.6581343	0.7939639	0.73706514	0.76341945	-0.7097602	-0.7761032	0.7951796	0.7949665	-0.7826354	0.7634581	-0.73157644	0.73402363	0.7888747	-0.648252	0.74499786	-0.8317153
-0.90216255	-0.92174083	-0.9431199	0.91758764	-0.8547211	-0.75816876	0.806664	0.75349456	0.94772303	0.8540598	-0.81627756	-0.8719916	-0.9537237	0.77000356	-0.88645357	-0.8933033	0.93364835	0.88990986	-0.83218	-0.9249654	-0.9832039	-0.9279106	0.8422433	0.89098805	0.87376535	0.86243707	-0.98962516	-0.8804342	0.8659028	0.94326466	-0.95130175	0.956026	-0.92244357	-0.6936614	0.92798144	-0.8545786	-0.7103662	0.884919	-0.80715966	0.83093816	0.93175715	-0.8947074	-0.93029267	-0.94679433	-0.8705299	0.8736184	-0.66298336	-0.88881916	0.88441443	0.8253025	-0.7601344	-0.92678	-0.7743579	-0.8253818	-0.9410873	-0.8760367	0.8919934	-0.9223554	-0.89524287	-0.88594604	-0.93101406	0.8325062	0.79634964	-0.84880775	0.8793567	0.9491887	-0.9147673	0.9332574	0.9539644	-0.89841074	0.87538445	0.96927834	-0.9040318	-0.9152124	0.8490328	0.8607604	0.75627995	-0.89821696	-0.7642839	0.63403475	0.8427923	-0.7976974	0.9018996	0.7946873	0.76712674	0.97786164	0.93875337	0.94345367	-0.8190389	-0.8128662	0.8835692	0.8327167	-0.993327	0.84763753	-0.93468994	0.94980836	0.93193793	-0.6499217	0.92309046	-0.888805
-0.64282686	-0.7816697	-0.67434055	0.69444776	-0.6837874	-0.67704725	0.715813	0.7112487	0.7021188	0.7724082	-0.726197	-0.7881775	-0.71998143	0.72899103	-0.7240681	-0.7020784	0.7785351	0.7342739	-0.73222864	-0.7053274	-0.7358147	-0.6912629	0.7680634	0.7719133	0.74273235	0.7053139	-0.7515224	-0.64467347	0.75527835	0.70514417	-0.7108375	0.74537796	-0.7550868	-0.671104	0.7037227	-0.79037803	-0.7079991	0.72906744	-0.6921153	0.68900025	0.7845989	-0.68740165	-0.72646224	-0.74245423	-0.76853085	0.7148177	-0.7077817	-0.73336965	0.7486579	0.76328	-0.6389968	-0.7274629	-0.7354756	-0.73585314	-0.76863766	-0.80845356	0.6966841	-0.74195164	-0.7429507	-0.72740906	-0.75967807	0.6689383	0.71360433	-0.72581756	0.79273474	0.80205244	-0.7159467	0.65006983	0.7732666	-0.71330994	0.7480721	0.72933996	-0.7919546	-0.7679366	0.6903268	0.7497833	0.7415543	-0.7720667	-0.6682595	0.6452163	0.66670215	-0.69967794	0.7693209	0.72868204	0.6777141	0.69639814	0.7132765	0.68731385	-0.72866595	-0.67596436	0.70901334	0.7501515	-0.7569131	0.70099527	-0.7197907	0.6954112	0.7991501	-0.6449547	0.7287625	-0.80746716
-0.6885624	-0.90169287	-0.88955486	0.91468006	-0.79020774	-0.7423179	0.8765606	0.714798	0.82552993	0.8639549	-0.8952506	-0.9251734	-0.82592326	0.8556227	-0.8803145	-0.9509624	0.90407336	0.7487032	-0.9375126	-0.84937704	-0.8935738	-0.919477	0.90779716	0.89564806	0.87009543	0.81804013	-0.86511254	-0.8845407	0.8680732	0.9187874	-0.847459	0.94541514	-0.84294087	-0.74716246	0.8150203	-0.8583398	-0.78139555	0.78107446	-0.8600522	0.7744066	0.8225649	-0.9445839	-0.88273203	-0.9134645	-0.9271303	0.8800369	-0.86482596	-0.90926796	0.8708116	0.83498263	-0.6607119	-0.91600484	-0.78636044	-0.9095195	-0.9515575	-0.8710208	0.8876598	-0.90489984	-0.88440734	-0.8343619	-0.8429592	0.8255427	0.74969316	-0.9346858	0.91017723	0.8970589	-0.7808578	0.7784428	0.8546426	-0.9109801	0.7936392	0.9189457	-0.89984345	-0.8407012	0.8543365	0.9022073	0.828297	-0.8634506	-0.8544027	0.7141225	0.80952203	-0.7227259	0.8539835	0.80398256	0.669834	0.7095215	0.899479	0.7896987	-0.83565205	-0.8864789	0.86117387	0.87827253	-0.84294355	0.74592394	-0.9089677	0.8208969	0.8709183	-0.7179518	0.8793545	-0.9052623
-0.84627146	-0.8585269	-0.8671429	0.8633669	-0.8496465	-0.7697536	0.868942	0.84809804	0.88238585	0.85992956	-0.78548175	-0.88384444	-0.81577456	0.86243784	-0.8395078	-0.8811198	0.90127075	0.85573226	-0.8798114	-0.8261585	-0.8248011	-0.84713846	0.9098214	0.7973225	0.8981389	0.9039026	-0.9011468	-0.8335516	0.7801819	0.8332754	-0.8766495	0.7882778	-0.86857945	-0.7733242	0.8632073	-0.8588582	-0.71892726	0.9005509	-0.80923396	0.82287896	0.8483387	-0.842107	-0.75769573	-0.87018496	-0.8015427	0.775329	-0.7477754	-0.80051786	0.7933388	0.7978033	-0.7888445	-0.8358735	-0.8425056	-0.80855775	-0.862158	-0.8802125	0.7977745	-0.8375111	-0.75669765	-0.8426334	-0.8796479	0.8740183	0.7928722	-0.8350635	0.7840899	0.9003584	-0.8361649	0.8756921	0.81617385	-0.8194856	0.9119823	0.86951745	-0.90933	-0.8647441	0.8299888	0.7965598	0.7561036	-0.820395	-0.72581774	0.7477857	0.8069383	-0.78056204	0.84974	0.8816418	0.8216709	0.89913374	0.8439122	0.8785462	-0.75796604	-0.80349934	0.81916463	0.88577604	-0.859665	0.7952822	-0.86584365	0.8798663	0.8423713	-0.8087625	0.8681289	-0.87029624
-0.90061814	-0.8241836	-0.8627419	0.8976479	-0.8472723	-0.77439255	0.7800306	0.8584697	0.8963881	0.7923402	-0.84984463	-0.8571953	-0.78769916	0.7794815	-0.83116025	-0.83947134	0.88788646	0.87533677	-0.8397041	-0.86443	-0.8274353	-0.9303286	0.82619005	0.8822746	0.8895227	0.84844196	-0.8304359	-0.8023039	0.8474376	0.85553217	-0.9263379	0.8620415	-0.84133613	-0.7735886	0.89586145	-0.86659616	-0.76835567	0.8585058	-0.81085825	0.84872353	0.8054492	-0.8159214	-0.7993795	-0.873808	-0.83160216	0.87123847	-0.77739125	-0.86701924	0.75002176	0.81013	-0.88640016	-0.92646915	-0.8853488	-0.91553086	-0.79845834	-0.85982877	0.83761626	-0.7753343	-0.76167303	-0.8992171	-0.8982842	0.8365146	0.8395191	-0.7911519	0.90054065	0.90983236	-0.862746	0.8410882	0.84226215	-0.8980901	0.91802114	0.84371954	-0.91224736	-0.8131008	0.88300174	0.841248	0.7737862	-0.81755847	-0.7857982	0.7380688	0.89499927	-0.8208941	0.8396297	0.8733719	0.8529274	0.88056797	0.8229817	0.8792939	-0.7993199	-0.80704486	0.8518772	0.84381866	-0.85550356	0.75197077	-0.81055725	0.8957962	0.89155596	-0.74801505	0.81038815	-0.825052
-0.7916944	-0.7280679	-0.7239296	0.74095774	-0.73549306	-0.7297563	0.73790854	0.7618454	0.80235636	0.7917955	-0.7429005	-0.752284	-0.8127037	0.75424564	-0.73918587	-0.7544879	0.7908594	0.82071733	-0.81597644	-0.72671306	-0.79227567	-0.85015124	0.7279118	0.8304215	0.77846986	0.80229896	-0.8435814	-0.77539563	0.8420066	0.77674097	-0.7783533	0.84331954	-0.77864814	-0.6983738	0.8104475	-0.82823247	-0.6977004	0.7720246	-0.82214224	0.80199647	0.77259463	-0.7943518	-0.82534975	-0.7911281	-0.7517087	0.7625879	-0.65187865	-0.72755253	0.79379207	0.7097425	-0.7462333	-0.8568811	-0.6940217	-0.7976031	-0.77314454	-0.80614805	0.7833783	-0.8099476	-0.7182341	-0.8144562	-0.75787306	0.76389104	0.6800615	-0.8421391	0.82080543	0.8645427	-0.7041776	0.7961438	0.8028296	-0.8331455	0.7634352	0.80206907	-0.83287156	-0.76770735	0.76310223	0.7880623	0.7648353	-0.8315048	-0.7449683	0.6110444	0.7170347	-0.6880207	0.83522093	0.72808	0.6981327	0.80762607	0.8206151	0.75248617	-0.6739585	-0.7115349	0.8004032	0.722477	-0.8264881	0.70352954	-0.73061943	0.809481	0.8257636	-0.61865336	0.7187341	-0.85597
-0.7693512	-0.8469321	-0.80572027	0.79567105	-0.8586877	-0.7627824	0.7641433	0.83592385	0.8438244	0.8495429	-0.74511135	-0.8717665	-0.8568683	0.83494383	-0.8047305	-0.87512815	0.7807425	0.77063316	-0.8424676	-0.8132405	-0.8924748	-0.81431746	0.82126456	0.8368181	0.82510877	0.8454275	-0.8079236	-0.8030983	0.89447016	0.7909572	-0.867576	0.84651375	-0.8529608	-0.6909553	0.82287693	-0.76495993	-0.72675747	0.8592693	-0.7806325	0.82644945	0.7808197	-0.78831893	-0.8262731	-0.8684912	-0.83276737	0.74599487	-0.69868374	-0.8704626	0.81785816	0.77454495	-0.79949784	-0.87879056	-0.7515872	-0.83834237	-0.8450664	-0.8491605	0.8643794	-0.8159425	-0.7621899	-0.84764415	-0.806115	0.76201224	0.7474321	-0.8041426	0.797577	0.89554745	-0.8281654	0.84274524	0.77938604	-0.8040007	0.8484716	0.84156233	-0.8767954	-0.7598594	0.848628	0.8017836	0.79600006	-0.83862096	-0.7693939	0.71048033	0.7586626	-0.8035262	0.8451176	0.76016533	0.7088288	0.86457396	0.85521406	0.84874624	-0.7502952	-0.8443741	0.847464	0.7998943	-0.834603	0.8199641	-0.8207828	0.84270215	0.88165736	-0.7283197	0.77574486	-0.8801918
-0.85019886	-0.77097267	-0.82668376	0.8226883	-0.7745856	-0.64782614	0.7467019	0.81988114	0.8919461	0.810487	-0.7424865	-0.8325596	-0.7694899	0.82365113	-0.7856269	-0.8054751	0.7539838	0.773229	-0.74634457	-0.8262628	-0.8150687	-0.85314196	0.76944774	0.79770553	0.80041224	0.7660177	-0.79207337	-0.8086203	0.7830993	0.8277286	-0.8270678	0.77764857	-0.8263034	-0.76498765	0.8238432	-0.79785305	-0.7819244	0.8107307	-0.7624173	0.81745565	0.7924012	-0.7829771	-0.761747	-0.8128521	-0.82967806	0.75218683	-0.7756985	-0.7949113	0.774982	0.76886326	-0.75235724	-0.8039435	-0.8008002	-0.7673464	-0.8141519	-0.76989514	0.8201863	-0.79596674	-0.7887242	-0.81503594	-0.765916	0.8030255	0.78115976	-0.83291215	0.81599504	0.86925274	-0.830022	0.80978477	0.8346371	-0.85173595	0.80725604	0.76082915	-0.84029406	-0.76823145	0.79252994	0.7412712	0.81479263	-0.850494	-0.7539023	0.67870736	0.81815386	-0.8122671	0.78308177	0.7592199	0.783327	0.8623782	0.7995517	0.86758935	-0.7786939	-0.72225493	0.76140416	0.7898934	-0.7906795	0.69472563	-0.799708	0.79907966	0.7761415	-0.73021084	0.829107	-0.7741404
-0.70387715	-0.8922673	-0.845836	0.92728084	-0.8584522	-0.91453767	0.8755235	0.7544271	0.811918	0.92452115	-0.8492839	-0.9664445	-0.9193082	0.8800214	-0.8570516	-0.9639533	0.89096993	0.8272428	-0.9514143	-0.9115542	-0.90309495	-0.90653354	0.9286835	0.916538	0.94284636	0.8526054	-0.8580179	-0.8568459	0.9266617	0.95759445	-0.84547	0.8904843	-0.8794169	-0.7702314	0.8388965	-0.90238506	-0.8188327	0.78893125	-0.8901233	0.83089626	0.9562374	-0.93731076	-0.91338	-0.9260749	-0.85691154	0.8527041	-0.85168487	-0.92895126	0.91908085	0.9395652	-0.6785093	-0.88888174	-0.884565	-0.90957016	-0.8841152	-0.9249515	0.94090563	-0.9024538	-0.93884546	-0.75008154	-0.92983484	0.91305286	0.8024053	-0.9081437	0.93948233	0.9036297	-0.76956135	0.76797473	0.9010841	-0.92017466	0.81735915	0.91072595	-0.9305733	-0.9105849	0.84928405	0.84936565	0.8939214	-0.9302874	-0.8664268	0.7999197	0.74464655	-0.7823462	0.851903	0.8311277	0.6579247	0.7527548	0.85205674	0.8273731	-0.9368861	-0.91995716	0.90322524	0.9210858	-0.8697457	0.8442195	-0.93967384	0.8403364	0.92531383	-0.7968664	0.9289507	-0.9313528
-0.70759636	-0.96057284	-0.78192925	0.8973842	-0.8244694	-0.94588166	0.84378415	0.672191	0.8708436	0.89611936	-0.96222425	-0.972766	-1.006289	0.80507344	-1.0181434	-0.95526934	1.0166323	0.78696835	-0.9604742	-0.9422987	-0.96777844	-0.8622548	0.9109113	0.89970076	0.932816	0.8716293	-0.84770983	-0.80893147	1.0142382	0.93652844	-0.8667603	0.99057305	-0.9802617	-0.75761765	0.81357884	-1.0011431	-0.68615234	0.8131397	-0.77556556	0.823162	1.0043877	-0.9718846	-0.9484692	-0.7916656	-0.8989725	1.0267129	-0.784933	-0.8900441	0.9534454	0.9750529	-0.64211583	-0.96422046	-0.7334339	-0.9030101	-0.973165	-0.9871518	0.9245801	-1.0078071	-0.9703023	-0.81324095	-0.8982583	0.7801009	0.667651	-0.9758957	0.91453904	0.9569688	-0.7420056	0.776599	0.9652233	-0.94783884	0.8068247	0.891188	-0.8727153	-0.86141396	0.8603158	0.83983004	0.9116962	-0.9153106	-0.8472622	0.6702118	0.745064	-0.64262223	0.8841341	0.8731168	0.5893605	0.85526544	0.8903657	0.8249475	-0.930769	-0.9091521	0.81294966	0.84522086	-0.88055575	0.97345734	-0.8129902	0.826298	0.9107038	-0.67586833	0.7970943	-0.94022846
-0.49960905	-0.9160269	-0.8666864	0.88387775	-0.87058794	-1.0233619	0.9079065	0.7449981	0.79669225	0.9101553	-1.0225149	-0.97795683	-0.987196	0.82084453	-1.0064949	-0.9676697	0.98544645	0.74247736	-0.9819716	-0.94698256	-1.0019774	-0.87135166	0.93078464	0.91080827	0.9644361	0.7712289	-0.8216201	-0.7579181	1.026666	0.9326373	-0.8711123	0.95923686	-0.970754	-0.74219835	0.8293358	-0.9707745	-0.8364358	0.7761017	-0.8853463	0.793874	1.046786	-0.9325719	-0.94498146	-0.8748479	-0.91236335	0.9531002	-0.85317874	-0.8869799	1.018601	0.97966045	-0.5692472	-0.9519746	-0.789291	-0.877015	-1.0133965	-0.95526314	0.9743595	-0.99096805	-0.9787545	-0.6547536	-0.968511	0.88541996	0.6900356	-0.97521627	0.94436556	0.9494026	-0.57974154	0.65208393	1.0027403	-0.9238244	0.7248644	0.91095054	-0.9157538	-0.9792493	0.94324654	0.87518114	0.89851147	-0.9876872	-0.9511511	0.7457938	0.63376933	-0.5862718	0.8629181	0.8428467	0.5850658	0.6082054	0.91615677	0.60516	-0.9432628	-0.9108976	0.89701575	0.89677507	-0.78817314	1.0464293	-0.948692	0.7371888	1.0153207	-0.74823487	0.8405703	-1.0145366
-0.52263474	-0.9438373	-0.82323325	0.934047	-0.8161427	-0.99026656	0.77153814	0.647888	0.8127615	0.9264646	-0.8858952	-0.91114396	-0.96682215	0.7928914	-0.9564454	-0.9791595	0.9613608	0.74135214	-0.8878551	-0.9576836	-0.8835238	-0.83224785	0.90404016	0.90696007	0.89688784	0.7427609	-0.84906185	-0.82352847	0.95092094	0.95791596	-0.8698628	0.937047	-0.87661636	-0.77001685	0.8103897	-0.98894256	-0.74233025	0.8482772	-0.81135356	0.8117483	1.0218009	-0.92279303	-0.96429	-0.8659728	-0.8516883	0.9929629	-0.84142715	-0.8996549	1.0135767	0.9596634	-0.54069644	-0.91052777	-0.7466517	-0.9199084	-0.91102517	-0.9508722	0.950958	-0.9355478	-0.9915936	-0.7575988	-0.86453956	0.8387571	0.74097747	-0.94890755	0.91431636	0.8794914	-0.60595304	0.6996962	0.9223028	-0.90382844	0.8082414	0.9392029	-0.9397945	-0.90376216	0.90270156	0.865544	0.94142836	-0.8958524	-0.82858706	0.7348274	0.6470767	-0.6089135	0.85877275	0.803602	0.57464254	0.74883497	0.9203122	0.63299525	-0.8957093	-0.9506878	0.8546379	0.87722653	-0.8333172	0.9775096	-0.81588244	0.80468935	0.96557367	-0.73591805	0.8723777	-1.0190107
-0.636343	-0.80125326	-0.68718064	0.70100784	-0.6706923	-0.7185242	0.819638	0.7232124	0.702711	0.7864599	-0.80689764	-0.7476027	-0.7360294	0.79341197	-0.8121845	-0.7603623	0.72807384	0.69834226	-0.74465984	-0.774098	-0.83393306	-0.743135	0.73527586	0.8189094	0.81390846	0.6732205	-0.71037334	-0.7194396	0.7423017	0.72867215	-0.69079155	0.8007433	-0.7632137	-0.742484	0.75887984	-0.7975045	-0.71398973	0.7011797	-0.7272796	0.71546125	0.7346936	-0.7786116	-0.77870834	-0.72708184	-0.80309415	0.7806386	-0.7363235	-0.7726996	0.7025795	0.75204355	-0.7071922	-0.75370616	-0.75020826	-0.8045305	-0.8074644	-0.8065603	0.74528	-0.79923344	-0.7187885	-0.71880513	-0.72880983	0.7448145	0.70289713	-0.79266423	0.82216185	0.7332683	-0.67258626	0.66058874	0.7696684	-0.73921806	0.7353232	0.7686074	-0.77578044	-0.7010538	0.80929357	0.8173304	0.8547082	-0.7955055	-0.79675657	0.7149252	0.7042027	-0.71105134	0.75521547	0.68967646	0.67863834	0.65822446	0.7296154	0.7102351	-0.8367303	-0.7960984	0.7488616	0.72329426	-0.7727918	0.7568245	-0.7744002	0.709531	0.7575313	-0.68669313	0.7369642	-0.8244652
-0.8973432	-0.95130134	-0.8742478	0.9280329	-0.83953553	-0.7360207	0.84127915	0.8491776	0.9164716	0.88200706	-0.833933	-0.9256009	-0.8767993	0.8513329	-0.9359656	-0.8602534	0.93800616	0.8783125	-0.88665104	-0.9255079	-0.95104367	-0.87558985	0.84679127	0.8664209	0.91203165	0.9290059	-0.930817	-0.8383888	0.91096115	0.9057153	-0.89705044	0.8426509	-0.8778625	-0.84562016	0.91982424	-0.8721678	-0.86607504	0.91106313	-0.80457973	0.8610053	0.89628756	-0.8644804	-0.819709	-0.89857405	-0.88036585	0.9005515	-0.7752464	-0.86597174	0.85515416	0.8007806	-0.8989121	-0.9212388	-0.81186306	-0.90252084	-0.86692786	-0.87828267	0.88360244	-0.89137346	-0.8475581	-0.8777613	-0.892575	0.85227144	0.82565415	-0.9187274	0.9160053	0.8962824	-0.9011953	0.87581325	0.92941844	-0.8831848	0.8814774	0.8642761	-0.87557715	-0.8420663	0.9279664	0.87744266	0.8426104	-0.8970777	-0.7905712	0.75640166	0.9182213	-0.81563133	0.90865964	0.90636975	0.8425513	0.9360555	0.9255283	0.84613645	-0.77356535	-0.7912979	0.8841653	0.815235	-0.8738535	0.81941634	-0.8833828	0.841671	0.8749088	-0.7831919	0.8309344	-0.8849787
-0.7091746	-0.9011478	-0.93203324	0.91041416	-0.82250035	-0.833827	0.9369793	0.83016473	0.8234891	0.9235004	-0.93476295	-0.98156756	-0.8733685	0.9051557	-0.9536233	-0.99868685	0.88747615	0.7765639	-0.93215454	-0.9305112	-0.9587882	-0.91303796	0.92265004	0.9127692	0.99878657	0.8003291	-0.89165276	-0.84724635	0.97797614	0.93952113	-0.8726686	0.9706133	-0.8546032	-0.7764041	0.89246774	-0.94958776	-0.82241976	0.82864153	-0.8541093	0.8654921	0.9055635	-1.0123616	-0.96208316	-0.90826035	-0.92670166	0.9001637	-0.85212004	-0.9244459	0.88446647	0.87574595	-0.7562911	-1.0175208	-0.82022136	-0.93797207	-0.97205764	-0.94706655	1.0115323	-0.90755	-0.943056	-0.81458646	-0.8683758	0.8307604	0.76329505	-0.97848827	0.99789876	0.886091	-0.7382606	0.8251155	0.931372	-0.97083807	0.86905336	0.9623818	-0.97266954	-0.8944348	0.89674044	0.9659141	0.9571787	-0.98405504	-0.9297834	0.84449905	0.73904216	-0.74655837	0.8989557	0.7988692	0.7677571	0.7290329	0.9565369	0.7297399	-0.93384165	-0.95749074	0.9162572	0.9169969	-0.8334727	0.83617806	-0.95896757	0.77443874	0.93168634	-0.7975285	0.9225421	-0.9478634
-0.83927274	-0.96489704	-0.9218291	0.9756628	-0.82581496	-0.84782296	0.90624344	0.8133959	0.9778698	0.9406759	-0.9134596	-0.9237926	-0.9874088	0.88313425	-0.9036583	-0.97256047	0.9645935	0.8594828	-0.98214746	-0.954537	-0.97685784	-0.9332675	0.8723716	0.99049664	0.9799639	0.8580774	-0.9279236	-0.89284253	0.9540441	0.91668165	-0.9039493	0.92831486	-0.91382015	-0.7735537	0.96041226	-0.92778337	-0.7904411	0.8556413	-0.8846298	0.82236236	0.9860955	-0.9376459	-0.9071046	-0.95338386	-0.92344856	0.9244158	-0.86040956	-0.97004145	0.9317545	0.93513507	-0.7614642	-1.0156199	-0.90395176	-0.93262327	-1.0060276	-0.95472646	0.993424	-0.9239013	-0.9152868	-0.9332062	-0.9150759	0.91272575	0.8581283	-1.0180784	1.0314012	0.974594	-0.8268016	0.8597892	0.92490554	-0.9596869	0.86396694	0.97523427	-0.96649563	-0.94603664	0.9288845	0.8816518	0.8881659	-1.005104	-0.8350431	0.786933	0.8082247	-0.72276306	0.8899793	0.8919978	0.7066317	0.85809845	0.97600263	0.9279163	-0.93952394	-0.8968104	0.9247826	0.9676317	-0.93701017	0.9067014	-0.9761639	0.90686345	0.97932136	-0.67458606	0.8962923	-1.0291318
-0.7613241	-0.81982595	-0.789817	0.8272112	-0.7801734	-0.6651778	0.6867213	0.65490556	0.8341608	0.6893619	-0.6796301	-0.73682714	-0.77211565	0.70384806	-0.7649678	-0.7556646	0.7237531	0.7603545	-0.72547203	-0.80593455	-0.7453207	-0.81354743	0.7264603	0.7278279	0.7253746	0.76054007	-0.8677735	-0.6738628	0.75245756	0.7558399	-0.7336401	0.7246451	-0.8353621	-0.6230855	0.807059	-0.73932165	-0.69045395	0.79870224	-0.69807166	0.7474264	0.7070291	-0.6896099	-0.6915893	-0.7576984	-0.7017189	0.6998879	-0.6248667	-0.75948405	0.7040251	0.72151864	-0.72888654	-0.73885643	-0.7498285	-0.80719125	-0.79151756	-0.81883335	0.7880264	-0.7780813	-0.6734769	-0.785685	-0.83660024	0.7098185	0.75646126	-0.738916	0.76495904	0.7717804	-0.79433566	0.78373593	0.81553334	-0.77735764	0.73083156	0.78679603	-0.8197237	-0.71213573	0.74927795	0.68881047	0.7056814	-0.81514	-0.59224826	0.6440612	0.72509503	-0.6876279	0.77124864	0.77413905	0.7564194	0.8165372	0.7912397	0.81540745	-0.64449173	-0.6353997	0.6985633	0.76762354	-0.8224759	0.7765394	-0.6950778	0.81390524	0.83679855	-0.5939665	0.71600413	-0.77229834
-0.6510841	-0.9052376	-0.8951071	0.9520056	-0.914506	-1.0174409	0.8984258	0.8073361	0.8507656	0.98439515	-0.97451746	-0.9714148	-0.97484314	0.9606436	-0.9821773	-1.0334233	1.0432202	0.83845156	-1.0471864	-1.003867	-0.9707635	-0.93639636	0.9671734	0.99181044	1.0470858	0.77048737	-0.82947004	-0.8721748	1.0652776	0.93803513	-0.8985404	1.0174835	-0.9252706	-0.8603151	0.85230196	-1.0616114	-0.8515493	0.75868267	-0.8614867	0.8930817	1.0715697	-1.0423957	-0.9980624	-0.93809795	-0.9730484	1.0500622	-0.95509267	-0.90013266	1.063378	1.0050304	-0.6810243	-0.99799836	-0.82140374	-0.90136284	-0.9781431	-0.9826604	0.97202355	-0.9868152	-1.0196515	-0.7345322	-0.9570044	0.91608536	0.79668915	-1.0421174	0.9801917	0.94929576	-0.70285773	0.7849907	1.0172518	-1.0466012	0.86209285	0.98607665	-0.998883	-0.98465	0.91433775	0.9431642	1.0268271	-0.9457033	-0.95749384	0.807735	0.782682	-0.72810733	0.81798583	0.86478096	0.65945345	0.67565763	0.9182406	0.7772552	-1.018335	-1.0331773	0.91524273	0.9897104	-0.8834273	0.9971176	-0.95084256	0.79707634	0.9760533	-0.7767996	0.89347297	-1.0240061
-0.7650242	-0.86618596	-0.82679653	0.8398705	-0.8435744	-0.68792427	0.7917038	0.80684906	0.8589942	0.79893297	-0.8191194	-0.86489975	-0.80511004	0.81518185	-0.83564985	-0.88389766	0.8638396	0.8508477	-0.7798878	-0.77933806	-0.93326867	-0.9146615	0.8141261	0.9148585	0.83809245	0.8514509	-0.8529293	-0.7842599	0.81917274	0.91037214	-0.8876772	0.8262278	-0.874556	-0.71317744	0.8870853	-0.857996	-0.6683818	0.8125678	-0.86864996	0.8029011	0.82347804	-0.7810331	-0.8540432	-0.81356704	-0.85591567	0.7691689	-0.760437	-0.86372143	0.8031219	0.7516381	-0.8112905	-0.8877309	-0.7856572	-0.8386804	-0.85180205	-0.86377436	0.8437841	-0.80731004	-0.8060596	-0.8435827	-0.8938783	0.830684	0.8185942	-0.8997864	0.89219	0.86270434	-0.7538422	0.8570401	0.8828414	-0.83145416	0.7982857	0.816218	-0.8342926	-0.75685155	0.8173689	0.830655	0.81950545	-0.8629692	-0.7474035	0.6927122	0.83898866	-0.82137346	0.8762442	0.8778475	0.6791099	0.82849765	0.87186193	0.81514853	-0.8106594	-0.8003155	0.82827014	0.79004097	-0.9139691	0.81943864	-0.8036662	0.87870765	0.86006725	-0.6216377	0.84651726	-0.8485144
-0.70603776	-1.082686	-0.97239494	1.0107203	-0.97018766	-1.0692459	0.9042968	0.67183894	0.9412927	1.0187383	-1.0126011	-1.038165	-1.1057167	0.90032524	-1.1026251	-1.0773718	1.0866157	0.87223196	-1.0071839	-1.0668731	-1.0699397	-0.90824425	1.0693871	1.0272484	1.0492206	0.8603941	-0.9485398	-0.86562896	1.0757238	1.0692835	-0.9068398	1.0566906	-1.0534058	-0.773657	0.9147501	-1.123847	-0.7548309	0.93136746	-0.9370686	0.8691969	1.1061641	-0.98349065	-1.0572613	-0.924222	-0.903159	1.1079208	-0.85377395	-0.98873	1.117426	1.0690548	-0.6355742	-1.0747691	-0.7513694	-0.9666075	-1.0876478	-1.1033487	1.0823379	-1.122223	-1.0668973	-0.83949065	-1.0126125	0.9081515	0.7421018	-1.1024972	1.050943	1.069083	-0.7821892	0.8362989	1.1263208	-0.9842104	0.87238187	1.0956258	-0.9684704	-1.0496331	0.98401624	0.93181473	0.981766	-1.0623525	-0.8912658	0.78176916	0.7889405	-0.6996884	0.93037105	0.94582903	0.6022311	0.8592498	1.0382568	0.81888753	-0.9997592	-0.9973954	0.9742284	0.9637091	-1.0001546	1.1341993	-0.9502763	0.90281063	1.1173891	-0.7013538	0.9908338	-1.1116545
-0.89781684	-0.9993258	-0.94904697	0.9726934	-0.86367476	-0.84415066	0.8660971	0.794564	1.0411506	0.89842117	-0.88281333	-0.98494077	-0.952834	0.8472055	-0.921838	-0.9737661	0.90666753	0.91728157	-0.9448066	-0.95937246	-0.95908374	-0.93146944	0.9056336	0.95723695	0.89518243	0.9599868	-0.94095886	-0.89525545	0.8853272	0.91525394	-0.9937496	0.8898831	-1.0102056	-0.73907125	0.98013586	-0.9073275	-0.72025067	0.9667359	-0.9145859	0.9154692	0.8781468	-0.85281754	-0.92779374	-0.9173991	-0.8741553	0.8961588	-0.7170973	-0.9235249	0.9519186	0.8638274	-0.8339455	-1.0053328	-0.89191806	-0.97039586	-0.9791392	-0.9742755	0.9004486	-0.90875196	-0.84583944	-0.9978117	-0.9186572	0.88632977	0.8997471	-0.8979042	0.930001	0.95208	-0.9413339	0.9456359	0.9888904	-0.92129654	0.872432	0.9796286	-0.96037537	-0.92437494	0.90126765	0.8330532	0.8496631	-0.9437589	-0.77012545	0.6350032	0.9125381	-0.7948889	0.9492318	0.9207928	0.8708757	0.98295987	0.9791025	0.94788235	-0.836291	-0.89981	0.9222807	0.9162555	-0.98026776	0.9159995	-0.8996376	0.9270252	0.9528035	-0.6832039	0.8852693	-0.8601609
-0.67548823	-0.73028016	-0.7234244	0.7526862	-0.6771767	-0.72739226	0.6484263	0.6727502	0.74350274	0.71079206	-0.70312726	-0.7397949	-0.704089	0.69662744	-0.6935511	-0.7440736	0.7037055	0.71107364	-0.6986503	-0.7028112	-0.7761793	-0.7197195	0.7536074	0.7547026	0.73519886	0.67897165	-0.77663016	-0.7385189	0.7505577	0.7295678	-0.73102415	0.6961965	-0.6855504	-0.63279074	0.7459009	-0.68940586	-0.6680457	0.69326544	-0.7216793	0.657153	0.78990567	-0.69000155	-0.6898465	-0.6731838	-0.7181299	0.7063182	-0.60964274	-0.7124787	0.7394796	0.6525625	-0.65981156	-0.72231776	-0.6702732	-0.7767744	-0.72673726	-0.7262308	0.6743053	-0.6740631	-0.6806833	-0.6810437	-0.74003375	0.67939055	0.7014132	-0.72098035	0.7361407	0.7752517	-0.6194821	0.64446896	0.71174216	-0.74300516	0.67866415	0.71637833	-0.7558425	-0.7386205	0.6770719	0.6793891	0.6910884	-0.75172174	-0.5411337	0.5344347	0.64734733	-0.6346297	0.73390234	0.73625094	0.6124998	0.706233	0.66031075	0.7358766	-0.629559	-0.6759453	0.6729524	0.67446023	-0.76063985	0.75594616	-0.6759007	0.68256146	0.70797837	-0.6130793	0.7484061	-0.7294535
-0.54087317	-0.58647317	-0.6237143	0.62401897	-0.5928199	-0.54326767	0.5548675	0.5462222	0.6205665	0.6180939	-0.556545	-0.56313187	-0.6015816	0.5815661	-0.5357366	-0.5315161	0.55713004	0.6007021	-0.532855	-0.5998431	-0.5883964	-0.56324637	0.6043983	0.5744785	0.54082996	0.5525998	-0.61456615	-0.5284636	0.57345116	0.60549194	-0.6217305	0.5560525	-0.56235397	-0.5325716	0.5642295	-0.6024209	-0.54610664	0.6016352	-0.6027393	0.616923	0.51820844	-0.60464025	-0.54540914	-0.5452757	-0.5419866	0.5094541	-0.4920305	-0.5624753	0.56639713	0.52311194	-0.5473468	-0.6204126	-0.6204147	-0.567642	-0.5488879	-0.5741412	0.5408498	-0.51544094	-0.58383036	-0.59903634	-0.61418587	0.6071904	0.52246505	-0.59831554	0.6108448	0.5747114	-0.53656834	0.62794995	0.53558385	-0.56224424	0.5316414	0.583126	-0.6234792	-0.58408695	0.5939643	0.56377673	0.54999375	-0.5694435	-0.4992591	0.48528886	0.586409	-0.5852068	0.5364216	0.60301584	0.6164649	0.6403604	0.5581836	0.6016268	-0.59070647	-0.5189107	0.5813443	0.5257723	-0.5438652	0.5636289	-0.54814756	0.6245907	0.58396137	-0.53980905	0.58258927	-0.5742648
-0.78294116	-0.8038554	-0.73726445	0.82384	-0.72548264	-0.6887421	0.6714262	0.6739353	0.79900956	0.74128014	-0.6594449	-0.75784606	-0.7943055	0.76135767	-0.7055519	-0.8269245	0.7879823	0.7232671	-0.7689779	-0.79240143	-0.8295801	-0.7710142	0.7829114	0.73863363	0.72465163	0.7726709	-0.8400609	-0.7530146	0.8156084	0.8031928	-0.8172248	0.7598871	-0.7577524	-0.6862845	0.8279505	-0.72212464	-0.64915746	0.8417147	-0.7418354	0.7735177	0.7863804	-0.7055286	-0.7243293	-0.78718513	-0.71992886	0.7642297	-0.59759414	-0.7308248	0.7700749	0.7137923	-0.68967795	-0.76590794	-0.7366365	-0.81173116	-0.70881027	-0.75327647	0.7787042	-0.72453034	-0.72379464	-0.76578933	-0.7729592	0.6942992	0.71932	-0.8141413	0.79003584	0.80676204	-0.75290215	0.78811735	0.7462686	-0.7690225	0.8108235	0.7258419	-0.75085	-0.7549049	0.73145765	0.7721859	0.7537923	-0.78052586	-0.5712224	0.59078526	0.795757	-0.7211486	0.7625898	0.7189379	0.7086233	0.8124755	0.77051777	0.7615911	-0.67609304	-0.7161854	0.72575593	0.71761245	-0.8150003	0.71173656	-0.73458546	0.7927584	0.7831649	-0.63018626	0.7335449	-0.80995923
-0.85480577	-0.8654687	-0.78813994	0.89515144	-0.83527577	-0.55665743	0.8265875	0.8693545	0.92149615	0.81351286	-0.7305695	-0.78491145	-0.72184014	0.8280718	-0.7753368	-0.7789415	0.76279414	0.89801675	-0.81980073	-0.7598617	-0.8336228	-0.8522161	0.81911874	0.80790514	0.7927131	0.83818406	-0.83123904	-0.83308434	0.71545494	0.797727	-0.8839073	0.7785534	-0.86006755	-0.855068	0.85817254	-0.780362	-0.8171464	0.85625666	-0.8743952	0.79647136	0.68484414	-0.7644059	-0.7729025	-0.9101606	-0.835866	0.73547536	-0.75046885	-0.79751235	0.69141465	0.6992181	-0.8158328	-0.818977	-0.89744544	-0.85769415	-0.7971757	-0.8177445	0.84391916	-0.67283744	-0.6645759	-0.8404207	-0.8940455	0.835314	0.8257954	-0.7296711	0.81687254	0.8108889	-0.8805432	0.8602972	0.78267056	-0.8539094	0.8233712	0.8560696	-0.83145237	-0.7350118	0.8585599	0.8582343	0.72954243	-0.85858047	-0.6687477	0.77903634	0.9246309	-0.8407673	0.851835	0.86337304	0.8122775	0.8726591	0.89485997	0.93205565	-0.6881311	-0.6902481	0.79159373	0.768405	-0.9105553	0.6401923	-0.80751896	0.93609315	0.8105231	-0.719092	0.77477205	-0.7684205
-0.7664055	-0.9205305	-0.8448918	0.8431546	-0.86192244	-0.8253895	0.8265568	0.79501075	0.8812011	0.9323544	-0.8533889	-0.9052457	-0.88436735	0.8526247	-0.8580859	-0.86956656	0.92808414	0.7674748	-0.9187887	-0.84648454	-0.9301498	-0.8960024	0.91565007	0.871158	0.9346346	0.879925	-0.88477826	-0.81668955	0.8703305	0.9213981	-0.88093674	0.9131608	-0.8807714	-0.7762418	0.89930415	-0.93001646	-0.7747105	0.8281393	-0.8080583	0.7778089	0.9360987	-0.9235812	-0.9348774	-0.89217377	-0.84449476	0.83395463	-0.80212176	-0.8341489	0.88707316	0.8373034	-0.71678346	-0.906171	-0.8553771	-0.84076285	-0.9006157	-0.9475475	0.9144449	-0.84888446	-0.915717	-0.8700723	-0.8465978	0.8082279	0.8186693	-0.8719049	0.8801746	0.86919945	-0.77648467	0.8292551	0.93935764	-0.92341226	0.7824163	0.9375021	-0.9222793	-0.86519754	0.8380248	0.8941906	0.86121553	-0.8844521	-0.86144495	0.7241447	0.8313433	-0.8043157	0.8938668	0.80613434	0.7224122	0.82390565	0.863741	0.7766157	-0.8488554	-0.81646115	0.8575751	0.87055194	-0.87332135	0.8172165	-0.90417737	0.8617096	0.92232543	-0.6481472	0.87927943	-0.9252053
-0.36395532	-0.6964281	-0.65373194	0.7523049	-0.6488169	-0.7013366	0.68652165	0.56537443	0.6071178	0.72493345	-0.674924	-0.70919496	-0.7745766	0.7358283	-0.75984794	-0.7830193	0.71511114	0.6080611	-0.71468264	-0.7652513	-0.70957786	-0.6739046	0.7124	0.702118	0.67370987	0.6626699	-0.67254937	-0.6926471	0.7758436	0.6963419	-0.71275216	0.7213653	-0.74976015	-0.6417398	0.7324929	-0.7834903	-0.6662684	0.65444	-0.67432153	0.66286963	0.72909766	-0.7562513	-0.69770503	-0.7108537	-0.7207175	0.71930814	-0.7188462	-0.6551464	0.77290714	0.7019303	-0.51004416	-0.78711027	-0.6442034	-0.66855085	-0.7348827	-0.7852291	0.70712024	-0.74799716	-0.726579	-0.53176755	-0.6870883	0.6831651	0.58829725	-0.69159037	0.6929063	0.68714666	-0.4902615	0.50923765	0.81261075	-0.74587005	0.64572954	0.6772954	-0.702925	-0.6836623	0.7581147	0.74377704	0.74303836	-0.7327884	-0.66351974	0.6495961	0.49986908	-0.56139255	0.66175437	0.6834277	0.45707786	0.47075316	0.71253353	0.5496529	-0.7070391	-0.68211526	0.6748071	0.7267479	-0.70552164	0.7951271	-0.729763	0.60267997	0.7926757	-0.61425835	0.68447125	-0.7254211
-0.8614164	-0.8580636	-0.8374817	0.83368796	-0.8466385	-0.6484984	0.8199437	0.86563337	0.8964788	0.86913496	-0.8096154	-0.8145624	-0.78121364	0.8585426	-0.7745545	-0.81043744	0.7950744	0.8162227	-0.7992986	-0.79821897	-0.7993417	-0.83058006	0.85743463	0.84908557	0.8762305	0.80287594	-0.83631694	-0.8501082	0.7808668	0.9087753	-0.811299	0.84555686	-0.785505	-0.8095996	0.875573	-0.7549587	-0.73609155	0.80908984	-0.80201775	0.8374216	0.81160223	-0.78134155	-0.8292658	-0.89207846	-0.81298417	0.73968124	-0.7937424	-0.8397172	0.7107065	0.7927626	-0.77641964	-0.8841551	-0.8425095	-0.82611465	-0.78877336	-0.7813665	0.81186557	-0.74107003	-0.76049566	-0.8820529	-0.829407	0.77801675	0.865524	-0.77948886	0.8188367	0.8582611	-0.8453048	0.86843055	0.7980896	-0.81240016	0.79780376	0.87634933	-0.87301993	-0.76757514	0.9007821	0.7927435	0.76430345	-0.8110401	-0.78117025	0.7201088	0.821762	-0.8268457	0.8550564	0.8290502	0.7953974	0.80821806	0.82995486	0.8720486	-0.73036456	-0.82171005	0.89684117	0.77274233	-0.90818983	0.7055208	-0.82298666	0.8548305	0.8626061	-0.67626137	0.8235313	-0.83858985
-0.7727944	-0.7535798	-0.75992787	0.7625629	-0.69824886	-0.64825445	0.72989726	0.7634017	0.7782763	0.7676533	-0.7584158	-0.73497874	-0.7470037	0.7898198	-0.7083849	-0.73713875	0.7978347	0.74797624	-0.759343	-0.71809864	-0.82057196	-0.7723289	0.7221179	0.7469382	0.7998801	0.74804616	-0.8386584	-0.72853786	0.68374	0.8107501	-0.8047368	0.7593052	-0.7168933	-0.6285992	0.7875738	-0.7530906	-0.72168756	0.7846784	-0.77007574	0.78122663	0.75264955	-0.78391564	-0.8137661	-0.75471675	-0.80753684	0.7449018	-0.68608475	-0.83065397	0.7547002	0.71610856	-0.7050603	-0.7490483	-0.72542197	-0.797471	-0.74364597	-0.7958337	0.7870386	-0.75724155	-0.73441046	-0.7566223	-0.7592214	0.73094666	0.7158565	-0.7247012	0.8447231	0.7540093	-0.7365292	0.7903341	0.7269072	-0.79870397	0.7339235	0.7252005	-0.79804623	-0.74544746	0.7650584	0.795416	0.7143914	-0.7506244	-0.717807	0.6911061	0.74623775	-0.72924215	0.78700334	0.68610644	0.68538696	0.77468324	0.7682263	0.8294677	-0.6820748	-0.75209004	0.76637524	0.72748363	-0.8085474	0.65744424	-0.79689455	0.7363897	0.8083531	-0.6355165	0.7730627	-0.7922629
-0.7389814	-0.78052115	-0.7823947	0.73737115	-0.75755733	-0.6102843	0.6809988	0.7426365	0.8155779	0.7917082	-0.6530291	-0.80798256	-0.77009994	0.70985353	-0.6896678	-0.7949251	0.6799832	0.77968675	-0.71827954	-0.76060766	-0.7827763	-0.7548278	0.6820732	0.73341626	0.7337413	0.72775656	-0.7591414	-0.7285669	0.7064116	0.7334972	-0.7951918	0.7991938	-0.77760994	-0.6525374	0.83805156	-0.7089641	-0.5862384	0.7943175	-0.712168	0.68033826	0.6954976	-0.7608683	-0.6771153	-0.79825896	-0.73796445	0.6477508	-0.6281452	-0.73794246	0.6878919	0.64210945	-0.7243478	-0.77606297	-0.71400535	-0.7980547	-0.7047692	-0.76653445	0.7941484	-0.7261498	-0.6782285	-0.8041561	-0.76472455	0.69201636	0.75623864	-0.7516067	0.81423557	0.7786786	-0.7045287	0.8140458	0.76580524	-0.76271826	0.7607994	0.7480006	-0.7433479	-0.73484534	0.7266946	0.7726911	0.67024493	-0.74902177	-0.6090318	0.63617665	0.7494224	-0.70829844	0.7754842	0.72617805	0.63956916	0.779519	0.73705924	0.79387504	-0.6914678	-0.67406636	0.74360424	0.71807307	-0.80203354	0.7141538	-0.73322636	0.75056785	0.78695273	-0.57326746	0.7852042	-0.7214394
-0.6980131	-0.7059632	-0.73198956	0.6808628	-0.7442116	-0.6285183	0.72161317	0.7335003	0.76807183	0.64968807	-0.68001705	-0.748554	-0.6680035	0.6903317	-0.68829656	-0.7070497	0.7198467	0.69888526	-0.6755964	-0.69175905	-0.6839418	-0.6943215	0.71438116	0.6665716	0.6694052	0.75644875	-0.77581376	-0.68593675	0.6455998	0.7583697	-0.66411567	0.737261	-0.74317557	-0.6260448	0.7330806	-0.7380755	-0.6649501	0.6788455	-0.6787728	0.736551	0.6972387	-0.7326654	-0.68937624	-0.7319615	-0.6741979	0.6366384	-0.63513595	-0.71562535	0.6404502	0.6507426	-0.6887542	-0.7049656	-0.67658937	-0.73036814	-0.664256	-0.7438036	0.7372442	-0.71206653	-0.65840566	-0.6861287	-0.7518243	0.6694511	0.7161837	-0.71920013	0.7035325	0.7503785	-0.6662897	0.7439181	0.74227726	-0.7327459	0.7028816	0.6700153	-0.6791846	-0.6858286	0.7407054	0.6762796	0.66477555	-0.7571431	-0.6904825	0.62743264	0.6883877	-0.6993364	0.74271333	0.67747086	0.6581353	0.74757785	0.7376767	0.73534745	-0.697663	-0.6215265	0.73429173	0.65330166	-0.731031	0.57010466	-0.73078525	0.76163864	0.6980246	-0.6159945	0.7398159	-0.6658049
-0.67004585	-0.66196954	-0.6322806	0.6754527	-0.66766655	-0.5790535	0.6612112	0.6869452	0.66900676	0.65515274	-0.5904586	-0.68562645	-0.6479526	0.64209247	-0.6954582	-0.6290246	0.6099932	0.7240793	-0.5947423	-0.7032831	-0.6581018	-0.695543	0.7042724	0.6350659	0.6295748	0.6918127	-0.6557038	-0.61149484	0.64647806	0.63947695	-0.69280744	0.6531448	-0.64045423	-0.6627863	0.72060055	-0.61457944	-0.5958784	0.64951146	-0.6845452	0.7212641	0.6625278	-0.5986626	-0.6626525	-0.67174816	-0.7039682	0.68411046	-0.60569173	-0.6887235	0.64610153	0.5888977	-0.6441683	-0.7224977	-0.6868056	-0.7058799	-0.65351945	-0.63770294	0.67122406	-0.594497	-0.61756057	-0.6544421	-0.6689735	0.6841322	0.62383884	-0.64038944	0.6370596	0.7432382	-0.6675688	0.6597125	0.69013304	-0.6495454	0.7031657	0.6621865	-0.6673191	-0.6281018	0.67085373	0.6080064	0.6199165	-0.6651028	-0.5172798	0.53031534	0.6671812	-0.64057624	0.7319535	0.6907581	0.69086957	0.6787694	0.69939965	0.7136146	-0.6160092	-0.60970604	0.6522673	0.6635614	-0.6980049	0.63931286	-0.61547077	0.69189286	0.6990598	-0.59769344	0.7067809	-0.6494013
-0.77136075	-0.78689253	-0.7479446	0.7074223	-0.7319437	-0.6465613	0.6883441	0.7209165	0.7573843	0.67236704	-0.70051473	-0.76429576	-0.72424966	0.6741392	-0.6826704	-0.7467598	0.70580167	0.7836701	-0.71561867	-0.745809	-0.76815176	-0.77953374	0.7388423	0.71947104	0.70358485	0.6871675	-0.7117215	-0.70214766	0.6577754	0.81803507	-0.7280766	0.70987314	-0.7477226	-0.6706929	0.69734615	-0.6669916	-0.6458994	0.755846	-0.7482643	0.67286974	0.6906144	-0.71615374	-0.6740475	-0.79561144	-0.7135115	0.6511573	-0.6494769	-0.73763067	0.74007434	0.7103358	-0.6456771	-0.7704102	-0.6656774	-0.7343973	-0.69280607	-0.7282509	0.6932079	-0.6934201	-0.664984	-0.74950486	-0.674158	0.6583275	0.7512994	-0.6694769	0.7458206	0.74379736	-0.6689873	0.68400836	0.73117566	-0.78389597	0.7095975	0.6962792	-0.72534764	-0.7461056	0.7047063	0.7294933	0.6804373	-0.7184426	-0.6845715	0.5987203	0.6870324	-0.705214	0.73186	0.6937284	0.62264746	0.7047434	0.72122693	0.7338333	-0.64585406	-0.70689183	0.73451656	0.6691933	-0.7617576	0.7317678	-0.6682892	0.6998903	0.77084625	-0.56506735	0.7255251	-0.7354405
-0.6313151	-0.709365	-0.6599782	0.6651073	-0.629798	-0.6998912	0.62887746	0.6530172	0.707939	0.63828725	-0.65768975	-0.72014457	-0.665965	0.6032584	-0.6443455	-0.6297802	0.6708691	0.67739254	-0.6798449	-0.6388434	-0.6938671	-0.6753953	0.6653549	0.63216484	0.6415942	0.6189421	-0.6662225	-0.6634747	0.6835551	0.65211827	-0.6996459	0.6991347	-0.6646127	-0.6305875	0.666645	-0.716634	-0.66287434	0.62045383	-0.64000154	0.62253296	0.6288412	-0.63376224	-0.667115	-0.6495465	-0.6168253	0.71158236	-0.6222405	-0.6769093	0.7003888	0.6763791	-0.57825744	-0.67993	-0.5928299	-0.68202615	-0.6241452	-0.65368915	0.68350106	-0.6668117	-0.6479524	-0.604862	-0.69832116	0.6739488	0.60969466	-0.7181598	0.6487265	0.7074273	-0.62001294	0.60240644	0.6805385	-0.70102483	0.62393516	0.65220124	-0.6936474	-0.644933	0.61827207	0.58015937	0.59857726	-0.6693994	-0.65884995	0.6133416	0.61500645	-0.581155	0.67473835	0.6324362	0.6027529	0.6705824	0.6190157	0.6850328	-0.68395144	-0.6569081	0.68192625	0.6576124	-0.6315603	0.6457259	-0.64295274	0.6255724	0.6365415	-0.63073707	0.60788304	-0.69009656
-0.87372637	-0.92523354	-0.87051517	0.9502768	-0.8561422	-0.9112289	0.8764199	0.83528435	0.9469489	0.8778661	-0.8879876	-0.92082053	-0.91762406	0.87064373	-0.8525311	-0.9585577	0.87770665	0.89292943	-0.9482581	-0.8932165	-0.941542	-0.9135767	0.9082485	0.93180215	0.9181424	0.9136454	-0.9126067	-0.8313846	0.9346998	0.95540625	-0.8723127	0.9213585	-0.9602269	-0.77384	0.94165325	-0.8823179	-0.742203	0.8669706	-0.8231171	0.902352	0.8800657	-0.8780433	-0.92908275	-0.85480314	-0.879536	0.9456932	-0.8775509	-0.9305081	0.857128	0.8660968	-0.75248355	-0.96166915	-0.85269064	-0.8888811	-0.8925412	-0.89297485	0.8755564	-0.905331	-0.87207144	-0.89614284	-0.9124481	0.90523714	0.8046563	-0.89167833	0.9231832	0.9314516	-0.9167413	0.80802417	0.9447353	-0.88022906	0.95771027	0.9125997	-0.84597474	-0.87966704	0.8073237	0.843555	0.8885853	-0.8635281	-0.82388103	0.7064145	0.9013365	-0.873338	0.927155	0.8203784	0.8548844	0.88617593	0.91740525	0.8698556	-0.8431484	-0.870786	0.91695863	0.8615934	-0.87806267	0.93488693	-0.91445297	0.9344306	0.905846	-0.78702193	0.9586367	-0.8215166
-0.6414591	-0.7990681	-0.67830133	0.7447499	-0.72260094	-0.8223381	0.62524086	0.66446215	0.83109796	0.7843722	-0.72868615	-0.8030631	-0.81419015	0.73101795	-0.7638127	-0.8198058	0.7955982	0.74290293	-0.74844444	-0.7122206	-0.78240365	-0.73278254	0.74467695	0.7204238	0.7946021	0.75000906	-0.78736156	-0.69912106	0.8225604	0.7662492	-0.77716583	0.81851697	-0.82002276	-0.620966	0.69111323	-0.8043977	-0.6296853	0.786898	-0.7230559	0.6434617	0.8133919	-0.7435271	-0.8174214	-0.74127406	-0.76194626	0.8283079	-0.63134843	-0.77733064	0.7560956	0.7865482	-0.56702423	-0.84034485	-0.6985219	-0.70251286	-0.83856577	-0.8471396	0.80583006	-0.7693963	-0.74477917	-0.6564123	-0.79033	0.69974285	0.67498505	-0.76375663	0.8235397	0.77914065	-0.6284635	0.71276176	0.8223398	-0.81299216	0.74525756	0.8030061	-0.75249577	-0.7999648	0.7634127	0.7242535	0.7162685	-0.74272615	-0.6887322	0.61367965	0.66131926	-0.63697577	0.723011	0.6777585	0.5926894	0.7137197	0.72063315	0.70839334	-0.74736184	-0.7264732	0.7759792	0.72264415	-0.7888222	0.7953116	-0.72274375	0.78571343	0.7898838	-0.5509018	0.7921081	-0.7805002
-0.646152	-0.69387496	-0.6730627	0.69465095	-0.7285411	-0.67894304	0.6700539	0.7027704	0.6678135	0.71120435	-0.69042635	-0.6854982	-0.6387533	0.75255775	-0.6346296	-0.7431107	0.69585717	0.6905181	-0.73446596	-0.69262344	-0.7281463	-0.7104252	0.71983767	0.7088876	0.69928664	0.6540328	-0.6853881	-0.7413772	0.68145925	0.68064666	-0.67663884	0.6796219	-0.69613683	-0.71531075	0.6885179	-0.6845882	-0.63608557	0.6888836	-0.6599204	0.70404327	0.6918932	-0.6845648	-0.6985236	-0.7271262	-0.6601709	0.6551208	-0.7032398	-0.6988386	0.7265074	0.67326146	-0.6419381	-0.6855714	-0.6419697	-0.6631363	-0.68408215	-0.7211374	0.67689705	-0.6915124	-0.7373105	-0.660706	-0.7552305	0.68570834	0.62908715	-0.69226867	0.7148243	0.7344916	-0.6763704	0.62535816	0.7263572	-0.7346099	0.7211416	0.74774593	-0.7062226	-0.691624	0.74022996	0.70844495	0.63760424	-0.67487574	-0.68904406	0.68663883	0.69847083	-0.64335304	0.6885957	0.70828813	0.59305	0.69496137	0.6710953	0.7150252	-0.7127082	-0.67051274	0.75568223	0.7472575	-0.683788	0.6307891	-0.66665745	0.6922203	0.6608919	-0.64153886	0.74069995	-0.6587461
-0.53916156	-0.7080819	-0.6527002	0.63569915	-0.66917455	-0.72194123	0.6500038	0.5258407	0.6411231	0.6373739	-0.69933885	-0.7157879	-0.72164977	0.6535251	-0.7016505	-0.7260624	0.73086965	0.59463996	-0.66181934	-0.6807717	-0.71349746	-0.71080965	0.6534434	0.6960421	0.7303295	0.59428155	-0.7125238	-0.64276963	0.699929	0.68390363	-0.6885597	0.65694064	-0.72762525	-0.55335283	0.6322451	-0.6806076	-0.5470843	0.5936604	-0.66994494	0.6527691	0.7725905	-0.6529977	-0.6768087	-0.6294977	-0.644919	0.71033657	-0.57755536	-0.71688676	0.68609864	0.6390455	-0.52322114	-0.68394023	-0.6481756	-0.69864184	-0.7010368	-0.6893014	0.65915936	-0.7394085	-0.7354863	-0.6231291	-0.6214829	0.6551749	0.605584	-0.68842715	0.66736144	0.71602243	-0.5407359	0.63990694	0.7400355	-0.67096794	0.59073764	0.7222902	-0.7364069	-0.7081093	0.686802	0.6088005	0.64263123	-0.65692043	-0.6946964	0.4842816	0.5719907	-0.5698035	0.65317464	0.5971669	0.46642625	0.58168936	0.6932015	0.64599574	-0.6834399	-0.7218719	0.7022758	0.6944785	-0.64257264	0.74409217	-0.6338506	0.6793075	0.66311663	-0.45765126	0.6983104	-0.75438434
-0.5133009	-0.48147246	-0.49103203	0.39560556	-0.42615557	-0.43947366	0.45773524	0.4079322	0.46486703	0.45188555	-0.41299203	-0.46924704	-0.46531793	0.4294042	-0.406874	-0.48813462	0.40812474	0.48959514	-0.4334616	-0.45875084	-0.4446717	-0.4122317	0.48367658	0.42190465	0.47018248	0.4559492	-0.43888003	-0.4946744	0.4014782	0.49493495	-0.51208085	0.45472836	-0.4365638	-0.40631428	0.43779376	-0.4132351	-0.40926063	0.42718536	-0.41298127	0.42824158	0.4304676	-0.40203375	-0.46923152	-0.42870948	-0.46777344	0.44996756	-0.3443193	-0.47694036	0.45226076	0.4590611	-0.38983533	-0.44004425	-0.4499084	-0.43856493	-0.48173383	-0.47324663	0.4910744	-0.38885587	-0.39258373	-0.48509786	-0.43363002	0.40642044	0.44790113	-0.4051929	0.47659993	0.504444	-0.39898658	0.43072578	0.44700792	-0.49520805	0.42807278	0.4782108	-0.428162	-0.4713067	0.45164382	0.45141283	0.4022169	-0.42870888	-0.43323657	0.43981645	0.48109248	-0.41718438	0.41482502	0.44734108	0.43715903	0.40042317	0.48516202	0.48868123	-0.43364418	-0.40872547	0.43425307	0.47354925	-0.42702386	0.38323936	-0.45528695	0.41861776	0.4898272	-0.45310313	0.4986307	-0.4696896
-0.6401063	-0.69461215	-0.72532713	0.74100983	-0.67337114	-0.6992286	0.6654233	0.65919775	0.77024704	0.76842916	-0.72392774	-0.73291034	-0.7183173	0.7326213	-0.7067928	-0.78112036	0.7004429	0.7095409	-0.7660079	-0.73931354	-0.7637906	-0.67065525	0.7869815	0.73710173	0.72612554	0.71862286	-0.72337925	-0.71132714	0.7068827	0.74220693	-0.7230023	0.7219092	-0.69262064	-0.73133653	0.7043427	-0.7159804	-0.7033222	0.67161363	-0.69622123	0.69688046	0.78244853	-0.67098963	-0.7013741	-0.6840343	-0.72708154	0.7498789	-0.7182651	-0.74764884	0.7340551	0.679324	-0.6124718	-0.741691	-0.7202184	-0.72975874	-0.762926	-0.69857603	0.7283902	-0.7584795	-0.71534455	-0.7049993	-0.7385663	0.72449684	0.69212574	-0.744984	0.7184719	0.69363153	-0.6265835	0.66355264	0.7652665	-0.70236707	0.72821426	0.72263527	-0.7076346	-0.6669662	0.72540706	0.6600404	0.72212523	-0.67024064	-0.6594688	0.66128683	0.6365287	-0.6201239	0.70377576	0.68594635	0.63705474	0.7126743	0.66928273	0.6649419	-0.6868451	-0.7427641	0.7494583	0.7402791	-0.7064147	0.6940022	-0.7002845	0.7253653	0.7511731	-0.64251256	0.7579337	-0.73899114
-0.8601486	-0.77990294	-0.8340314	0.84016776	-0.7996497	-0.684346	0.86627364	0.77955985	0.7998145	0.8775697	-0.8214929	-0.8322285	-0.7087727	0.8612734	-0.72061145	-0.7926424	0.7726678	0.8069168	-0.780798	-0.7575683	-0.7975534	-0.8680874	0.73051006	0.81866693	0.8702519	0.8482357	-0.8805172	-0.8606116	0.7633657	0.80833346	-0.764514	0.77651656	-0.7359568	-0.8099637	0.8811875	-0.7553875	-0.8104885	0.78254426	-0.81271356	0.8242366	0.7411937	-0.8389584	-0.81587464	-0.8389651	-0.819901	0.7344075	-0.80112875	-0.87516594	0.7134953	0.75609446	-0.791592	-0.8572517	-0.881021	-0.80270445	-0.8453656	-0.73420477	0.85348296	-0.78594536	-0.73833597	-0.8528396	-0.83313924	0.8427727	0.83381605	-0.8031481	0.8630727	0.8476386	-0.7748009	0.8573522	0.82792675	-0.81945235	0.80286473	0.7688095	-0.8911785	-0.82820004	0.8745281	0.84610283	0.8867579	-0.8252557	-0.82486826	0.81989074	0.842207	-0.8216521	0.85934675	0.73262537	0.73360753	0.8245825	0.8811082	0.81090236	-0.81948835	-0.79242647	0.85054517	0.78448397	-0.86008304	0.59974474	-0.8787266	0.8460307	0.7869038	-0.80865604	0.87673146	-0.85093653
-0.8095339	-0.9134339	-0.8998607	0.8621595	-0.83411175	-0.7348561	0.8969554	0.83660066	0.92855877	0.918004	-0.8826138	-0.8743356	-0.7985001	0.8257876	-0.8284388	-0.90758014	0.90153277	0.89870393	-0.9003355	-0.8336109	-0.90313137	-0.9237113	0.92114747	0.96152043	0.9339489	0.8519888	-0.90289384	-0.8885323	0.8336364	0.91584414	-0.8514074	0.8613312	-0.8504984	-0.87122554	0.91760784	-0.91649467	-0.83468485	0.8634826	-0.90280944	0.82824886	0.851216	-0.8838877	-0.8958862	-0.91742647	-0.8495861	0.80650836	-0.7940561	-0.9102898	0.84007585	0.8588275	-0.80682933	-0.91899985	-0.9076963	-0.8778443	-0.8694578	-0.8846261	0.8859877	-0.7965677	-0.8769382	-0.8928329	-0.8461072	0.803516	0.8294859	-0.9298315	0.9003935	0.9039816	-0.7994817	0.84786826	0.8749858	-0.9235246	0.8969664	0.87791216	-0.87742937	-0.8081083	0.92621773	0.8520503	0.8671282	-0.9415671	-0.863411	0.78236103	0.8568496	-0.8729547	0.90314424	0.88342345	0.7584982	0.8540354	0.9087759	0.8455041	-0.9024137	-0.8180335	0.8493024	0.8932551	-0.9283706	0.6705803	-0.9609599	0.86360955	0.9215288	-0.75832087	0.9103518	-0.8734448
-0.6468296	-0.71976584	-0.70349574	0.68038243	-0.6165563	-0.61655474	0.6588761	0.5863166	0.70531476	0.66903174	-0.64196503	-0.64570373	-0.6290724	0.68557405	-0.61813384	-0.68270695	0.6818116	0.7015072	-0.68069077	-0.6326523	-0.655748	-0.69227326	0.7186037	0.70443505	0.7188554	0.69815946	-0.74220973	-0.65140706	0.6386237	0.72159183	-0.630618	0.728827	-0.70920014	-0.5532657	0.6452136	-0.6466273	-0.5887306	0.7075883	-0.6773329	0.6202362	0.69561696	-0.6309284	-0.7136124	-0.6558605	-0.6342267	0.6323919	-0.5918189	-0.6367278	0.65918696	0.6480094	-0.584031	-0.7266546	-0.60254884	-0.69799507	-0.67704517	-0.70335704	0.6676243	-0.6937077	-0.6596129	-0.7142229	-0.6505147	0.61168575	0.61546975	-0.6721427	0.7092487	0.6592535	-0.62723845	0.69584805	0.6982709	-0.65128446	0.6976929	0.6890553	-0.7258579	-0.64339644	0.71337396	0.67357135	0.61725986	-0.7264726	-0.5953374	0.61620337	0.65391487	-0.6291895	0.71003217	0.6554969	0.599353	0.7014529	0.7160923	0.7261948	-0.6096842	-0.6635192	0.6484671	0.6508033	-0.7331186	0.66855705	-0.6559738	0.64009124	0.65088826	-0.55762285	0.62857693	-0.7469663
-0.7065361	-0.8633905	-0.7327936	0.8197804	-0.79910225	-0.80169404	0.7011547	0.66235954	0.89755243	0.81777704	-0.7982355	-0.84784174	-0.8168349	0.74462026	-0.7836495	-0.8549652	0.83707285	0.8080125	-0.84406364	-0.84987605	-0.8768222	-0.801331	0.7921816	0.8379085	0.7603718	0.78151053	-0.7864532	-0.7850933	0.85390204	0.8291806	-0.7676375	0.8160685	-0.8884681	-0.6306802	0.8492139	-0.87829393	-0.6991642	0.7687091	-0.7377292	0.75018096	0.8925024	-0.7961482	-0.8393712	-0.77549815	-0.7556755	0.8882213	-0.73235714	-0.7868837	0.85947114	0.839605	-0.6380703	-0.85965365	-0.68320465	-0.8182292	-0.8264139	-0.8534858	0.8284497	-0.8624963	-0.84890705	-0.7513617	-0.831916	0.7912636	0.7152045	-0.8493001	0.76401204	0.8125979	-0.7308133	0.7423646	0.8371956	-0.8064108	0.7410375	0.8366451	-0.80572164	-0.7984336	0.7450227	0.7927398	0.74623036	-0.7850358	-0.6865775	0.5788981	0.8121276	-0.6756811	0.80578095	0.7561941	0.6986734	0.87191844	0.79756	0.8195297	-0.7609883	-0.7920767	0.78311074	0.80334705	-0.8663899	0.84224606	-0.73444283	0.7856335	0.8917816	-0.6058855	0.7955488	-0.8264369
-0.7924948	-0.7739084	-0.83365256	0.7887736	-0.82500666	-0.80501914	0.7279979	0.80970806	0.82884777	0.81625	-0.7878218	-0.87039673	-0.7891747	0.75960666	-0.8517477	-0.8528547	0.85839295	0.7700409	-0.8485734	-0.7766239	-0.8200925	-0.7903076	0.8020022	0.7971668	0.83731747	0.86861634	-0.8329332	-0.7885149	0.8654939	0.81333137	-0.8478278	0.8138653	-0.7980346	-0.6807276	0.8106292	-0.78415483	-0.72340125	0.78114057	-0.762842	0.79269505	0.8787799	-0.78894556	-0.78225315	-0.76591665	-0.76044524	0.8529551	-0.79973596	-0.8117222	0.79033786	0.77421343	-0.76379013	-0.8823289	-0.73223877	-0.85224074	-0.82913077	-0.8435941	0.84229434	-0.8518006	-0.819298	-0.8002288	-0.87009263	0.758553	0.77347565	-0.8401042	0.82326454	0.8019807	-0.74314934	0.7157066	0.7876502	-0.8651095	0.7629998	0.8290083	-0.8015453	-0.87123156	0.7731011	0.81015724	0.7456742	-0.81120396	-0.7152817	0.64515084	0.80701923	-0.69430065	0.79508203	0.73668927	0.73594826	0.78883725	0.8454322	0.82277817	-0.7987909	-0.81628734	0.7685867	0.73270524	-0.8318554	0.81814677	-0.7747508	0.8798846	0.84303135	-0.63978267	0.82748616	-0.831679
-0.79963267	-0.8936259	-0.8646642	0.92696196	-0.8680449	-0.8629289	0.82887113	0.8008876	0.9050714	0.8298198	-0.8101631	-0.87713164	-0.89702016	0.8641761	-0.9176228	-0.8574573	0.86158484	0.8053125	-0.89242685	-0.8635832	-0.8543435	-0.8997071	0.8732908	0.915696	0.9068608	0.8114337	-0.8438411	-0.88929605	0.9274459	0.85754454	-0.8331156	0.9244097	-0.86468714	-0.7175704	0.80364203	-0.86942726	-0.68526375	0.83087283	-0.8333061	0.8375898	0.8960075	-0.82400143	-0.82548946	-0.889008	-0.807271	0.81556666	-0.83051574	-0.86421084	0.890413	0.87277246	-0.74630547	-0.9263138	-0.76737356	-0.81675774	-0.903409	-0.9131324	0.83990455	-0.88629663	-0.8423715	-0.816333	-0.87073106	0.8494468	0.79421896	-0.8858715	0.88273317	0.9280313	-0.7738453	0.7545649	0.8640789	-0.9040299	0.8775174	0.873503	-0.9073454	-0.8779168	0.90523165	0.81017375	0.8312528	-0.9040908	-0.74501204	0.7794713	0.80893713	-0.79194415	0.8583387	0.84947926	0.7849925	0.8139177	0.9222601	0.847463	-0.86204576	-0.8640925	0.856358	0.86246103	-0.8806279	0.9163789	-0.8324766	0.8245079	0.9233133	-0.7551791	0.8154113	-0.9044064
-0.8408471	-0.97013783	-0.92180026	0.92465377	-0.8672647	-0.9586793	0.82005477	0.81253934	0.94277614	0.93759304	-0.8783437	-0.9950585	-1.0226618	0.8430406	-0.9945705	-0.9561617	0.9877467	0.80539703	-0.9662827	-0.9536074	-0.96831924	-0.95484346	0.9504835	0.9513	0.91466427	0.939502	-0.89873123	-0.85762155	1.0268475	0.9417687	-0.8790563	1.0254822	-0.9965047	-0.7998254	0.9156867	-0.92120296	-0.7938694	0.89651865	-0.8760201	0.86107343	1.0565052	-0.97275746	-0.9286365	-0.935696	-0.9696183	0.98874056	-0.7761358	-0.9268664	0.9897352	0.9284116	-0.7584912	-0.9614103	-0.86109513	-0.9055806	-1.0125059	-0.95871586	0.96392244	-1.0435495	-0.97471666	-0.86089665	-0.9488258	0.8745999	0.7915089	-0.97690266	0.92905265	0.9530041	-0.8240082	0.88910294	1.036102	-0.9458366	0.8674774	0.99369377	-0.9801828	-0.8995655	0.94686663	0.9033247	0.9224604	-0.99764127	-0.90366125	0.698271	0.8101179	-0.8219135	0.8857967	0.86506283	0.7217752	0.9176387	0.96375674	0.9280409	-0.9085732	-0.9112639	0.98109007	0.903646	-0.9701107	0.985214	-0.90600294	0.9394719	1.039607	-0.74928916	0.929955	-0.979623
-0.6402426	-0.6328349	-0.6840801	0.6715586	-0.60615885	-0.525358	0.61029744	0.67432743	0.60572094	0.6231666	-0.5824845	-0.5789268	-0.5584514	0.6230678	-0.62797177	-0.6207178	0.6552835	0.59708613	-0.6615391	-0.6454346	-0.61141354	-0.6355253	0.65314925	0.6168096	0.6488714	0.6891258	-0.62605715	-0.6435141	0.521762	0.6197049	-0.62131894	0.62453663	-0.6289891	-0.58140874	0.6637605	-0.6428917	-0.6346021	0.69138926	-0.63056123	0.6799996	0.5092519	-0.5632467	-0.6528907	-0.64844483	-0.6082002	0.59588754	-0.56588304	-0.63875836	0.5202681	0.62724286	-0.6183781	-0.6554829	-0.63778347	-0.5934235	-0.5926865	-0.6342468	0.67419827	-0.50659734	-0.57532674	-0.6353996	-0.6676048	0.58994955	0.6196974	-0.60336393	0.5907439	0.6089292	-0.6444649	0.61276734	0.565529	-0.5871998	0.607445	0.6325245	-0.5891552	-0.6413809	0.6720356	0.6674923	0.64013493	-0.6170473	-0.58366066	0.6406164	0.62797827	-0.6486885	0.67946076	0.58438337	0.59513766	0.65515286	0.61267245	0.69959193	-0.5986581	-0.60681725	0.63830113	0.6539944	-0.6249114	0.5184017	-0.61556506	0.69652414	0.5730518	-0.60287845	0.61766374	-0.5881473
-0.8287175	-0.7181577	-0.7947096	0.73572993	-0.79972965	-0.59995717	0.7237535	0.76133645	0.76189137	0.7566393	-0.74381965	-0.71019685	-0.62497485	0.8117553	-0.7635001	-0.7482715	0.7087122	0.7578609	-0.7235598	-0.7256387	-0.74703306	-0.72727656	0.75361913	0.7602415	0.79093164	0.73687035	-0.7454214	-0.7677651	0.62652904	0.7677256	-0.75183	0.73466545	-0.65282047	-0.75037503	0.73485017	-0.74976695	-0.7686405	0.7445618	-0.7729224	0.80659395	0.68263626	-0.7171458	-0.7587659	-0.78498876	-0.7109583	0.6778154	-0.71087795	-0.75719297	0.6304247	0.7553345	-0.7765362	-0.7836788	-0.74212897	-0.8107427	-0.72077024	-0.73001003	0.7148694	-0.67254436	-0.68436486	-0.8014027	-0.7542754	0.7860937	0.7640442	-0.73633975	0.7768354	0.71467435	-0.8097782	0.79100925	0.75997967	-0.7997655	0.7771701	0.7513352	-0.8173312	-0.7010547	0.8098452	0.7894608	0.8121406	-0.7401155	-0.7198581	0.7264866	0.8158871	-0.7764707	0.7947275	0.73416644	0.76493716	0.7226827	0.7688298	0.7952064	-0.73334306	-0.7179569	0.7450842	0.730304	-0.72225416	0.5350471	-0.7261748	0.8083988	0.7141021	-0.7922182	0.75709593	-0.67235726
-0.75478524	-0.7604369	-0.7398545	0.75072116	-0.73173994	-0.53342766	0.7506537	0.6848544	0.7341657	0.69156414	-0.75856155	-0.73483336	-0.644929	0.77028555	-0.6708736	-0.6615533	0.71649826	0.7870241	-0.751869	-0.76018065	-0.77721506	-0.7087102	0.68658316	0.73181945	0.7014473	0.8048348	-0.72852844	-0.7506348	0.6069602	0.71877366	-0.7330864	0.74056584	-0.6595365	-0.71443754	0.72734386	-0.6811723	-0.71269745	0.7565771	-0.7485622	0.723235	0.60473216	-0.6828022	-0.6950105	-0.70791125	-0.76675165	0.67289394	-0.6899851	-0.77548087	0.6329879	0.6701324	-0.7101082	-0.7732545	-0.7192221	-0.7667347	-0.7365145	-0.6714559	0.77997625	-0.5941682	-0.6568111	-0.7830153	-0.7211692	0.6892769	0.7594157	-0.684017	0.7328318	0.7035665	-0.7928655	0.7328144	0.7256264	-0.735823	0.7810013	0.7039507	-0.76128817	-0.6771171	0.6925096	0.72852796	0.6802747	-0.6996277	-0.67331797	0.7079121	0.7479408	-0.74869025	0.7945035	0.7131776	0.73940164	0.77764904	0.78232634	0.7771907	-0.67665845	-0.7293974	0.73489976	0.72552884	-0.79229784	0.48451132	-0.717145	0.81499356	0.7009491	-0.6869853	0.71765447	-0.65893954
-0.49447688	-0.4818168	-0.48249212	0.48856658	-0.47167024	-0.39935675	0.43609148	0.4684102	0.4698411	0.47982717	-0.48724824	-0.44908634	-0.39533818	0.43543297	-0.4154916	-0.5141044	0.44792148	0.44945768	-0.4960399	-0.44546932	-0.5108333	-0.52375925	0.4392355	0.52952886	0.51584136	0.4649871	-0.49258494	-0.5036553	0.41228196	0.4706398	-0.47082677	0.49994332	-0.43609416	-0.44807208	0.49107227	-0.45953453	-0.5049862	0.49700537	-0.4603161	0.518401	0.3996891	-0.43928114	-0.50102526	-0.4803936	-0.47340226	0.50233746	-0.50147945	-0.5062615	0.41216627	0.4532341	-0.4987351	-0.4525767	-0.47043228	-0.5270977	-0.5007851	-0.49430233	0.4813783	-0.49836075	-0.47641355	-0.46088618	-0.5054138	0.50896746	0.47489968	-0.49711114	0.49439955	0.4357285	-0.4729294	0.4608318	0.45126298	-0.5213953	0.45556	0.4801475	-0.4959804	-0.4237289	0.4762714	0.46338123	0.44227087	-0.46357194	-0.43049997	0.44924194	0.4637816	-0.5141822	0.4943735	0.4912084	0.45020196	0.48571724	0.5267508	0.45295703	-0.42107373	-0.5031154	0.49086347	0.45145136	-0.51967114	0.29233286	-0.5324115	0.501973	0.51334876	-0.40983868	0.51195335	-0.4452392
-0.5642152	-0.5037524	-0.52885574	0.5989777	-0.5803643	-0.3844334	0.5898934	0.5378262	0.5025342	0.561435	-0.5289724	-0.5077339	-0.43427607	0.54452074	-0.49960256	-0.516459	0.5437057	0.5879483	-0.5725139	-0.5523492	-0.5095867	-0.60633314	0.49796748	0.5574174	0.52615035	0.55313474	-0.54830915	-0.5836475	0.389213	0.55683374	-0.5854649	0.48918086	-0.47977072	-0.54372984	0.59124476	-0.5380889	-0.5477898	0.59171206	-0.5976547	0.5887402	0.4824569	-0.563628	-0.5517726	-0.55309767	-0.5700445	0.45222053	-0.48316693	-0.5289373	0.429012	0.5089297	-0.5498211	-0.5561937	-0.5187963	-0.5429051	-0.57786465	-0.52413905	0.5723124	-0.40411118	-0.5081892	-0.56301665	-0.568495	0.59773666	0.54693025	-0.53403336	0.5662642	0.5427649	-0.62162554	0.5668942	0.47949463	-0.5866809	0.5840681	0.524292	-0.5381931	-0.5484521	0.5632599	0.57452667	0.5943767	-0.5866385	-0.55231607	0.47549364	0.56407094	-0.5723299	0.53538364	0.57420945	0.57399577	0.56317246	0.59250695	0.5396308	-0.5352824	-0.5103254	0.55636424	0.59518677	-0.56350815	0.34782133	-0.5575466	0.5391736	0.49750456	-0.5745507	0.61974907	-0.46661785
-0.7711863	-0.68057	-0.7585855	0.77580625	-0.7092746	-0.5187474	0.6647137	0.69648945	0.71927905	0.7533184	-0.6821307	-0.74743074	-0.6219213	0.75901717	-0.6245271	-0.68599904	0.7034742	0.69759697	-0.7098523	-0.68634075	-0.71342355	-0.7795525	0.67763484	0.7264846	0.69916534	0.75241405	-0.75813985	-0.7277803	0.628387	0.76315	-0.70142144	0.6995051	-0.6814848	-0.7169084	0.7792774	-0.66068506	-0.6402851	0.7140591	-0.7557525	0.728041	0.5866136	-0.6466392	-0.63109285	-0.751249	-0.69979405	0.68170327	-0.7024905	-0.7654978	0.61139494	0.6621115	-0.7277014	-0.73197174	-0.72327447	-0.6815744	-0.7216009	-0.69521594	0.7034609	-0.6558904	-0.5958716	-0.7553882	-0.7769988	0.71735287	0.76242304	-0.6585056	0.7416951	0.6907903	-0.70913965	0.7704288	0.6968201	-0.7533037	0.7408757	0.70784926	-0.68858117	-0.66134274	0.6839773	0.72864634	0.67833376	-0.71581465	-0.6353876	0.67386866	0.7229637	-0.7414561	0.75047755	0.6860697	0.75226337	0.74392164	0.77885234	0.7886268	-0.65579975	-0.71483314	0.7191903	0.7285915	-0.756931	0.5642459	-0.6907557	0.78558844	0.6796409	-0.6344954	0.7753072	-0.68548256
-0.9058229	-0.9989876	-0.92223287	0.95333564	-0.911081	-0.7822216	0.89862925	0.86111414	1.0269632	0.89143336	-0.8484449	-0.9422545	-0.8937065	0.84201115	-0.8971523	-1.0031652	0.96056354	0.88087815	-0.8622775	-0.9261228	-0.9930246	-0.9532163	0.87475437	0.9718206	0.9517403	0.94789016	-0.9717329	-0.91547626	1.0240391	0.9989059	-0.9638173	0.9420085	-0.87634444	-0.7681701	0.9467047	-0.90631336	-0.73402077	0.99351126	-0.88045913	0.8308853	0.9248021	-0.92430466	-0.89629847	-0.95109165	-0.95140296	0.9032202	-0.797152	-0.96425086	0.92853427	0.8460915	-0.8748093	-0.97538984	-0.8608143	-0.9257187	-0.9445344	-0.9171127	1.0111824	-0.95933855	-0.86664635	-0.95286125	-0.9151904	0.84453374	0.8690806	-0.98998135	0.96824443	1.0371655	-0.906302	0.95843875	0.93420887	-0.9647505	0.9428747	0.9579033	-1.0091612	-0.84199053	0.896787	0.93518674	0.8404711	-1.0003945	-0.78326845	0.7361157	0.9434503	-0.8433115	0.976953	0.84434974	0.812434	0.9605053	0.9616998	1.0157781	-0.84591115	-0.8565121	0.89421636	0.84163874	-0.9740902	0.83685607	-0.9008109	0.9542942	1.0393057	-0.6970373	0.95432	-0.97974586
-0.7800248	-0.80176294	-0.7644767	0.8113789	-0.815551	-0.5918745	0.7942298	0.81568444	0.8218549	0.825205	-0.756194	-0.75241905	-0.7381209	0.84423155	-0.79917276	-0.76302767	0.7754561	0.79709977	-0.7562156	-0.7761894	-0.7681558	-0.84544253	0.81232136	0.77520317	0.82381934	0.80319715	-0.81630355	-0.8025612	0.7758802	0.7548096	-0.8275939	0.8245935	-0.8041337	-0.75905627	0.8089316	-0.7605067	-0.7979363	0.864684	-0.798187	0.83457255	0.7394256	-0.8226556	-0.791077	-0.84216523	-0.87157464	0.7036684	-0.80630994	-0.77603275	0.6825413	0.7600716	-0.8137396	-0.8631711	-0.8587813	-0.8389514	-0.7626258	-0.7779129	0.8259159	-0.7547915	-0.7034276	-0.86045116	-0.7571307	0.8216154	0.84404194	-0.80174905	0.787255	0.8031618	-0.84374315	0.85021335	0.71979415	-0.7971027	0.7877675	0.82250756	-0.8441447	-0.7248398	0.7866628	0.847193	0.7705441	-0.7949007	-0.7837786	0.75650525	0.8712969	-0.8581791	0.81372225	0.787704	0.8041423	0.7928735	0.8555195	0.80959165	-0.79928964	-0.78951406	0.8509689	0.83267105	-0.8224788	0.6600799	-0.8325347	0.8244101	0.7430807	-0.7585768	0.83461183	-0.7432318
-0.79148376	-0.8741862	-0.8457189	0.8973021	-0.79411876	-0.73032755	0.808347	0.7872012	0.8308195	0.8671631	-0.7769576	-0.882952	-0.84382373	0.84301996	-0.8282373	-0.9129654	0.83650386	0.82503474	-0.8344687	-0.89559805	-0.9022642	-0.9068787	0.814752	0.89189863	0.8130518	0.868001	-0.82846195	-0.851846	0.8970731	0.8942721	-0.8398905	0.84356135	-0.8407388	-0.73340183	0.82603264	-0.814041	-0.70838416	0.9053726	-0.8701015	0.82610595	0.8372954	-0.89314336	-0.87762475	-0.8408249	-0.898116	0.82984835	-0.7002377	-0.8239432	0.83994746	0.7697353	-0.7798932	-0.8993062	-0.8128814	-0.84246486	-0.8479262	-0.8257709	0.8403209	-0.8700518	-0.83403283	-0.8600021	-0.8696684	0.8193386	0.8208001	-0.7999833	0.8566343	0.8205798	-0.83146226	0.76559055	0.7981499	-0.87194556	0.7748476	0.82598865	-0.9333262	-0.8486219	0.8538732	0.8315405	0.8140597	-0.8494887	-0.7597947	0.69715804	0.8311953	-0.75506127	0.8473708	0.79885477	0.7678199	0.8681878	0.8699028	0.8157911	-0.85356075	-0.8144061	0.81688434	0.84515196	-0.90125126	0.795022	-0.78847426	0.9065821	0.8698019	-0.73989004	0.895466	-0.8230475
-0.8174732	-0.8899112	-0.8728311	0.81628084	-0.87045294	-0.7406596	0.8148993	0.8101329	0.8778113	0.8180305	-0.8382462	-0.87195665	-0.7519243	0.7979307	-0.84224445	-0.88166714	0.834403	0.80484587	-0.79025865	-0.8194232	-0.8539918	-0.84253454	0.78606427	0.8737516	0.8349913	0.788669	-0.84328717	-0.7727878	0.85490733	0.88894176	-0.8241961	0.8184397	-0.89516765	-0.73146164	0.846579	-0.8127128	-0.735434	0.83030945	-0.7846975	0.74378836	0.7719786	-0.8850932	-0.8024312	-0.83293414	-0.7963793	0.8794184	-0.7278574	-0.7976412	0.8198743	0.8627879	-0.7629524	-0.91990685	-0.75099045	-0.8006153	-0.7827293	-0.8367625	0.8665774	-0.8593046	-0.8258322	-0.8347039	-0.84776956	0.8294155	0.7782977	-0.90329295	0.80200493	0.83425736	-0.78852683	0.7673992	0.87552434	-0.84095573	0.7927044	0.84504586	-0.8592097	-0.87024933	0.83758485	0.72946346	0.80041564	-0.8381807	-0.77910125	0.71007085	0.8487315	-0.73523366	0.80045223	0.79735994	0.7007567	0.7982237	0.8665454	0.8177579	-0.80917567	-0.8369703	0.8252899	0.82363623	-0.87384695	0.6446996	-0.8310791	0.8740285	0.9031037	-0.6650217	0.84264743	-0.84649885
-0.71984535	-0.9855017	-0.89772993	0.9287639	-0.827008	-0.9590858	0.8571392	0.76425815	0.85420144	0.9078633	-0.9791731	-1.0194261	-1.0309021	0.8990511	-0.94724864	-1.0413125	1.0556092	0.8014753	-0.9312584	-1.0014789	-0.9884118	-0.96340364	1.0179911	0.9606429	1.0212022	0.87576026	-0.91512585	-0.856333	1.0461078	1.0354207	-0.9240231	0.9987342	-1.006459	-0.72929317	0.9131759	-0.9834252	-0.7884975	0.8374501	-0.8533342	0.87878925	1.0180517	-0.92199254	-0.9419335	-0.86545575	-0.9703548	0.9645387	-0.82937264	-0.9445075	1.0073752	0.908242	-0.6499512	-0.98336446	-0.82607245	-0.91442704	-1.0088044	-1.0340872	0.9822891	-1.0349358	-0.94920784	-0.79541034	-0.9334933	0.86017716	0.71469694	-0.963137	1.0153284	0.9763181	-0.7082416	0.7348287	1.0274187	-0.976949	0.7974909	1.0312182	-1.0244437	-0.9394947	0.9680616	0.8770646	0.92516655	-0.97075176	-0.8866867	0.7885349	0.77776474	-0.72672725	0.9112073	0.8297936	0.67009914	0.8111493	0.8958063	0.7828558	-0.8655952	-0.9372598	0.9838897	0.95567316	-0.92045677	1.0045934	-0.8886554	0.89218014	0.9678284	-0.7662142	0.9451019	-1.0536777
-0.7183358	-0.791617	-0.7746769	0.78614116	-0.74750644	-0.7986653	0.77703726	0.73268557	0.83905995	0.73783875	-0.7928611	-0.78766763	-0.8188756	0.70724255	-0.7912387	-0.789814	0.83252776	0.7257236	-0.7386	-0.7663403	-0.84297603	-0.78973585	0.78530014	0.80645937	0.77613056	0.8004446	-0.7534042	-0.74427086	0.76597136	0.76872295	-0.7482088	0.8284457	-0.80299884	-0.6777067	0.7548473	-0.8191079	-0.67336404	0.77739	-0.77150905	0.7443886	0.7828584	-0.74420416	-0.7218611	-0.76090634	-0.77173734	0.742588	-0.7017141	-0.78825355	0.79509455	0.7110243	-0.7187758	-0.75405437	-0.7850317	-0.8219461	-0.7658227	-0.8402328	0.7511778	-0.765088	-0.7165638	-0.748682	-0.7631542	0.7219006	0.73800665	-0.8097993	0.7462322	0.79567647	-0.7890379	0.7957276	0.79875237	-0.7627567	0.7467941	0.80138475	-0.75037336	-0.8183445	0.74522495	0.7568923	0.7269939	-0.8131114	-0.73829174	0.66544706	0.74063617	-0.77040607	0.771991	0.7414082	0.7017557	0.75891066	0.7684415	0.80226827	-0.7432993	-0.7947088	0.7685838	0.75614977	-0.76602656	0.7928999	-0.73241675	0.8189936	0.813025	-0.6871672	0.73709434	-0.79717994
-0.62993246	-0.58449274	-0.61742747	0.61353695	-0.5737858	-0.53203267	0.63020754	0.63322794	0.57024324	0.6364361	-0.54177	-0.578142	-0.5911988	0.56984043	-0.6317237	-0.57246244	0.63322896	0.56996155	-0.57612175	-0.574479	-0.6560101	-0.5676507	0.63830864	0.62609607	0.53766024	0.6331795	-0.58090025	-0.5756205	0.5576916	0.6093446	-0.5658565	0.549507	-0.5623149	-0.5749947	0.6099162	-0.5764166	-0.5858235	0.59721076	-0.590816	0.56327623	0.6224259	-0.61680365	-0.58718264	-0.59421813	-0.55286056	0.56347734	-0.5624322	-0.5845862	0.58342004	0.5206154	-0.5613836	-0.65605223	-0.61785764	-0.61683476	-0.61526555	-0.5955424	0.6494024	-0.627116	-0.56403416	-0.6572522	-0.55509394	0.5966465	0.6202061	-0.5800797	0.546583	0.5625237	-0.5734537	0.6523719	0.5942247	-0.5965389	0.64540535	0.56686383	-0.5735864	-0.5766605	0.59752667	0.5292458	0.56942534	-0.63055634	-0.5557208	0.5052476	0.60529244	-0.56927216	0.5594731	0.55967814	0.6288406	0.5661445	0.6037915	0.5705432	-0.59519327	-0.596469	0.6139261	0.56505996	-0.57930994	0.57166916	-0.6034871	0.5695447	0.59234357	-0.5152071	0.60478276	-0.62351745
-0.8204733	-0.8872899	-0.86173826	0.93066996	-0.85395455	-0.72528315	0.7770492	0.7598571	0.9432172	0.86093515	-0.7778771	-0.83550876	-0.8996339	0.7458602	-0.877343	-0.9224308	0.8481593	0.8470013	-0.81580424	-0.8089977	-0.8764017	-0.93669343	0.8632707	0.8591866	0.86073864	0.8508058	-0.959787	-0.7695151	0.8421204	0.9142807	-0.82048535	0.9043604	-0.93159276	-0.7085566	0.89066124	-0.81633586	-0.74385995	0.91174895	-0.77899516	0.83567935	0.88019085	-0.7829746	-0.80835736	-0.8574897	-0.8659935	0.8064486	-0.7234662	-0.85000265	0.8372409	0.74914515	-0.803055	-0.8690767	-0.8298356	-0.89256334	-0.8327347	-0.8799826	0.82864517	-0.7939714	-0.7650283	-0.8680737	-0.8953004	0.82645714	0.75347775	-0.84561133	0.8166353	0.9285715	-0.80603856	0.8722948	0.82880527	-0.8342063	0.82870495	0.81881684	-0.8970174	-0.774956	0.83923167	0.7649653	0.74963397	-0.86582726	-0.7570476	0.6207912	0.8511934	-0.7391314	0.90450263	0.8871985	0.75710243	0.9164261	0.8515416	0.83762985	-0.789137	-0.79027367	0.80099064	0.7570112	-0.88982224	0.8083312	-0.804204	0.8789564	0.91947407	-0.6736853	0.78543144	-0.8127544
-0.8414457	-0.9273513	-0.77507704	0.9076787	-0.82933533	-0.8068104	0.79205364	0.773481	0.87150455	0.8107801	-0.85044295	-0.88605255	-0.9421697	0.8196863	-0.82366747	-0.89121026	0.9148531	0.76780975	-0.8472676	-0.8643112	-0.9365935	-0.8368013	0.87844926	0.8554083	0.883189	0.860201	-0.88960654	-0.8461842	0.93933564	0.8533108	-0.8215081	0.86459565	-0.90906394	-0.730114	0.83992344	-0.8724009	-0.70093346	0.90419704	-0.78794533	0.80268353	0.8622702	-0.86750203	-0.8600583	-0.8046685	-0.85302967	0.8107555	-0.755948	-0.8633796	0.8836597	0.8534138	-0.7841907	-0.83965397	-0.79839087	-0.9053002	-0.8903171	-0.90862316	0.86239976	-0.88905203	-0.796711	-0.8449348	-0.8677315	0.8335411	0.73917073	-0.8493541	0.8150234	0.877528	-0.77670157	0.8057488	0.922857	-0.8525444	0.84254956	0.8780435	-0.9039582	-0.8625159	0.822559	0.7714763	0.75129104	-0.92070884	-0.78711283	0.72832626	0.86860085	-0.7376599	0.911391	0.88274187	0.8272884	0.93731815	0.8851506	0.80580145	-0.84518474	-0.84717315	0.85112536	0.8247737	-0.91256386	0.8738288	-0.8482854	0.8237362	0.8555884	-0.7186069	0.845576	-0.899903
-0.25307447	-0.29117516	-0.2506707	0.3025293	-0.25294212	-0.34552658	0.28956833	0.2728965	0.2708762	0.30736184	-0.34285772	-0.30481344	-0.26307583	0.23093484	-0.27587098	-0.3301154	0.30570027	0.278744	-0.32166246	-0.2849642	-0.29287997	-0.29866236	0.31670734	0.33199778	0.33429313	0.28790766	-0.21684748	-0.2893504	0.2865729	0.26825058	-0.31708375	0.30188635	-0.3085659	-0.2302462	0.28058383	-0.29093876	-0.23565477	0.28702933	-0.30221274	0.33372793	0.26612034	-0.3064196	-0.35580963	-0.28050604	-0.2345006	0.30008522	-0.26813823	-0.27086392	0.32234862	0.3435632	-0.2280139	-0.28305492	-0.22866175	-0.242007	-0.2781169	-0.29525933	0.24306399	-0.31209537	-0.30238554	-0.2845954	-0.30767283	0.25213268	0.27817038	-0.26585937	0.2867465	0.25320995	-0.27868617	0.25203294	0.3424551	-0.3303803	0.23018606	0.27887526	-0.28670785	-0.28749365	0.24213059	0.20380278	0.2340593	-0.32296368	-0.3154401	0.18092807	0.25413343	-0.28005102	0.29202655	0.28722742	0.25629184	0.21818188	0.2459426	0.2217733	-0.20976229	-0.2994038	0.24548748	0.30347043	-0.2329426	0.25579756	-0.26379925	0.23396395	0.2456089	-0.2237983	0.3329836	-0.30355993
-0.89471173	-1.0224051	-0.9363669	1.0042553	-1.0452524	-1.013923	0.90154034	0.8797705	1.0512697	0.8860846	-0.969669	-1.0410696	-1.1028504	0.9432173	-1.0695478	-1.0962014	1.0369508	0.94794613	-1.0140394	-1.0237978	-1.0481653	-0.9468832	1.059758	1.013611	1.0303736	0.9942676	-1.004876	-0.9463176	1.0261579	0.9970608	-0.98662764	1.0026845	-1.074016	-0.85697025	1.0177536	-1.064818	-0.93894213	1.074862	-0.95279056	0.9042247	1.0534353	-0.9606173	-0.98188835	-0.9696319	-0.9490807	1.0469823	-0.8115017	-0.9416189	1.1138371	0.98789835	-0.89872587	-1.0236806	-0.88283175	-1.0391054	-1.062429	-1.0412441	1.0268301	-1.0151277	-0.970992	-0.9773769	-1.0254585	0.9350005	0.9468338	-1.034418	0.8933629	1.086651	-0.9868658	1.0077518	1.0814409	-1.0189552	0.961925	0.9906986	-1.0045723	-1.0175042	0.93227684	0.9604797	0.94377416	-0.99883497	-0.857623	0.8219537	0.9206873	-0.84930295	0.9729876	0.9814796	0.9182305	1.0592691	0.94227904	0.97485113	-0.905214	-0.8876245	0.9455268	1.0033019	-1.0404721	1.1107947	-0.93860775	1.0092659	1.0420148	-0.8438275	0.9617661	-1.0020278
-0.78878343	-0.72532165	-0.7837056	0.74689436	-0.6829966	-0.66046757	0.669691	0.7572254	0.79725575	0.7680091	-0.67127454	-0.7130325	-0.75901234	0.71769494	-0.68597096	-0.7576697	0.77111363	0.7064253	-0.73620445	-0.7752736	-0.7512742	-0.793166	0.71564066	0.70491254	0.74208695	0.7345203	-0.7373257	-0.70787334	0.7593901	0.71497136	-0.72350824	0.7452151	-0.77218264	-0.6606366	0.70977783	-0.75488526	-0.743947	0.7433377	-0.72895485	0.7224635	0.7372203	-0.7390293	-0.74146456	-0.7803273	-0.78195673	0.6800803	-0.70011544	-0.69813544	0.7495127	0.71955603	-0.7630179	-0.79257846	-0.76745313	-0.70791274	-0.7359646	-0.7079522	0.72103107	-0.7375435	-0.7258407	-0.7357125	-0.7671027	0.7502228	0.6985511	-0.7024721	0.75551975	0.8154274	-0.7197449	0.7884805	0.71781296	-0.7936776	0.6976234	0.80442125	-0.7666123	-0.7379802	0.75663316	0.69649935	0.70442194	-0.6892246	-0.62835556	0.6344807	0.7380965	-0.68081546	0.71799594	0.77413404	0.72923183	0.73479354	0.7575895	0.77663314	-0.71313685	-0.6669672	0.7562876	0.7457023	-0.76435363	0.73307574	-0.7175773	0.7644545	0.777406	-0.66796505	0.77796525	-0.69696057
-0.5786427	-0.74996835	-0.7156182	0.67410225	-0.63073874	-0.62997466	0.6762492	0.60225165	0.7257531	0.70832604	-0.7054105	-0.745695	-0.7203605	0.7030512	-0.71263266	-0.66601807	0.71589917	0.6556151	-0.66862077	-0.6811942	-0.6720516	-0.7304284	0.72466063	0.70494497	0.7094609	0.6771711	-0.6581678	-0.6863413	0.71127385	0.66553324	-0.7074146	0.73500574	-0.6405301	-0.66004634	0.7227775	-0.6477871	-0.6052698	0.7080061	-0.6594794	0.59984785	0.6439466	-0.63649225	-0.6904466	-0.6734637	-0.6735781	0.64352596	-0.6538009	-0.6517973	0.7087369	0.673806	-0.5955675	-0.7214156	-0.6525307	-0.6896558	-0.6558315	-0.731747	0.7429192	-0.7222453	-0.7105669	-0.6733333	-0.64890987	0.6638734	0.6048678	-0.73018765	0.65554124	0.6847073	-0.59394085	0.636548	0.6687804	-0.6774008	0.6472289	0.722304	-0.64691716	-0.6905339	0.69858205	0.6680044	0.6558589	-0.73679936	-0.60548925	0.635082	0.62927604	-0.5735233	0.6436219	0.67222214	0.56707263	0.62082684	0.6672481	0.67474777	-0.6716422	-0.66016614	0.6405593	0.71672434	-0.7096911	0.64351386	-0.70299464	0.7245271	0.699125	-0.60965264	0.6347078	-0.71354824
-0.5064817	-0.61422366	-0.6017364	0.5472154	-0.5468836	-0.55241174	0.55135834	0.53112996	0.5649306	0.58517647	-0.6138797	-0.58436704	-0.5397966	0.5709718	-0.56924874	-0.5531147	0.5775554	0.5621313	-0.5862856	-0.5415592	-0.6574362	-0.5682688	0.56011295	0.6348654	0.5897913	0.5639512	-0.6448016	-0.5956194	0.63435525	0.55017215	-0.6052698	0.6043421	-0.58045214	-0.48000455	0.6280194	-0.64119685	-0.5508145	0.59298027	-0.5669689	0.5990798	0.5503018	-0.5796717	-0.57204205	-0.5710974	-0.5611608	0.5768841	-0.5574591	-0.5538845	0.56091243	0.6156073	-0.5034599	-0.60998356	-0.53253794	-0.5551688	-0.63648695	-0.62166256	0.598251	-0.55664164	-0.6042509	-0.58324975	-0.5757596	0.54508734	0.52355695	-0.57911515	0.56825715	0.62478507	-0.58611554	0.5247413	0.59635603	-0.6470561	0.61036706	0.6325742	-0.62352085	-0.55747765	0.6085568	0.5380485	0.56698275	-0.64561844	-0.5871814	0.49771816	0.5996684	-0.53429073	0.55098677	0.61805284	0.5235481	0.55681014	0.5497457	0.55483216	-0.5874147	-0.6085065	0.5823803	0.58831495	-0.58103496	0.4883407	-0.6152996	0.6348976	0.5557797	-0.47651887	0.55700934	-0.5884527
-0.7506472	-0.8169839	-0.7210556	0.8098095	-0.70326245	-0.76384103	0.7049667	0.6736027	0.8283412	0.74534994	-0.73802555	-0.75555474	-0.81780547	0.7082706	-0.7125189	-0.79793596	0.73054874	0.7202405	-0.75957173	-0.7213759	-0.83992386	-0.84774244	0.7393637	0.74223685	0.7909308	0.8010518	-0.8405422	-0.7503306	0.84106696	0.80017775	-0.7309931	0.7757206	-0.8347256	-0.6920546	0.7664701	-0.7599834	-0.62195104	0.76154405	-0.7486247	0.7511215	0.80762124	-0.70394963	-0.796611	-0.7365158	-0.7487409	0.7406189	-0.67510724	-0.75656515	0.8439719	0.67675734	-0.7117488	-0.7736494	-0.7261585	-0.7417958	-0.8062021	-0.8436642	0.74139535	-0.8381906	-0.72314703	-0.8070405	-0.8402398	0.69493854	0.73427004	-0.81901395	0.7347266	0.77940106	-0.70303345	0.79155385	0.8007999	-0.7335882	0.74813575	0.844945	-0.805375	-0.7708286	0.7411871	0.7423924	0.7100443	-0.84779465	-0.6847133	0.6276127	0.7792071	-0.70479643	0.7931436	0.7487364	0.660749	0.8471892	0.7595858	0.8006933	-0.67210674	-0.6771887	0.69900864	0.69406027	-0.8360628	0.79178274	-0.70212215	0.7868974	0.83647776	-0.6145286	0.7322947	-0.8221103
-0.77227384	-0.7292549	-0.7518788	0.78605485	-0.74239546	-0.74926907	0.74429095	0.67019916	0.7692447	0.78429604	-0.7367427	-0.7347266	-0.7558758	0.7280452	-0.7566418	-0.7548918	0.69768566	0.73576796	-0.7197393	-0.70342827	-0.74893934	-0.7064827	0.7541972	0.7741692	0.70521414	0.7047567	-0.74833435	-0.7750073	0.76597494	0.7198834	-0.7886581	0.7830626	-0.7867398	-0.63325	0.71174747	-0.7431113	-0.63093203	0.75256795	-0.6784299	0.76318514	0.75951767	-0.77008975	-0.7128524	-0.7464844	-0.7178452	0.7582426	-0.66547716	-0.6928783	0.7137816	0.7168674	-0.74827105	-0.74296653	-0.75368947	-0.67740536	-0.7935429	-0.80246365	0.7534837	-0.71008635	-0.78327215	-0.7402778	-0.7874382	0.69430286	0.7344537	-0.7495473	0.7917815	0.7333598	-0.732351	0.74897665	0.7555712	-0.7930481	0.74020845	0.7148084	-0.7845858	-0.7829086	0.7116678	0.76289463	0.7846309	-0.7540402	-0.7196656	0.6944152	0.7290345	-0.7384017	0.70615953	0.70607275	0.6541876	0.7650104	0.79718685	0.7715612	-0.6929299	-0.7079613	0.712821	0.694321	-0.7101225	0.7925629	-0.7874783	0.70562947	0.71548396	-0.6337646	0.75488615	-0.7618433
-0.6480735	-0.7341242	-0.65952975	0.7660252	-0.6968835	-0.8038932	0.64992917	0.61970514	0.7534745	0.70888746	-0.77317786	-0.75120026	-0.7810125	0.7045462	-0.8040605	-0.81376547	0.8126379	0.6361043	-0.7211349	-0.7155436	-0.76165915	-0.7246483	0.8007519	0.7397035	0.8045285	0.7405379	-0.7316995	-0.67654467	0.78626406	0.78115386	-0.6944766	0.80183387	-0.8114928	-0.6254644	0.7091926	-0.78883433	-0.6375796	0.6648116	-0.71759254	0.6403822	0.8237745	-0.75035834	-0.8081576	-0.77646554	-0.77699745	0.75030047	-0.62667704	-0.7426215	0.79498476	0.7281819	-0.6205832	-0.78851926	-0.6510068	-0.80790544	-0.77822554	-0.783009	0.7257326	-0.75670034	-0.7762442	-0.65053374	-0.7264926	0.71083814	0.5824938	-0.77806604	0.7470086	0.83424646	-0.6533793	0.69586885	0.8011879	-0.81658053	0.7114535	0.8015984	-0.7107269	-0.73570055	0.71712893	0.7178793	0.7526633	-0.7702949	-0.7018435	0.52747923	0.62883323	-0.56400275	0.71025676	0.733147	0.5353662	0.6899901	0.7795318	0.682825	-0.669076	-0.74583346	0.7557652	0.7589326	-0.7803604	0.779386	-0.6851603	0.7227841	0.7933674	-0.50342065	0.70060194	-0.8032813
-0.7670045	-0.7713833	-0.78719974	0.7495591	-0.7723424	-0.76852864	0.8046371	0.7941781	0.78451604	0.8179228	-0.8125955	-0.7719596	-0.7837848	0.75260305	-0.76198286	-0.7479394	0.792403	0.776174	-0.7613973	-0.77403384	-0.7680932	-0.77052873	0.7739661	0.7667961	0.82020146	0.7434463	-0.75207376	-0.79999954	0.8225269	0.8005093	-0.7856746	0.7982641	-0.80142206	-0.76126605	0.7754753	-0.7310363	-0.7731551	0.80259484	-0.78283626	0.7729848	0.7819666	-0.8018529	-0.82174253	-0.80913025	-0.78119475	0.77182436	-0.7536008	-0.83720255	0.81248343	0.80178255	-0.7835185	-0.76766413	-0.83218974	-0.81747603	-0.8041506	-0.8401754	0.7900113	-0.7473588	-0.7444926	-0.8050797	-0.81983966	0.7808401	0.7345978	-0.7509855	0.82343465	0.79854375	-0.80637413	0.7947206	0.7833631	-0.78527963	0.7481054	0.77069145	-0.82876766	-0.7335883	0.7686478	0.7581287	0.80479836	-0.75831085	-0.7148847	0.72501117	0.8146595	-0.81713164	0.8320067	0.75221896	0.7817368	0.7724806	0.7886514	0.82386893	-0.76978546	-0.73519486	0.75473017	0.8176055	-0.76029354	0.7914273	-0.7729441	0.8210403	0.75739264	-0.7645981	0.8104585	-0.77086806
-0.8061182	-0.85965437	-0.77167773	0.86646354	-0.83015406	-0.76987946	0.7696453	0.8205469	0.8268113	0.8450683	-0.74787927	-0.8582494	-0.8262314	0.77151	-0.81548196	-0.82625645	0.77239203	0.84088326	-0.76027066	-0.7856939	-0.8699525	-0.88319975	0.7616137	0.8023074	0.81631094	0.79116905	-0.81374204	-0.8318916	0.8566329	0.8147859	-0.7959039	0.8748888	-0.8447559	-0.7434238	0.82787573	-0.774552	-0.7010119	0.83325475	-0.77566016	0.7557102	0.8582038	-0.8065195	-0.7769842	-0.8629036	-0.7692772	0.8046422	-0.71621233	-0.80258363	0.76688087	0.7924766	-0.7401427	-0.80652404	-0.82116514	-0.8419704	-0.792132	-0.7882895	0.84501487	-0.7974981	-0.741187	-0.81894815	-0.84035754	0.82962435	0.8263682	-0.8690732	0.80828357	0.81819683	-0.8117541	0.7640745	0.8700188	-0.8006755	0.80418897	0.7956241	-0.80080885	-0.793938	0.8181666	0.737982	0.7598257	-0.8258214	-0.7199883	0.65081155	0.79816103	-0.7723634	0.8573565	0.82571936	0.8110278	0.850729	0.782064	0.80782616	-0.79151666	-0.8074497	0.7995146	0.7564792	-0.88744336	0.85364634	-0.7976895	0.8090788	0.87742025	-0.70206684	0.8556526	-0.8769919
-0.8163815	-0.7832786	-0.77539533	0.8595124	-0.8180249	-0.6741002	0.79108113	0.78326494	0.8164225	0.7518592	-0.7418534	-0.7891391	-0.78717977	0.7713922	-0.837492	-0.777002	0.7848071	0.8040892	-0.7972428	-0.8260515	-0.84910154	-0.8158747	0.77469146	0.7994441	0.8010909	0.82375175	-0.8661683	-0.8402032	0.79729664	0.78985566	-0.85510993	0.82510835	-0.77945364	-0.7591064	0.8463078	-0.79792994	-0.7448368	0.7797887	-0.84586954	0.7737359	0.7694599	-0.7987321	-0.75992	-0.8372413	-0.79100114	0.80985755	-0.78427804	-0.823572	0.8296915	0.7791011	-0.8194997	-0.77818143	-0.81908315	-0.7717225	-0.7756346	-0.8026702	0.8484723	-0.7804268	-0.74999064	-0.85778713	-0.8397593	0.7871625	0.85590714	-0.8136743	0.82687795	0.8596302	-0.84555435	0.79845315	0.7869556	-0.78608316	0.8428855	0.8273753	-0.80732787	-0.80263263	0.8467953	0.79866165	0.77900684	-0.8025397	-0.77760696	0.6980225	0.8492278	-0.7632884	0.829965	0.76898134	0.8182601	0.78572	0.82676315	0.8270498	-0.7259803	-0.7362249	0.8150628	0.83987725	-0.87336063	0.7749696	-0.8510297	0.8490601	0.8255242	-0.7039384	0.77595645	-0.7509483
-0.7365612	-0.78237677	-0.7269409	0.782547	-0.76082444	-0.7022281	0.71377033	0.71426725	0.7668895	0.7650476	-0.7502289	-0.77615714	-0.76212114	0.7106389	-0.7655121	-0.763586	0.73395944	0.7151078	-0.7541668	-0.7680579	-0.7111603	-0.6739963	0.8083919	0.7079308	0.74328315	0.80678624	-0.6769782	-0.70522344	0.7535763	0.76015615	-0.76174563	0.7673202	-0.71754396	-0.6595817	0.7602267	-0.70561916	-0.62806976	0.712988	-0.7564917	0.76562303	0.77233905	-0.69658554	-0.7032511	-0.700474	-0.7167387	0.70504636	-0.63841474	-0.7513203	0.68939644	0.7688268	-0.7091265	-0.69357663	-0.6890351	-0.69285506	-0.7907233	-0.7200192	0.7560861	-0.75177145	-0.7529705	-0.69872814	-0.76313037	0.7063897	0.7457788	-0.6882386	0.7617461	0.71792763	-0.73370314	0.7662439	0.76774675	-0.7322543	0.774021	0.7716693	-0.7726225	-0.7501175	0.7369	0.69684434	0.6691561	-0.73131555	-0.6680971	0.6590563	0.7497244	-0.6353956	0.7616985	0.73235315	0.75033265	0.8039607	0.76210606	0.74166894	-0.72579867	-0.7079447	0.7515949	0.7581734	-0.78990763	0.6883159	-0.661077	0.75706613	0.70689654	-0.68630916	0.78106385	-0.69669396
-0.72504365	-0.80070347	-0.8266175	0.792827	-0.8155179	-0.79550624	0.8021464	0.78370357	0.83491683	0.83858687	-0.7969829	-0.8395084	-0.89861476	0.75474674	-0.8689969	-0.87859416	0.8271423	0.7729201	-0.83304733	-0.8103688	-0.9003912	-0.8152416	0.8678899	0.8524956	0.87999964	0.77721316	-0.76286393	-0.8025841	0.86066234	0.8420002	-0.7786929	0.8232417	-0.86746305	-0.69762653	0.8241269	-0.8541839	-0.6552004	0.8080415	-0.83049655	0.7947557	0.8586287	-0.83320284	-0.8328548	-0.85891205	-0.7860761	0.90242493	-0.7774961	-0.80043304	0.8931487	0.8692682	-0.74953645	-0.831028	-0.82538354	-0.79575485	-0.88987756	-0.8288993	0.8677381	-0.9033675	-0.7931601	-0.80134654	-0.8717679	0.77286744	0.7957467	-0.8505935	0.76950514	0.87281334	-0.78668094	0.8035794	0.8830004	-0.8553983	0.77775073	0.811551	-0.7993712	-0.83464	0.7965477	0.7734274	0.7804705	-0.85745233	-0.7678749	0.70628005	0.75817347	-0.7611315	0.7627104	0.78852	0.7092367	0.81803	0.8783627	0.7767578	-0.80972975	-0.7619917	0.854163	0.73763984	-0.80629694	0.8480054	-0.80139446	0.8327842	0.87843955	-0.6510134	0.8521054	-0.8845457
-0.6663121	-0.87801456	-0.81128216	0.83326644	-0.78118813	-0.815562	0.79304117	0.753076	0.8129707	0.88203794	-0.8244064	-0.84582984	-0.9222649	0.74449366	-0.91871554	-0.9122072	0.8815456	0.7161001	-0.87834334	-0.8102471	-0.90568393	-0.85086644	0.8575728	0.8338067	0.82026964	0.8198181	-0.81358546	-0.80456746	0.8530078	0.83364964	-0.8243125	0.866886	-0.83068055	-0.6815398	0.8437227	-0.8669213	-0.6306971	0.81881636	-0.78224397	0.7717189	0.84932125	-0.8778696	-0.925569	-0.87985104	-0.7940274	0.8338558	-0.7870402	-0.7860088	0.87831837	0.81995934	-0.6516428	-0.90814	-0.70490235	-0.8139505	-0.8376199	-0.8302163	0.8615773	-0.8506965	-0.87227964	-0.74651295	-0.897575	0.77753097	0.7594978	-0.92332596	0.8885532	0.8414321	-0.6690407	0.7454712	0.9297278	-0.8420313	0.84415364	0.90170074	-0.8463586	-0.8304467	0.8287601	0.8612605	0.79762685	-0.85537726	-0.7721138	0.6150402	0.7000581	-0.6103537	0.8721171	0.7440299	0.65024394	0.7331392	0.8629844	0.78572595	-0.8206875	-0.81761867	0.8161373	0.86210746	-0.7954464	0.8974475	-0.7916872	0.7871977	0.8946738	-0.6102184	0.8554756	-0.9242799
-0.66852736	-0.7813803	-0.7648011	0.7990812	-0.801954	-0.751278	0.7432572	0.67385817	0.7802294	0.78072447	-0.77187806	-0.8655124	-0.8578495	0.8180593	-0.77538794	-0.8887389	0.8572768	0.7241209	-0.81599057	-0.78342706	-0.8529545	-0.790271	0.8281439	0.8462641	0.85609144	0.75129807	-0.8095738	-0.752824	0.8184242	0.78727365	-0.76844203	0.8136874	-0.7708577	-0.7312528	0.71975946	-0.7936205	-0.67298055	0.73414886	-0.7289042	0.7224264	0.8903954	-0.79029006	-0.78169143	-0.76968026	-0.7931289	0.84427726	-0.7574982	-0.75759125	0.80715466	0.76025265	-0.6546844	-0.77648014	-0.72601163	-0.75718755	-0.8354663	-0.8482188	0.84326977	-0.86904657	-0.81510085	-0.6689591	-0.7576144	0.8001257	0.70552135	-0.81693393	0.84259707	0.838009	-0.7482619	0.65973604	0.8078095	-0.7961632	0.7586747	0.80983794	-0.8117809	-0.8393247	0.76732314	0.83922666	0.7973766	-0.79458874	-0.7036893	0.66199154	0.69217265	-0.68015	0.7706904	0.7642138	0.67942065	0.6973932	0.8612089	0.6859799	-0.7347941	-0.7377853	0.7609808	0.83161116	-0.77293825	0.8681243	-0.77424854	0.7716132	0.8270495	-0.6920514	0.7631911	-0.8241887
-0.9514169	-0.8642778	-0.8899304	0.9190719	-0.87095565	-0.8497367	0.8397551	0.79120016	0.9369035	0.8478967	-0.85366136	-0.95891863	-0.9123087	0.8267398	-0.8693832	-0.92552537	0.9247908	0.8680445	-0.84628946	-0.9097549	-0.9441065	-0.96442723	0.85597086	0.92354935	0.8902964	0.8954648	-0.9551656	-0.85772955	0.92122346	0.9253463	-0.9288224	0.87965685	-0.91441375	-0.76090944	0.92265874	-0.90017664	-0.74893606	0.9178514	-0.8439517	0.8814929	0.95388514	-0.8093236	-0.8198159	-0.8339438	-0.89327824	0.864599	-0.74112535	-0.87325597	0.9095992	0.8713712	-0.779711	-0.95926154	-0.8923599	-0.8567551	-0.8857583	-0.9441113	0.9044921	-0.9340552	-0.8375219	-0.91428053	-0.8396095	0.849736	0.8189771	-0.8522579	0.9428131	0.9269913	-0.8777927	0.9253731	0.9725263	-0.92797077	0.8511529	0.89035547	-0.8536887	-0.8912939	0.91865313	0.85065335	0.8100616	-0.9527802	-0.69767785	0.6595908	0.8356176	-0.8358783	0.91528934	0.89443195	0.8137245	0.9251531	0.9415326	0.91084146	-0.7684274	-0.8054332	0.87265587	0.88774055	-0.9413242	0.9321256	-0.9049486	0.9180289	0.90828985	-0.7157038	0.83239853	-0.8937216
-0.61986774	-0.6776081	-0.6441012	0.6993279	-0.70987207	-0.7000064	0.6695381	0.588811	0.6415102	0.70641285	-0.6525216	-0.68396014	-0.69241107	0.64675283	-0.6839304	-0.7498665	0.6643694	0.6149909	-0.6527269	-0.72165626	-0.717492	-0.6364186	0.6830091	0.7157308	0.6945423	0.6286328	-0.6531336	-0.6377334	0.7226132	0.7126972	-0.7069294	0.73684675	-0.7211	-0.50913286	0.6983001	-0.72516745	-0.56788385	0.66709185	-0.70455766	0.65758276	0.70491624	-0.6902594	-0.7025228	-0.64359605	-0.64801025	0.6919026	-0.579714	-0.67694604	0.71503	0.68861794	-0.5454783	-0.752956	-0.6324508	-0.6816017	-0.73392653	-0.72590816	0.72257864	-0.7054375	-0.72657824	-0.662683	-0.6621158	0.6475533	0.6077385	-0.6770411	0.6457746	0.7158978	-0.63702303	0.6551736	0.6727555	-0.65637594	0.62541443	0.66272503	-0.6467358	-0.6896181	0.64963084	0.6228323	0.6735116	-0.7235566	-0.5720069	0.5796941	0.5865472	-0.5717948	0.7040098	0.64465094	0.54451287	0.6416473	0.7076471	0.6383096	-0.68943065	-0.6953559	0.69543475	0.7174787	-0.70828867	0.67875624	-0.69574445	0.6436609	0.67779225	-0.606359	0.65318614	-0.74418145
-0.46616167	-0.5099389	-0.49811554	0.5591311	-0.5353679	-0.5915442	0.55232245	0.5130736	0.48708615	0.5119871	-0.5825251	-0.5833732	-0.53554195	0.5440016	-0.5369539	-0.53176975	0.527146	0.51312476	-0.5125446	-0.5545565	-0.5450996	-0.5226318	0.5798627	0.5538149	0.51558983	0.54423517	-0.4897268	-0.5629004	0.57040983	0.5417819	-0.54964405	0.5243886	-0.5265451	-0.5066408	0.5193304	-0.5560424	-0.52930343	0.53632224	-0.51655114	0.5044656	0.5199369	-0.5374723	-0.5348826	-0.5233215	-0.5231504	0.59554994	-0.54581934	-0.50868523	0.5173512	0.5983333	-0.5204077	-0.5277785	-0.5096708	-0.5058934	-0.55795586	-0.5778799	0.52129257	-0.52264434	-0.5809279	-0.50689256	-0.5770715	0.49245337	0.486709	-0.5204485	0.5589664	0.5455449	-0.45792133	0.46900663	0.5158502	-0.5564489	0.5570486	0.50338006	-0.5839801	-0.59185755	0.5341724	0.5534518	0.501017	-0.5691507	-0.51321805	0.5178225	0.4740981	-0.49081507	0.5459145	0.51907	0.4424631	0.4409779	0.50792885	0.4590122	-0.56984776	-0.59659016	0.5145908	0.56217366	-0.5303977	0.58998543	-0.57984227	0.4653421	0.5159149	-0.5036303	0.5039229	-0.5863406
-0.73022765	-0.85192925	-0.80043525	0.81665534	-0.85093945	-0.78380615	0.7650902	0.73771966	0.88625884	0.8133872	-0.80829686	-0.8757382	-0.80666375	0.81272876	-0.8603821	-0.9035869	0.852391	0.7822979	-0.8215323	-0.8446997	-0.8705628	-0.862294	0.8804312	0.8169998	0.8404762	0.87469417	-0.7950127	-0.76573235	0.8815096	0.8461191	-0.8596893	0.82574445	-0.8899663	-0.69533193	0.8412408	-0.82161534	-0.75095356	0.86145204	-0.7751656	0.83001876	0.84183335	-0.8372662	-0.82288486	-0.80397654	-0.8467623	0.7882305	-0.7946238	-0.8342832	0.8561337	0.7908377	-0.76152086	-0.8118621	-0.75399166	-0.7965404	-0.87035775	-0.84629416	0.8639876	-0.8253958	-0.84437835	-0.765318	-0.8507819	0.8151973	0.8150218	-0.87342554	0.8017926	0.8638636	-0.74472356	0.8387305	0.84155995	-0.8745103	0.7715052	0.81064355	-0.8372774	-0.8444533	0.85605025	0.7560184	0.77920485	-0.83133215	-0.7361071	0.7145311	0.8289142	-0.6873537	0.84551626	0.77293754	0.6905752	0.77781415	0.88013226	0.79886544	-0.80805624	-0.78409666	0.8649524	0.8646342	-0.79990435	0.86000055	-0.8733276	0.8735338	0.8843303	-0.68467206	0.87271416	-0.85758936
-0.61140966	-0.6604702	-0.65999633	0.69520545	-0.69737756	-0.72271806	0.6670704	0.6246247	0.6185055	0.68484014	-0.66996616	-0.71962565	-0.67112446	0.66183764	-0.6929582	-0.6810064	0.72143126	0.65837824	-0.64230853	-0.68187326	-0.6578905	-0.6517653	0.70336014	0.71255946	0.69647425	0.6848751	-0.6665245	-0.618271	0.66763407	0.6887818	-0.64156324	0.69147563	-0.69884205	-0.5608689	0.6308926	-0.6596355	-0.5757064	0.6327186	-0.6121341	0.58602804	0.7469989	-0.64616024	-0.70936555	-0.6794728	-0.6353804	0.68820435	-0.59723645	-0.65371597	0.67505234	0.64873785	-0.52997005	-0.6563392	-0.6092166	-0.7088997	-0.6537759	-0.6841017	0.69075906	-0.6855983	-0.676338	-0.65479016	-0.7002856	0.6043033	0.63000226	-0.6968806	0.65349644	0.65919703	-0.6061127	0.634625	0.67344004	-0.73732424	0.5996916	0.73042697	-0.72434276	-0.6421242	0.666815	0.6311042	0.6871962	-0.65190125	-0.62291914	0.61905175	0.5583779	-0.58782876	0.6949448	0.6487356	0.5600993	0.6277714	0.66170466	0.6225691	-0.6547146	-0.68762934	0.665304	0.65336704	-0.6198535	0.7248367	-0.6249128	0.5999373	0.694436	-0.59295404	0.6722591	-0.73629636
-0.64364564	-0.7070943	-0.7517098	0.7536181	-0.6928588	-0.6854257	0.677056	0.706945	0.73359734	0.6919683	-0.68131006	-0.7150696	-0.6973005	0.74015945	-0.755553	-0.7098339	0.7426461	0.70277447	-0.75887495	-0.71447366	-0.737321	-0.74916863	0.6898024	0.77387214	0.77428436	0.6838871	-0.74311763	-0.7361251	0.7703022	0.73052025	-0.6651704	0.68848	-0.7207387	-0.67922723	0.73725945	-0.73464966	-0.703735	0.69376117	-0.7118047	0.7179761	0.75083745	-0.67570865	-0.7780413	-0.71266174	-0.73230666	0.6872724	-0.67359865	-0.7527378	0.7781755	0.745109	-0.6737889	-0.79221267	-0.6842129	-0.7046627	-0.77121395	-0.74992424	0.6798881	-0.75160015	-0.68140453	-0.6858207	-0.72409993	0.71853936	0.6860553	-0.73692036	0.7055147	0.7793499	-0.683004	0.714925	0.76481646	-0.72219014	0.6959866	0.778202	-0.7663148	-0.71730095	0.76435965	0.7429786	0.73261327	-0.6890646	-0.6641963	0.6270111	0.6793933	-0.6426575	0.7323434	0.7077245	0.6637713	0.730328	0.6951216	0.6760579	-0.7054203	-0.7494729	0.6942738	0.70038825	-0.74145925	0.76204604	-0.676212	0.6963917	0.78410405	-0.67206377	0.76835996	-0.78885967
-0.6335092	-0.6236456	-0.6006975	0.6382702	-0.6493779	-0.51359826	0.56727725	0.62769264	0.6095852	0.62852573	-0.62590027	-0.6367229	-0.6324424	0.6227238	-0.63881516	-0.6206416	0.65877146	0.6325505	-0.6402581	-0.64990145	-0.6575833	-0.6596831	0.592118	0.642135	0.61167735	0.6385852	-0.57456577	-0.60714674	0.5582838	0.63441944	-0.6242514	0.6105529	-0.6529667	-0.6315035	0.5925398	-0.6532065	-0.6144053	0.6210347	-0.59086627	0.6523393	0.6409773	-0.56411254	-0.63727957	-0.60832894	-0.6114325	0.5311692	-0.6068539	-0.6058499	0.5950236	0.6224943	-0.5794587	-0.53706586	-0.584574	-0.59322864	-0.5811142	-0.62994206	0.58540976	-0.57355255	-0.64007694	-0.59637266	-0.69204485	0.6503384	0.6710625	-0.5767409	0.6004952	0.6064181	-0.61542517	0.60008633	0.62515056	-0.59583646	0.62721676	0.6252179	-0.65635747	-0.6470813	0.58827025	0.567369	0.5933833	-0.6616583	-0.5720967	0.6141077	0.6483931	-0.6144593	0.64377207	0.6521789	0.6622458	0.58444405	0.6277226	0.55374813	-0.5768949	-0.51568645	0.5938494	0.67508733	-0.6408667	0.56505585	-0.67196554	0.6729726	0.58409184	-0.6215493	0.6060127	-0.55152375
-0.7153603	-0.68061346	-0.71711004	0.6815107	-0.6933014	-0.6385797	0.700884	0.67246866	0.6829097	0.6660418	-0.76524466	-0.76850635	-0.70689416	0.6505657	-0.7173411	-0.74635184	0.76142406	0.6407411	-0.69777095	-0.68301874	-0.6914531	-0.6769027	0.7434386	0.73061514	0.77026093	0.70419633	-0.7095481	-0.69214076	0.7131248	0.6964229	-0.66887355	0.73528665	-0.7001895	-0.62956315	0.6847449	-0.72729933	-0.657204	0.7100022	-0.730541	0.6425918	0.7107355	-0.7004353	-0.765485	-0.7318882	-0.6776876	0.7405557	-0.6795745	-0.6888125	0.67656237	0.7275825	-0.6738453	-0.69370997	-0.6967534	-0.68649226	-0.7677403	-0.7526633	0.73419696	-0.71162903	-0.6742005	-0.74492335	-0.7379373	0.71342343	0.6781867	-0.72221035	0.6867856	0.6796987	-0.6368736	0.73232216	0.685576	-0.7342307	0.7231279	0.7637541	-0.68286633	-0.7301081	0.7391987	0.6795218	0.75007707	-0.70481324	-0.73452884	0.65425414	0.6679658	-0.6933166	0.75134206	0.68576616	0.6100026	0.7134247	0.7453792	0.6847899	-0.6954526	-0.6762828	0.717725	0.6924194	-0.74393946	0.6360929	-0.705904	0.7562539	0.75004864	-0.5936767	0.72633725	-0.76662755
-0.54533035	-0.6099195	-0.6364881	0.60842633	-0.642968	-0.5126082	0.58768207	0.61841846	0.6025684	0.5826627	-0.54430455	-0.58359313	-0.5374928	0.63626194	-0.51038265	-0.6061005	0.6190712	0.65860283	-0.5745908	-0.64887357	-0.5608732	-0.61638844	0.57217556	0.6127336	0.5515035	0.66659695	-0.6435832	-0.59007174	0.54990244	0.6447127	-0.63779855	0.58376145	-0.6334245	-0.5591098	0.6341607	-0.5647197	-0.5932324	0.59803426	-0.61015475	0.5480935	0.54495597	-0.6021712	-0.62912804	-0.5376416	-0.55536026	0.5423882	-0.62724215	-0.5972409	0.5979832	0.5701653	-0.57620347	-0.5967898	-0.6182225	-0.6045204	-0.60220295	-0.62309134	0.5676558	-0.5298413	-0.5183745	-0.6681564	-0.61118805	0.56660473	0.57430893	-0.54678726	0.6103237	0.6224239	-0.58438283	0.5727616	0.57785755	-0.6303599	0.5905896	0.61786944	-0.5773458	-0.56672823	0.6128274	0.5253911	0.55274487	-0.6193583	-0.5732488	0.5173922	0.597977	-0.5959185	0.61433154	0.56486696	0.638848	0.6559827	0.60467833	0.616086	-0.5608051	-0.59742355	0.6465703	0.57422864	-0.6305206	0.5249001	-0.6003454	0.6352895	0.5955189	-0.5046568	0.63392574	-0.5926195
-0.51723164	-0.5319845	-0.49660766	0.54097766	-0.5032892	-0.51695496	0.51405215	0.5163825	0.5464509	0.5079836	-0.53783876	-0.5408499	-0.52976817	0.49260256	-0.53909326	-0.56398815	0.55181617	0.51333296	-0.53273654	-0.5496471	-0.47545463	-0.5151081	0.48668927	0.5597693	0.5635885	0.5551966	-0.47201645	-0.53913295	0.487039	0.47925448	-0.5200304	0.54418063	-0.55949426	-0.51807564	0.4696025	-0.49299487	-0.45754796	0.46090776	-0.4605586	0.53278285	0.5393919	-0.50310886	-0.54583806	-0.47877142	-0.47009048	0.4906131	-0.5231778	-0.48064533	0.4837606	0.4895073	-0.51182985	-0.51376444	-0.5045821	-0.4941205	-0.5094914	-0.46323386	0.4772107	-0.47056624	-0.50743306	-0.48258647	-0.53625786	0.47927737	0.5302285	-0.50472355	0.5444321	0.4693886	-0.5363004	0.48503524	0.52215207	-0.50051254	0.5148587	0.4793711	-0.56231415	-0.50103873	0.49249148	0.46520385	0.49516296	-0.5462523	-0.5321034	0.45781338	0.46743733	-0.5257164	0.4835814	0.5162412	0.47435457	0.51360154	0.5550888	0.49860722	-0.5360694	-0.51549536	0.5119247	0.5516751	-0.47169182	0.45960778	-0.48776573	0.5048023	0.50545466	-0.45212305	0.5093188	-0.4857113
-0.6900851	-0.6683565	-0.6980568	0.68984985	-0.731168	-0.6806651	0.6522973	0.69755244	0.7897598	0.69983095	-0.70524085	-0.77406764	-0.7593299	0.73750323	-0.70993215	-0.70961076	0.66136795	0.6779306	-0.69635385	-0.6849397	-0.7484918	-0.7135093	0.74077576	0.7217223	0.6683204	0.6837511	-0.6810642	-0.7218073	0.7246645	0.676659	-0.76229167	0.67566687	-0.75200284	-0.67292273	0.6842505	-0.6809051	-0.6495513	0.7189473	-0.7541377	0.72623765	0.70200324	-0.72025204	-0.67745966	-0.749325	-0.73877037	0.73975414	-0.5743179	-0.7150786	0.74973	0.65751445	-0.6307214	-0.7573493	-0.6358701	-0.70676464	-0.683991	-0.75496763	0.68373835	-0.72222775	-0.6799279	-0.749802	-0.68554986	0.73161596	0.7221666	-0.766373	0.73612326	0.76964283	-0.70115596	0.67766744	0.73053694	-0.70195997	0.7033752	0.72454476	-0.70857614	-0.6424374	0.6571235	0.7442162	0.67350894	-0.7332467	-0.62597317	0.59113425	0.75281954	-0.66068745	0.7483596	0.69698924	0.68995285	0.75715655	0.76128966	0.71975875	-0.71404064	-0.7067831	0.7410907	0.69818246	-0.7631851	0.7064646	-0.76013404	0.75296	0.6779755	-0.63392127	0.66774625	-0.73518926
-0.58788747	-0.73069453	-0.67587626	0.68938804	-0.64650244	-0.5722379	0.6324473	0.58182335	0.68905395	0.7215047	-0.6733104	-0.70976955	-0.69753563	0.6105094	-0.6478403	-0.7184961	0.70344967	0.60942477	-0.65549004	-0.7333623	-0.67352647	-0.63975066	0.6658752	0.6472214	0.71676016	0.68891037	-0.669297	-0.65559417	0.6981826	0.65854704	-0.69866276	0.7092849	-0.6896841	-0.61593574	0.68954116	-0.69465923	-0.61357915	0.63781977	-0.6906929	0.6946406	0.6677622	-0.6512598	-0.6639091	-0.6420916	-0.64486545	0.657838	-0.605856	-0.694071	0.6106024	0.6555263	-0.63086796	-0.688035	-0.6009338	-0.6960702	-0.6806596	-0.67713636	0.6593932	-0.6517061	-0.6407092	-0.6203993	-0.67390734	0.66914	0.62228805	-0.6549869	0.71655416	0.6863087	-0.657388	0.6828079	0.64702994	-0.7362737	0.65431863	0.72232354	-0.6592842	-0.6461038	0.63118815	0.6327431	0.6158387	-0.6926654	-0.64006346	0.52113444	0.68322694	-0.6465732	0.71485966	0.6558682	0.59198076	0.6346784	0.72973824	0.61450046	-0.6372774	-0.658656	0.69834065	0.6096137	-0.6995676	0.55552584	-0.7043046	0.7075374	0.696554	-0.60987514	0.6719856	-0.7043573
-0.6139629	-0.6710756	-0.6989486	0.66124463	-0.63536006	-0.6523995	0.66670996	0.69035906	0.66332686	0.66749144	-0.67311597	-0.6806337	-0.70890594	0.6913797	-0.6973469	-0.6423405	0.67480326	0.64853185	-0.7196862	-0.70528716	-0.6621332	-0.64380795	0.7493729	0.7225544	0.69042003	0.7366584	-0.72059333	-0.6506591	0.6467351	0.72023433	-0.68809104	0.7106656	-0.64910567	-0.6130377	0.70230824	-0.7109057	-0.60807127	0.7148767	-0.64400715	0.67101765	0.63701355	-0.69482636	-0.65201163	-0.6333368	-0.65997136	0.6757322	-0.6750807	-0.651457	0.6876185	0.712452	-0.6495287	-0.73171014	-0.6269967	-0.6979942	-0.7081011	-0.7452154	0.6672317	-0.63633883	-0.6167756	-0.69270533	-0.6909209	0.6291284	0.63297415	-0.6730455	0.69826466	0.64662987	-0.6982582	0.70500743	0.7293715	-0.7244163	0.6981415	0.7130734	-0.6541859	-0.65217704	0.68611723	0.638397	0.6540907	-0.6709089	-0.6297055	0.61434346	0.6530666	-0.63468343	0.68616545	0.67971563	0.6519804	0.6134784	0.7086105	0.62936723	-0.6980453	-0.66755193	0.64749664	0.66737163	-0.6795776	0.69477814	-0.6327451	0.6984951	0.72254354	-0.57670105	0.7320966	-0.6407847
-0.2517815	-0.28556505	-0.32283932	0.3239311	-0.27523926	-0.2728116	0.24149182	0.33161923	0.25755832	0.24280216	-0.28877822	-0.30140105	-0.32364133	0.30390352	-0.2594377	-0.2658612	0.25049224	0.24920833	-0.23954631	-0.28705323	-0.34740102	-0.34628007	0.2343453	0.2645	0.26564354	0.34005255	-0.26186767	-0.3252814	0.33153373	0.30740264	-0.26894504	0.26783267	-0.33181614	-0.2702687	0.27979735	-0.23621751	-0.21132979	0.2804579	-0.24467975	0.31644022	0.24009438	-0.25831816	-0.23717727	-0.28624946	-0.31698442	0.26812106	-0.21790719	-0.24600352	0.30131048	0.24184813	-0.23830545	-0.28449753	-0.29968378	-0.26403758	-0.30982015	-0.26485842	0.24916327	-0.30390036	-0.29569942	-0.27764016	-0.33783996	0.2428627	0.2853705	-0.26912335	0.2800665	0.2572452	-0.29954174	0.25403953	0.25809574	-0.29520002	0.33310533	0.270548	-0.26848647	-0.2585876	0.26316836	0.25135925	0.32009062	-0.28070247	-0.29244047	0.24086364	0.28446722	-0.29919505	0.29025647	0.32575983	0.2827287	0.33576828	0.28082243	0.2650263	-0.23622072	-0.2343248	0.30476502	0.2536544	-0.2695269	0.25970674	-0.33320335	0.283784	0.26572794	-0.28440523	0.3000311	-0.24297507
-0.6907848	-0.7756843	-0.6924511	0.7685496	-0.7298035	-0.6293916	0.72287744	0.6337735	0.81321365	0.71514577	-0.7429242	-0.7341423	-0.7382633	0.65218306	-0.7535845	-0.74278134	0.76191	0.71270674	-0.7040539	-0.72295535	-0.7336764	-0.7589879	0.72093755	0.7370813	0.7303916	0.74385315	-0.7465323	-0.69062984	0.6960738	0.7178943	-0.75094783	0.7577082	-0.70376277	-0.62748045	0.76001936	-0.68738395	-0.6355536	0.7144341	-0.651136	0.6829914	0.67699957	-0.6487527	-0.6827502	-0.68797094	-0.72384244	0.6646059	-0.59678626	-0.7141431	0.6641642	0.6567237	-0.6579654	-0.7541255	-0.63488615	-0.6989423	-0.7503406	-0.71078455	0.76100624	-0.64274216	-0.68561393	-0.7093222	-0.73199993	0.71253276	0.65127796	-0.7105079	0.7492536	0.70538473	-0.68428963	0.6781337	0.7556121	-0.75072587	0.7453617	0.7743255	-0.68156844	-0.6998835	0.7524916	0.6347594	0.6893943	-0.77611375	-0.6251039	0.5593137	0.7514742	-0.65811914	0.7188199	0.7108846	0.6736314	0.7115749	0.76820314	0.7936035	-0.6816831	-0.63084877	0.7606922	0.72167283	-0.735184	0.72485054	-0.6916985	0.7735979	0.7371173	-0.56397444	0.6795005	-0.68369645
-0.27845585	-0.32649577	-0.31459013	0.34153005	-0.24080554	-0.25797215	0.29368547	0.31066018	0.29800308	0.2539813	-0.26091602	-0.29449588	-0.3083472	0.23342942	-0.3246748	-0.27777007	0.30711967	0.327896	-0.315344	-0.3046723	-0.32650214	-0.3340111	0.35972288	0.34002185	0.28684098	0.28318688	-0.3518049	-0.27386796	0.2833601	0.35228187	-0.32396534	0.2870375	-0.32074198	-0.2825134	0.28846037	-0.339557	-0.30115488	0.252652	-0.24747731	0.24583112	0.33209783	-0.3093605	-0.27338085	-0.2938828	-0.3246724	0.3271854	-0.30945805	-0.32609567	0.34725288	0.27640438	-0.29017806	-0.2951339	-0.26021746	-0.27236938	-0.25496843	-0.28582022	0.25712404	-0.28491575	-0.2615401	-0.27977854	-0.33501127	0.29222628	0.3099433	-0.26518682	0.29852957	0.303813	-0.26006898	0.29146644	0.3464683	-0.3174818	0.2505298	0.33552924	-0.2770916	-0.32441077	0.3236641	0.23921569	0.32362	-0.29170957	-0.24516116	0.26725724	0.28818122	-0.30657414	0.33347446	0.30527923	0.30821678	0.3110521	0.2826604	0.23629212	-0.32140985	-0.3376536	0.3090764	0.25530913	-0.32047722	0.2565257	-0.2829193	0.30407727	0.3299369	-0.29326403	0.31368107	-0.2760889
-0.32212266	-0.34797126	-0.39890072	0.34631804	-0.34982413	-0.31429243	0.39307657	0.31121987	0.34129867	0.3974866	-0.309156	-0.34754932	-0.2564785	0.40324488	-0.35730827	-0.29801488	0.3144538	0.33487678	-0.33845377	-0.3546627	-0.36842838	-0.345302	0.30112976	0.36339027	0.31258237	0.31387687	-0.30444425	-0.3682708	0.34736255	0.30821592	-0.3268305	0.35311583	-0.28424767	-0.33826217	0.38981274	-0.38591912	-0.35909107	0.38805342	-0.38793594	0.39610788	0.32040933	-0.39822292	-0.33607885	-0.34705958	-0.33282366	0.33964753	-0.318429	-0.31267416	0.31593993	0.32091716	-0.31957075	-0.3747856	-0.33455813	-0.37744904	-0.33498192	-0.31450543	0.39650628	-0.29842436	-0.32030478	-0.31788376	-0.31776038	0.3291577	0.36794865	-0.30934513	0.40684614	0.34759486	-0.31483653	0.397632	0.34579706	-0.37760043	0.3442808	0.3707651	-0.37798434	-0.3696712	0.38532782	0.40648094	0.3912158	-0.39856425	-0.4037137	0.37473488	0.3940158	-0.37379104	0.31506163	0.34544122	0.35679784	0.370583	0.36847103	0.31243783	-0.34597608	-0.32950863	0.34397396	0.3206931	-0.34176475	0.256791	-0.33109856	0.3150801	0.3890304	-0.3098021	0.35901728	-0.35182473
-0.7679633	-0.80178046	-0.81935376	0.79140425	-0.8069058	-0.71918845	0.7675296	0.68525434	0.8235179	0.8029193	-0.7477118	-0.7926461	-0.8619541	0.7545417	-0.75484586	-0.80377895	0.7722978	0.72740066	-0.81918323	-0.7898211	-0.776175	-0.7810319	0.8404209	0.7968136	0.76506555	0.77375066	-0.8303288	-0.72101325	0.8292166	0.83782935	-0.7635629	0.7778822	-0.7694415	-0.66580683	0.7748894	-0.82583684	-0.73325646	0.77568144	-0.81232715	0.7794327	0.7757098	-0.77328485	-0.7548754	-0.810462	-0.7562642	0.7554958	-0.669851	-0.7963187	0.77782863	0.800422	-0.7111838	-0.76676285	-0.759572	-0.7613769	-0.8308548	-0.8481267	0.72810763	-0.7849764	-0.7289401	-0.80259395	-0.78707385	0.8121975	0.7299757	-0.7284323	0.7098491	0.75495493	-0.7368342	0.75895643	0.7500517	-0.82503587	0.8314853	0.8073377	-0.79592764	-0.73664737	0.7981184	0.71286726	0.7352443	-0.74399	-0.6604121	0.6837144	0.7234989	-0.6897029	0.82868785	0.78062785	0.7325804	0.7570234	0.7587606	0.8041186	-0.7779906	-0.7119249	0.8127236	0.75165623	-0.79819167	0.8071229	-0.80197203	0.80769235	0.75795627	-0.6827494	0.7809811	-0.7742985
-0.84933466	-0.78684855	-0.8066905	0.76548964	-0.7373222	-0.5689531	0.72029763	0.7282615	0.8254456	0.7978458	-0.7445394	-0.80424225	-0.66851026	0.7121418	-0.7218805	-0.81436926	0.78009033	0.7799119	-0.77522796	-0.75667125	-0.79372686	-0.84626657	0.81526667	0.77941716	0.77020276	0.83507794	-0.8422104	-0.8339375	0.7792414	0.83583766	-0.76362073	0.83189094	-0.779469	-0.67989206	0.85475373	-0.7813204	-0.64924294	0.80233586	-0.8156947	0.7532626	0.76652426	-0.77383924	-0.76509005	-0.8249257	-0.74154305	0.6915441	-0.6991798	-0.8342014	0.7631492	0.69408363	-0.7724288	-0.8392465	-0.77338964	-0.84157246	-0.793668	-0.8000185	0.81676036	-0.73809665	-0.7222972	-0.85176325	-0.80971265	0.7022184	0.74384075	-0.7693733	0.8641701	0.80671966	-0.8348557	0.8486616	0.77500576	-0.79790634	0.82802135	0.83366275	-0.8377285	-0.7237009	0.8299044	0.81408894	0.7983255	-0.7690871	-0.71795243	0.58334786	0.84280777	-0.74078023	0.76446736	0.7583564	0.6856829	0.8995155	0.7787462	0.80658966	-0.7453622	-0.71388775	0.7989009	0.71418035	-0.81619376	0.6014328	-0.81894517	0.81159574	0.7959096	-0.627944	0.82322556	-0.7760896
-0.4822036	-0.5755154	-0.52987874	0.5581643	-0.52196354	-0.5009092	0.56066984	0.48918974	0.55126554	0.5554109	-0.5298399	-0.5272481	-0.51941925	0.50371367	-0.51422036	-0.5313586	0.52495295	0.58876616	-0.574424	-0.5698502	-0.5846361	-0.57037497	0.5837699	0.58788353	0.58297455	0.5451392	-0.5508269	-0.50830024	0.5193235	0.56043684	-0.5402534	0.54370415	-0.5922931	-0.51315296	0.5473724	-0.5373474	-0.5159613	0.57736576	-0.57535386	0.50171405	0.59677607	-0.5523141	-0.54569584	-0.5935215	-0.61134315	0.58842844	-0.5659577	-0.5898026	0.5851197	0.54731846	-0.5326836	-0.52782786	-0.54249203	-0.5703326	-0.5930131	-0.5220155	0.5811105	-0.5366801	-0.53527683	-0.5053444	-0.5342438	0.5824575	0.565873	-0.58107823	0.5372704	0.5188715	-0.55845785	0.564903	0.546458	-0.607397	0.49847105	0.5817345	-0.5329306	-0.5779461	0.5256991	0.5151733	0.58226895	-0.60199445	-0.53937596	0.54838586	0.515778	-0.5471599	0.5332801	0.58448523	0.52657545	0.56264794	0.59968567	0.5405501	-0.5959885	-0.54961836	0.5695682	0.5893486	-0.5353832	0.5560098	-0.6002101	0.5334291	0.54319596	-0.528178	0.50637263	-0.5850432
-0.7463691	-0.8137421	-0.8315863	0.85046977	-0.7682648	-0.8511162	0.7670516	0.6584089	0.8092597	0.8350842	-0.8619792	-0.85153925	-0.9059908	0.81764346	-0.88146114	-0.9271556	0.8995505	0.7674785	-0.8613907	-0.83846426	-0.9334354	-0.879345	0.8585951	0.858962	0.8942486	0.80899423	-0.88647395	-0.75762516	0.9168447	0.8919906	-0.77254313	0.9310362	-0.90047085	-0.686488	0.8321748	-0.862225	-0.6160663	0.7724388	-0.7835214	0.7166748	0.8895009	-0.863712	-0.9036652	-0.8688364	-0.8461224	0.9201352	-0.71979535	-0.8576907	0.86836874	0.86775726	-0.6537093	-0.90177953	-0.7181684	-0.8085765	-0.9182528	-0.8301082	0.82727545	-0.9703002	-0.89775974	-0.8134162	-0.8596025	0.80333066	0.6956807	-0.9003252	0.85505235	0.8767661	-0.76732975	0.76680225	0.8391371	-0.9146709	0.77936876	0.86030275	-0.88825214	-0.8445942	0.86743575	0.7623748	0.8821216	-0.8333064	-0.80508465	0.56052524	0.77923954	-0.6760476	0.84998155	0.7747772	0.63181645	0.7637822	0.8330479	0.78491515	-0.87528515	-0.835689	0.85964096	0.82645935	-0.86447185	0.82423234	-0.79045534	0.86206853	0.8831864	-0.64053655	0.8060622	-0.9361433
-0.6639077	-0.72131085	-0.7110238	0.7271671	-0.6946013	-0.5667119	0.56711996	0.6354138	0.7717362	0.60496914	-0.6490362	-0.69190264	-0.71532965	0.64857125	-0.6170783	-0.6846744	0.6360177	0.6676489	-0.66143656	-0.64778	-0.69533044	-0.67972976	0.62038165	0.72537667	0.686249	0.7514634	-0.7073103	-0.6417964	0.6422275	0.6992653	-0.7002253	0.70857525	-0.7276605	-0.59464145	0.69178146	-0.6906512	-0.545011	0.76288015	-0.64829844	0.6402698	0.6473607	-0.6440213	-0.6063913	-0.6664476	-0.6348736	0.5904276	-0.5443472	-0.66921705	0.6425027	0.6355435	-0.6245645	-0.6754227	-0.6233138	-0.6729731	-0.6516629	-0.713601	0.69622415	-0.60585576	-0.64904577	-0.7078244	-0.74670714	0.61486256	0.59406096	-0.6709461	0.6960973	0.6787793	-0.6687787	0.6950541	0.68451256	-0.73180497	0.6912308	0.65391976	-0.65651006	-0.63083667	0.68645316	0.6648278	0.5779093	-0.6438048	-0.51823175	0.5066685	0.75149345	-0.663665	0.6614659	0.6181124	0.6245572	0.7606832	0.7028529	0.71998954	-0.51969457	-0.63586193	0.69122833	0.6751101	-0.6882075	0.6883996	-0.65228724	0.70337194	0.72878885	-0.42909124	0.653783	-0.7040927
-0.6462243	-0.5790399	-0.628259	0.61028445	-0.55603796	-0.5380067	0.6221697	0.5731637	0.6522894	0.5585324	-0.58624077	-0.61653155	-0.5673144	0.5863079	-0.5726375	-0.59103334	0.5973985	0.5626068	-0.63195926	-0.6482249	-0.5981415	-0.6131773	0.61506665	0.65426797	0.5813377	0.65474147	-0.5822663	-0.5929048	0.5657807	0.5736814	-0.6024886	0.61512196	-0.57578653	-0.58807385	0.58122754	-0.57789314	-0.5317011	0.61142546	-0.64613503	0.6085766	0.5423852	-0.5575867	-0.56402415	-0.61006826	-0.5633935	0.54741424	-0.5643331	-0.6007796	0.59134156	0.5592709	-0.6287528	-0.6122637	-0.58255637	-0.6233571	-0.60348976	-0.5768577	0.5993797	-0.6116864	-0.6195048	-0.6220849	-0.6219677	0.57851124	0.5923775	-0.6081993	0.55669034	0.58806103	-0.5724721	0.6425384	0.5747492	-0.6261953	0.5865087	0.5628322	-0.6055703	-0.58053714	0.6262285	0.63082	0.6179667	-0.5797702	-0.51961625	0.58439463	0.6539818	-0.61406547	0.5717178	0.5971858	0.5770707	0.6455801	0.6026835	0.59707284	-0.6198966	-0.6023669	0.56395435	0.6122483	-0.55897725	0.614696	-0.5604103	0.56958985	0.5501186	-0.5763248	0.64947146	-0.63382393
-0.40928644	-0.4208263	-0.42018178	0.4605696	-0.43465766	-0.4856209	0.5040688	0.47815993	0.50551945	0.4574831	-0.43565798	-0.48725262	-0.46135658	0.4569464	-0.4932829	-0.5058975	0.4087143	0.46662933	-0.4254553	-0.48228708	-0.48267123	-0.4687979	0.46371955	0.50165033	0.42015004	0.4433478	-0.41719022	-0.49497983	0.40979898	0.47585982	-0.42698207	0.4438131	-0.44860914	-0.48644465	0.42826208	-0.4118867	-0.47445375	0.4520407	-0.4798007	0.48380482	0.4689744	-0.4833425	-0.4790296	-0.4808263	-0.44797608	0.43555528	-0.4269338	-0.4276372	0.44195235	0.48985457	-0.46691167	-0.49588612	-0.48825854	-0.46743703	-0.48625058	-0.45169097	0.4944752	-0.4261741	-0.49138921	-0.45137334	-0.5063986	0.45205882	0.4449447	-0.43568638	0.41057158	0.5069421	-0.44591647	0.46161723	0.48764735	-0.5037987	0.4657856	0.4988154	-0.45968089	-0.44528705	0.5032999	0.49427956	0.49696916	-0.4223753	-0.4845321	0.44687694	0.4358254	-0.47083768	0.44402242	0.47114512	0.45292327	0.42326412	0.43117765	0.43832093	-0.41994688	-0.50233746	0.41540623	0.49785703	-0.43286982	0.43045136	-0.4814701	0.4414587	0.4136462	-0.47729066	0.45240614	-0.44127026
-0.71635413	-0.72509676	-0.6492967	0.7267391	-0.69262844	-0.5961057	0.64977574	0.63683045	0.7223074	0.7103065	-0.6455564	-0.6813633	-0.6851736	0.67317194	-0.7348169	-0.66724217	0.71871835	0.71170545	-0.65271264	-0.6926632	-0.70741117	-0.6855707	0.66849804	0.74209887	0.7276727	0.6676116	-0.75582653	-0.69860125	0.6773404	0.69390213	-0.715434	0.6585572	-0.641874	-0.62250745	0.6851721	-0.64973706	-0.63707423	0.72003895	-0.6401029	0.6876952	0.6568089	-0.6430066	-0.6672801	-0.7240687	-0.6814125	0.7040023	-0.61472625	-0.7026775	0.7105209	0.6834623	-0.6598045	-0.7039359	-0.6425151	-0.66161597	-0.69789916	-0.72931373	0.7175863	-0.6969159	-0.68282866	-0.69738114	-0.6959751	0.6197687	0.6278612	-0.714049	0.7128145	0.6863834	-0.69522417	0.6525518	0.66021425	-0.6835538	0.70654416	0.6777573	-0.7552387	-0.6777261	0.6782907	0.6445179	0.617494	-0.70174176	-0.55730146	0.53281236	0.6887433	-0.6525751	0.7084627	0.64223564	0.59440845	0.7437542	0.7251888	0.6935804	-0.66650194	-0.67018855	0.6452024	0.6493901	-0.71937495	0.6320829	-0.6762618	0.7443275	0.7095814	-0.5128071	0.64441067	-0.73042524
-0.5336564	-0.7715463	-0.6891112	0.690297	-0.7355744	-0.8170853	0.7250844	0.61871666	0.69037855	0.76733947	-0.7522421	-0.7745127	-0.7993203	0.7031873	-0.767145	-0.7484659	0.8090609	0.6621256	-0.7479191	-0.74472195	-0.7805394	-0.678298	0.80703115	0.7810254	0.73383975	0.6118201	-0.7156614	-0.65507007	0.7954833	0.7708482	-0.65848106	0.799213	-0.69836307	-0.68276757	0.6955023	-0.7431358	-0.68371016	0.6483716	-0.72827965	0.69042754	0.7887147	-0.7504268	-0.8212802	-0.7746823	-0.78899515	0.74834156	-0.7574945	-0.71744627	0.8200544	0.77154773	-0.5876675	-0.7696315	-0.679657	-0.7072398	-0.7195796	-0.80445796	0.7270691	-0.785301	-0.75179434	-0.608096	-0.6931602	0.66633576	0.6741286	-0.7853385	0.71946347	0.7839694	-0.535052	0.6207362	0.79039305	-0.77745575	0.67831796	0.7072686	-0.7607201	-0.7849144	0.7027052	0.70461184	0.790127	-0.72657007	-0.75113916	0.60966676	0.640459	-0.59322834	0.7062339	0.6508894	0.58208966	0.6155712	0.72072077	0.6224625	-0.719382	-0.7999589	0.7363954	0.75289136	-0.7634813	0.72742707	-0.7770993	0.7143052	0.8003643	-0.6207466	0.7458269	-0.79948217
-0.7545375	-0.83434546	-0.74825364	0.78795004	-0.7195486	-0.7025488	0.7329149	0.73690164	0.7714188	0.7536717	-0.79384524	-0.8135361	-0.7632478	0.7618549	-0.7885697	-0.79608315	0.82870173	0.73371637	-0.7699387	-0.7430964	-0.8562119	-0.74962056	0.83964247	0.7711904	0.7950873	0.76973706	-0.7838007	-0.7250083	0.7572394	0.8027577	-0.74287444	0.8345117	-0.7896758	-0.6936082	0.7820383	-0.8084758	-0.66972595	0.74067205	-0.7775934	0.7189968	0.7818345	-0.7894642	-0.7793497	-0.80915636	-0.8364525	0.8132688	-0.73179287	-0.79724747	0.83287245	0.72209495	-0.6986568	-0.85827833	-0.81436116	-0.8060374	-0.85434854	-0.8172151	0.8306432	-0.8049668	-0.75441873	-0.742235	-0.7687981	0.7994244	0.698891	-0.78194433	0.83979076	0.77800906	-0.7455713	0.6710031	0.7741541	-0.7524949	0.77188087	0.8463452	-0.7857939	-0.82804704	0.79467267	0.7962798	0.80859977	-0.79379976	-0.7865539	0.7241618	0.7563268	-0.6697836	0.78901625	0.75169176	0.6996133	0.7175515	0.81938016	0.68087184	-0.74605054	-0.8159754	0.74563605	0.77256835	-0.8325742	0.77472454	-0.8425138	0.7179141	0.82977915	-0.66278666	0.76495874	-0.801206
-0.48519918	-0.55440223	-0.52057576	0.50498545	-0.47222623	-0.5437826	0.45823357	0.4567056	0.53311515	0.4762006	-0.5479974	-0.53568786	-0.53995836	0.5427749	-0.56491363	-0.5648751	0.5139302	0.5354504	-0.48203325	-0.513398	-0.5007841	-0.48878294	0.5737887	0.51035506	0.5283801	0.5229778	-0.55740505	-0.53998893	0.48221216	0.476503	-0.5607645	0.5379608	-0.54389274	-0.43551835	0.56502914	-0.5448615	-0.53664935	0.51552	-0.49734524	0.47258493	0.5252733	-0.5200664	-0.4662991	-0.51095897	-0.49392274	0.499174	-0.48177686	-0.4747569	0.5341785	0.50319386	-0.45099652	-0.5279137	-0.5407031	-0.5480533	-0.48543447	-0.47460404	0.5086754	-0.50674057	-0.5196032	-0.494066	-0.4743803	0.4731303	0.5126747	-0.49181238	0.5331922	0.5525106	-0.44178092	0.45247123	0.5701072	-0.48333094	0.5346993	0.52692246	-0.5186717	-0.541444	0.5092323	0.5110965	0.47058064	-0.49427843	-0.44018894	0.5002561	0.54216176	-0.48101056	0.4768771	0.56303364	0.40336207	0.45282844	0.47735876	0.46328714	-0.5296232	-0.5372544	0.48373216	0.46231422	-0.50345725	0.5113242	-0.49528453	0.5432886	0.55726427	-0.48155186	0.53469694	-0.55163383
-0.7716579	-0.8546265	-0.8209472	0.8010113	-0.85380286	-0.81267637	0.7202542	0.78631955	0.8046713	0.8237517	-0.7766122	-0.8070337	-0.80812734	0.77159655	-0.86583585	-0.8760199	0.8329844	0.8140052	-0.856325	-0.79106766	-0.83765185	-0.7817922	0.79883087	0.8507179	0.8371221	0.7968383	-0.8159396	-0.81349856	0.8082077	0.8624416	-0.8119235	0.7781853	-0.84189194	-0.6744345	0.8320615	-0.86955273	-0.72302973	0.85145295	-0.80584264	0.79278517	0.8588264	-0.8095398	-0.8310278	-0.78156054	-0.8148357	0.80076134	-0.70487034	-0.7881577	0.8131653	0.8241826	-0.7327725	-0.8356552	-0.73664457	-0.79438186	-0.8195693	-0.80339724	0.8239502	-0.8294128	-0.8238532	-0.76207614	-0.78564787	0.76836926	0.7607291	-0.8229498	0.77712446	0.80185115	-0.82892627	0.74344265	0.8262598	-0.8039226	0.814313	0.8613928	-0.7629271	-0.7921471	0.79026496	0.78035873	0.7789831	-0.82637763	-0.7927697	0.6403876	0.7430995	-0.76051784	0.81973076	0.7664575	0.7163331	0.81819344	0.77161086	0.7815135	-0.7724612	-0.81586885	0.82538617	0.7517058	-0.84407103	0.84276706	-0.76887	0.7858325	0.8440874	-0.6861853	0.75674593	-0.7678767
-0.662945	-0.5682135	-0.60010153	0.58543503	-0.58487463	-0.40076837	0.54166025	0.58429503	0.6084571	0.6053225	-0.52431905	-0.59179	-0.53412783	0.5590871	-0.5928313	-0.6154885	0.57531315	0.6007013	-0.5122678	-0.59447134	-0.62736815	-0.5766723	0.52281016	0.59315234	0.56851155	0.64156103	-0.6043509	-0.57565844	0.4979976	0.5818604	-0.58616257	0.56190336	-0.5449405	-0.53330684	0.64346945	-0.50559866	-0.5668708	0.6079733	-0.6158287	0.54671764	0.50364006	-0.5870749	-0.52333015	-0.63935757	-0.6026083	0.4745281	-0.5003201	-0.5786864	0.49848855	0.47774494	-0.6340963	-0.58143187	-0.6224661	-0.62868565	-0.54842544	-0.5670429	0.6124527	-0.5001136	-0.50017935	-0.62603277	-0.54034287	0.56674606	0.62049824	-0.558168	0.63987774	0.574882	-0.57351965	0.6312797	0.5722475	-0.6233361	0.5836289	0.54519355	-0.5930269	-0.5141911	0.5584457	0.5411647	0.61494917	-0.6367807	-0.58699304	0.57980967	0.6452951	-0.59297645	0.5896357	0.5302928	0.5365382	0.67242277	0.6071322	0.6317265	-0.5017924	-0.50559276	0.5793143	0.5535982	-0.6329542	0.3509732	-0.57523113	0.57729155	0.5513908	-0.56766415	0.5559995	-0.61668915
-0.67761374	-0.816023	-0.7851363	0.7746647	-0.69903886	-0.78738576	0.773172	0.64425695	0.80503446	0.72656065	-0.74063027	-0.7918454	-0.80794835	0.69081163	-0.7379465	-0.81934994	0.7634489	0.65461355	-0.7110614	-0.7619647	-0.8644872	-0.7930051	0.7715006	0.7791858	0.7706289	0.80095285	-0.7276377	-0.7535659	0.804239	0.7736772	-0.7798002	0.8198969	-0.8127256	-0.6033319	0.7820197	-0.7522105	-0.67830443	0.8004431	-0.74718404	0.6855834	0.7591758	-0.8243259	-0.83354455	-0.76011044	-0.74135405	0.78779566	-0.6805759	-0.7711363	0.8294005	0.7385884	-0.67252123	-0.73515844	-0.6841208	-0.76692843	-0.7530586	-0.81730455	0.7473048	-0.7525159	-0.7439483	-0.79884464	-0.8061885	0.7713851	0.6843019	-0.86234784	0.80485284	0.81240827	-0.74947333	0.7010191	0.8208513	-0.8130193	0.74954075	0.8334735	-0.7914781	-0.7350188	0.78083104	0.7652446	0.68073285	-0.8239659	-0.7035265	0.6566948	0.7295259	-0.6243401	0.8003936	0.73092073	0.60504484	0.8138084	0.76483536	0.70478696	-0.69427186	-0.7271584	0.7878557	0.80522215	-0.7393109	0.69067496	-0.71884584	0.786553	0.84486794	-0.6434701	0.7380733	-0.79452544
-0.5712845	-0.57866013	-0.5997529	0.60001487	-0.5372146	-0.5946691	0.50744087	0.5295762	0.6389675	0.60336953	-0.6111624	-0.5774692	-0.62007755	0.5314097	-0.61047417	-0.6374818	0.5708225	0.57104135	-0.56585807	-0.55999184	-0.5836225	-0.59658706	0.5743899	0.562772	0.5754928	0.62010866	-0.63214004	-0.5657984	0.62308186	0.59897834	-0.5601011	0.6396857	-0.5688887	-0.48909128	0.64352566	-0.6170719	-0.49467698	0.5633022	-0.54136854	0.58055085	0.62997776	-0.58072543	-0.61972225	-0.58548045	-0.6280554	0.6069823	-0.5541357	-0.5947757	0.5766769	0.5319978	-0.5674166	-0.68079966	-0.5857171	-0.5549864	-0.55254126	-0.636329	0.5997356	-0.6511909	-0.6249997	-0.5863044	-0.58165175	0.5410935	0.56844056	-0.6610427	0.6764218	0.65829146	-0.5515203	0.57073694	0.5670935	-0.6381655	0.5750782	0.6395442	-0.5630481	-0.5728827	0.6194726	0.582634	0.56891394	-0.64007604	-0.5801692	0.4593984	0.6235977	-0.57732093	0.5594839	0.57923025	0.54396325	0.56799555	0.5956485	0.6182907	-0.5176646	-0.6272745	0.56607527	0.52705157	-0.5897647	0.5342689	-0.59243655	0.6209159	0.6459405	-0.4486129	0.6095645	-0.626002
-0.77037925	-0.97747344	-0.887907	0.9529894	-0.8547506	-0.9422853	0.81381595	0.7619181	0.95669293	0.9453217	-0.96809226	-0.99039024	-1.0601245	0.8455967	-0.9902701	-0.9959358	0.9728215	0.86213136	-0.9851901	-0.9157753	-0.9867601	-0.91380364	0.9833249	0.92759293	0.94392174	0.8713564	-0.98069286	-0.9208578	1.0569826	0.94915605	-0.96744776	1.054291	-1.0164211	-0.6585974	0.95443267	-1.0270892	-0.66037774	0.94614553	-0.8157616	0.85168016	1.0829175	-0.89204997	-0.91626185	-0.92950743	-0.8767361	0.9595069	-0.68862736	-0.8791186	1.0239519	0.89778215	-0.63390887	-0.9932072	-0.8375995	-0.9083002	-0.968614	-1.0731376	1.0107118	-1.0289724	-0.919478	-0.8549619	-1.0000579	0.83987176	0.7749789	-1.0155709	0.9326889	1.071316	-0.78374624	0.8040096	1.0477259	-0.97698224	0.86565214	0.99189615	-0.91611093	-0.967557	0.9312252	0.8519429	0.8229241	-0.986318	-0.7811944	0.562096	0.8476592	-0.71498936	0.9841586	0.8419401	0.6960557	0.9426344	0.90840286	0.8996094	-0.83291286	-0.9372849	0.962202	0.8804874	-0.9865868	1.1072781	-0.9708306	0.9238942	1.0444297	-0.61773294	0.90923065	-1.0148114
-0.73194003	-0.7553575	-0.7548259	0.7478121	-0.6938984	-0.688449	0.67603976	0.71947044	0.7830868	0.75736403	-0.6967457	-0.79987484	-0.7454372	0.69640446	-0.75720876	-0.7761191	0.7212706	0.7640398	-0.71636254	-0.73401207	-0.7501361	-0.76107186	0.7768226	0.7699374	0.6870631	0.70339555	-0.781824	-0.7341223	0.7502173	0.8046935	-0.7345249	0.76306343	-0.7812163	-0.6669563	0.7409089	-0.7589363	-0.6361594	0.7809417	-0.66656214	0.68623245	0.73922	-0.70951	-0.7158827	-0.73163545	-0.79526246	0.7343088	-0.67300355	-0.7188457	0.70529914	0.71702725	-0.65993977	-0.72896194	-0.7056046	-0.71700066	-0.7919773	-0.7570174	0.6962487	-0.77887845	-0.69860554	-0.7127789	-0.7316919	0.6765065	0.69663703	-0.8026495	0.7734818	0.83193266	-0.6783319	0.68508166	0.79992545	-0.72380656	0.7480853	0.7271602	-0.745046	-0.66843796	0.7183893	0.7247685	0.6469832	-0.7832061	-0.71703	0.5716166	0.75324845	-0.71142465	0.7667232	0.75425917	0.7126048	0.7615066	0.7270902	0.8006873	-0.69383866	-0.7057664	0.75519776	0.66066325	-0.7587123	0.7681676	-0.7365344	0.71725726	0.80294067	-0.58522093	0.7122311	-0.8138646
-0.89422166	-0.9153228	-0.86245644	0.9593233	-0.84040266	-0.8062768	0.83779854	0.8271545	0.9056473	0.89614075	-0.8051233	-0.9502425	-0.8961166	0.7729456	-0.89303213	-0.9341891	0.9346025	0.8106021	-0.8015875	-0.8962295	-0.9364344	-0.88054854	0.877124	0.8854883	0.9001495	0.937744	-0.88319755	-0.88426906	0.8966058	0.9131103	-0.8512878	0.8744999	-0.8767768	-0.74393153	0.9271297	-0.8293083	-0.74081784	0.8725823	-0.8436225	0.80761623	0.9319788	-0.8020799	-0.9250736	-0.8772916	-0.7973265	0.8060054	-0.7130992	-0.8595989	0.86185706	0.7692913	-0.7931767	-0.9653633	-0.848477	-0.90300953	-0.9339868	-0.9151196	0.9142072	-0.923479	-0.78144145	-0.8828194	-0.8856478	0.8428683	0.79455155	-0.8810066	0.8598225	0.9112715	-0.820318	0.87587667	0.867464	-0.88513416	0.84166414	0.83871734	-0.90038985	-0.7890312	0.87059295	0.84433556	0.75353736	-0.89380443	-0.7299633	0.6454078	0.9154444	-0.8444843	0.9164343	0.83024526	0.7896679	0.9582817	0.9389956	0.8840836	-0.7780427	-0.8069948	0.8871541	0.8045134	-0.96097803	0.9065467	-0.8587395	0.89492005	0.9026596	-0.72585344	0.9034107	-0.92169625
-0.5914401	-0.64165634	-0.56508386	0.57805216	-0.6161645	-0.5732543	0.616213	0.6105424	0.65419674	0.65683806	-0.6282073	-0.6280015	-0.5434689	0.61484843	-0.6017998	-0.5706521	0.642576	0.6316829	-0.64597636	-0.60178214	-0.60939527	-0.63822734	0.5640454	0.6391111	0.6387114	0.5994894	-0.6149574	-0.5901793	0.59618413	0.6176457	-0.6446889	0.60824734	-0.58550084	-0.51998913	0.5932366	-0.5854469	-0.514226	0.66206	-0.60616183	0.62666035	0.61836123	-0.65004814	-0.6429174	-0.6171509	-0.5970094	0.56995374	-0.55440944	-0.6597371	0.5540744	0.6362429	-0.6214022	-0.653817	-0.54844713	-0.5861119	-0.63063073	-0.60646135	0.57984215	-0.6036706	-0.62851024	-0.6211896	-0.6141542	0.6302394	0.605946	-0.61833245	0.5964489	0.58889765	-0.58602434	0.6099488	0.5825693	-0.60348123	0.5752639	0.59949267	-0.6280676	-0.634968	0.59895295	0.6186593	0.60450345	-0.6671609	-0.5495267	0.52003473	0.6008392	-0.5438267	0.6088025	0.6239082	0.562185	0.6352028	0.62642705	0.575744	-0.5941075	-0.6185874	0.58297503	0.5928232	-0.6603067	0.5247933	-0.66071033	0.58489406	0.6391605	-0.5488169	0.63785595	-0.57082814
-0.5368186	-0.7204079	-0.6672917	0.7230764	-0.72862315	-0.77882946	0.6849222	0.630734	0.6592761	0.7727248	-0.79649544	-0.7905037	-0.7874665	0.6893798	-0.75428605	-0.78446746	0.7405724	0.7016875	-0.78795266	-0.79291975	-0.73675555	-0.7554327	0.791825	0.7344872	0.7498032	0.7223905	-0.67462134	-0.6986609	0.776754	0.80766183	-0.716815	0.82497907	-0.7856432	-0.58908975	0.6840824	-0.7628819	-0.6750648	0.69347715	-0.68226844	0.70834327	0.7845196	-0.6987428	-0.7808435	-0.6949058	-0.71806633	0.7408147	-0.7234668	-0.7532149	0.77970344	0.7786374	-0.4965328	-0.7884414	-0.6874109	-0.6847355	-0.7528841	-0.7995164	0.72040725	-0.8037922	-0.7842204	-0.66842	-0.7551253	0.7122904	0.60650563	-0.7260554	0.70297444	0.7447181	-0.6147294	0.59737736	0.79253626	-0.79541093	0.721726	0.79300845	-0.77994734	-0.74663377	0.7612344	0.68833655	0.7260875	-0.80368674	-0.6456517	0.6339788	0.6280286	-0.5140166	0.69319415	0.6975943	0.5917776	0.6672003	0.76331425	0.6428038	-0.69921166	-0.7135867	0.71062404	0.6858631	-0.7390998	0.7792969	-0.7788613	0.6665262	0.7433935	-0.5607218	0.6899779	-0.80408764
-0.66434294	-0.8019262	-0.7914155	0.7920798	-0.7913986	-0.8014779	0.74189156	0.723366	0.7580922	0.76006025	-0.82302564	-0.8017872	-0.83971244	0.7378245	-0.8163054	-0.8491303	0.86097556	0.77192414	-0.7746336	-0.8043776	-0.87630904	-0.7539333	0.8276606	0.7464701	0.80794257	0.7911883	-0.810639	-0.7659532	0.7985833	0.7896664	-0.7405422	0.8258149	-0.78138953	-0.6499119	0.80632764	-0.858169	-0.6733613	0.73623586	-0.7784822	0.7474888	0.8667557	-0.75342983	-0.83131355	-0.80822915	-0.76483685	0.80561626	-0.7274919	-0.75342935	0.85316324	0.83489764	-0.6239334	-0.8489568	-0.67395765	-0.7903238	-0.84908456	-0.8435582	0.7676463	-0.8461282	-0.8274201	-0.7473726	-0.7971859	0.7161741	0.7003103	-0.7887081	0.83483833	0.7691439	-0.663931	0.69972897	0.86445075	-0.8077401	0.7541589	0.77697855	-0.8286139	-0.7896813	0.7515654	0.775086	0.7955333	-0.824414	-0.7502152	0.65223813	0.67790425	-0.6542998	0.81640756	0.77277416	0.6517953	0.8168487	0.81822234	0.75174797	-0.7687919	-0.7555067	0.8270023	0.75504863	-0.81823105	0.7789016	-0.7354327	0.7890233	0.8763053	-0.5471897	0.8029382	-0.8194061
-0.5504612	-0.60603136	-0.6332051	0.60291445	-0.64020956	-0.66964704	0.5755577	0.50392526	0.5878783	0.61945796	-0.68261445	-0.63811195	-0.64715165	0.6045277	-0.6015139	-0.6630069	0.6025615	0.5765145	-0.65499574	-0.6169338	-0.60920095	-0.64685535	0.5923517	0.6371488	0.6262844	0.6468465	-0.6222411	-0.57724756	0.6896648	0.58155215	-0.56512624	0.6216662	-0.6325339	-0.5292902	0.6313497	-0.66942424	-0.57648647	0.57189786	-0.57398087	0.5477737	0.69461316	-0.57147807	-0.63832283	-0.55579436	-0.6516312	0.6402236	-0.6116858	-0.58403796	0.6661459	0.6059621	-0.501993	-0.6015335	-0.53263146	-0.60975087	-0.6457617	-0.66751826	0.6073931	-0.6587876	-0.6617781	-0.62402314	-0.6439175	0.5502676	0.5631791	-0.6452727	0.60433257	0.595666	-0.58537656	0.56749654	0.58358485	-0.6600904	0.6196308	0.6409595	-0.60816884	-0.5926	0.59525555	0.6306688	0.5841991	-0.642397	-0.58525324	0.51381665	0.5868086	-0.60994416	0.61817515	0.62462604	0.5494141	0.61983895	0.6368991	0.55691636	-0.6006615	-0.64977163	0.66175234	0.62475115	-0.6001408	0.61493856	-0.61767113	0.5989939	0.62757987	-0.56459695	0.6007052	-0.58470523
-0.7294623	-0.89267933	-0.75865173	0.8134386	-0.77087235	-0.8598324	0.7394928	0.68134296	0.8500714	0.8215905	-0.88912624	-0.91759133	-0.8936048	0.8243229	-0.9318526	-0.9311409	0.8686978	0.72290903	-0.81920725	-0.89202595	-0.92120045	-0.77108943	0.8671934	0.8042791	0.8977303	0.79401624	-0.7935896	-0.80051017	0.8773083	0.8832331	-0.80464524	0.8770566	-0.9012654	-0.7212928	0.7823084	-0.8174918	-0.72947544	0.837269	-0.7615935	0.746912	0.87396926	-0.870505	-0.82993096	-0.7611837	-0.8440836	0.9040009	-0.7774236	-0.8480524	0.91746944	0.9236966	-0.65431744	-0.88222045	-0.69562095	-0.853714	-0.9197815	-0.86013436	0.81121504	-0.86961555	-0.9095383	-0.7039077	-0.8335351	0.8312038	0.7575412	-0.8879448	0.7766576	0.84991133	-0.7528532	0.7213443	0.91476744	-0.8574405	0.8240458	0.8553505	-0.8878897	-0.8604893	0.83401954	0.8078816	0.8350714	-0.84037495	-0.80477506	0.7293539	0.73724836	-0.6673875	0.83696914	0.8154924	0.73028165	0.73662376	0.79127115	0.74819666	-0.8224799	-0.8573012	0.8221309	0.8050352	-0.85932994	0.871174	-0.8257791	0.78473437	0.85079855	-0.65341234	0.7816993	-0.9329486
-0.537138	-0.532572	-0.58562326	0.5547986	-0.5639721	-0.5099831	0.538614	0.5307151	0.5739245	0.51543766	-0.5890015	-0.58679736	-0.54820174	0.5693925	-0.57901293	-0.51989704	0.59416133	0.51486176	-0.5798343	-0.60192686	-0.6006788	-0.62790203	0.58607453	0.578036	0.5923346	0.5887165	-0.5960891	-0.5673514	0.5334109	0.5286875	-0.6136053	0.5187763	-0.5936949	-0.50697243	0.5613391	-0.60837245	-0.52162564	0.6110195	-0.5720637	0.5473004	0.57203466	-0.545435	-0.5234174	-0.57192343	-0.52851135	0.5086073	-0.5428588	-0.53670824	0.5959481	0.5318264	-0.50434536	-0.62398535	-0.5411263	-0.5399124	-0.5872352	-0.6258523	0.5497778	-0.5392485	-0.51175207	-0.542881	-0.5637238	0.53773326	0.567907	-0.5863112	0.55147624	0.5896507	-0.5686957	0.5234218	0.54056513	-0.5427934	0.5498175	0.5630947	-0.5501262	-0.510626	0.5459635	0.53237855	0.5053966	-0.5880767	-0.5008384	0.47251716	0.51742053	-0.5190297	0.61816496	0.5647	0.5364086	0.5397479	0.5912985	0.52750295	-0.5625905	-0.55440456	0.5739818	0.55792797	-0.5432736	0.51167643	-0.5762955	0.56883514	0.54927355	-0.42763194	0.55733395	-0.54204947
-0.68318796	-0.94080055	-0.8472069	0.93804806	-0.8824277	-0.9014109	0.8318689	0.7920426	0.8800414	0.8754642	-0.8802751	-0.9024061	-0.92414	0.867491	-0.88108015	-0.90478176	0.9158066	0.79801667	-0.9333508	-0.9311931	-0.92525357	-0.8533399	0.9359916	0.9237528	0.8750395	0.8235355	-0.88083494	-0.85089254	0.9914463	0.9334521	-0.8570239	0.9161295	-0.96057427	-0.81176835	0.88979685	-0.92602444	-0.7880876	0.8339209	-0.8379638	0.8166654	0.97553927	-0.88887364	-0.88960046	-0.87560195	-0.87602603	0.9595635	-0.7936971	-0.9233267	0.9315398	0.8628957	-0.6730194	-0.9055515	-0.8400029	-0.90189546	-0.94407624	-0.91017884	0.9464486	-0.98270017	-0.88840026	-0.79946643	-0.93288195	0.82713246	0.7336396	-0.9130204	0.8874495	0.94257617	-0.704551	0.76306957	0.98596334	-0.96267694	0.806466	0.8744239	-0.8821538	-0.8781988	0.93145657	0.83831793	0.9256372	-0.9003481	-0.8404538	0.7252755	0.75563216	-0.7702561	0.8384719	0.8335936	0.7354211	0.81909823	0.9150817	0.831231	-0.82754284	-0.9131036	0.87183446	0.88084394	-0.84738106	0.9849704	-0.8888286	0.83852434	0.94075364	-0.77275056	0.8629407	-0.93391436
-0.5986903	-0.5193711	-0.5526727	0.54336065	-0.52794844	-0.4812212	0.4413235	0.5194384	0.5456361	0.5504531	-0.5628729	-0.5991511	-0.59645486	0.4786708	-0.5374065	-0.5549583	0.4993147	0.55289525	-0.53895605	-0.5654871	-0.61532193	-0.54848087	0.5108379	0.5619585	0.5067231	0.5291944	-0.5844167	-0.49987498	0.5823012	0.5321204	-0.5762249	0.57057166	-0.52130103	-0.44089335	0.6176896	-0.4947635	-0.44021335	0.5127933	-0.55167454	0.5500029	0.6021576	-0.5584386	-0.5101849	-0.52986693	-0.5010407	0.56720984	-0.43334097	-0.50599056	0.5172769	0.48026848	-0.4979813	-0.62127185	-0.5379514	-0.5325919	-0.5000414	-0.56500477	0.5092476	-0.5465575	-0.5150302	-0.55587333	-0.60779977	0.5131886	0.5121901	-0.5762247	0.5185341	0.58488125	-0.55231065	0.5963369	0.53313315	-0.6052739	0.5253806	0.53658944	-0.51299953	-0.49278566	0.5178884	0.55206084	0.46334082	-0.6049144	-0.43020934	0.40235344	0.4782179	-0.521059	0.5915727	0.5395122	0.5203183	0.56656915	0.5695083	0.5358139	-0.5037617	-0.5081693	0.539111	0.490227	-0.5587956	0.49208972	-0.57517123	0.5591374	0.5866513	-0.38766757	0.54705644	-0.54893863
-0.54094607	-0.7651843	-0.72710645	0.7332725	-0.71357507	-0.82525176	0.7211626	0.5649423	0.6590855	0.7533387	-0.77693814	-0.84076846	-0.87899506	0.7539758	-0.8451599	-0.78933644	0.7735329	0.61898476	-0.8024169	-0.76605856	-0.8323677	-0.7553626	0.7595426	0.78867066	0.8215715	0.7000352	-0.68898326	-0.74332607	0.883567	0.83461547	-0.693135	0.82807857	-0.75702035	-0.68230736	0.6983452	-0.7993401	-0.6921746	0.6324233	-0.66518587	0.7438564	0.8346401	-0.82802874	-0.7621082	-0.7448325	-0.81356955	0.78847414	-0.7207036	-0.74881756	0.8533844	0.782171	-0.50381887	-0.7617322	-0.6686277	-0.7291285	-0.8078644	-0.80013627	0.77244747	-0.7812433	-0.78591824	-0.5792737	-0.79247457	0.7534178	0.6712573	-0.8432293	0.746442	0.74691415	-0.5264409	0.6431561	0.85703105	-0.8013153	0.69577503	0.77350074	-0.7369761	-0.79517895	0.741758	0.7907511	0.7947811	-0.74741006	-0.74623716	0.6379344	0.618073	-0.5421962	0.743971	0.69130313	0.6001625	0.6303266	0.71191335	0.5550833	-0.8202064	-0.78088534	0.76588166	0.7685254	-0.69049245	0.8736744	-0.7472704	0.6483107	0.8407923	-0.7173353	0.73305315	-0.80077463
-0.71241534	-0.6627128	-0.7089035	0.7051087	-0.6870296	-0.6934952	0.7115738	0.75070274	0.6621189	0.6698255	-0.68706095	-0.70748246	-0.68222433	0.6519539	-0.69359165	-0.7254864	0.7478901	0.6582504	-0.6856668	-0.7158685	-0.70545495	-0.7424211	0.6914742	0.6731803	0.7272286	0.71224564	-0.7530719	-0.68272275	0.740174	0.6725109	-0.7084632	0.665991	-0.686509	-0.7236798	0.66971135	-0.71372336	-0.7161595	0.67686087	-0.7731038	0.75125873	0.6839127	-0.6954786	-0.6707003	-0.65065795	-0.7940679	0.72432387	-0.650572	-0.7645875	0.7563485	0.7129176	-0.74472576	-0.7193374	-0.7107387	-0.7228431	-0.7405069	-0.72798884	0.7027033	-0.7228208	-0.7402776	-0.7272248	-0.7365576	0.7629989	0.65258354	-0.6423914	0.6732095	0.7497784	-0.7595284	0.68962187	0.7186648	-0.74795824	0.75348973	0.72303486	-0.76435316	-0.69691616	0.75352347	0.7224331	0.6569223	-0.70471424	-0.6906757	0.71504974	0.67490876	-0.710468	0.68581396	0.74788177	0.72073084	0.7178021	0.71232027	0.6798306	-0.7064369	-0.7013726	0.7237489	0.7162011	-0.7009835	0.7303622	-0.6715791	0.7253413	0.7631229	-0.736951	0.75545514	-0.69150543
-0.52637255	-0.6770705	-0.71144503	0.64357567	-0.62622267	-0.73274004	0.633764	0.6472583	0.6367027	0.6592684	-0.69101363	-0.7098317	-0.76472557	0.6651754	-0.6837999	-0.7209108	0.69160587	0.63714147	-0.69086236	-0.7298311	-0.760883	-0.62937945	0.6641781	0.6455237	0.65128136	0.6070684	-0.6977347	-0.704808	0.7127621	0.7455014	-0.7102019	0.7293762	-0.66150016	-0.6351444	0.63732713	-0.70900625	-0.6460719	0.65937257	-0.6380301	0.63578796	0.69058895	-0.69564956	-0.714946	-0.6861391	-0.6973604	0.7199503	-0.6159058	-0.72766393	0.7292291	0.68669796	-0.53539634	-0.7219024	-0.5904657	-0.6331666	-0.7028071	-0.6819684	0.7130631	-0.70207053	-0.6602683	-0.5837068	-0.67792296	0.61918896	0.62995803	-0.750125	0.7030894	0.73130226	-0.5941534	0.5934913	0.6753738	-0.6845476	0.6348702	0.6540971	-0.67492896	-0.64238006	0.65981376	0.67331344	0.72620964	-0.6811442	-0.7378191	0.6605031	0.61270684	-0.6100957	0.6821598	0.6788372	0.50996035	0.64055884	0.7121132	0.5956881	-0.6696101	-0.69065934	0.6407162	0.6395071	-0.6692416	0.75985116	-0.6526753	0.65695614	0.75431424	-0.62027615	0.67165893	-0.69813514
-0.33134228	-0.41984954	-0.37143221	0.45416093	-0.40549955	-0.33237755	0.32884702	0.37572128	0.37812364	0.36960813	-0.3931873	-0.394544	-0.3778739	0.4142886	-0.33726165	-0.44027936	0.38476056	0.3757889	-0.406904	-0.43466595	-0.3702613	-0.4276442	0.39144558	0.4467727	0.31638506	0.38696724	-0.433598	-0.42140427	0.42687187	0.3761909	-0.3997614	0.3945775	-0.35219464	-0.34901336	0.46508145	-0.34527206	-0.30204713	0.3711981	-0.37612712	0.4163975	0.38715512	-0.3781059	-0.3873859	-0.382557	-0.3733936	0.33948097	-0.36691704	-0.3690094	0.3499507	0.38601288	-0.41057324	-0.43731135	-0.4289422	-0.43435198	-0.36520326	-0.43025053	0.39096057	-0.4029487	-0.3962598	-0.4407588	-0.39366502	0.36112186	0.3129716	-0.3954043	0.46754926	0.37946692	-0.37410673	0.41669178	0.40765476	-0.41061097	0.4010315	0.3698737	-0.421773	-0.4227794	0.4551365	0.35690403	0.41160306	-0.38669837	-0.34681416	0.31028035	0.39828146	-0.39656717	0.44440067	0.35539788	0.39165103	0.40997443	0.41489682	0.44836074	-0.3813449	-0.34003103	0.42563048	0.4306576	-0.37852877	0.2760191	-0.43251574	0.41541952	0.3924711	-0.28098112	0.40159267	-0.3646049
-0.5493548	-0.51944894	-0.53323084	0.58621806	-0.59171766	-0.5254962	0.507348	0.5198436	0.588064	0.595977	-0.50340587	-0.5463697	-0.5119448	0.57359916	-0.57441336	-0.5943096	0.57798326	0.54669374	-0.55626076	-0.5667962	-0.50782096	-0.5830832	0.5694998	0.55721575	0.53485525	0.534956	-0.5766413	-0.5262672	0.50775516	0.54775304	-0.56759495	0.5538086	-0.5278848	-0.5609431	0.5338727	-0.5615781	-0.50221103	0.52214676	-0.5763109	0.5745593	0.55859023	-0.518127	-0.5250922	-0.5670779	-0.56712276	0.4797893	-0.5027018	-0.595774	0.5669256	0.57605064	-0.55893046	-0.5490965	-0.58177775	-0.5877985	-0.54972917	-0.5315177	0.536103	-0.52966434	-0.57441026	-0.5912848	-0.5292847	0.6020333	0.51469284	-0.6126713	0.59248906	0.5681838	-0.51245856	0.51995	0.5390265	-0.59907913	0.6083511	0.54075676	-0.5215025	-0.51313794	0.5252392	0.5828846	0.54644775	-0.53453714	-0.54712456	0.56403756	0.57258046	-0.5096726	0.60119694	0.6104632	0.53334695	0.56146854	0.5704453	0.5944272	-0.56992346	-0.53832227	0.5449779	0.5490876	-0.5780363	0.49873176	-0.55708486	0.5315721	0.5210197	-0.5107673	0.5914539	-0.5928352
-0.6710425	-0.7680525	-0.682969	0.7676293	-0.7019151	-0.6856874	0.7286317	0.6801722	0.75872415	0.72278273	-0.6891742	-0.7180373	-0.7428245	0.6494223	-0.7308703	-0.66907	0.72544014	0.70194405	-0.673204	-0.74982744	-0.67442787	-0.68811053	0.7544922	0.7402448	0.6623977	0.75512743	-0.70455915	-0.7339241	0.6967939	0.6710272	-0.6703941	0.69611514	-0.7542083	-0.6680414	0.7292439	-0.68831825	-0.6807298	0.7441536	-0.73530316	0.7214904	0.6867275	-0.63822407	-0.69855505	-0.7367498	-0.71880543	0.74066126	-0.6770133	-0.7085727	0.6923603	0.7051893	-0.66935736	-0.708567	-0.6660836	-0.69469595	-0.7095155	-0.6783496	0.735449	-0.6332939	-0.7092268	-0.69164836	-0.73105925	0.6958084	0.64031816	-0.64792496	0.69640756	0.73051983	-0.65538734	0.68635327	0.72309506	-0.70314276	0.73779744	0.716911	-0.65684766	-0.67728424	0.73945826	0.7088643	0.63010776	-0.74110335	-0.60965	0.6659742	0.72812265	-0.65928155	0.72585475	0.6863693	0.66041535	0.6801374	0.7102246	0.7114458	-0.6419266	-0.7287573	0.7231102	0.7394081	-0.68185323	0.6931311	-0.7215065	0.74658346	0.74658793	-0.62096334	0.6726448	-0.6749884
-0.6708065	-0.6134051	-0.58790696	0.66899216	-0.60712117	-0.5286655	0.5395245	0.6030322	0.6515829	0.5684169	-0.5706388	-0.5909637	-0.5731236	0.56693155	-0.6074999	-0.6236734	0.6116956	0.63817567	-0.5710566	-0.6159242	-0.67260945	-0.6393981	0.6465515	0.58732957	0.6271555	0.5968908	-0.6935745	-0.6450048	0.58952564	0.6482121	-0.5962201	0.62874	-0.5996176	-0.6099395	0.62854093	-0.55342007	-0.5790215	0.6778548	-0.58072835	0.635346	0.62302905	-0.577133	-0.6205378	-0.61498374	-0.6294945	0.5699176	-0.5751046	-0.5920311	0.5687982	0.53178513	-0.6170511	-0.5860476	-0.57292575	-0.64033663	-0.64168704	-0.6420069	0.58946925	-0.60260165	-0.532896	-0.6726932	-0.58781266	0.6397991	0.61963683	-0.5901289	0.61275613	0.611037	-0.5762122	0.61290604	0.6300112	-0.6403759	0.63526404	0.6304897	-0.5892594	-0.5663756	0.65030986	0.62443703	0.6011965	-0.6605943	-0.48764297	0.51747423	0.5867894	-0.6405645	0.6146452	0.67379373	0.6392775	0.6181858	0.6420122	0.63247144	-0.5362951	-0.5362623	0.6508461	0.65716493	-0.6586501	0.551545	-0.62710744	0.63707536	0.5839684	-0.5377612	0.58956766	-0.6005534
-0.74710864	-0.7556952	-0.7559222	0.7778462	-0.7486883	-0.7369918	0.7310776	0.7365438	0.8077728	0.71887004	-0.78891766	-0.74285686	-0.8417469	0.7074091	-0.76186067	-0.7420421	0.7385198	0.80499804	-0.7727069	-0.754937	-0.8093132	-0.77208656	0.82661146	0.769945	0.74249536	0.8143923	-0.7831933	-0.794701	0.78009593	0.80371726	-0.73036546	0.7561483	-0.7896216	-0.7451427	0.7343223	-0.72769845	-0.74260986	0.777434	-0.7243384	0.7834653	0.816908	-0.7263891	-0.7758531	-0.71554315	-0.8382355	0.75433224	-0.6470716	-0.7805368	0.76675487	0.7436177	-0.71769285	-0.81152314	-0.7347326	-0.7818936	-0.7173401	-0.7903222	0.75778985	-0.71050143	-0.7878938	-0.79824394	-0.7459563	0.7884923	0.77068955	-0.73034173	0.7499417	0.77535355	-0.77312857	0.8098532	0.8124201	-0.7979473	0.7302975	0.81617886	-0.7495431	-0.7106512	0.7050022	0.732858	0.7224019	-0.7448957	-0.62886316	0.7052528	0.7720602	-0.77810234	0.75411886	0.8031076	0.75694275	0.7918464	0.76369315	0.75949883	-0.6969902	-0.69590133	0.75082856	0.7532896	-0.73703295	0.74646205	-0.79284674	0.79904276	0.785428	-0.7118653	0.77456325	-0.7986227
0.19235569	0.124876484	0.13689043	-0.1203591	0.100454226	0.017373845	-0.07435974	-0.15195441	-0.07088202	-0.1099124	0.11690119	0.12162648	0.071215846	-0.13588463	0.09923771	0.06327674	-0.02648402	-0.14133084	0.053700585	0.0417482	0.09495334	0.07805765	-0.0992903	-0.051091444	-0.07407523	-0.12286046	0.08994804	0.05633285	-0.08064754	-0.09000408	0.12356703	-0.044427715	0.06261911	0.14068082	-0.099872306	0.026297798	0.089559585	-0.114617236	0.14146636	-0.07205338	-0.07520586	0.10722967	0.111012176	0.07705032	0.10835144	-0.050562616	0.04993336	0.049709175	-0.03807483	-0.07091388	0.16072631	0.113497235	0.15085419	0.068293616	0.051470295	0.06323942	-0.13000509	0.024722068	0.10790187	0.073666915	0.11449283	-0.092670955	-0.1563631	0.068966985	-0.07692049	-0.05907452	0.081142224	-0.1446247	-0.091731906	0.073503	-0.08744338	-0.12572417	0.112220205	0.11096005	-0.05377881	-0.06056721	-0.07118088	0.0379985	0.096983604	-0.08330259	-0.077221364	0.101901084	-0.05682141	-0.14131944	-0.15299329	-0.1268648	-0.07371716	-0.048200272	0.078671485	0.08055413	-0.10567756	-0.12387532	0.09390373	-0.019413834	0.0725401	-0.090949	-0.07201981	0.15168783	-0.097079575	0.065163486
-0.59087515	-0.72595465	-0.68554527	0.738071	-0.6390131	-0.7354977	0.670497	0.60480917	0.7301884	0.70446295	-0.7517491	-0.72104555	-0.7075093	0.70355237	-0.75948375	-0.7181474	0.72030133	0.6535308	-0.6958577	-0.7216103	-0.80546284	-0.70893717	0.69366807	0.7453705	0.68037426	0.7085783	-0.67318857	-0.6624011	0.7789501	0.7234422	-0.6406296	0.72818434	-0.7309216	-0.5806214	0.67702705	-0.7520073	-0.59039605	0.6310849	-0.62612766	0.68609726	0.79487014	-0.70789856	-0.70488334	-0.7489974	-0.6858329	0.7209214	-0.6755585	-0.7093478	0.7613824	0.73838544	-0.58866215	-0.74774283	-0.64077353	-0.69781643	-0.7521283	-0.6770841	0.7084005	-0.8106468	-0.758379	-0.66337526	-0.73729855	0.7119838	0.5890167	-0.7676961	0.7448895	0.7401392	-0.61696434	0.6472342	0.74406844	-0.7803317	0.67396	0.67313814	-0.6970573	-0.66515625	0.70382375	0.725817	0.68935513	-0.75374836	-0.7371146	0.5364987	0.6499637	-0.62403494	0.6847786	0.6667949	0.5268892	0.67611164	0.72256625	0.6680794	-0.69246906	-0.7597353	0.71958935	0.6660177	-0.6600121	0.6287529	-0.72043306	0.7223471	0.7843189	-0.5626381	0.6962201	-0.732609
-0.7178114	-0.7454487	-0.7920408	0.7482057	-0.7533449	-0.67979157	0.6881088	0.6521841	0.7473748	0.7184405	-0.6984782	-0.7298146	-0.8312852	0.7400229	-0.7235575	-0.7923088	0.749599	0.7708877	-0.7642032	-0.73144203	-0.73120826	-0.81416976	0.7361985	0.711174	0.7661613	0.8232153	-0.75659454	-0.7263253	0.7347371	0.8091013	-0.74717855	0.74499965	-0.77553123	-0.6840815	0.8209729	-0.7632431	-0.62650937	0.79054826	-0.7303117	0.74924034	0.7934569	-0.695074	-0.7518292	-0.7987379	-0.73076737	0.7293976	-0.6416153	-0.7353971	0.7489594	0.73628825	-0.69375205	-0.75017023	-0.70747405	-0.7199582	-0.7617079	-0.79083914	0.7224425	-0.7446276	-0.7590434	-0.81796557	-0.7738864	0.69963247	0.70750695	-0.76394886	0.7200288	0.73601156	-0.8013258	0.7355018	0.7842794	-0.7028861	0.72675055	0.7634037	-0.7789145	-0.77090186	0.78930646	0.7044977	0.6824372	-0.7660352	-0.6059884	0.6287736	0.78689015	-0.68102133	0.79933953	0.78708196	0.7206322	0.79086876	0.7437641	0.824151	-0.66366357	-0.72800124	0.72259086	0.715302	-0.8114186	0.829307	-0.78319526	0.8160677	0.7646959	-0.60807174	0.7638193	-0.7478253
-0.5917447	-0.8210123	-0.7382281	0.83671224	-0.79940015	-0.7967486	0.80167824	0.6399658	0.8001702	0.8175377	-0.78538775	-0.8210251	-0.8684235	0.79288054	-0.86441004	-0.7815224	0.81857777	0.78494436	-0.8240993	-0.8544357	-0.84288347	-0.7656487	0.86926705	0.79752135	0.80460495	0.77784467	-0.74274266	-0.8137537	0.8837191	0.7894652	-0.83962667	0.86248046	-0.8436239	-0.6890018	0.791075	-0.7899353	-0.7232058	0.7688141	-0.81646335	0.78523886	0.8007129	-0.7793467	-0.81292516	-0.80535173	-0.76679385	0.84268093	-0.710216	-0.7988107	0.80950135	0.8359322	-0.58960146	-0.8293619	-0.76607746	-0.8566876	-0.7971876	-0.8185719	0.85848975	-0.81772107	-0.8372341	-0.6968099	-0.81890637	0.7705541	0.72050214	-0.7785833	0.85393274	0.7948537	-0.6766662	0.6675961	0.8175741	-0.78818274	0.81915283	0.8116729	-0.7592774	-0.8151423	0.8173022	0.7694396	0.75165904	-0.85153604	-0.7859941	0.66750205	0.73337257	-0.64154845	0.7663318	0.7458368	0.63169456	0.7023226	0.79879874	0.73628324	-0.74676806	-0.8029213	0.79626304	0.82403505	-0.76538694	0.7940005	-0.83882195	0.8056911	0.79289716	-0.6701534	0.7839334	-0.81539947
-0.57324094	-0.7588794	-0.7288541	0.74154085	-0.7189917	-0.7896124	0.73124677	0.70772666	0.7154195	0.74188256	-0.7400709	-0.74569815	-0.7782441	0.6885491	-0.82536185	-0.8451578	0.8354004	0.74222004	-0.8060283	-0.80961484	-0.7222128	-0.7582496	0.8199876	0.7869359	0.78956914	0.7318618	-0.7305177	-0.735412	0.79341197	0.733665	-0.710918	0.7971977	-0.7675087	-0.6293353	0.69471	-0.81423163	-0.6820723	0.7242627	-0.72027874	0.7605436	0.80632555	-0.77020866	-0.750394	-0.78100973	-0.76475775	0.77761275	-0.7563494	-0.7732611	0.7699803	0.8271314	-0.6123669	-0.8184718	-0.72892535	-0.75437003	-0.75858456	-0.80089676	0.7926102	-0.8578309	-0.80517757	-0.66257733	-0.79764706	0.78587306	0.6523491	-0.7613754	0.74760324	0.7781396	-0.61208844	0.68813026	0.8245188	-0.8279051	0.6733552	0.818453	-0.71977216	-0.8064283	0.7414593	0.7768183	0.7794354	-0.80121243	-0.7262074	0.682329	0.6617732	-0.6702878	0.6989278	0.7784243	0.6279775	0.62373334	0.73948073	0.63360524	-0.72912997	-0.74708545	0.71752465	0.7994136	-0.7115941	0.8052587	-0.75826746	0.7148977	0.8006738	-0.71539223	0.7724375	-0.8188026
-0.7894374	-0.96851766	-0.8828135	0.9462416	-0.85635126	-0.9774173	0.9010813	0.80575955	0.8763549	0.94709903	-0.91777605	-0.9892806	-0.95434874	0.8103721	-0.92595786	-1.0006019	1.0085403	0.8825226	-0.95145863	-0.95416623	-0.9641644	-0.89623356	0.9373993	0.89494157	0.9587528	0.8588659	-0.8664831	-0.8793147	0.9579675	0.897411	-0.866478	0.95805293	-0.95944196	-0.7527344	0.9153493	-0.96424043	-0.8126403	0.91683155	-0.88507956	0.8744681	1.0409939	-0.89050704	-0.9605735	-0.9033268	-0.9445856	0.96057856	-0.8169003	-0.892138	1.0338176	0.8957185	-0.7416891	-0.9746018	-0.8358377	-0.94441646	-0.89122605	-0.9176211	0.9645455	-0.97280663	-1.0030422	-0.8504252	-0.9060794	0.8272755	0.7999727	-0.99150944	0.9186683	0.9347271	-0.7671051	0.7911737	0.96283984	-0.88132507	0.8524486	0.903764	-0.91321164	-0.9525764	0.92124313	0.8909009	0.83313954	-0.9051756	-0.76457584	0.66360223	0.8532288	-0.77330023	0.84948367	0.8537866	0.757852	0.85776114	0.90544087	0.85709906	-0.8598201	-0.93164635	0.9453268	0.8531873	-0.90054715	0.9633974	-0.9332925	0.92752063	0.9875499	-0.72149533	0.89680266	-0.98796445
-0.5111916	-0.4881346	-0.53248507	0.5522638	-0.45687824	-0.4376335	0.43997929	0.54073703	0.5131951	0.4885727	-0.4719119	-0.570011	-0.5301486	0.48989046	-0.53711706	-0.5539739	0.56115705	0.537116	-0.520444	-0.487458	-0.4948304	-0.53528893	0.5159042	0.53206044	0.5581878	0.5067765	-0.5205178	-0.5340808	0.5563432	0.4988626	-0.50325227	0.5678215	-0.52538407	-0.49583247	0.51695746	-0.52768487	-0.41825402	0.5749777	-0.5531414	0.45613912	0.5398625	-0.55039155	-0.49739596	-0.56265193	-0.4813959	0.47554496	-0.49352163	-0.4710071	0.54760736	0.4522332	-0.45406777	-0.48269352	-0.46175116	-0.53135836	-0.50764585	-0.54586023	0.47034487	-0.53156024	-0.5167581	-0.5200869	-0.5052101	0.5156542	0.4944449	-0.49064878	0.5271568	0.50372726	-0.5529957	0.48354346	0.5204697	-0.48464143	0.46590766	0.51690644	-0.47989443	-0.4796188	0.56099373	0.5141524	0.54104704	-0.5116611	-0.46347782	0.4117131	0.4731059	-0.50179875	0.56681675	0.49939123	0.50715125	0.5842262	0.5523791	0.5252163	-0.49443173	-0.48373318	0.4939842	0.47533733	-0.537303	0.48688376	-0.46441534	0.5442423	0.57591724	-0.42110032	0.5371453	-0.5619986
-0.6462269	-0.77752846	-0.7144012	0.6967985	-0.72571176	-0.71825355	0.6367015	0.6837467	0.69616646	0.75228614	-0.74844843	-0.7592224	-0.7448533	0.6445972	-0.78993255	-0.7617456	0.7519882	0.7121943	-0.68527454	-0.7508315	-0.7595311	-0.73941255	0.73516154	0.7095274	0.7595299	0.73002106	-0.7454371	-0.6891028	0.7866539	0.7759565	-0.75247425	0.7537161	-0.776997	-0.62442505	0.6681171	-0.79067105	-0.64085305	0.6674845	-0.65565246	0.71324253	0.7372802	-0.681247	-0.76638126	-0.7085587	-0.685046	0.7201067	-0.68316925	-0.71331877	0.7457395	0.7585041	-0.62878716	-0.75808716	-0.7132932	-0.686582	-0.71749234	-0.7341755	0.6744545	-0.72408044	-0.7720306	-0.68095267	-0.68975884	0.7067163	0.63599956	-0.77335185	0.6833202	0.75832415	-0.7003785	0.6954245	0.784669	-0.6996273	0.7176213	0.7319075	-0.71940416	-0.69574434	0.69073904	0.6611075	0.73270804	-0.7355814	-0.61586696	0.6084375	0.65394676	-0.6677466	0.74501884	0.6939764	0.61907065	0.65754867	0.7055234	0.72807324	-0.69624656	-0.6858713	0.7421387	0.6855093	-0.7318177	0.7693572	-0.68485457	0.7277408	0.74885356	-0.64407325	0.7538179	-0.6939514
-0.7660882	-0.9093204	-0.8020646	0.838057	-0.82823104	-0.78977716	0.8297157	0.7607033	0.8543316	0.88954943	-0.79169285	-0.90465415	-0.785896	0.8569343	-0.8175849	-0.86929965	0.91130066	0.7979384	-0.8723745	-0.89072204	-0.8427446	-0.8284209	0.8700817	0.8593729	0.8474411	0.8392083	-0.83682096	-0.8084974	0.79973567	0.87929535	-0.88406867	0.90093803	-0.8495719	-0.79353	0.89810914	-0.8133487	-0.82810676	0.8882755	-0.87244594	0.83990604	0.819693	-0.8263184	-0.8416847	-0.885826	-0.8555546	0.80831337	-0.77415246	-0.8510386	0.8266199	0.86970645	-0.80076444	-0.9098428	-0.81512547	-0.84319454	-0.8415584	-0.8739592	0.8875565	-0.81081486	-0.8370595	-0.7973334	-0.9091448	0.8089051	0.8340077	-0.81851274	0.89666826	0.844812	-0.7815378	0.78040683	0.8643367	-0.8554137	0.8806762	0.89220196	-0.80993694	-0.8434324	0.8023834	0.85701984	0.8129841	-0.84897983	-0.76582104	0.7279632	0.8712186	-0.7652699	0.88253677	0.8511227	0.75323576	0.79502475	0.8627588	0.8128336	-0.8167693	-0.79742193	0.84768075	0.8025517	-0.85579884	0.704182	-0.8370197	0.90377975	0.92308885	-0.7892717	0.8741798	-0.8158825
-0.77646923	-0.7399848	-0.7370978	0.7547032	-0.78232366	-0.69012004	0.78054065	0.797533	0.7897494	0.8308913	-0.7715862	-0.75274324	-0.67549723	0.79435813	-0.79223037	-0.7818871	0.7377515	0.80041873	-0.74538445	-0.7496444	-0.75993603	-0.8197313	0.7512975	0.83007294	0.7998278	0.7885971	-0.74157166	-0.76400256	0.7073822	0.8227958	-0.7629032	0.8096244	-0.70357335	-0.7380204	0.8043815	-0.73649365	-0.72725165	0.7431773	-0.7284978	0.7879027	0.70455825	-0.76950204	-0.76985055	-0.74801487	-0.8170431	0.74199796	-0.80686027	-0.809125	0.68106514	0.767153	-0.7759056	-0.79873073	-0.7522994	-0.7717431	-0.7381669	-0.7666804	0.73981893	-0.7305663	-0.7449338	-0.7446725	-0.827346	0.7712532	0.75139946	-0.7414757	0.80365986	0.8236956	-0.77946424	0.7491343	0.74138874	-0.8296785	0.75632346	0.7984038	-0.7421744	-0.8050372	0.78828704	0.76684177	0.8098029	-0.80003756	-0.7659237	0.74475163	0.7399945	-0.7893067	0.79670435	0.75104296	0.7143442	0.799802	0.7456892	0.7706803	-0.78149956	-0.7858791	0.7400256	0.82022876	-0.75717264	0.6742625	-0.75016034	0.82290655	0.76957434	-0.7181962	0.7711117	-0.77231634
-0.5972169	-0.839693	-0.8003781	0.8591666	-0.819668	-0.8354187	0.8032782	0.70198244	0.82114196	0.8080137	-0.872483	-0.9026934	-0.8738033	0.80491006	-0.89839154	-0.8915788	0.9109788	0.74601567	-0.91293144	-0.891518	-0.9449564	-0.84985864	0.8750562	0.87339646	0.8451031	0.81225485	-0.8779849	-0.7947397	0.90984833	0.9035468	-0.82209194	0.9096824	-0.8840026	-0.6459428	0.84778017	-0.8678895	-0.68382794	0.7469138	-0.77459794	0.7002272	0.9350564	-0.8902331	-0.91214526	-0.85917795	-0.8377138	0.8527316	-0.7590135	-0.8731246	0.87442213	0.87805396	-0.60066605	-0.91115826	-0.67764604	-0.8182635	-0.90009725	-0.85927725	0.8714024	-0.8659259	-0.85499763	-0.747931	-0.81766057	0.7677327	0.72001326	-0.9027872	0.8325008	0.9362124	-0.6341273	0.7532224	0.865415	-0.9074574	0.7198146	0.94420135	-0.8480979	-0.88847303	0.84446293	0.8527109	0.85048443	-0.9081296	-0.7355382	0.5932683	0.72618425	-0.64381856	0.82540524	0.741612	0.5947618	0.73334986	0.83778733	0.70828664	-0.8692484	-0.9049267	0.9079486	0.8470361	-0.8690135	0.89501226	-0.83638626	0.7929354	0.84637314	-0.56195056	0.8458615	-0.9312315
-0.6340067	-0.6415843	-0.6119944	0.6697924	-0.62821335	-0.7320727	0.6103462	0.6335051	0.64000475	0.69863194	-0.7082263	-0.69638145	-0.6589001	0.6866662	-0.66008997	-0.7075514	0.7341077	0.6148909	-0.6689012	-0.714828	-0.68321174	-0.692537	0.70243067	0.62971383	0.7025511	0.61803436	-0.6091797	-0.68551517	0.6875968	0.6723716	-0.6743546	0.67251235	-0.6591489	-0.6190988	0.6123834	-0.67235386	-0.6270562	0.6104318	-0.64740735	0.66835195	0.7456236	-0.7251687	-0.7274207	-0.6013392	-0.69347805	0.73186153	-0.6249137	-0.61196095	0.7087427	0.70269763	-0.6355137	-0.7221739	-0.63281184	-0.7047438	-0.7236131	-0.6589067	0.70426965	-0.75523335	-0.68036664	-0.64296085	-0.64427364	0.6257207	0.620916	-0.7058879	0.6531985	0.65018386	-0.59275603	0.65585923	0.69109344	-0.6917255	0.6269698	0.64618903	-0.7176853	-0.66399455	0.6884924	0.6837516	0.6634848	-0.7315384	-0.6758058	0.5447332	0.64550984	-0.6373362	0.6922525	0.66436625	0.607827	0.6338828	0.6818693	0.572301	-0.6535473	-0.7082875	0.6476213	0.68979245	-0.64963555	0.6891213	-0.6285663	0.6062946	0.68741775	-0.61272883	0.6801512	-0.7333935
-0.5582018	-0.5893662	-0.54463124	0.60003424	-0.5423805	-0.5444333	0.5552901	0.5553463	0.5612171	0.5911822	-0.51991934	-0.5415944	-0.5407474	0.5504972	-0.5258951	-0.5265737	0.5242047	0.61438805	-0.55568314	-0.55843335	-0.56952864	-0.57603747	0.60075986	0.5786651	0.5957046	0.60640484	-0.56227744	-0.5496813	0.5492244	0.54170495	-0.6247781	0.58153415	-0.61320215	-0.58062494	0.63069373	-0.58626753	-0.5175189	0.58900744	-0.5384115	0.5807851	0.5878282	-0.5244619	-0.58722144	-0.5395639	-0.5556351	0.5742122	-0.5221501	-0.57706815	0.57273674	0.5493667	-0.59468436	-0.568346	-0.57793534	-0.579396	-0.591436	-0.5802556	0.58128375	-0.5177771	-0.5575335	-0.5412593	-0.62142956	0.5273352	0.534549	-0.58698386	0.5512338	0.56891733	-0.54915637	0.57178867	0.5361061	-0.6002402	0.5332323	0.5443437	-0.5878918	-0.5817678	0.6069764	0.5785093	0.5110361	-0.5450724	-0.5682263	0.5003409	0.550929	-0.5325588	0.60905105	0.59607875	0.61523014	0.5500232	0.61727864	0.551903	-0.5721665	-0.5697757	0.52917534	0.56889117	-0.5436305	0.6001448	-0.5712148	0.6237177	0.6177699	-0.49381796	0.6114013	-0.60583746
-0.7083939	-0.8255504	-0.8177573	0.7385155	-0.7729754	-0.7714781	0.76529807	0.7561389	0.82226014	0.8086858	-0.8060429	-0.78401214	-0.777874	0.75657034	-0.79470015	-0.810521	0.7857112	0.75355667	-0.7594698	-0.796579	-0.781118	-0.82861876	0.7232381	0.7772955	0.811115	0.79413086	-0.8188532	-0.7348679	0.7890266	0.74238044	-0.7561777	0.81064963	-0.7435984	-0.6812971	0.7756076	-0.7457827	-0.7305539	0.8014167	-0.7638241	0.8066077	0.8063276	-0.8026303	-0.81879646	-0.7972931	-0.7974872	0.77117836	-0.71095604	-0.7787162	0.81362915	0.77474654	-0.76499915	-0.80063176	-0.78817564	-0.7403186	-0.7494732	-0.8303995	0.7393488	-0.7628293	-0.76004636	-0.7875135	-0.781839	0.80620134	0.7478522	-0.7651832	0.72677016	0.7662942	-0.7602346	0.74526113	0.8195203	-0.82296395	0.7544295	0.8003772	-0.8057276	-0.732234	0.8134473	0.7080927	0.7648447	-0.8324089	-0.6783119	0.6752893	0.8170492	-0.7343189	0.78595066	0.77748454	0.7473463	0.8145275	0.7919785	0.7647564	-0.756328	-0.7836873	0.7291336	0.8001877	-0.7930808	0.769147	-0.79617745	0.75295573	0.7682664	-0.7162227	0.75655115	-0.8038391
-0.65543216	-0.81329244	-0.7918172	0.7514248	-0.73334605	-0.719562	0.7421059	0.641303	0.7806619	0.7906364	-0.7187012	-0.7547651	-0.82849956	0.7073224	-0.76142186	-0.7748175	0.8095464	0.70349246	-0.7902555	-0.7520979	-0.75702643	-0.76838684	0.73465794	0.7345282	0.7146969	0.6902557	-0.76794976	-0.7853952	0.81871	0.8006655	-0.71041846	0.767525	-0.8038524	-0.62043786	0.7647655	-0.7548209	-0.6354924	0.7595599	-0.69100964	0.6677534	0.7934349	-0.7567309	-0.76193696	-0.7661103	-0.68573874	0.7667369	-0.679856	-0.7721203	0.8040408	0.7649147	-0.61234826	-0.8196056	-0.7201279	-0.7549937	-0.7507222	-0.7864491	0.73756796	-0.76368666	-0.79715353	-0.7294775	-0.8078986	0.6922844	0.66116816	-0.77782434	0.7898337	0.7309863	-0.65312433	0.70126426	0.7685919	-0.7834694	0.6978137	0.71432084	-0.79462373	-0.7701944	0.7150593	0.7186212	0.694196	-0.7588945	-0.6553047	0.5632735	0.6635441	-0.68092114	0.7407487	0.73685485	0.58741456	0.71204853	0.78877515	0.7195969	-0.71734416	-0.70418715	0.75571644	0.74326056	-0.7311163	0.7743953	-0.7980864	0.7504743	0.8090131	-0.5816496	0.75851005	-0.74277896
-0.34091637	-0.2997147	-0.27015373	0.33606267	-0.291966	-0.32318133	0.33648416	0.31234232	0.2902798	0.34526393	-0.34728503	-0.29713908	-0.29102007	0.31069228	-0.30445763	-0.29124227	0.37469438	0.29636794	-0.350175	-0.34971577	-0.28923568	-0.33645254	0.3066833	0.2851894	0.3610681	0.33725998	-0.32144332	-0.32551235	0.33136898	0.2725987	-0.33689648	0.29820433	-0.27599403	-0.3112896	0.35484156	-0.33950925	-0.32355738	0.3359188	-0.31562644	0.2826374	0.35240147	-0.3003091	-0.29437095	-0.3142463	-0.35046268	0.3530311	-0.2690666	-0.34056833	0.34224883	0.3470491	-0.299299	-0.270813	-0.27095702	-0.28319073	-0.2718111	-0.30654472	0.3240335	-0.34123847	-0.3446243	-0.29183215	-0.36631224	0.32046667	0.2511634	-0.3630844	0.30030677	0.3465895	-0.31399167	0.3172222	0.35394073	-0.353884	0.2572768	0.28626838	-0.32523173	-0.34661585	0.31840667	0.33693364	0.26946864	-0.2992336	-0.27094728	0.23110485	0.25294465	-0.3079098	0.30965418	0.29840273	0.29910144	0.33742207	0.36136836	0.30923042	-0.35377616	-0.27042723	0.34438404	0.35478732	-0.34640417	0.3401333	-0.3210213	0.30723655	0.3037629	-0.2574239	0.31726018	-0.3159044
-0.59952164	-0.6259028	-0.6578251	0.5817793	-0.66337234	-0.55132324	0.6272793	0.5866244	0.6396318	0.599984	-0.57866406	-0.6766354	-0.6876318	0.5906301	-0.6004812	-0.6455553	0.6242785	0.6494664	-0.6483815	-0.5960782	-0.6622467	-0.6264886	0.6004693	0.65812886	0.6309399	0.6621069	-0.6716195	-0.6495601	0.66129917	0.5821769	-0.63300866	0.6292046	-0.5932269	-0.5382598	0.6648061	-0.63225865	-0.57427984	0.60343593	-0.5960073	0.5952893	0.6672107	-0.5651041	-0.5869755	-0.6701225	-0.5929301	0.5920255	-0.548972	-0.6460662	0.619728	0.592937	-0.60004	-0.6295733	-0.5652204	-0.64680696	-0.6379335	-0.632456	0.61719066	-0.62461597	-0.5588684	-0.65215516	-0.6326571	0.65914273	0.61405164	-0.5804426	0.5845845	0.6308334	-0.5806305	0.5654152	0.6020015	-0.59411657	0.615191	0.58246636	-0.65853393	-0.6410695	0.6269823	0.5915491	0.58942485	-0.58396715	-0.57391083	0.52446306	0.61817336	-0.6370583	0.62374604	0.5875148	0.5544113	0.61058086	0.62889504	0.56510395	-0.52855086	-0.6364234	0.6020753	0.5766509	-0.6719229	0.60353833	-0.64579284	0.57110655	0.5820863	-0.57484114	0.64335775	-0.59360373
-0.7742988	-0.8889073	-0.87140363	0.9121577	-0.8074116	-0.8488305	0.86051846	0.7481305	0.90731645	0.825366	-0.87519914	-0.9023161	-0.9346843	0.8279932	-0.92124647	-0.97725356	0.8820507	0.819564	-0.93519574	-0.87496537	-0.9247893	-0.8597314	0.9038	0.88469744	0.8879602	0.8069232	-0.88413215	-0.7946309	0.9000075	0.9022967	-0.8578807	0.97104526	-0.961256	-0.72697353	0.83709747	-0.86118996	-0.7776382	0.84244245	-0.87781596	0.777914	0.9722951	-0.8575452	-0.88072526	-0.8421331	-0.8238737	0.9209611	-0.7406837	-0.8588732	0.959102	0.8518244	-0.72168887	-0.9634598	-0.7917199	-0.92498726	-0.95263284	-0.87900245	0.8985417	-0.8820355	-0.92091686	-0.7903041	-0.9176636	0.8009823	0.7566886	-0.94328403	0.88678396	0.95994335	-0.8070605	0.7922456	0.8894412	-0.94588614	0.88534236	0.8944579	-0.8934496	-0.8545574	0.81639904	0.87666845	0.8359877	-0.9403239	-0.7581968	0.71920496	0.8089255	-0.7082567	0.86142963	0.86918885	0.75135785	0.8509257	0.9021494	0.8054625	-0.7782315	-0.84430975	0.8636892	0.8586151	-0.92520726	0.9413924	-0.9152514	0.81875813	0.9498842	-0.67249715	0.81948984	-0.88674897
-0.5973517	-0.8488189	-0.78103673	0.85848534	-0.77893645	-0.85871696	0.72949386	0.60916924	0.8161082	0.7841807	-0.86534894	-0.8890638	-0.8578998	0.77269053	-0.8892039	-0.9242275	0.9018031	0.6981202	-0.8327121	-0.85419536	-0.89948535	-0.7851739	0.80003095	0.82487375	0.86358917	0.7753652	-0.81171834	-0.77568716	0.87335783	0.8951417	-0.7652839	0.8418555	-0.8724969	-0.6189912	0.80685604	-0.8348534	-0.6253998	0.7204517	-0.7205034	0.7507608	0.85227853	-0.81261426	-0.8876879	-0.80917174	-0.8251331	0.9287361	-0.7823902	-0.81140614	0.83495915	0.90071374	-0.49738586	-0.8728342	-0.6917136	-0.8396151	-0.8811761	-0.8295488	0.7856337	-0.8767518	-0.8510429	-0.69360334	-0.79768056	0.7588315	0.68448806	-0.85055363	0.8411926	0.8138186	-0.6164456	0.6666083	0.90168446	-0.86970985	0.75233746	0.82316077	-0.8032577	-0.7960783	0.85319555	0.7749508	0.8398744	-0.8377132	-0.77412105	0.6013777	0.60435295	-0.61014926	0.777558	0.77768326	0.48559004	0.649073	0.811076	0.7073249	-0.8060919	-0.8181883	0.79970264	0.84960496	-0.78584003	0.8977976	-0.84120315	0.7875826	0.84728724	-0.564474	0.825998	-0.8240243
-0.7456728	-0.7620649	-0.6923364	0.7773798	-0.72216284	-0.7650301	0.706698	0.6993337	0.801347	0.67060727	-0.7282848	-0.7221982	-0.7926301	0.72904927	-0.7270817	-0.7753387	0.7182011	0.6986306	-0.716007	-0.7614786	-0.7389798	-0.7137707	0.7673277	0.72681546	0.78527707	0.71311915	-0.75206244	-0.6763114	0.8103004	0.7438425	-0.6975825	0.7593089	-0.7382551	-0.6577338	0.77179885	-0.69135153	-0.6890264	0.77892303	-0.7162998	0.6733151	0.80684626	-0.6954946	-0.72379124	-0.7131038	-0.7803915	0.696275	-0.63882065	-0.7292553	0.81018704	0.70501757	-0.6756235	-0.73746794	-0.71975946	-0.7134181	-0.73769397	-0.73525417	0.7672618	-0.79476863	-0.7317566	-0.75473875	-0.73130274	0.65672135	0.7118055	-0.7212495	0.7716332	0.71787906	-0.680159	0.72798306	0.8008084	-0.70750874	0.68559986	0.7240144	-0.7701448	-0.6820799	0.68987864	0.7442157	0.7056806	-0.7162199	-0.65277684	0.583593	0.72060347	-0.64906055	0.76574075	0.6942364	0.6789138	0.7239245	0.7260394	0.7361811	-0.68679315	-0.7224648	0.70177794	0.7236241	-0.80102116	0.77761966	-0.7599914	0.74939317	0.7535372	-0.58302826	0.70503837	-0.74650043
-0.63712007	-0.7898182	-0.6988763	0.7230629	-0.6976805	-0.75188226	0.75773376	0.65450394	0.6726848	0.8046254	-0.7692524	-0.7919894	-0.79853994	0.75672054	-0.79331017	-0.7721579	0.7639411	0.7155714	-0.7464076	-0.8010949	-0.76145595	-0.673744	0.7989515	0.7390135	0.81315464	0.7311206	-0.7466132	-0.76288635	0.7783955	0.7802615	-0.75003976	0.7988485	-0.7893542	-0.69720036	0.70932704	-0.7672184	-0.66283256	0.707991	-0.7559699	0.74554324	0.737457	-0.81528336	-0.8091486	-0.69815445	-0.76975346	0.77818686	-0.72768706	-0.7476731	0.72818315	0.7991284	-0.61276096	-0.70396215	-0.7497057	-0.7200316	-0.7703784	-0.78082234	0.74402463	-0.72518367	-0.731201	-0.6469148	-0.7995165	0.7565472	0.6532264	-0.7355412	0.75575495	0.77033216	-0.7087293	0.6908716	0.7862464	-0.8170412	0.6953751	0.760643	-0.77386814	-0.7490082	0.7521935	0.7265528	0.73705375	-0.7833105	-0.7465933	0.672089	0.72532845	-0.6425522	0.7064795	0.7670928	0.6436469	0.70895606	0.7263988	0.6512411	-0.73410654	-0.78663397	0.7350353	0.73524064	-0.71355987	0.7994355	-0.71511686	0.6835915	0.8094084	-0.63839	0.76294523	-0.7395977
-0.8756492	-0.8365402	-0.84553117	0.84062433	-0.8613471	-0.6555413	0.71339023	0.79890114	0.8863668	0.74292123	-0.75405085	-0.7899052	-0.82601064	0.825815	-0.8235651	-0.79728144	0.8290715	0.8411052	-0.8072445	-0.7990507	-0.8568284	-0.80187976	0.8201612	0.8221259	0.77461416	0.8693922	-0.89537317	-0.8391636	0.78760046	0.84719193	-0.90131664	0.7924243	-0.85443676	-0.7565731	0.80960697	-0.7820963	-0.7249345	0.8744383	-0.84368336	0.8117534	0.78016394	-0.69850636	-0.7609632	-0.82055295	-0.7606281	0.7704389	-0.73810464	-0.8537335	0.7302345	0.72683924	-0.7987449	-0.85662293	-0.7755092	-0.82050693	-0.8068331	-0.77110755	0.7735044	-0.7626988	-0.74110085	-0.90595925	-0.85478795	0.8464801	0.7519684	-0.7638327	0.74434406	0.83620864	-0.88063294	0.82330865	0.81311524	-0.7686744	0.8289796	0.807585	-0.763035	-0.80989337	0.71834385	0.79524785	0.75838846	-0.79443914	-0.5675699	0.6818789	0.82571375	-0.760799	0.8055833	0.837361	0.77704436	0.8976575	0.7664472	0.87337416	-0.6960152	-0.7321105	0.8081083	0.75487936	-0.89767736	0.75711626	-0.7797253	0.85244554	0.81304085	-0.71393466	0.83774656	-0.71625197
-0.36499438	-0.41169637	-0.36688545	0.34092546	-0.4011695	-0.42861456	0.3499361	0.32096803	0.37051418	0.41550347	-0.40248942	-0.36212933	-0.3757894	0.43661848	-0.39368653	-0.4200959	0.4353323	0.3794776	-0.38297662	-0.43175995	-0.37287843	-0.3872177	0.3749839	0.3968587	0.38401172	0.32583684	-0.4161486	-0.3838024	0.46034402	0.44510034	-0.39047915	0.38688076	-0.34757483	-0.3707232	0.3929247	-0.40834874	-0.3633328	0.3967076	-0.4172575	0.34191987	0.41770837	-0.36513916	-0.39532432	-0.4181352	-0.40880057	0.3954172	-0.41457972	-0.42512825	0.43521348	0.415203	-0.36474252	-0.35908914	-0.37897566	-0.38562143	-0.44145975	-0.3827097	0.42110628	-0.45006305	-0.40581283	-0.39755997	-0.35480642	0.42084432	0.32418972	-0.4496323	0.37546372	0.35528547	-0.3402846	0.37834388	0.4207891	-0.41470107	0.3500062	0.3703079	-0.3873745	-0.37143362	0.35232797	0.36877123	0.37570357	-0.43519408	-0.43950248	0.33107683	0.32350802	-0.316494	0.4073144	0.3671371	0.36087537	0.38050908	0.3835052	0.37785995	-0.36232623	-0.4199594	0.36776778	0.4124139	-0.4025333	0.43355712	-0.38573873	0.373624	0.39151412	-0.32912278	0.4399943	-0.37465647
-0.40981182	-0.65284824	-0.61313796	0.6387421	-0.6772652	-0.6936448	0.63973355	0.55300224	0.57470244	0.6429415	-0.7142676	-0.7162581	-0.7542613	0.67345023	-0.67524195	-0.72221357	0.7075378	0.5360403	-0.69171107	-0.6423898	-0.73568434	-0.60855937	0.6625313	0.6903345	0.6451021	0.5536727	-0.5782885	-0.62137663	0.70745856	0.70246565	-0.6376757	0.72750074	-0.7147512	-0.5747203	0.651008	-0.7251231	-0.58897454	0.6281729	-0.6076255	0.5954041	0.6764163	-0.71992785	-0.6697747	-0.6862406	-0.62355447	0.6883669	-0.58238345	-0.6622759	0.75536436	0.63605386	-0.40020373	-0.65796494	-0.548103	-0.67708457	-0.6824905	-0.7436994	0.6354149	-0.6854767	-0.7311126	-0.5390778	-0.67881835	0.67955405	0.51519203	-0.70480347	0.67420954	0.6704331	-0.48439807	0.53648	0.6560182	-0.6687735	0.5943639	0.6398468	-0.68674135	-0.6628702	0.60798043	0.62256414	0.65351117	-0.705174	-0.6411992	0.5232301	0.5463096	-0.505012	0.67350996	0.5757659	0.42191452	0.4282142	0.6849703	0.4822164	-0.6808143	-0.7106957	0.63680726	0.658045	-0.65113187	0.72989446	-0.6196422	0.62759095	0.745597	-0.5570849	0.62012345	-0.7099696
-0.667509	-0.6976999	-0.64693165	0.7074822	-0.6460793	-0.7251844	0.70954317	0.6644966	0.70112467	0.6783714	-0.683879	-0.7631904	-0.73040265	0.6821682	-0.7153648	-0.76676226	0.68636096	0.7288389	-0.7027587	-0.6560423	-0.7792897	-0.74668074	0.6846579	0.7300962	0.65557396	0.6549873	-0.74306285	-0.7375773	0.6841924	0.6974578	-0.6717866	0.73075366	-0.66895694	-0.55570096	0.67700523	-0.6671308	-0.6466864	0.74048257	-0.6852181	0.6753439	0.6810755	-0.6828486	-0.68078876	-0.7152549	-0.6471924	0.7405787	-0.66635364	-0.73971194	0.7135199	0.6974889	-0.5888583	-0.7406726	-0.69493705	-0.7129616	-0.68516594	-0.75481373	0.7374627	-0.7713748	-0.729347	-0.7031708	-0.69310457	0.6932968	0.66360563	-0.7388358	0.69391364	0.72273225	-0.628374	0.69048136	0.73393995	-0.6961081	0.6489127	0.7348584	-0.6651766	-0.7103849	0.6466255	0.70035905	0.7017355	-0.6950311	-0.61456054	0.55769277	0.6871104	-0.57568485	0.69645417	0.7048829	0.6675864	0.66919714	0.6661711	0.70776355	-0.6430232	-0.70651484	0.71873784	0.7209688	-0.72749424	0.70658934	-0.69201607	0.7433136	0.77011526	-0.61378926	0.73817354	-0.71289814
-0.7720038	-0.87409747	-0.82127064	0.8395989	-0.8507147	-0.8400909	0.84149957	0.7372471	0.7821905	0.8423318	-0.8757188	-0.8646925	-0.8289236	0.7961725	-0.84387404	-0.8136294	0.86897796	0.79044145	-0.8642466	-0.8240322	-0.8870489	-0.78736556	0.82041055	0.86883456	0.85638416	0.7451542	-0.7898041	-0.76908207	0.8694405	0.89630294	-0.83036375	0.880091	-0.87112355	-0.8287834	0.7938203	-0.8594604	-0.8456212	0.7930535	-0.7784039	0.8034306	0.87985283	-0.8811442	-0.87560827	-0.8236519	-0.8633318	0.88152546	-0.8121095	-0.88808936	0.85710084	0.87357605	-0.7200392	-0.89061034	-0.75241387	-0.78928906	-0.90865433	-0.8702891	0.8243811	-0.8963918	-0.8437788	-0.7416938	-0.8475128	0.8579744	0.84321505	-0.8499365	0.87427044	0.8361269	-0.7280576	0.7397069	0.88698584	-0.8530241	0.81403	0.8539761	-0.81043535	-0.8884566	0.83408606	0.7954393	0.84800243	-0.86940193	-0.82775086	0.8297444	0.8193713	-0.79261935	0.8521441	0.7543967	0.76747465	0.77536476	0.8134011	0.7932519	-0.8845919	-0.8319455	0.8984721	0.81883377	-0.81321746	0.861881	-0.8521523	0.8329141	0.90118086	-0.7666797	0.78166753	-0.9056143
-0.59336364	-0.59948707	-0.6307743	0.65405	-0.61675286	-0.5720584	0.56198215	0.59839517	0.5986272	0.60082453	-0.64045614	-0.63825595	-0.6574508	0.5654797	-0.6024683	-0.6614719	0.6582047	0.5611348	-0.6070807	-0.60511184	-0.58185667	-0.581024	0.5752177	0.6344522	0.5815646	0.59506315	-0.66197836	-0.55827343	0.5969553	0.6532366	-0.60778195	0.6376423	-0.6598123	-0.58309966	0.62480503	-0.6606351	-0.57255757	0.6575875	-0.5782367	0.55121255	0.6623783	-0.6192223	-0.6539753	-0.58793145	-0.56127816	0.6319681	-0.5508265	-0.61725336	0.6346461	0.61871356	-0.57357794	-0.6039311	-0.62448514	-0.63193405	-0.6134186	-0.5922595	0.65158445	-0.6067091	-0.65643275	-0.56323	-0.63145846	0.6251415	0.5390364	-0.6407627	0.6458294	0.67021716	-0.56147575	0.60147333	0.6575466	-0.5984456	0.57678056	0.6669937	-0.63216656	-0.63506645	0.6486505	0.6267623	0.5825119	-0.5844779	-0.5825681	0.5242875	0.5705151	-0.6084474	0.6240808	0.62736666	0.5303004	0.63960034	0.6545231	0.57787406	-0.56729263	-0.56411546	0.631088	0.64746755	-0.633062	0.60383224	-0.61314744	0.5693852	0.6077835	-0.48242405	0.57063216	-0.64102495
-0.61437863	-0.719556	-0.67651075	0.6773031	-0.6286442	-0.6245223	0.7084658	0.62472254	0.6966297	0.6950006	-0.69945127	-0.6791578	-0.69659215	0.662416	-0.68618816	-0.67051864	0.7052795	0.65340626	-0.6613761	-0.69191504	-0.73880893	-0.65606946	0.711358	0.68188906	0.69177425	0.7186773	-0.69827884	-0.64992523	0.7587876	0.73617643	-0.7348101	0.73711616	-0.68078053	-0.6284389	0.6894903	-0.68165433	-0.6130505	0.69759357	-0.68357915	0.6502649	0.70795965	-0.6565524	-0.7129651	-0.7056944	-0.63668424	0.6450229	-0.64769924	-0.6762431	0.6646667	0.7061047	-0.62385345	-0.7561207	-0.68897474	-0.6885555	-0.7006264	-0.7210656	0.70423985	-0.67771673	-0.68725044	-0.6384888	-0.7297814	0.6833122	0.6546384	-0.69675595	0.7019111	0.7206374	-0.68713886	0.63052154	0.65597063	-0.72207457	0.69909036	0.7202043	-0.6319517	-0.66323435	0.6669756	0.72700393	0.6958183	-0.6774138	-0.6412922	0.6710542	0.63107854	-0.582834	0.69491947	0.66128767	0.59887594	0.60259926	0.74688965	0.5874495	-0.6145432	-0.7274617	0.70264834	0.6823819	-0.73940986	0.7295292	-0.6712883	0.7271502	0.6780668	-0.62708193	0.6274842	-0.7386196
-0.61672443	-0.78894573	-0.72408515	0.7778288	-0.72383666	-0.8101964	0.69714636	0.67579085	0.69943625	0.7766567	-0.83314794	-0.7928441	-0.76692873	0.7108995	-0.8096383	-0.8444863	0.8565985	0.67946386	-0.78594357	-0.76845145	-0.7910357	-0.7176855	0.76387334	0.79239887	0.81158763	0.6698479	-0.673297	-0.72870386	0.8113673	0.737774	-0.69094115	0.8390264	-0.79578835	-0.7093226	0.7061034	-0.83077264	-0.67027646	0.6925577	-0.6712063	0.6338005	0.86691517	-0.8098744	-0.78855854	-0.7635427	-0.80006593	0.7863169	-0.719147	-0.75013953	0.8590314	0.831681	-0.5762367	-0.7846956	-0.61166275	-0.7489365	-0.8189326	-0.7574275	0.72546214	-0.8580194	-0.7924141	-0.6416709	-0.7942708	0.70189106	0.61761224	-0.77713245	0.80570304	0.69691116	-0.6182954	0.5972521	0.8110978	-0.71913874	0.68413323	0.7552778	-0.75312465	-0.71604884	0.77565664	0.7651162	0.8160179	-0.759979	-0.76184356	0.61682826	0.64388186	-0.6228422	0.7010586	0.6866426	0.59361374	0.6617571	0.75967044	0.6759298	-0.76738375	-0.7208836	0.69527835	0.7761998	-0.7155149	0.85181946	-0.7207995	0.64581716	0.824181	-0.5808379	0.6974709	-0.79511106
-0.2942379	-0.33674246	-0.2651405	0.31255877	-0.34630486	-0.32783666	0.34199232	0.3282546	0.37238812	0.29126486	-0.29284632	-0.27485976	-0.3537931	0.27212393	-0.29697907	-0.3216925	0.34161344	0.3210683	-0.28222162	-0.26338556	-0.329129	-0.33328232	0.27448288	0.29033697	0.2848199	0.30980554	-0.33868733	-0.30140227	0.3792136	0.31217515	-0.36000693	0.33841193	-0.28209478	-0.26373103	0.35534233	-0.30265337	-0.26163706	0.29804003	-0.34697503	0.31570947	0.28547704	-0.27687418	-0.33233148	-0.26147357	-0.31330273	0.2671839	-0.25911298	-0.33961895	0.3386895	0.2964396	-0.2751547	-0.316574	-0.26548716	-0.33331904	-0.34270442	-0.339316	0.33117807	-0.2723509	-0.32342726	-0.2661167	-0.34498143	0.3224788	0.33097255	-0.30951816	0.3247612	0.34714255	-0.35421368	0.27488962	0.33849257	-0.31205755	0.30922398	0.34511593	-0.31710824	-0.30890468	0.3066823	0.25018555	0.24958958	-0.30791762	-0.24247557	0.3237714	0.3101026	-0.33549815	0.35917798	0.27530727	0.26438084	0.37217423	0.29294074	0.31757614	-0.25188202	-0.28532878	0.33862573	0.32110772	-0.29554665	0.2757643	-0.2897688	0.35445645	0.36231592	-0.25779393	0.2842546	-0.33153614
-0.60835576	-0.6212865	-0.55721587	0.6285595	-0.6065687	-0.5506535	0.59713656	0.5417456	0.5989983	0.53267825	-0.5930878	-0.5750616	-0.62509006	0.54114145	-0.5637354	-0.5949552	0.56763023	0.62444127	-0.6229832	-0.5817785	-0.609139	-0.56083953	0.53533226	0.5850994	0.6280165	0.65576726	-0.5815208	-0.6009715	0.6299546	0.6301305	-0.5771666	0.5538839	-0.57753783	-0.5352935	0.5745387	-0.606286	-0.5497221	0.6439002	-0.625882	0.5699007	0.59425044	-0.58137083	-0.6059937	-0.6316424	-0.59233624	0.614014	-0.53626996	-0.57440245	0.56636333	0.5514421	-0.5717587	-0.56185406	-0.55708015	-0.60484874	-0.56028914	-0.5968964	0.5863101	-0.6056096	-0.5421868	-0.57597715	-0.59597313	0.512283	0.6001584	-0.6418479	0.5844797	0.56503546	-0.5525422	0.5650925	0.5648325	-0.64438105	0.6061575	0.6019145	-0.54493725	-0.54032356	0.5428044	0.5193335	0.5295726	-0.64331764	-0.46835133	0.4548152	0.6041008	-0.581477	0.57330173	0.5779261	0.4976182	0.64778376	0.6183036	0.5981123	-0.57710975	-0.5904935	0.5948811	0.5209108	-0.581831	0.61322695	-0.54732436	0.57551545	0.575369	-0.47364792	0.62731826	-0.5778166
-0.5147608	-0.82912034	-0.71352345	0.8370242	-0.7569152	-0.8193011	0.73887646	0.6397348	0.7457674	0.7893622	-0.81190777	-0.7942756	-0.8446783	0.7268474	-0.7948817	-0.85868734	0.779523	0.6183131	-0.80679137	-0.7927635	-0.8479951	-0.7729313	0.7863381	0.75329334	0.7943521	0.65668947	-0.7971969	-0.72017735	0.8505119	0.84842324	-0.7600028	0.8579195	-0.8529802	-0.61423475	0.81859845	-0.8596191	-0.676648	0.6958051	-0.7521701	0.7638793	0.8462525	-0.8507759	-0.79938424	-0.72335637	-0.7586439	0.8601642	-0.7882686	-0.8151887	0.84879804	0.79056317	-0.5606087	-0.8432236	-0.65985286	-0.7810472	-0.83742285	-0.9039726	0.8473504	-0.8390159	-0.77557355	-0.5975663	-0.81919634	0.7010579	0.6879595	-0.8328842	0.8400801	0.8150162	-0.5426143	0.56784004	0.8053385	-0.78169566	0.6997351	0.87311864	-0.7634517	-0.81885487	0.82136005	0.7213685	0.804272	-0.77557147	-0.72445846	0.686836	0.6166023	-0.55760556	0.71959287	0.72403383	0.5368496	0.6335309	0.783004	0.5646311	-0.76351964	-0.7758535	0.81214464	0.79024684	-0.7467712	0.8210605	-0.78142905	0.6417394	0.81874293	-0.6407452	0.740463	-0.86229694
-0.79569197	-0.80062884	-0.7464918	0.7925573	-0.835125	-0.8059399	0.72676957	0.7222116	0.78768015	0.83924186	-0.7955078	-0.8812646	-0.85679543	0.7741805	-0.8665142	-0.8551957	0.79158354	0.7553106	-0.82764584	-0.7628586	-0.8309525	-0.7858636	0.8571596	0.82268566	0.7761146	0.8217122	-0.7701123	-0.7666288	0.821769	0.7929426	-0.768076	0.83787876	-0.8394558	-0.6997171	0.7608493	-0.86948466	-0.70760757	0.7578379	-0.7825561	0.7562116	0.79755694	-0.8184783	-0.8541627	-0.7808025	-0.77026194	0.8723053	-0.78539675	-0.81075025	0.8022673	0.8243113	-0.7800977	-0.82924306	-0.8027331	-0.8078803	-0.8671613	-0.84285885	0.78630733	-0.80393916	-0.83615273	-0.7569749	-0.8666523	0.81679636	0.7674657	-0.8145147	0.8411263	0.8141033	-0.796376	0.7345422	0.8008515	-0.77915055	0.7765206	0.7932743	-0.86214364	-0.8052393	0.83480215	0.77462447	0.7327801	-0.8022009	-0.71896124	0.703636	0.7822633	-0.6925951	0.8455516	0.7964219	0.78094786	0.76595956	0.76361746	0.7618135	-0.8250965	-0.8039519	0.84265083	0.7392392	-0.8338527	0.8494545	-0.82079065	0.76218325	0.7917298	-0.69973826	0.80573887	-0.83136725
-0.7570392	-0.7715317	-0.68995345	0.7459305	-0.6977595	-0.65551513	0.7041814	0.6784705	0.80043876	0.7329566	-0.7546407	-0.71186376	-0.7667404	0.6904829	-0.7408414	-0.7262944	0.73565155	0.76538783	-0.6791748	-0.7443093	-0.7275541	-0.7444728	0.70296603	0.7008532	0.7108881	0.782021	-0.790109	-0.68424416	0.7570364	0.7633518	-0.7094194	0.7721325	-0.76286083	-0.6846872	0.758843	-0.75938815	-0.6649884	0.73655736	-0.71745354	0.73497105	0.7154061	-0.690976	-0.76801884	-0.7663377	-0.7200227	0.7505858	-0.7061401	-0.74032587	0.7179876	0.7352273	-0.64170355	-0.718089	-0.66221476	-0.76203734	-0.7063671	-0.7270808	0.71763265	-0.77189	-0.7454517	-0.72534823	-0.74381286	0.70002353	0.7061721	-0.7698748	0.7141753	0.7258084	-0.7371253	0.7588074	0.7620488	-0.73509187	0.7519789	0.71348864	-0.7167681	-0.738808	0.7001135	0.6943956	0.6782927	-0.69992614	-0.70216495	0.6567552	0.7040692	-0.7107738	0.7635717	0.7524134	0.70835763	0.77529156	0.788997	0.7534322	-0.6560696	-0.68119174	0.7102412	0.74930894	-0.70692843	0.7034763	-0.6849674	0.70080686	0.73321146	-0.61922973	0.7788813	-0.73019606
-0.83679545	-0.8372909	-0.820893	0.85743576	-0.8472395	-0.8046675	0.76957476	0.7762347	0.8998321	0.84507555	-0.83464557	-0.85010946	-0.8133219	0.8152253	-0.8512775	-0.864048	0.8847747	0.8497206	-0.8701364	-0.80830884	-0.9357476	-0.83847284	0.8480978	0.81730723	0.80556804	0.8335094	-0.8985381	-0.7672041	0.863296	0.869459	-0.8646513	0.90991336	-0.92575705	-0.68470514	0.871461	-0.82295156	-0.71144825	0.8648614	-0.8357479	0.76027256	0.8257256	-0.8132084	-0.8404517	-0.8994871	-0.7993629	0.8683415	-0.7274747	-0.85382307	0.858491	0.78330475	-0.70892656	-0.8869679	-0.83927155	-0.8381464	-0.8477495	-0.88327503	0.8401625	-0.83271235	-0.823991	-0.86835057	-0.92571586	0.8395559	0.7758972	-0.8634803	0.889887	0.8878458	-0.774101	0.836997	0.8527162	-0.8282882	0.8154042	0.844389	-0.9020574	-0.8759806	0.84784883	0.7974232	0.7707497	-0.8525936	-0.7839067	0.66039205	0.8214258	-0.7451728	0.8871704	0.8834547	0.77014095	0.8829312	0.82593745	0.88813955	-0.7442327	-0.7987862	0.84954166	0.8242611	-0.9201087	0.7420121	-0.85071766	0.8729643	0.8977073	-0.6752317	0.8787394	-0.8510174
0.07345879	0.059365857	0.07385494	-0.089561604	0.08396788	0.0812135	-0.0730656	-0.05656248	-0.0581578	-0.031074204	0.050417803	0.032528836	0.10066467	-0.05975256	0.08584606	0.036894713	-0.05530815	-0.037392095	0.049694605	0.095260546	0.07943769	0.0153228715	-0.023208689	-0.07260226	-0.10654329	-0.032204892	0.056590617	0.07609384	-0.03998671	-0.09555169	0.033956666	-0.052597128	0.08082925	0.07371108	-0.022613402	0.06553169	0.06644222	-0.05364031	0.022189803	-0.035187334	-0.06320321	0.020010317	0.04237967	0.025702743	0.081279114	-0.04979056	0.075437754	0.07365333	-0.041606516	-0.03236038	0.08457876	0.023772098	0.019704195	0.035058852	0.046406895	0.012595949	-0.09412559	0.062066875	0.030538525	0.052181352	0.10722486	-0.018304262	-0.08117183	0.034767203	-0.08991716	-0.1023665	0.044158712	-0.0772938	-0.086345844	0.05170875	-0.07686671	-0.06191892	0.11071213	0.050593235	-0.1087028	-0.020213531	-0.1091944	0.06090359	0.012261536	-0.12345757	-0.042137176	0.03329204	-0.051021222	-0.03276325	-0.016912716	-0.03566785	-0.0671192	-0.09324308	0.04102294	0.06108371	-0.10421212	-0.046430968	0.06951965	-0.05143606	0.06893763	-0.041500874	-0.101264074	0.15514407	-0.08416795	0.043678995
-0.57042897	-0.6838593	-0.67858225	0.6586443	-0.60508233	-0.5270556	0.60910255	0.6825392	0.64816105	0.7114769	-0.6786549	-0.64271414	-0.5703893	0.64537054	-0.6358878	-0.6598871	0.61349595	0.6227993	-0.61884093	-0.621412	-0.64495397	-0.670097	0.6236387	0.6418427	0.6205231	0.6273481	-0.592152	-0.69632584	0.67142755	0.7074772	-0.67504287	0.68762475	-0.6454367	-0.61579204	0.6370262	-0.63453114	-0.6646776	0.6339328	-0.6705512	0.62311065	0.5912677	-0.61950356	-0.65777403	-0.6547599	-0.6674137	0.6094453	-0.6649034	-0.64445627	0.6113181	0.61349964	-0.62826514	-0.70122397	-0.6736507	-0.63151336	-0.65098786	-0.61965364	0.7051736	-0.6380142	-0.66713667	-0.62618357	-0.6125685	0.6912076	0.5904215	-0.6226414	0.6423434	0.621138	-0.59612566	0.58220816	0.6250294	-0.6230706	0.63770247	0.6229091	-0.64517206	-0.6301079	0.6182149	0.6102279	0.624831	-0.62144905	-0.6908842	0.65135574	0.5608992	-0.57947445	0.6058372	0.65144676	0.5380452	0.62892365	0.6670603	0.599732	-0.64140093	-0.6671728	0.6042926	0.66554177	-0.66228753	0.60755503	-0.7080227	0.6407842	0.6419569	-0.5634219	0.6106288	-0.61750805
-0.4796065	-0.50849146	-0.5079765	0.4559432	-0.5358587	-0.39652175	0.47307712	0.55727905	0.47946492	0.45312375	-0.5054986	-0.46790734	-0.4389159	0.5428597	-0.50956595	-0.49355632	0.44219813	0.51324725	-0.52513176	-0.46232235	-0.51869553	-0.46526065	0.5020831	0.49218056	0.46382415	0.5531277	-0.48700485	-0.5258648	0.44924173	0.46077996	-0.48693773	0.4418871	-0.46161088	-0.54888344	0.4688892	-0.4278942	-0.50186145	0.48104194	-0.4675484	0.48464617	0.40535718	-0.5202301	-0.4732118	-0.49771556	-0.4573309	0.45339555	-0.538171	-0.546427	0.4626648	0.482164	-0.5564832	-0.4491795	-0.49110627	-0.4590741	-0.46478415	-0.472074	0.5014744	-0.44032493	-0.48299244	-0.46476078	-0.4540638	0.5490667	0.5724253	-0.41983113	0.4646839	0.44448623	-0.51814526	0.5700571	0.51325905	-0.43637487	0.47890082	0.4755053	-0.4698157	-0.49751163	0.51877093	0.49030295	0.5178767	-0.46994653	-0.50320977	0.5711999	0.5502976	-0.5155486	0.47279358	0.46323898	0.542704	0.48871806	0.54377437	0.4771981	-0.49019635	-0.4282973	0.49076623	0.5398861	-0.5315198	0.42048728	-0.45306915	0.47224414	0.5113902	-0.48109668	0.53227895	-0.49687907
-0.5305302	-0.47369626	-0.57273674	0.4580397	-0.52943873	-0.38033283	0.5254126	0.5679446	0.5238223	0.53828233	-0.5013582	-0.515151	-0.4529856	0.54475206	-0.4380265	-0.47217005	0.44761625	0.52710724	-0.47304133	-0.49105752	-0.5275086	-0.4818532	0.44539484	0.4997895	0.5178314	0.5314722	-0.47086313	-0.4852135	0.44403344	0.5311777	-0.49801356	0.43835852	-0.51340896	-0.5497525	0.5043445	-0.44530523	-0.46186575	0.49517316	-0.52856517	0.56232685	0.44409037	-0.48533404	-0.48290995	-0.47513983	-0.44933763	0.4574361	-0.5457165	-0.55125374	0.40996283	0.51372766	-0.5506942	-0.49810326	-0.56316376	-0.5430232	-0.51742023	-0.44785866	0.5576105	-0.3910974	-0.44856113	-0.46884194	-0.45600325	0.56820285	0.4746152	-0.47070825	0.5281111	0.4626301	-0.4916519	0.56521744	0.45609567	-0.48597863	0.5204551	0.48897114	-0.52099264	-0.45207453	0.53174824	0.51794434	0.559953	-0.46557721	-0.50094986	0.51721525	0.4739563	-0.5572433	0.514438	0.50535977	0.5388092	0.5068696	0.5569443	0.5336408	-0.4935764	-0.48965362	0.49443856	0.5020233	-0.47626048	0.36733305	-0.5377844	0.50676227	0.5013925	-0.4835241	0.5543665	-0.4618784
-0.7662335	-0.716828	-0.7390669	0.7347881	-0.7579146	-0.5002312	0.7641317	0.72049713	0.6834541	0.73099995	-0.72601014	-0.6548155	-0.5540415	0.7839657	-0.62452996	-0.6300671	0.6810221	0.7756262	-0.7007566	-0.6832334	-0.69880164	-0.7574645	0.70326996	0.69248915	0.7198942	0.7327331	-0.7015192	-0.7570996	0.5471633	0.6859384	-0.694117	0.7040983	-0.6768832	-0.7343551	0.7428473	-0.6873846	-0.7037561	0.6929821	-0.6778445	0.73926526	0.58593863	-0.6732193	-0.6727293	-0.68828243	-0.71017855	0.6264626	-0.7292307	-0.72475755	0.58512706	0.6969387	-0.7828709	-0.7189799	-0.75112677	-0.6879826	-0.7026001	-0.65004426	0.75238866	-0.53782296	-0.68359154	-0.78026325	-0.73102975	0.68598217	0.7613842	-0.6035606	0.7585673	0.7163021	-0.7170085	0.75765324	0.66664296	-0.71197593	0.7623851	0.7361008	-0.72545314	-0.653051	0.6980521	0.691026	0.70464736	-0.74540335	-0.65926236	0.721945	0.76073277	-0.79532427	0.7638144	0.66499674	0.8007659	0.70546186	0.75445634	0.77869564	-0.65605795	-0.70760536	0.7242177	0.76583695	-0.743948	0.5064031	-0.7313703	0.7474236	0.71353114	-0.67369854	0.71557033	-0.617739
-0.73511904	-0.6570726	-0.7601328	0.7232157	-0.6843696	-0.49402642	0.68860996	0.71171045	0.6467071	0.70666426	-0.6341803	-0.6766664	-0.54603326	0.74129814	-0.6773744	-0.64594	0.666696	0.7555438	-0.62932646	-0.6602971	-0.7127617	-0.66252995	0.65373087	0.68956965	0.71700037	0.73127496	-0.6590971	-0.68312156	0.5431487	0.71960425	-0.7502749	0.6713575	-0.65631723	-0.7577143	0.7011423	-0.6272692	-0.72780156	0.6654768	-0.6905241	0.7052347	0.60061353	-0.71689856	-0.6640189	-0.716949	-0.7164499	0.6348469	-0.7314914	-0.7438478	0.57756084	0.65129226	-0.6946708	-0.71978974	-0.7519389	-0.7551022	-0.638101	-0.68452924	0.73554635	-0.58909535	-0.56956506	-0.6701597	-0.6455685	0.6565187	0.7562901	-0.6340165	0.6994146	0.6533959	-0.73431635	0.7099614	0.67571396	-0.69214594	0.70890254	0.6773669	-0.7318191	-0.6375373	0.74530745	0.72848034	0.6789667	-0.7412258	-0.65433896	0.7171423	0.7538893	-0.6984659	0.72762084	0.68952394	0.69394857	0.7279768	0.69283825	0.6781751	-0.6627294	-0.65731925	0.7551723	0.72203064	-0.7403347	0.4955341	-0.7203476	0.7274893	0.67092085	-0.6976729	0.65269893	-0.60399646
-0.5899287	-0.66322315	-0.7080495	0.68918914	-0.6776528	-0.6716231	0.68483794	0.6927871	0.6579201	0.77075505	-0.71396625	-0.7238699	-0.636915	0.6398127	-0.67462164	-0.7277582	0.6783352	0.6485346	-0.75042325	-0.7643195	-0.7887213	-0.72817034	0.7469911	0.6828681	0.74158216	0.639082	-0.69478434	-0.70841897	0.6920523	0.76232547	-0.7229034	0.7327297	-0.67635477	-0.690414	0.70354396	-0.6854136	-0.6697624	0.69506115	-0.7348598	0.6921487	0.747028	-0.68043125	-0.74818856	-0.7201195	-0.6971315	0.73572534	-0.75222677	-0.7206824	0.6839586	0.6992177	-0.654839	-0.69452536	-0.6897919	-0.7445697	-0.7395201	-0.7483165	0.7168926	-0.71895003	-0.6667482	-0.621852	-0.6823168	0.7057782	0.6411432	-0.7075201	0.78409195	0.7371984	-0.60429865	0.60827214	0.72676724	-0.73436016	0.65772647	0.72971773	-0.7643022	-0.67133355	0.66498893	0.7324099	0.7429182	-0.7350084	-0.75270295	0.6853557	0.6231616	-0.6139863	0.72561455	0.68951964	0.5793648	0.61852443	0.7207602	0.6438934	-0.7210451	-0.7031474	0.737629	0.7471031	-0.6372165	0.68030715	-0.6902347	0.6089728	0.7305995	-0.6726884	0.6713948	-0.7655379
-0.6871788	-0.75778925	-0.7692354	0.77461606	-0.75010264	-0.72557247	0.8303749	0.72011125	0.73316216	0.8026212	-0.82647544	-0.77052665	-0.70119864	0.84774625	-0.78918666	-0.78387547	0.81730723	0.78880566	-0.8405087	-0.8451163	-0.8279857	-0.82279116	0.7944096	0.8198634	0.7987272	0.81168455	-0.82125115	-0.83694804	0.7550504	0.82825196	-0.8006571	0.8332335	-0.7163352	-0.71657485	0.8621998	-0.84350425	-0.74365246	0.8058299	-0.77418214	0.7783004	0.7906254	-0.8233983	-0.7937987	-0.8626571	-0.8245825	0.7673078	-0.7356832	-0.8091222	0.7620288	0.7932276	-0.7241379	-0.85211015	-0.76862216	-0.79813033	-0.8223787	-0.7860995	0.83260417	-0.8119054	-0.7779389	-0.83501285	-0.77644473	0.75502646	0.7230105	-0.82282805	0.79285705	0.84239787	-0.78802216	0.7800092	0.7742208	-0.7917705	0.7598149	0.8105627	-0.8795328	-0.7964583	0.83456266	0.8526739	0.81090945	-0.8294793	-0.82635915	0.6954111	0.764549	-0.7504503	0.83556163	0.67216474	0.65739167	0.7426888	0.826267	0.7485909	-0.83459866	-0.7862157	0.81284696	0.8648863	-0.7653468	0.6009072	-0.85025585	0.8009779	0.785475	-0.7512247	0.8581858	-0.82203346
-0.72751784	-0.7739773	-0.6940005	0.77299327	-0.727067	-0.64787954	0.7032609	0.61576706	0.74775904	0.76656526	-0.70618546	-0.766859	-0.6962184	0.66136724	-0.73995197	-0.8000431	0.7274575	0.6848233	-0.755064	-0.699067	-0.74814	-0.69446933	0.7092498	0.68857336	0.699349	0.72065634	-0.7268078	-0.7557982	0.67866504	0.7418682	-0.67451787	0.77615476	-0.76467043	-0.678137	0.76957524	-0.7191216	-0.66224456	0.7192774	-0.7440014	0.71389675	0.7853458	-0.73739177	-0.7074474	-0.6759628	-0.772789	0.74831355	-0.731957	-0.6896945	0.73008937	0.7408247	-0.61424506	-0.7890786	-0.63053465	-0.6950842	-0.73456895	-0.7477162	0.75189036	-0.7199192	-0.76572305	-0.7029324	-0.7564656	0.6593056	0.67931134	-0.76868296	0.71401495	0.7726488	-0.7065007	0.73442996	0.77284294	-0.72140104	0.74093467	0.7709228	-0.728942	-0.7219398	0.73302436	0.73959684	0.6881667	-0.7022634	-0.7455355	0.66497856	0.6890684	-0.66088754	0.76428616	0.73115116	0.6316427	0.73085356	0.7285208	0.6905426	-0.67548114	-0.7543702	0.7020282	0.73867416	-0.7790572	0.6158742	-0.6927134	0.7299511	0.70751894	-0.5734913	0.692119	-0.772063
-0.70769006	-0.73086405	-0.7134411	0.7171579	-0.66016805	-0.6765663	0.66381186	0.6738463	0.72740144	0.71906215	-0.73175347	-0.6816172	-0.67329067	0.6961133	-0.73525643	-0.70155704	0.6628414	0.71228254	-0.68913084	-0.7083264	-0.6875967	-0.6684533	0.71183354	0.689197	0.69579476	0.75121146	-0.69595605	-0.6872705	0.64695466	0.7149327	-0.7089947	0.72669107	-0.70476836	-0.69234294	0.6896032	-0.71426016	-0.6814817	0.67054296	-0.71388286	0.64463854	0.66815954	-0.6405605	-0.71363807	-0.64299786	-0.69805485	0.7295412	-0.6085815	-0.6664427	0.7053268	0.6404316	-0.60266906	-0.74953735	-0.6708263	-0.65221155	-0.6583705	-0.7435133	0.68548036	-0.64799184	-0.6348749	-0.68459225	-0.7103989	0.68093795	0.69945735	-0.6420139	0.7057935	0.70557535	-0.6538152	0.67430985	0.7097592	-0.67862517	0.6871073	0.6532068	-0.7218532	-0.6561624	0.7247773	0.6756387	0.6486902	-0.67303264	-0.6239095	0.6205487	0.66488683	-0.6714239	0.7462536	0.72104657	0.69871765	0.74142957	0.7086815	0.67379487	-0.67336935	-0.6428833	0.7297673	0.7038891	-0.7199679	0.6276274	-0.6590347	0.69602984	0.6875204	-0.5911729	0.72463894	-0.67037696
-0.74734867	-0.8160215	-0.7557812	0.87693673	-0.75788146	-0.8013396	0.7000264	0.6935995	0.869635	0.7580745	-0.83145094	-0.85974026	-0.8312519	0.70372456	-0.81896544	-0.82139164	0.79231477	0.7212933	-0.82242614	-0.8409844	-0.8411969	-0.85533786	0.8033915	0.8501642	0.7861369	0.80482477	-0.85886484	-0.77487916	0.868216	0.8701983	-0.8445706	0.82019925	-0.81014913	-0.62418634	0.85048074	-0.80491805	-0.614618	0.7792291	-0.77848667	0.7838777	0.86357087	-0.79064095	-0.7975433	-0.8374467	-0.7698758	0.8338024	-0.694317	-0.77041364	0.85593885	0.8224726	-0.67778116	-0.82916033	-0.711121	-0.823024	-0.8750383	-0.8269595	0.8014396	-0.82468593	-0.7616359	-0.80122674	-0.8388229	0.7938919	0.7218873	-0.83581156	0.8651962	0.90792793	-0.7876862	0.7865188	0.88240147	-0.86838514	0.8213355	0.87418735	-0.8226372	-0.8383435	0.7918634	0.77179235	0.72686183	-0.80033606	-0.7120425	0.57890314	0.77377427	-0.6823558	0.8389335	0.75054246	0.652027	0.8088351	0.80141157	0.7880772	-0.7829093	-0.7309393	0.83307946	0.78368425	-0.8503529	0.7722106	-0.79382735	0.7993893	0.8777723	-0.5928599	0.77447414	-0.8347681
-0.2101828	-0.19451569	-0.26187676	0.24126045	-0.25576934	-0.18474832	0.22276047	0.25480264	0.27640817	0.22414365	-0.19277109	-0.28250512	-0.2782647	0.18532567	-0.26956487	-0.27724093	0.26670823	0.24831073	-0.27006653	-0.2800392	-0.222056	-0.20589384	0.20693406	0.27956927	0.19392644	0.2677442	-0.25529084	-0.18178186	0.2475678	0.21202624	-0.2410339	0.21773434	-0.2431776	-0.26427704	0.276343	-0.20175746	-0.20761804	0.2753285	-0.21037823	0.2705545	0.26899573	-0.1937489	-0.19935082	-0.23624116	-0.20554657	0.26927537	-0.1789379	-0.21120723	0.18842232	0.20104823	-0.21225233	-0.2669779	-0.1871093	-0.19598071	-0.23975986	-0.2631275	0.24545553	-0.19018224	-0.2375724	-0.2678485	-0.24913964	0.25215426	0.19698593	-0.23099186	0.21346255	0.20508902	-0.20123798	0.22277948	0.25751606	-0.20745571	0.24314816	0.23089252	-0.2381478	-0.2719856	0.24781762	0.26789984	0.20898736	-0.2889179	-0.23770876	0.23806216	0.2708212	-0.21156377	0.19448082	0.24503216	0.21325065	0.27931663	0.24683386	0.2353057	-0.21929377	-0.25633883	0.27487728	0.24153797	-0.20330365	0.21614756	-0.22263566	0.19149412	0.2677175	-0.20459081	0.22073708	-0.29066038
-0.49225903	-0.52372646	-0.54875386	0.59723765	-0.5171813	-0.557367	0.5750254	0.5034422	0.5815415	0.59769297	-0.51575226	-0.54602456	-0.5887245	0.5729778	-0.55458194	-0.5105826	0.55916184	0.5096338	-0.5115848	-0.50927293	-0.5717802	-0.53353024	0.5502798	0.5290389	0.577523	0.5164317	-0.5890251	-0.5403424	0.5706042	0.56485033	-0.5343209	0.5120057	-0.5800787	-0.56531155	0.52538663	-0.54083645	-0.53174156	0.5625276	-0.544359	0.5316006	0.5510732	-0.60289574	-0.51456356	-0.5177654	-0.59498984	0.49298263	-0.53492004	-0.5104578	0.541641	0.582377	-0.5495645	-0.5856767	-0.58572084	-0.5742399	-0.5466385	-0.5371866	0.5442425	-0.5816921	-0.5782209	-0.50513214	-0.58254063	0.5550133	0.5558868	-0.5119346	0.6117386	0.5746701	-0.50068057	0.5426989	0.5371045	-0.5222063	0.5288863	0.5332935	-0.54880846	-0.5374649	0.5698673	0.5799653	0.5350224	-0.5254366	-0.60386235	0.5216348	0.50310653	-0.56726587	0.5787998	0.54783297	0.53973186	0.5050646	0.5635279	0.5616585	-0.5649803	-0.56198806	0.5609511	0.52683353	-0.5713278	0.58538204	-0.58396816	0.5247984	0.6047803	-0.49002376	0.5556877	-0.59451365
-0.84834015	-0.8873388	-0.9376495	0.93429124	-0.8432911	-0.8178691	0.8922114	0.8570723	0.9072648	0.9518523	-0.87884855	-0.91216606	-0.8011933	0.8526453	-0.8816661	-0.9419563	0.94500625	0.9256972	-0.93494207	-0.863045	-0.969292	-0.9881151	0.94014025	0.9781215	0.9387445	0.9557586	-0.95028967	-0.8634635	0.9032673	0.8891945	-0.8727272	0.92995554	-0.876842	-0.81659037	0.96465385	-0.8892318	-0.7947561	0.88108623	-0.87142706	0.9040816	0.87480354	-0.87370366	-0.89282876	-0.9683764	-0.94580644	0.9181004	-0.8614855	-0.9737048	0.8400858	0.8551014	-0.8232358	-0.9956293	-0.8553034	-0.9603567	-0.903811	-0.9488987	0.9122275	-0.89430743	-0.8864011	-0.90283257	-0.92016864	0.88194704	0.8207411	-0.9416636	0.9456201	0.8902095	-0.9149082	0.8848849	0.8600868	-0.9391065	0.8650863	0.9029026	-0.91455305	-0.90721333	0.95930415	0.9119457	0.91025263	-0.957122	-0.8225534	0.7416573	0.9115159	-0.83809733	0.9586572	0.9280242	0.8904328	0.9196251	0.9342413	0.9129943	-0.8340086	-0.8645681	0.9700788	0.8843769	-0.9261552	0.75459975	-0.96731496	0.94224787	0.93400824	-0.787998	0.89575505	-0.8656739
-0.86730045	-0.9565227	-0.9047407	0.9986866	-0.91836375	-0.9885981	0.8662037	0.80303663	0.9310895	0.94220144	-0.94515646	-0.979481	-0.9497293	0.8403383	-0.9065359	-1.0022596	0.9520224	0.89778066	-0.9247886	-0.9593851	-0.9676122	-1.0099558	0.93586856	0.9454103	0.94978	0.9320073	-0.9212004	-0.90117115	0.9790458	0.99538326	-0.9174924	0.95501333	-0.9310218	-0.80458313	0.9239385	-0.9896505	-0.7715567	0.91590637	-0.85006475	0.8366114	1.0375094	-0.9454908	-0.9998584	-0.898233	-0.86900556	0.9332666	-0.8262329	-0.93095267	1.0000178	0.94292504	-0.7567327	-1.0062461	-0.85445774	-0.9508725	-0.93516374	-0.9358478	0.9323515	-1.0203177	-0.98933977	-0.90212494	-0.93137366	0.88281894	0.8393886	-1.0642208	0.94148135	1.0208315	-0.90799975	0.88024455	0.98926413	-0.9600292	0.9041068	0.939132	-0.9940024	-0.98317385	0.9036637	0.88566947	0.85762614	-1.0020796	-0.9188216	0.7713928	0.88260615	-0.7963009	0.9492599	0.88210535	0.7560253	0.9371301	0.92036194	0.8860387	-0.89306426	-0.95450866	0.9185191	0.8930504	-1.0091152	0.9948139	-0.9663502	0.9243824	0.972496	-0.7144152	0.96834683	-1.0319864
-0.80254143	-0.805198	-0.7706779	0.8263718	-0.82848	-0.73382676	0.7499865	0.74475855	0.8929912	0.75928545	-0.7691181	-0.85692495	-0.85321826	0.7704363	-0.82767475	-0.8345616	0.84705675	0.8068399	-0.78221226	-0.79657245	-0.8555187	-0.8974414	0.84642726	0.8758956	0.8156523	0.86292005	-0.864824	-0.7759388	0.8647255	0.85766065	-0.8100971	0.8482385	-0.84133524	-0.60770553	0.80985975	-0.82736087	-0.65421504	0.8260229	-0.7416626	0.72652847	0.88193756	-0.8543113	-0.8131431	-0.8423928	-0.8292761	0.8349608	-0.69901556	-0.82572156	0.86231345	0.7501324	-0.7061873	-0.89101774	-0.76278687	-0.82567316	-0.8969646	-0.9122931	0.8848895	-0.90447766	-0.83621025	-0.79909307	-0.83193743	0.7857255	0.7253357	-0.9094639	0.8253201	0.8582389	-0.72094345	0.82746536	0.86556387	-0.8591043	0.7546466	0.80707157	-0.84568393	-0.813368	0.8112456	0.80627877	0.7857945	-0.89643806	-0.7499488	0.60322124	0.7732459	-0.74849087	0.81358314	0.81128407	0.6563702	0.87488765	0.7883083	0.8294254	-0.78379756	-0.82847404	0.8279961	0.8128234	-0.8900661	0.87024033	-0.78693885	0.8495866	0.84486634	-0.614426	0.82626206	-0.9245104
-0.7749347	-0.868352	-0.83006865	0.8131091	-0.7384491	-0.7333915	0.74576604	0.72141576	0.87189794	0.7497222	-0.72032845	-0.83557045	-0.8773187	0.7630073	-0.79262584	-0.825746	0.8227526	0.7572201	-0.8034158	-0.82819307	-0.8178721	-0.79413396	0.83648247	0.75986946	0.7681309	0.7789496	-0.8674506	-0.75414026	0.84120864	0.82727283	-0.79973817	0.8298845	-0.807077	-0.62610143	0.8142812	-0.8153894	-0.7242082	0.8072645	-0.7324943	0.70062363	0.79158074	-0.79555935	-0.8083766	-0.8199956	-0.7280262	0.8069229	-0.6698092	-0.82834685	0.8260014	0.7466909	-0.70866954	-0.86595523	-0.8035621	-0.79515433	-0.8086703	-0.87770647	0.8464673	-0.7539038	-0.766925	-0.83191055	-0.81792825	0.76477087	0.71581733	-0.8496094	0.82439435	0.85510427	-0.8072511	0.7600429	0.86632705	-0.87550765	0.8174789	0.8347531	-0.85836357	-0.76087224	0.7608674	0.7440335	0.70264953	-0.7879975	-0.71795714	0.61080366	0.7561369	-0.7280881	0.8229829	0.7576565	0.7341055	0.81278634	0.80588025	0.831557	-0.67613673	-0.7924652	0.77000296	0.7495914	-0.87302536	0.7959654	-0.770208	0.7632361	0.8266527	-0.6047732	0.8211939	-0.8148724
-0.733406	-0.7357176	-0.73126286	0.74694264	-0.78398794	-0.6672876	0.7047625	0.7598153	0.87764126	0.7787732	-0.812742	-0.7990419	-0.70664006	0.78154516	-0.76788545	-0.81336546	0.7558808	0.76239514	-0.78448486	-0.80324626	-0.845516	-0.8001787	0.8146987	0.7919182	0.81653	0.7663611	-0.8258973	-0.7270616	0.75811374	0.79535306	-0.7904723	0.84523576	-0.72629166	-0.6258053	0.8311123	-0.7586414	-0.67049867	0.7940615	-0.75263894	0.7456008	0.74638706	-0.7411345	-0.76054615	-0.7952078	-0.7833866	0.761146	-0.6990197	-0.7623133	0.76418364	0.7639214	-0.6584992	-0.82794493	-0.75245607	-0.8125439	-0.7718104	-0.81713206	0.8248857	-0.7308514	-0.7544682	-0.7522283	-0.793855	0.77899873	0.72298294	-0.8191469	0.7558881	0.8071979	-0.79107386	0.7604728	0.7461219	-0.80363077	0.7952677	0.7871482	-0.81200355	-0.78049093	0.7285442	0.7950731	0.7490126	-0.7553327	-0.7002935	0.5877853	0.8040188	-0.7313581	0.76445645	0.72944665	0.6199674	0.73605794	0.78040355	0.7645922	-0.70706576	-0.729391	0.8098156	0.73377514	-0.79499847	0.72443694	-0.8120846	0.7677294	0.8095929	-0.5934406	0.80532426	-0.78678924
-0.7437299	-0.88607156	-0.8430029	0.86476976	-0.8417576	-0.77612036	0.7807887	0.76174206	0.91465944	0.85910213	-0.84457	-0.900714	-0.8092695	0.80969673	-0.8070981	-0.8801873	0.8653492	0.8132874	-0.8774291	-0.84625983	-0.8749091	-0.91718256	0.8778734	0.89372104	0.8281287	0.80328923	-0.85849035	-0.8716592	0.80089456	0.8860003	-0.8898077	0.83104485	-0.83141935	-0.80070704	0.92242324	-0.8031793	-0.7173378	0.88302326	-0.86388284	0.8320846	0.8555343	-0.90190583	-0.81574464	-0.9091936	-0.86483854	0.8224353	-0.74298733	-0.83587646	0.80171496	0.8077344	-0.68613935	-0.8798518	-0.82148236	-0.85789526	-0.88620615	-0.84453934	0.8433343	-0.8207293	-0.77582484	-0.86178416	-0.8688247	0.79624486	0.7138422	-0.842005	0.9154988	0.8935878	-0.8245017	0.79549456	0.90944135	-0.90717417	0.8565494	0.9034595	-0.84130424	-0.8831493	0.8341559	0.883039	0.82484263	-0.87328565	-0.83564675	0.7336813	0.8144297	-0.7273218	0.86967534	0.850615	0.6479808	0.8573783	0.850785	0.8272882	-0.8480704	-0.7932004	0.86542356	0.8409424	-0.91357744	0.80442667	-0.83931404	0.8311443	0.8806666	-0.7438874	0.87712497	-0.8293958
-0.7912878	-0.776184	-0.8029666	0.8492362	-0.73538685	-0.742215	0.77979565	0.68200386	0.8397119	0.7800003	-0.7680514	-0.8346457	-0.7996384	0.7340539	-0.8254287	-0.82378644	0.80251586	0.781945	-0.82842904	-0.78678685	-0.85653096	-0.84078383	0.79092	0.809729	0.79756683	0.76917803	-0.8007144	-0.75995505	0.73899823	0.82867175	-0.8204578	0.78144234	-0.76455224	-0.7077494	0.8409131	-0.8240369	-0.7171551	0.8391277	-0.75786656	0.74869543	0.72709024	-0.769311	-0.7551663	-0.8451052	-0.79780805	0.79965526	-0.6558959	-0.75154686	0.72554934	0.77854687	-0.70245236	-0.80547804	-0.71645397	-0.78147507	-0.8106205	-0.8050619	0.8450536	-0.74347776	-0.7837552	-0.7876844	-0.8399348	0.77009714	0.7350006	-0.7651643	0.8023998	0.81704944	-0.7635634	0.8198269	0.83530384	-0.7724437	0.7847743	0.7743341	-0.80077	-0.7581105	0.7771506	0.77760035	0.7316292	-0.7971624	-0.6535307	0.6359576	0.80292654	-0.7675471	0.83524686	0.80727166	0.6817496	0.86242455	0.8271728	0.82640785	-0.69959754	-0.7648251	0.82229453	0.72691995	-0.84847635	0.7384762	-0.78483605	0.8606606	0.80153066	-0.617506	0.7556833	-0.8542671
-0.6049105	-0.7332933	-0.6528114	0.71722054	-0.68927646	-0.6853316	0.72156894	0.63866144	0.6936963	0.7665624	-0.69333667	-0.7306822	-0.72457725	0.65515935	-0.66114455	-0.7734195	0.7551997	0.69583815	-0.68045765	-0.7129042	-0.755068	-0.7411921	0.74387217	0.6971476	0.73304117	0.71359843	-0.70404136	-0.6958071	0.7320755	0.70136696	-0.71713847	0.769431	-0.7325525	-0.5831178	0.7368905	-0.73768693	-0.5841524	0.65909487	-0.6862005	0.69045264	0.7252099	-0.6834582	-0.71331125	-0.7194188	-0.70641303	0.7466257	-0.6480265	-0.68019456	0.722917	0.7104816	-0.62616056	-0.6869918	-0.6172714	-0.73739386	-0.6816038	-0.68710375	0.77383035	-0.7399044	-0.7496414	-0.7116061	-0.7340005	0.6914549	0.67504954	-0.748915	0.6829358	0.76607084	-0.6756202	0.64467335	0.7305773	-0.719064	0.6800995	0.6961058	-0.7302028	-0.75976104	0.7614414	0.74604845	0.6928283	-0.7505985	-0.6572232	0.63989514	0.62309676	-0.61289984	0.7428203	0.7057682	0.6421546	0.6837945	0.67686605	0.67378	-0.7428291	-0.76753557	0.7119705	0.6649656	-0.7132932	0.71161884	-0.7495157	0.6537926	0.69115764	-0.64418185	0.65659374	-0.7323829
-0.8822416	-0.9105569	-0.8886066	0.91092384	-0.8628072	-0.8713256	0.80464673	0.8094235	0.9014236	0.8390567	-0.8977945	-0.9655406	-0.94269973	0.8028612	-0.9080618	-0.8993923	0.95017195	0.8592491	-0.8713913	-0.90350306	-0.9472961	-0.93933517	0.9814295	0.87291604	0.871229	0.85023624	-0.9395265	-0.8610102	0.90083164	0.9386212	-0.8907238	0.94275004	-0.9677165	-0.806908	0.93169636	-0.952749	-0.82183146	0.88288265	-0.8228739	0.810164	0.90974426	-0.8475083	-0.9339938	-0.9186172	-0.94062465	0.92579824	-0.81393176	-0.9277119	0.8944792	0.9331453	-0.83427036	-0.9011014	-0.8623376	-0.95494896	-0.89514697	-0.90856403	0.8637074	-0.91460127	-0.86200017	-0.8567263	-0.9678685	0.8281885	0.8486868	-0.93323714	0.85662615	0.97691464	-0.86669195	0.83720785	0.95752275	-0.87260586	0.8989923	0.9419323	-0.9208908	-0.9532447	0.9302599	0.8160766	0.83244854	-0.91281617	-0.79125285	0.75815636	0.89206475	-0.7861941	0.86810875	0.9286591	0.755522	0.90715444	0.91620183	0.9296939	-0.8256272	-0.8955375	0.84652996	0.8382984	-0.8700837	0.9070623	-0.8965612	0.9419428	0.9863967	-0.70838964	0.89549345	-0.89144367
-0.6543095	-0.7027014	-0.68773884	0.6766418	-0.6691549	-0.6599048	0.6547216	0.5939848	0.69597876	0.6879002	-0.66040707	-0.6896803	-0.59783936	0.6371143	-0.5974802	-0.6188277	0.59354	0.5898805	-0.63639987	-0.65256345	-0.6481941	-0.63889235	0.7037906	0.60618997	0.6750788	0.7137554	-0.64109665	-0.65817946	0.6447825	0.6474842	-0.6619629	0.6625398	-0.6938307	-0.6025221	0.6549461	-0.63147885	-0.6284182	0.6935608	-0.6905742	0.6699903	0.6337863	-0.6939161	-0.5888915	-0.6437086	-0.5953146	0.59404874	-0.5561343	-0.64349973	0.6152104	0.6493368	-0.6175411	-0.6301612	-0.65708923	-0.66706586	-0.6567971	-0.687263	0.67982775	-0.60041475	-0.6469756	-0.67074746	-0.6735207	0.6568708	0.580798	-0.6572945	0.6301622	0.6668871	-0.62572336	0.6474235	0.6941936	-0.65545887	0.6987961	0.61148053	-0.62012047	-0.59631085	0.6845207	0.6252534	0.6144702	-0.6840611	-0.5659955	0.5842856	0.6420118	-0.57505304	0.67590165	0.6148677	0.62189245	0.70933044	0.69615877	0.6460741	-0.63701844	-0.659656	0.7065806	0.65251225	-0.6405344	0.5717398	-0.6252034	0.7211162	0.67616534	-0.58596724	0.6736702	-0.61946845
-0.4318562	-0.52320707	-0.5291671	0.5356134	-0.53875554	-0.53199714	0.55787396	0.4782593	0.48851818	0.50086623	-0.47874117	-0.56440777	-0.4851442	0.47011575	-0.53683686	-0.51762074	0.48922086	0.4867528	-0.5473179	-0.55774164	-0.5669483	-0.51120794	0.52689606	0.5089449	0.50170916	0.44752106	-0.51101464	-0.4698442	0.53250724	0.48272303	-0.47445044	0.5780798	-0.5472115	-0.4615987	0.52463996	-0.5200925	-0.49131244	0.4824736	-0.4913024	0.47970653	0.54064316	-0.48357183	-0.50166094	-0.56171495	-0.5719437	0.47899765	-0.47990283	-0.482892	0.51859665	0.49258497	-0.50116646	-0.55661035	-0.4826394	-0.48668802	-0.49276754	-0.5128193	0.5065205	-0.5402771	-0.5452244	-0.46392116	-0.55284727	0.47548038	0.51539826	-0.57686687	0.5080657	0.5375279	-0.48195726	0.5205165	0.5568864	-0.53452396	0.4604869	0.47957474	-0.55643004	-0.55490035	0.5229571	0.48496345	0.5477478	-0.57681006	-0.52505255	0.51020765	0.519817	-0.46786723	0.4845761	0.45411903	0.47186637	0.50261563	0.55346817	0.50274026	-0.5504366	-0.5081977	0.5045685	0.56237215	-0.45462817	0.56288064	-0.5383005	0.5361257	0.5632695	-0.4877059	0.4798379	-0.5769811
-0.39306885	-0.6743569	-0.6640037	0.5947797	-0.6504117	-0.669828	0.6349667	0.54836124	0.5392273	0.59998596	-0.6665003	-0.61921525	-0.6321212	0.60237706	-0.63700634	-0.6940826	0.6107056	0.59136486	-0.64088243	-0.65714693	-0.6424951	-0.65264326	0.59460676	0.6391635	0.6340817	0.54071105	-0.57358885	-0.5774429	0.63109094	0.61064255	-0.5756349	0.671647	-0.6772981	-0.53901523	0.6242655	-0.6981515	-0.57371163	0.6091634	-0.579553	0.66084987	0.7069154	-0.65259415	-0.67892665	-0.58897245	-0.6811194	0.65043396	-0.65385205	-0.5999954	0.684344	0.66454375	-0.53255934	-0.6316275	-0.5845909	-0.6464916	-0.6592309	-0.63989043	0.6497393	-0.70760864	-0.6374701	-0.5198775	-0.6117628	0.6339243	0.54988945	-0.70261484	0.64387536	0.6188812	-0.5108946	0.4907029	0.70451283	-0.6308635	0.6402823	0.62086165	-0.68038195	-0.65995246	0.64987564	0.60702175	0.6389156	-0.61317265	-0.5954804	0.5885515	0.56139153	-0.5748286	0.57793385	0.58707744	0.47541282	0.4794546	0.62500215	0.53084975	-0.5895602	-0.6579685	0.61138815	0.62371826	-0.6258739	0.7205691	-0.5998973	0.5221105	0.65364957	-0.5603166	0.6453581	-0.6743257
-0.50764513	-0.7840911	-0.8069527	0.8043401	-0.73732746	-0.867393	0.76216394	0.72928214	0.7234439	0.74626315	-0.8355852	-0.78964514	-0.8060431	0.75619185	-0.77715886	-0.86656165	0.74458164	0.70086217	-0.8118812	-0.7728854	-0.7897147	-0.72273016	0.79039717	0.7374034	0.8734645	0.70728874	-0.756943	-0.79580957	0.85771304	0.7777262	-0.7398827	0.81139505	-0.7621838	-0.73907363	0.72505724	-0.8041513	-0.74843574	0.6577511	-0.80229086	0.79569066	0.8284636	-0.80423886	-0.78669524	-0.7422832	-0.79398865	0.8107854	-0.74937224	-0.79223573	0.786966	0.8487289	-0.57426083	-0.80282974	-0.6872176	-0.75984997	-0.798158	-0.8168143	0.7838635	-0.8628116	-0.79093075	-0.60140115	-0.7699186	0.781598	0.70085114	-0.83337706	0.77998555	0.75785094	-0.6551506	0.58588344	0.81335187	-0.8703133	0.6881541	0.8525557	-0.852491	-0.75267977	0.72247773	0.7737115	0.8057017	-0.8496702	-0.7679218	0.7255417	0.558902	-0.6136942	0.8112653	0.70362717	0.5642173	0.5602178	0.8312283	0.62161225	-0.83822775	-0.8689477	0.77102554	0.80406034	-0.74435145	0.79351556	-0.8467554	0.64688075	0.7785444	-0.71410286	0.7309847	-0.80490726
-0.7361357	-0.8501338	-0.7490944	0.815725	-0.84632397	-0.8604097	0.74694973	0.71851254	0.8151608	0.84270704	-0.842751	-0.8173223	-0.8395815	0.73980504	-0.9007425	-0.9242928	0.83160263	0.80174017	-0.8187077	-0.80532354	-0.8207794	-0.8343247	0.8610468	0.78438	0.8874045	0.863947	-0.83821934	-0.77077264	0.8281789	0.88072747	-0.8148804	0.8191974	-0.8271916	-0.699195	0.8864983	-0.82989585	-0.6775789	0.84558177	-0.7506897	0.74081314	0.88537717	-0.84515274	-0.85581934	-0.8385935	-0.84607416	0.84016234	-0.7157291	-0.78002894	0.9140822	0.7963483	-0.71551406	-0.89100444	-0.776556	-0.83444417	-0.84535635	-0.9103856	0.8043651	-0.829074	-0.86031735	-0.7885858	-0.88734126	0.79110783	0.71138525	-0.89411336	0.8105797	0.85274976	-0.7066645	0.71427965	0.8375444	-0.85478646	0.77554303	0.82268494	-0.85943985	-0.8751372	0.8430442	0.7428942	0.8020418	-0.86873746	-0.7744124	0.67057496	0.80761313	-0.69460577	0.79597044	0.7920534	0.7242521	0.7740461	0.7834608	0.8163693	-0.7526185	-0.8633158	0.86804616	0.7923152	-0.8130744	0.84769034	-0.7714402	0.7781602	0.857071	-0.62721723	0.82991236	-0.8714388
-0.7264475	-0.7451334	-0.7103033	0.6872039	-0.64895207	-0.7110635	0.7183853	0.63923347	0.7042875	0.6561998	-0.6453956	-0.73979324	-0.7320777	0.6428943	-0.73585236	-0.72643006	0.7392583	0.642419	-0.6513044	-0.72081774	-0.720869	-0.7029221	0.7410235	0.7474594	0.66623616	0.6631708	-0.66059023	-0.6431709	0.74033296	0.6767212	-0.70447356	0.72032005	-0.7207778	-0.6151237	0.74738044	-0.68921745	-0.6555814	0.71886545	-0.71156603	0.69497865	0.6811143	-0.6731423	-0.68881726	-0.665517	-0.7034133	0.6421467	-0.65910864	-0.65580577	0.7121209	0.6770293	-0.6422527	-0.7166824	-0.7162446	-0.67218757	-0.70423335	-0.6832664	0.7274449	-0.6438649	-0.65134484	-0.7093698	-0.7314118	0.7064286	0.6769287	-0.65400493	0.7066783	0.66304153	-0.6562558	0.72727084	0.73783934	-0.65129083	0.6696701	0.68254334	-0.66276985	-0.6516411	0.7301595	0.67595804	0.7042889	-0.6880684	-0.6512848	0.64000756	0.67553884	-0.70495605	0.7206722	0.7223862	0.6338398	0.6686264	0.6689402	0.66043156	-0.6221023	-0.65006226	0.6510404	0.64843893	-0.6990622	0.68530697	-0.7276188	0.65967935	0.6698807	-0.6597081	0.6526053	-0.70573604
-0.42621124	-0.41987926	-0.45622262	0.4673678	-0.5052907	-0.49415383	0.4806827	0.42712712	0.43824133	0.47957686	-0.434289	-0.45378205	-0.45926344	0.43950877	-0.45053646	-0.48630023	0.4398552	0.4857955	-0.4447213	-0.44868213	-0.48085383	-0.45079833	0.4224689	0.43143544	0.4765236	0.40583876	-0.46688196	-0.45399427	0.47927606	0.44236618	-0.49233028	0.4580132	-0.4723954	-0.4132211	0.44213653	-0.41933203	-0.4707478	0.49468946	-0.48669335	0.43394804	0.49987435	-0.49961016	-0.4609172	-0.44967812	-0.4842584	0.4980811	-0.43443823	-0.43413588	0.49793047	0.47029242	-0.40710005	-0.4346878	-0.4470268	-0.42695892	-0.5018664	-0.48603603	0.50155294	-0.44516394	-0.42228204	-0.47069937	-0.418575	0.48889244	0.43782005	-0.48740658	0.50962394	0.49481553	-0.38066545	0.46529356	0.4633966	-0.49703842	0.4122426	0.43488854	-0.489834	-0.45899862	0.4396958	0.47224608	0.4559604	-0.4967101	-0.43378365	0.4140008	0.441617	-0.4689204	0.42316774	0.49067593	0.44630083	0.41576645	0.4628682	0.46998933	-0.4400534	-0.48572415	0.4385941	0.43786192	-0.5026315	0.5090836	-0.41681188	0.4397074	0.42885065	-0.4319428	0.47835705	-0.45847583
-0.70252234	-0.7632504	-0.7500534	0.7020652	-0.6770881	-0.68820655	0.6084617	0.6699726	0.75290453	0.7022288	-0.6358533	-0.7117016	-0.76696044	0.7084016	-0.6736526	-0.7910085	0.68391204	0.7327438	-0.73843515	-0.74562025	-0.7387348	-0.7056403	0.73919755	0.6832362	0.6686511	0.7245567	-0.7252505	-0.70987415	0.7605846	0.7721114	-0.7877647	0.7512001	-0.7796643	-0.6179447	0.73835593	-0.7532189	-0.6063839	0.724864	-0.66039944	0.62210786	0.7291028	-0.7152273	-0.68790835	-0.7252647	-0.66825974	0.7178125	-0.54704523	-0.7137202	0.6941831	0.70802253	-0.6318898	-0.78303003	-0.71572816	-0.680051	-0.7155402	-0.69833165	0.67811304	-0.69253296	-0.6550656	-0.72355515	-0.7460936	0.63721216	0.64660805	-0.71827716	0.69693816	0.7995572	-0.6881778	0.7433037	0.73222077	-0.7633949	0.74472547	0.74376696	-0.6772978	-0.70821327	0.6805458	0.6286685	0.6246476	-0.78951126	-0.6376591	0.5772696	0.7285881	-0.623929	0.7806014	0.75858104	0.6235407	0.8287264	0.7125818	0.7450856	-0.6725184	-0.6957664	0.71606183	0.670139	-0.73049796	0.7025741	-0.6809596	0.71298575	0.7222433	-0.49430522	0.73305476	-0.7385331
-0.73918957	-0.7931902	-0.7616024	0.83971983	-0.76542574	-0.7608955	0.78693855	0.8011822	0.8307262	0.80039245	-0.76387113	-0.82668966	-0.80772436	0.80285966	-0.8294996	-0.86384827	0.80875653	0.81741995	-0.8081311	-0.8539746	-0.85591733	-0.8501161	0.8027445	0.8120329	0.79449123	0.7757643	-0.85097605	-0.7653372	0.81461906	0.78400445	-0.8534502	0.8083779	-0.78931445	-0.78397024	0.79895264	-0.8125532	-0.79314387	0.84174013	-0.79058456	0.7390732	0.8414162	-0.7877553	-0.80434346	-0.8718071	-0.8264618	0.76058775	-0.78540486	-0.7886891	0.7897853	0.84321034	-0.7999687	-0.8195521	-0.78810436	-0.7621019	-0.82749254	-0.84595525	0.8401734	-0.77104425	-0.81162333	-0.7656224	-0.83685976	0.8261932	0.7481702	-0.82784873	0.8089428	0.8523825	-0.8129425	0.748337	0.8075339	-0.8048888	0.7677792	0.7648024	-0.8359874	-0.775967	0.7970819	0.84452623	0.8469514	-0.8223624	-0.8149137	0.7220352	0.75463283	-0.7723212	0.8389075	0.81861573	0.7671635	0.7727224	0.78349304	0.77616894	-0.79114866	-0.8505304	0.7801963	0.76569724	-0.86619526	0.78141123	-0.7990903	0.8379198	0.85957557	-0.7686739	0.8519751	-0.85190636
-0.69758785	-0.76830155	-0.7724719	0.70707005	-0.7697481	-0.60468525	0.62548184	0.7314209	0.7351748	0.68109924	-0.71893656	-0.7247368	-0.72984177	0.68144673	-0.63369423	-0.74520314	0.7442005	0.7385765	-0.67474306	-0.7692624	-0.7788202	-0.76539516	0.71524477	0.7748475	0.67114645	0.789382	-0.7279233	-0.73425406	0.6541125	0.7132746	-0.78711945	0.7579347	-0.7459338	-0.6029661	0.73014057	-0.7036989	-0.64043564	0.76043767	-0.68315226	0.7178186	0.72584826	-0.68391216	-0.75297755	-0.77516633	-0.66198605	0.72298694	-0.7056352	-0.7132728	0.6587605	0.71137494	-0.71543133	-0.7459356	-0.65409553	-0.6730845	-0.7093245	-0.7285461	0.7777775	-0.7345319	-0.66915905	-0.7224676	-0.7766962	0.7259946	0.760278	-0.7264134	0.7638199	0.7262083	-0.71364194	0.7441817	0.7321139	-0.7259223	0.7289436	0.74411905	-0.7705286	-0.69455993	0.6960819	0.6738449	0.68925357	-0.7176989	-0.67351115	0.69340295	0.7814347	-0.6353032	0.70078975	0.6813709	0.71719944	0.79784966	0.71138346	0.71696734	-0.7334521	-0.7563464	0.7571642	0.75095946	-0.770316	0.6867717	-0.749001	0.7898419	0.7734338	-0.69596416	0.7365856	-0.7634487
-0.7222162	-0.6919969	-0.67659	0.70758593	-0.7185063	-0.64487875	0.6598439	0.6451568	0.7289239	0.6898424	-0.71553445	-0.74199545	-0.7377226	0.66872543	-0.71489775	-0.74466	0.6680343	0.6874193	-0.68486273	-0.7374703	-0.68323684	-0.738173	0.7129076	0.70206946	0.7057798	0.6939185	-0.76622915	-0.673327	0.67568344	0.70245486	-0.7447511	0.7027604	-0.73644084	-0.62380916	0.69552135	-0.70822996	-0.5748419	0.7434693	-0.6532138	0.65655386	0.731316	-0.73788005	-0.6710653	-0.69559586	-0.6603708	0.7068901	-0.5502016	-0.70425016	0.7195072	0.73559713	-0.6637714	-0.6924849	-0.65427345	-0.6882556	-0.73683983	-0.6897016	0.686509	-0.7217307	-0.68210804	-0.72768736	-0.69927555	0.6439216	0.642675	-0.7365267	0.67282087	0.7293391	-0.69665587	0.6453985	0.7421733	-0.7282685	0.6653532	0.7408143	-0.6862877	-0.69716954	0.65036994	0.6815491	0.59011555	-0.77688456	-0.6533934	0.5965813	0.6846547	-0.6828682	0.7011117	0.71553576	0.62518847	0.74452704	0.6589588	0.7316627	-0.6854812	-0.6849943	0.6600669	0.6743693	-0.7165829	0.72297794	-0.70332587	0.7807737	0.676722	-0.59970176	0.64475834	-0.719118
-0.48266378	-0.8671237	-0.73678595	0.7704551	-0.79150075	-0.9285151	0.69763654	0.5562446	0.65222067	0.8371351	-0.80528384	-0.84479195	-0.8889688	0.70034295	-0.86188555	-0.8813059	0.83108145	0.6075276	-0.82766825	-0.7939013	-0.81399596	-0.73215824	0.8397085	0.7817571	0.88069946	0.71156585	-0.6733881	-0.75847733	0.92066306	0.8091439	-0.7012176	0.83023906	-0.7881836	-0.6153388	0.676789	-0.8566554	-0.62134916	0.73234993	-0.75739735	0.70159024	0.9316275	-0.8550879	-0.8711473	-0.75208795	-0.82340574	0.9159693	-0.77896565	-0.70736533	0.87272173	0.8394773	-0.5082475	-0.8251503	-0.6681484	-0.7406328	-0.8007838	-0.8692461	0.8207157	-0.9552183	-0.8392495	-0.63521713	-0.82508737	0.7608813	0.6195852	-0.87588906	0.79764557	0.8243737	-0.51776195	0.5703756	0.86198896	-0.8689618	0.715134	0.8653268	-0.8111071	-0.8514399	0.78222936	0.77431524	0.83890015	-0.8226472	-0.7980128	0.5727037	0.60807407	-0.54834694	0.70187056	0.73740536	0.5547221	0.5661309	0.7703185	0.6053137	-0.81327623	-0.87609595	0.75974405	0.7744791	-0.7349244	0.91154903	-0.7982135	0.63272804	0.8554306	-0.5608594	0.7103746	-0.85125595
-0.8209699	-0.79771894	-0.8459948	0.80459887	-0.7609805	-0.7752427	0.776034	0.701517	0.8108626	0.7794444	-0.80051875	-0.83890116	-0.85730326	0.7435438	-0.8771317	-0.82019126	0.85824233	0.8432029	-0.8450536	-0.87429863	-0.8905801	-0.8443184	0.8621054	0.81836957	0.806734	0.81620985	-0.8905396	-0.81293374	0.8823144	0.89419985	-0.78956765	0.82152724	-0.84713286	-0.6998639	0.7895647	-0.85485435	-0.6555571	0.7869597	-0.80707926	0.793687	0.8943855	-0.80981445	-0.8219208	-0.8297793	-0.8230183	0.80417407	-0.7130233	-0.7939922	0.8995346	0.81989646	-0.6782231	-0.81077445	-0.7992756	-0.7930704	-0.87780523	-0.8469718	0.7901888	-0.80519253	-0.7852173	-0.8288622	-0.89955366	0.7495147	0.7551196	-0.8984528	0.7883697	0.8904927	-0.776256	0.8212794	0.85648674	-0.8854784	0.8217341	0.8306398	-0.83238727	-0.7975092	0.8165537	0.7950961	0.7287563	-0.87914354	-0.7005117	0.6249984	0.784599	-0.7473686	0.8912578	0.8179767	0.7677294	0.8955159	0.80708575	0.8679757	-0.7019667	-0.75309795	0.86153567	0.8072917	-0.84908783	0.8914776	-0.78786683	0.8124478	0.8626493	-0.64006025	0.8202582	-0.82415557
-0.7935993	-0.94846344	-0.83469784	0.9465644	-0.8283729	-0.80797267	0.8850407	0.79001653	0.9062802	0.8737734	-0.8328258	-0.86745673	-0.91497904	0.81183743	-0.91732603	-0.9504406	0.8492415	0.8490992	-0.8964429	-0.8619551	-0.88344073	-0.89082265	0.9288567	0.87446463	0.86552125	0.84698874	-0.8450147	-0.7911163	0.9115127	0.9379513	-0.903724	0.9279442	-0.95427465	-0.7968339	0.83972025	-0.9444751	-0.7857078	0.8224287	-0.89640665	0.8384579	0.8933454	-0.8660152	-0.8562393	-0.9118635	-0.83762056	0.8834122	-0.8557498	-0.8883495	0.9380681	0.89573723	-0.823302	-0.8559709	-0.8153609	-0.8692106	-0.90597427	-0.8743872	0.90325403	-0.8213524	-0.85066295	-0.888408	-0.89196974	0.80809593	0.83978814	-0.9420862	0.8450418	0.9147297	-0.8461858	0.8407287	0.9433611	-0.88339853	0.8504765	0.8932686	-0.8997249	-0.92762834	0.88207525	0.78673095	0.91120106	-0.87382984	-0.86532456	0.7644664	0.8059492	-0.74986607	0.85474056	0.8829769	0.80279195	0.8236	0.8370372	0.8133485	-0.8994943	-0.86593586	0.9072881	0.8944162	-0.9175037	0.8877352	-0.8835325	0.8544936	0.8632473	-0.78663033	0.87856764	-0.9064453
-0.7090423	-0.74657655	-0.6668754	0.71539134	-0.7063394	-0.73821265	0.67380434	0.647814	0.7711557	0.74542016	-0.7629646	-0.7693585	-0.8105402	0.6817829	-0.70164347	-0.8151489	0.7607927	0.73154324	-0.71963686	-0.7222388	-0.7357274	-0.7037031	0.72448945	0.75402397	0.77919155	0.7510029	-0.7377749	-0.6992883	0.7292033	0.7192893	-0.6864873	0.75269234	-0.73468274	-0.58703804	0.7235995	-0.7089179	-0.58256286	0.7149602	-0.68809104	0.692786	0.81248987	-0.6947067	-0.76647645	-0.72395945	-0.7545843	0.7397377	-0.62988186	-0.753405	0.80225885	0.76095796	-0.57046944	-0.7265943	-0.6596171	-0.77800745	-0.7852001	-0.7783369	0.69900197	-0.7277961	-0.71820354	-0.7437214	-0.78022075	0.6980264	0.6429258	-0.79792774	0.7313909	0.73523587	-0.631791	0.6489916	0.7305597	-0.7243939	0.74816126	0.7387924	-0.77119577	-0.7221692	0.696062	0.72819287	0.75407493	-0.7667317	-0.6793951	0.53609335	0.66945255	-0.63735723	0.6968488	0.65857124	0.6401488	0.7157702	0.74660647	0.7425242	-0.6622999	-0.73840386	0.7493917	0.72068024	-0.6983047	0.7039615	-0.7528396	0.767644	0.7654946	-0.61316955	0.75020087	-0.7108386
-0.58999723	-0.64421296	-0.631155	0.617086	-0.5764083	-0.6043873	0.55579853	0.57754207	0.6954587	0.64723176	-0.65124863	-0.6599047	-0.7071771	0.6023546	-0.582682	-0.6643921	0.6492616	0.60157037	-0.629516	-0.6859393	-0.6511096	-0.65226966	0.68488616	0.6263875	0.6188983	0.66951585	-0.61172754	-0.589056	0.7006284	0.6914071	-0.6629158	0.67419416	-0.61246634	-0.5255608	0.61528623	-0.6169212	-0.51951784	0.6780565	-0.5719382	0.6356591	0.6379413	-0.66216403	-0.58120006	-0.62848413	-0.6220489	0.67620456	-0.5382401	-0.655725	0.6666456	0.63760483	-0.5869206	-0.6186527	-0.6279677	-0.61777997	-0.6249325	-0.6970945	0.6770077	-0.61582357	-0.6771673	-0.6660133	-0.6933111	0.6012292	0.6206093	-0.65939415	0.60840267	0.6927193	-0.57504636	0.59853506	0.67121977	-0.632819	0.6508235	0.6500666	-0.6335261	-0.5691217	0.61061615	0.6438829	0.575099	-0.6677649	-0.49141422	0.55355346	0.57794714	-0.62147325	0.66052306	0.665844	0.53265584	0.6126391	0.6010916	0.5942266	-0.6063612	-0.55207807	0.5930567	0.6674385	-0.6467675	0.71319497	-0.6687314	0.5929737	0.612047	-0.48618084	0.65350604	-0.6473343
-0.6664435	-0.69506335	-0.6671559	0.75913036	-0.645403	-0.6573819	0.66571504	0.59243256	0.7197398	0.6690224	-0.6890499	-0.6796125	-0.7575431	0.66988677	-0.6758132	-0.7439488	0.7416629	0.67837197	-0.67327654	-0.7178352	-0.69782615	-0.73541874	0.7301724	0.75664395	0.6538572	0.67777276	-0.7372811	-0.6328278	0.7044176	0.7312163	-0.70714825	0.7344298	-0.77249277	-0.5418194	0.7393211	-0.6815067	-0.6138567	0.7402691	-0.6750939	0.66254026	0.7689336	-0.6717301	-0.70828855	-0.67356515	-0.73821956	0.66449964	-0.6530834	-0.7271606	0.7463894	0.6470993	-0.61665857	-0.7345886	-0.6607776	-0.66177964	-0.66509753	-0.7459623	0.6775042	-0.75816566	-0.6453385	-0.7181844	-0.7702715	0.71097493	0.6232422	-0.67762876	0.7151308	0.7572802	-0.6532697	0.6858313	0.7687629	-0.7276814	0.72688025	0.70751303	-0.6825549	-0.6728575	0.6818512	0.65208346	0.68271166	-0.67827845	-0.66039896	0.5056831	0.6916204	-0.6139478	0.67593175	0.67958874	0.59141755	0.7373938	0.7179008	0.67154974	-0.7048014	-0.69850296	0.658949	0.70795226	-0.7715748	0.66448957	-0.64990985	0.7630073	0.77579725	-0.5645237	0.72643965	-0.723551
-0.48627955	-0.5390093	-0.5648147	0.5477816	-0.5545576	-0.55390155	0.56020594	0.52423584	0.563359	0.58709085	-0.5353705	-0.61189	-0.59451145	0.5695659	-0.54409695	-0.55250067	0.55135816	0.5858322	-0.56901854	-0.5383854	-0.60867393	-0.5971538	0.610017	0.57980216	0.5455259	0.5623825	-0.56233335	-0.53155684	0.57650757	0.61325675	-0.5497376	0.55729115	-0.5862416	-0.47560015	0.5838392	-0.6079613	-0.52427155	0.60291845	-0.5751646	0.57908374	0.59133124	-0.5160256	-0.534885	-0.5989212	-0.5783925	0.56399083	-0.49308622	-0.5224849	0.5489064	0.59238106	-0.43610862	-0.6181848	-0.4921537	-0.57519794	-0.5748802	-0.58007115	0.5273941	-0.5524798	-0.610053	-0.4915119	-0.6064574	0.6008622	0.51111186	-0.5381801	0.5488562	0.6439559	-0.46207276	0.46030137	0.5866801	-0.5666331	0.58694804	0.598616	-0.6018632	-0.5603779	0.5744101	0.57223916	0.55992395	-0.55967987	-0.5001176	0.40164724	0.50340736	-0.48867437	0.564036	0.5377467	0.43799382	0.54421324	0.56135684	0.4853826	-0.5034725	-0.5655648	0.60728616	0.6085783	-0.5820433	0.53875726	-0.6061224	0.5793281	0.62355465	-0.39534625	0.5424818	-0.58392334
-0.74689347	-0.7213413	-0.832704	0.80326426	-0.70527947	-0.62878346	0.76438963	0.7879086	0.78884435	0.728481	-0.6973735	-0.8028564	-0.7573057	0.7490837	-0.77435076	-0.76503843	0.72719413	0.8124675	-0.70995975	-0.7106723	-0.7786924	-0.80428433	0.7180522	0.76083696	0.78379637	0.779623	-0.7760221	-0.74746937	0.6967198	0.7526101	-0.74009466	0.7777223	-0.7739608	-0.6912636	0.869699	-0.7556302	-0.74741095	0.8317715	-0.76717055	0.79206604	0.7130085	-0.6975307	-0.69478786	-0.7667164	-0.8170963	0.6806828	-0.745291	-0.79193234	0.666943	0.65125984	-0.78310597	-0.7682717	-0.73128027	-0.84833455	-0.72142124	-0.8108351	0.724457	-0.728657	-0.730449	-0.7867576	-0.8185688	0.7596979	0.7246294	-0.703247	0.7356121	0.80586296	-0.7466069	0.7848809	0.7944291	-0.7390752	0.8096564	0.83633125	-0.7451356	-0.75414306	0.8160882	0.82128155	0.7696847	-0.8348091	-0.6975959	0.74444336	0.78386706	-0.7468889	0.7920641	0.7407699	0.8061313	0.8201218	0.84775925	0.8510945	-0.6822764	-0.7204726	0.80129707	0.73611075	-0.7871148	0.66035855	-0.8037149	0.8120412	0.7878684	-0.70953304	0.7875677	-0.7496696
-0.8991976	-0.93331224	-0.83470225	0.9181563	-0.8070935	-0.76331127	0.788599	0.8605254	0.93857074	0.81911045	-0.8159966	-0.87828934	-0.89902204	0.7945232	-0.87015325	-0.87853026	0.8155034	0.86168325	-0.7780051	-0.80627286	-0.8258082	-0.8224842	0.8943481	0.8005732	0.84932065	0.84876424	-0.85674244	-0.81150407	0.7863664	0.8661858	-0.87817967	0.8460129	-0.8643745	-0.76954776	0.90772885	-0.8072509	-0.7734738	0.8579482	-0.794482	0.8285271	0.7748042	-0.74901825	-0.82157874	-0.84186894	-0.80087525	0.86362606	-0.69900507	-0.8249344	0.8361651	0.76000214	-0.8395239	-0.885883	-0.8566942	-0.8811692	-0.8557489	-0.8433308	0.8001464	-0.7801702	-0.73928887	-0.9205475	-0.8235401	0.86071485	0.8178007	-0.8253329	0.7816527	0.9107327	-0.81879133	0.8561492	0.863775	-0.79821676	0.8787917	0.89355385	-0.79119444	-0.8480082	0.77359307	0.7581295	0.7462491	-0.8340404	-0.66511387	0.7266426	0.8113416	-0.7904453	0.89940065	0.8151046	0.85098964	0.9020108	0.87313616	0.86770636	-0.7317755	-0.76866287	0.8482484	0.8273598	-0.9213313	0.83707696	-0.8440705	0.8550731	0.8641475	-0.6543541	0.8553784	-0.8199159
-0.5688606	-0.63878167	-0.53582925	0.63875055	-0.52701867	-0.5888773	0.5523077	0.52517056	0.5673043	0.54770535	-0.5653044	-0.5864486	-0.55926013	0.5600062	-0.5645756	-0.5716382	0.5696772	0.52848446	-0.53646976	-0.5829942	-0.6365953	-0.5826372	0.6255279	0.6075018	0.58523875	0.6157674	-0.5494216	-0.5982837	0.64541256	0.6046319	-0.5890908	0.62771654	-0.58234084	-0.4662905	0.5611951	-0.5767759	-0.48375395	0.6254893	-0.53368366	0.591387	0.6385695	-0.57819504	-0.5981434	-0.55796456	-0.6066858	0.59126043	-0.5437718	-0.5639975	0.55866885	0.5908084	-0.54983395	-0.5748622	-0.52618486	-0.5826629	-0.5417832	-0.593718	0.60003024	-0.5733752	-0.6185708	-0.5423119	-0.5556799	0.5995173	0.547925	-0.57843745	0.58747274	0.5594918	-0.573222	0.56131655	0.5887678	-0.58145964	0.5530382	0.6102337	-0.54440075	-0.5846614	0.56256354	0.5544312	0.55478907	-0.57668364	-0.4367263	0.46954608	0.5435482	-0.5393004	0.5840818	0.54447687	0.5415852	0.6418858	0.6249069	0.6194279	-0.56402755	-0.5233125	0.5582291	0.54745126	-0.5768948	0.5567161	-0.5615041	0.57279414	0.57571846	-0.46044877	0.59619933	-0.55849254
-0.6140258	-0.69658804	-0.6969561	0.7317576	-0.6596711	-0.7298287	0.63710535	0.66226864	0.713444	0.69422865	-0.76078385	-0.70961106	-0.8045412	0.6344527	-0.72020316	-0.74712014	0.7913404	0.6547481	-0.7044568	-0.707815	-0.7732963	-0.7608662	0.7768514	0.68403065	0.7722827	0.7245333	-0.76384133	-0.7197269	0.78140855	0.7635933	-0.7365714	0.7432604	-0.7749068	-0.64738	0.68945926	-0.8011188	-0.66336447	0.74792045	-0.67032474	0.66201127	0.72382474	-0.7056025	-0.75953805	-0.67389894	-0.66099393	0.78863	-0.6049184	-0.6784063	0.73985124	0.7469031	-0.5617119	-0.73182374	-0.59151906	-0.70381427	-0.7588459	-0.76990366	0.7778776	-0.7539458	-0.72226965	-0.67219204	-0.7515483	0.7093099	0.66332924	-0.7373975	0.67730176	0.74458635	-0.6992381	0.6188681	0.7389492	-0.6972454	0.67615247	0.7140012	-0.7169397	-0.6784912	0.68164444	0.6504823	0.67706925	-0.7648867	-0.6955609	0.50833255	0.643951	-0.58337754	0.6679155	0.66556513	0.5278066	0.703359	0.7493401	0.691326	-0.73800486	-0.68353933	0.73263043	0.66376436	-0.69917583	0.70013964	-0.71146375	0.6766585	0.74291277	-0.5848046	0.7184901	-0.75963515
-0.49838665	-0.5928464	-0.49606323	0.60010934	-0.51358443	-0.5744013	0.5892725	0.47680688	0.54050934	0.5536335	-0.63547397	-0.6271684	-0.5755155	0.576993	-0.54890126	-0.60657334	0.57518053	0.5399035	-0.61343414	-0.6462493	-0.57571745	-0.5410391	0.6191639	0.567218	0.58620036	0.58484477	-0.51279974	-0.5577164	0.6038891	0.5819796	-0.5638996	0.6245019	-0.56193626	-0.48029855	0.55387044	-0.6349103	-0.4887354	0.533079	-0.5698294	0.47818094	0.6386198	-0.5427771	-0.59258336	-0.56124157	-0.6052278	0.5676763	-0.5310762	-0.5590134	0.59907645	0.59255594	-0.47988206	-0.63105476	-0.53880584	-0.556917	-0.585115	-0.612106	0.5967276	-0.6230079	-0.5614189	-0.5604053	-0.54532963	0.5452466	0.53521764	-0.60461605	0.56381404	0.6174495	-0.5416558	0.53391063	0.54792917	-0.5692397	0.5566705	0.57647485	-0.56645983	-0.6172281	0.5183062	0.50225544	0.529587	-0.5465802	-0.59907	0.5337665	0.55485976	-0.45663688	0.5873269	0.51023984	0.5114683	0.5628457	0.59943455	0.51132315	-0.54415786	-0.58876467	0.52453345	0.5616937	-0.6281713	0.61776024	-0.56826854	0.53431034	0.6412741	-0.49611944	0.5182074	-0.57657224
-0.8601498	-0.8671141	-0.86839044	0.90740716	-0.8831626	-0.92309505	0.80050427	0.81309336	0.93840694	0.84562016	-0.8914379	-0.86320037	-0.9606977	0.767816	-0.89292437	-0.871702	0.87626797	0.8066223	-0.8478737	-0.85858965	-0.90026355	-0.8406107	0.9002971	0.881593	0.91839343	0.87623644	-0.9516285	-0.84493434	0.91788316	0.8942239	-0.9246212	0.9455927	-0.9445479	-0.713413	0.8584032	-0.89317757	-0.78151554	0.87826383	-0.82082283	0.7789796	0.95658505	-0.7941844	-0.846356	-0.8515982	-0.8058352	0.8768151	-0.6695714	-0.81325966	0.94566804	0.88970083	-0.7983857	-0.86780375	-0.80076844	-0.8373975	-0.8726317	-0.9080569	0.87112373	-0.8423784	-0.8675382	-0.8946356	-0.914724	0.7988358	0.7829811	-0.8507629	0.7604189	0.8808984	-0.8423716	0.889935	0.9478169	-0.87771344	0.8880319	0.9471651	-0.85161436	-0.85431844	0.814061	0.74277806	0.76786685	-0.9242038	-0.65051574	0.6219601	0.8632681	-0.7816897	0.88325864	0.8625346	0.84154326	0.9456729	0.8413014	0.8818978	-0.72184765	-0.8200551	0.8041508	0.81030566	-0.93391985	0.90929776	-0.82100344	0.8593269	0.9330034	-0.69415593	0.8282099	-0.8357174
-0.7448933	-0.7472168	-0.7652638	0.7946746	-0.7677097	-0.6992857	0.66611034	0.6525339	0.7545853	0.6859034	-0.6668879	-0.779551	-0.73066896	0.70131755	-0.7486411	-0.78913754	0.7724166	0.68230236	-0.735334	-0.733324	-0.70967793	-0.74097365	0.7082722	0.69212973	0.70871884	0.72576475	-0.755996	-0.75256324	0.7088071	0.7905001	-0.74388874	0.7406764	-0.7633867	-0.6449315	0.7978181	-0.7575714	-0.6327135	0.7461099	-0.73073184	0.65250164	0.6938067	-0.69449955	-0.73555523	-0.7170932	-0.7475001	0.6892469	-0.5888347	-0.7472008	0.6983058	0.6983267	-0.67070156	-0.76626	-0.70873606	-0.7194192	-0.7116829	-0.70717484	0.7569101	-0.6577527	-0.7211491	-0.73582125	-0.7798074	0.65766716	0.7153304	-0.69049644	0.71636677	0.77196497	-0.6808754	0.7539824	0.70351255	-0.7415983	0.7666067	0.6944415	-0.7526524	-0.6868839	0.6620094	0.7251836	0.63949406	-0.78990126	-0.6072442	0.62076044	0.75209826	-0.66686606	0.73900306	0.70070297	0.65382373	0.748958	0.7553411	0.7391719	-0.64580536	-0.6869938	0.74683136	0.6694229	-0.7574188	0.76807004	-0.76215446	0.7260936	0.74871147	-0.60792947	0.71423656	-0.73015314
-0.74929154	-0.8509272	-0.7960532	0.87034446	-0.80025226	-0.8566698	0.8428161	0.7775557	0.8674491	0.9067379	-0.8272507	-0.83903277	-0.9303132	0.8127901	-0.86935174	-0.8551837	0.9247102	0.82416624	-0.84117675	-0.874877	-0.8958507	-0.8553529	0.8945924	0.86718136	0.8814477	0.8722069	-0.86978084	-0.85069215	0.9092798	0.83270466	-0.7981098	0.92398137	-0.87064505	-0.81308013	0.82662195	-0.8545174	-0.80251354	0.8082563	-0.87765837	0.810564	0.8773513	-0.8919047	-0.85276055	-0.8665494	-0.8172232	0.87604773	-0.8636572	-0.8660576	0.85313976	0.91331804	-0.7834457	-0.8611727	-0.8438513	-0.87214845	-0.8570309	-0.8754082	0.8606479	-0.9096154	-0.9378768	-0.7812024	-0.9026854	0.9015243	0.75535464	-0.9259719	0.8990127	0.9274595	-0.81251067	0.73536116	0.8939212	-0.91932356	0.8474473	0.835271	-0.9403942	-0.9008629	0.9069643	0.89151955	0.88258046	-0.8699583	-0.88974005	0.8031672	0.7651179	-0.80817026	0.8943188	0.84793127	0.73070425	0.7596522	0.8749392	0.8193102	-0.8271078	-0.8351463	0.90996367	0.9062453	-0.87181085	0.86790717	-0.8560136	0.8061021	0.8749902	-0.7510353	0.86091965	-0.86570746
-0.81147623	-0.8227768	-0.8161701	0.9242501	-0.8696217	-0.66767555	0.73548716	0.8191324	0.9501551	0.7515386	-0.8317815	-0.8567766	-0.88123	0.84795433	-0.81979537	-0.90386134	0.83789855	0.8230536	-0.79203993	-0.8287556	-0.85117805	-0.9037292	0.86137193	0.83180445	0.8701237	0.88784885	-0.86136264	-0.8204925	0.80939543	0.8879726	-0.8247121	0.87148476	-0.85598344	-0.7540407	0.87310404	-0.835628	-0.70549536	0.88802785	-0.8650452	0.82098025	0.8036173	-0.7998289	-0.8118509	-0.8687822	-0.8287632	0.76898426	-0.6995616	-0.78654104	0.77622604	0.7342424	-0.82474124	-0.8838229	-0.74886	-0.86069703	-0.8119999	-0.8597881	0.87688345	-0.80540943	-0.8149045	-0.9171035	-0.8638314	0.79330724	0.7891197	-0.87158686	0.8524994	0.88696104	-0.851389	0.8654647	0.8497143	-0.90384793	0.81491816	0.8174008	-0.8197823	-0.75878304	0.82599884	0.8161064	0.7575134	-0.90226424	-0.6929216	0.6376379	0.78666264	-0.7467344	0.8967783	0.8705112	0.8072033	0.9018154	0.86357516	0.9363018	-0.69149303	-0.7713931	0.84829193	0.81550115	-0.8990609	0.8374253	-0.7953812	0.8812549	0.8530507	-0.7022422	0.8437769	-0.8223516
-0.5022073	-0.534654	-0.50071037	0.54063636	-0.433629	-0.45080218	0.455608	0.49721268	0.5376089	0.42059863	-0.48753285	-0.46256286	-0.48759001	0.4900799	-0.48525307	-0.5080207	0.442095	0.5133073	-0.4128202	-0.46948537	-0.44660407	-0.47899148	0.45873562	0.49281016	0.44878167	0.44837332	-0.47625643	-0.43328956	0.47967923	0.4262875	-0.43240634	0.48572278	-0.49395576	-0.42440918	0.5041654	-0.5056688	-0.43377087	0.49526453	-0.42900372	0.47901598	0.52229756	-0.47022328	-0.41183734	-0.48318458	-0.4333292	0.4563491	-0.4147978	-0.5045882	0.45401984	0.4393732	-0.4681073	-0.43118012	-0.41390574	-0.43634367	-0.4236621	-0.46778932	0.48809913	-0.45721874	-0.41360334	-0.47716433	-0.51377285	0.5004756	0.41989547	-0.4443744	0.44576496	0.53069437	-0.48244044	0.47900528	0.5227367	-0.42495742	0.5037609	0.5153431	-0.44217572	-0.4892005	0.5005596	0.4467139	0.42766693	-0.46455544	-0.37675026	0.35358143	0.46864128	-0.43934226	0.5136703	0.4556603	0.50107676	0.50996935	0.51804495	0.5101629	-0.41522673	-0.4811375	0.49029157	0.44758025	-0.44080952	0.46941435	-0.4727588	0.49683702	0.48644295	-0.36733764	0.4802524	-0.47799668
-0.47111484	-0.53286004	-0.48338085	0.50741005	-0.48270035	-0.4837141	0.5291659	0.5207396	0.5946446	0.549373	-0.55787116	-0.51094896	-0.546055	0.5186264	-0.5672826	-0.5640979	0.50321925	0.48525232	-0.5730525	-0.53768665	-0.5507016	-0.5736702	0.48927188	0.5207481	0.5574574	0.50366783	-0.5803535	-0.56007075	0.5347477	0.5583958	-0.52420396	0.5626418	-0.50708735	-0.43292353	0.55335075	-0.56865907	-0.49887574	0.5242674	-0.46473584	0.53681654	0.52144206	-0.5044647	-0.5345168	-0.57231927	-0.52274436	0.50794923	-0.46534616	-0.49430978	0.5677071	0.55288285	-0.4903067	-0.5629697	-0.5195261	-0.4974621	-0.5614981	-0.6014109	0.57913876	-0.5228225	-0.54579395	-0.5607791	-0.5959001	0.50614184	0.49556297	-0.55552757	0.59029955	0.5150021	-0.49894178	0.48097044	0.5444338	-0.5566029	0.5436009	0.55318654	-0.5791734	-0.48477894	0.5341346	0.55890614	0.5621541	-0.59198076	-0.5238901	0.48422566	0.5711044	-0.4637648	0.57963103	0.50432533	0.43312958	0.55039054	0.54236776	0.5371476	-0.5416557	-0.5514514	0.5847564	0.54161245	-0.5770499	0.5173865	-0.56739205	0.5284906	0.5465619	-0.4560081	0.48897675	-0.55504745
-0.42872167	-0.6477287	-0.64729244	0.68007165	-0.66228426	-0.68912375	0.65287924	0.5224243	0.5986244	0.70751435	-0.69984335	-0.6332612	-0.7447867	0.6301495	-0.7360436	-0.6427196	0.72052544	0.5711558	-0.6867917	-0.67163223	-0.71655357	-0.6566585	0.66660523	0.6133639	0.6683223	0.49909505	-0.6627325	-0.5515961	0.7332433	0.6472025	-0.6532245	0.65831834	-0.7139187	-0.549261	0.59095556	-0.6734284	-0.54362327	0.56645703	-0.57921845	0.5581034	0.7247592	-0.61314327	-0.66324246	-0.58106846	-0.6810119	0.73497397	-0.6863154	-0.6737554	0.6866674	0.6299677	-0.44119442	-0.67638963	-0.539464	-0.6558124	-0.7127524	-0.63041973	0.683636	-0.7428409	-0.6748811	-0.49510267	-0.6183976	0.5583205	0.5413405	-0.6829521	0.62099636	0.7095401	-0.56859106	0.5367496	0.69746786	-0.656078	0.6006087	0.7037836	-0.6503114	-0.632085	0.6176025	0.6754405	0.6891176	-0.70412827	-0.713756	0.4567018	0.47551662	-0.5366799	0.58982295	0.56070405	0.4659709	0.52140176	0.6314725	0.5332887	-0.6196407	-0.6914471	0.6259166	0.6770611	-0.6183586	0.7563839	-0.6438536	0.6402703	0.6558367	-0.4778144	0.60307044	-0.6783846
-0.54042464	-0.653575	-0.6292204	0.6120952	-0.6379663	-0.6231728	0.57561505	0.5621964	0.6626455	0.6789899	-0.6052623	-0.69093525	-0.6649231	0.6451428	-0.58570147	-0.65655434	0.63147503	0.5974227	-0.62845933	-0.65230536	-0.7190682	-0.67804575	0.6759532	0.6249312	0.6246205	0.61178136	-0.6092506	-0.67455053	0.6687105	0.6614446	-0.6062496	0.6309506	-0.64397985	-0.6556643	0.663837	-0.6265902	-0.5338316	0.552445	-0.59792995	0.54348093	0.6443524	-0.63415474	-0.70735514	-0.6452389	-0.6726183	0.651981	-0.6649533	-0.6820216	0.6084078	0.6122222	-0.5984672	-0.68945897	-0.6631547	-0.6112031	-0.68237704	-0.6826216	0.624392	-0.6918035	-0.6559418	-0.66532683	-0.61158514	0.58652663	0.6129176	-0.6876589	0.61866885	0.6855123	-0.594823	0.60155797	0.64130276	-0.6179827	0.65409666	0.6954326	-0.69948506	-0.6280898	0.6076539	0.6599632	0.5932301	-0.6266867	-0.6056908	0.5359786	0.6471768	-0.562785	0.65117043	0.587871	0.53338605	0.5609814	0.651431	0.6135615	-0.5929258	-0.6191743	0.6535912	0.607474	-0.663034	0.58734	-0.6434727	0.6583943	0.68560743	-0.6431729	0.68218577	-0.6310085
-0.63957757	-0.71791345	-0.684327	0.7219962	-0.6980162	-0.69924515	0.6405452	0.69343495	0.7293797	0.6466555	-0.68704426	-0.67167366	-0.6915514	0.63861334	-0.7299025	-0.73146427	0.6405207	0.7274989	-0.63401425	-0.6791051	-0.7235152	-0.7534568	0.6797577	0.67938614	0.6732868	0.73376334	-0.69356793	-0.6719415	0.70856994	0.68979484	-0.6662923	0.7314094	-0.73387253	-0.5817964	0.6992402	-0.71001875	-0.60367996	0.702833	-0.6752587	0.6730055	0.75085074	-0.6181801	-0.6800251	-0.64723694	-0.7096086	0.6898073	-0.57632905	-0.69317096	0.7025127	0.670041	-0.6240957	-0.6843262	-0.66876894	-0.7578128	-0.6694501	-0.71339124	0.6818242	-0.7140322	-0.7138354	-0.67789733	-0.7165162	0.60554814	0.6326913	-0.67240894	0.73295796	0.7459555	-0.6683846	0.6483142	0.7098708	-0.72002244	0.6641262	0.6851878	-0.7336861	-0.66400594	0.7349928	0.67324626	0.6148079	-0.7063974	-0.5574734	0.5735438	0.68941176	-0.62171227	0.6846205	0.6879183	0.5744582	0.7763911	0.66731113	0.6679359	-0.6717098	-0.6892186	0.67221034	0.72717154	-0.721585	0.7353167	-0.678739	0.6518246	0.73614246	-0.5972661	0.6639522	-0.76917744
-0.19112554	-0.21007045	-0.26170108	0.21836482	-0.2301742	-0.29361376	0.2613743	0.23404893	0.17582352	0.28469133	-0.21504754	-0.20438693	-0.29545316	0.25798368	-0.21643813	-0.2001328	0.22079742	0.2586521	-0.24082589	-0.2738452	-0.26573423	-0.23897061	0.27032894	0.22613366	0.219436	0.23835368	-0.23758332	-0.27191937	0.19904134	0.21764389	-0.2200622	0.22801806	-0.2593532	-0.2807986	0.24049771	-0.22471006	-0.24619675	0.20226273	-0.28419247	0.21238863	0.22465996	-0.29890046	-0.23853049	-0.258265	-0.21946855	0.25823033	-0.27855295	-0.2298726	0.24423946	0.2633585	-0.28871277	-0.2556207	-0.19228543	-0.19566749	-0.24321638	-0.20997457	0.20715834	-0.23018607	-0.22396663	-0.23637043	-0.21293053	0.22274	0.18090296	-0.20225438	0.2005559	0.2157032	-0.19860873	0.25730577	0.22127308	-0.26674628	0.28856412	0.27425808	-0.28098702	-0.26729223	0.23842683	0.27708948	0.22117454	-0.20036209	-0.20712745	0.18766703	0.24928653	-0.19971336	0.2081055	0.20214742	0.2862805	0.23142427	0.20684156	0.18352127	-0.1869151	-0.20300893	0.24610963	0.22096762	-0.23629583	0.22588287	-0.2038891	0.23313704	0.28817344	-0.17421931	0.22106223	-0.20552762
-0.8146757	-0.91730905	-0.8097277	0.8728297	-0.8457386	-0.7458182	0.8227374	0.7781979	0.9672104	0.93233955	-0.8758635	-0.8918125	-0.9080587	0.8198615	-0.8408854	-0.8912996	0.9472962	0.8207127	-0.9415526	-0.9039582	-0.9783388	-0.8544803	0.86449975	0.90252024	0.86263573	0.8510698	-0.949798	-0.87548614	0.85800225	0.94442666	-0.92302555	0.89364785	-0.92807394	-0.78457797	0.9202228	-0.9220229	-0.7078475	0.91580075	-0.8121689	0.78475314	0.8348283	-0.89963245	-0.8486546	-0.83610034	-0.8164042	0.84968746	-0.8356033	-0.87139654	0.8692733	0.88509816	-0.747646	-0.905696	-0.81786686	-0.9019095	-0.85910004	-0.94304	0.9086982	-0.85387427	-0.8402213	-0.8809928	-0.94969654	0.8001854	0.7783312	-0.9156346	0.859004	0.9856349	-0.7634596	0.8261698	0.8738197	-0.87384	0.8491322	0.8699826	-0.88203454	-0.899062	0.85367626	0.81438625	0.7985361	-0.8767991	-0.83499753	0.7169774	0.8178414	-0.7581482	0.9261953	0.8546977	0.71152604	0.8759333	0.9108555	0.8676082	-0.8112351	-0.8734817	0.86964196	0.8505077	-0.93064564	0.80756414	-0.8468222	0.8926025	0.9256528	-0.7200016	0.8425312	-0.96176857
-0.6756044	-0.8627155	-0.8240189	0.7822871	-0.8218731	-0.82163286	0.74057275	0.7664554	0.7995433	0.83305067	-0.82102334	-0.8971356	-0.9017267	0.74650985	-0.8497149	-0.841533	0.81497335	0.7683128	-0.88302505	-0.8674846	-0.86668473	-0.7685015	0.7986952	0.81254464	0.82743067	0.79772794	-0.80855906	-0.7568818	0.86029935	0.8346293	-0.81367487	0.89406383	-0.88420105	-0.6716124	0.7793275	-0.8442904	-0.6969488	0.76475006	-0.73789865	0.7319982	0.8682901	-0.86217546	-0.8594221	-0.8222348	-0.81132483	0.8792155	-0.7840576	-0.80996245	0.89336085	0.8339497	-0.7186709	-0.89813036	-0.74490374	-0.7674966	-0.8927423	-0.86922544	0.86712384	-0.94236255	-0.835846	-0.71404916	-0.8130885	0.7889921	0.7017987	-0.9065155	0.8959419	0.81660324	-0.6825825	0.69105136	0.86354697	-0.8955491	0.79686326	0.8890222	-0.8733865	-0.8664031	0.8418156	0.7901233	0.79636234	-0.84521276	-0.8157051	0.6949492	0.6962566	-0.7269778	0.78654706	0.81601644	0.64702505	0.6975843	0.79709196	0.75049025	-0.8293094	-0.82695866	0.8490929	0.8493424	-0.7932586	0.8504093	-0.8195001	0.7964703	0.84611076	-0.6333385	0.7651747	-0.90918773
-0.78522986	-0.8899108	-0.88753885	0.89758265	-0.82838416	-0.95176613	0.86486876	0.7954842	0.9117058	0.94350815	-0.9492084	-0.86242145	-0.9431728	0.87430924	-0.8638474	-0.91416126	0.889216	0.7780758	-0.93831706	-0.82401776	-0.9296603	-0.92109483	0.89965206	0.9388955	0.92399514	0.84718007	-0.90355945	-0.84836274	0.9607694	0.84790623	-0.8061173	0.9663526	-0.8282372	-0.7309819	0.90118855	-0.87197554	-0.73684967	0.8009463	-0.75558585	0.76835376	0.91186327	-0.90744966	-0.91231745	-0.8506878	-0.90063184	0.9221118	-0.87203234	-0.89835757	0.92615694	0.86418957	-0.6339522	-0.93763477	-0.73000526	-0.8469478	-0.9547979	-0.88404614	0.93238944	-0.96432424	-0.94055146	-0.80412585	-0.8601757	0.87503713	0.68059903	-0.89893794	0.90884453	0.86099756	-0.74167943	0.7886184	0.90043885	-0.9270217	0.77226466	0.86991537	-0.87697273	-0.8717832	0.9175428	0.8734588	0.91733354	-0.91743433	-0.8837379	0.66273284	0.81393164	-0.7300881	0.82805324	0.79425263	0.67067623	0.8683425	0.9136311	0.832345	-0.9239424	-0.91299695	0.93423903	0.89064324	-0.91066027	0.93577474	-0.8794345	0.86553156	0.9155883	-0.6143868	0.81721336	-0.9810451
-0.8341639	-0.75348264	-0.7647762	0.78946626	-0.73831755	-0.6463153	0.72982633	0.75390637	0.77302486	0.7467403	-0.6919949	-0.7418131	-0.70227873	0.7163906	-0.761745	-0.8064852	0.7480708	0.7844173	-0.76041245	-0.7756353	-0.76255524	-0.85941476	0.75006145	0.7411131	0.7086231	0.80145156	-0.8604539	-0.7634824	0.7769877	0.7695691	-0.75543684	0.756175	-0.78972054	-0.74342906	0.8479247	-0.72483563	-0.6762974	0.7962834	-0.81392574	0.7904637	0.73346967	-0.7422174	-0.7048487	-0.84695524	-0.74433607	0.71575	-0.7369784	-0.7960118	0.75247854	0.685154	-0.7587998	-0.83549404	-0.78177255	-0.78884935	-0.741471	-0.73930436	0.77255696	-0.69063264	-0.74803454	-0.8243451	-0.76657844	0.797922	0.8085913	-0.75888425	0.74198544	0.8191252	-0.7940327	0.83343226	0.79035115	-0.80925167	0.77570117	0.8198031	-0.77999824	-0.72296745	0.78159404	0.80873835	0.6980413	-0.7635578	-0.72921276	0.6495842	0.8361335	-0.7176625	0.8059609	0.80269676	0.72922325	0.8439327	0.7813488	0.82120764	-0.6659035	-0.714176	0.78881735	0.7808698	-0.81049067	0.72980475	-0.796816	0.7807695	0.7367548	-0.71883744	0.8083581	-0.74195176
-0.7539037	-0.82929975	-0.7950373	0.87960094	-0.7481454	-0.6763133	0.7646392	0.8250112	0.828799	0.781936	-0.79268354	-0.79504496	-0.8214636	0.74378544	-0.8032966	-0.80442405	0.82165164	0.8033768	-0.7388654	-0.8287621	-0.87017393	-0.83124155	0.74581724	0.8000933	0.81108063	0.85246456	-0.86271775	-0.76975894	0.7633545	0.86116457	-0.817053	0.83244365	-0.80960095	-0.68098426	0.8792484	-0.74281025	-0.7197645	0.78963447	-0.83715284	0.8151116	0.832045	-0.8277265	-0.8476696	-0.8457091	-0.76448107	0.8113872	-0.76785755	-0.78712463	0.7556305	0.7115259	-0.74980986	-0.8873334	-0.79341865	-0.85335326	-0.80521107	-0.790521	0.8306437	-0.7907265	-0.7549287	-0.80946046	-0.7800688	0.77366877	0.8135828	-0.7643718	0.8749364	0.8184002	-0.7889077	0.82474315	0.7673264	-0.8106505	0.7739476	0.79579824	-0.81631976	-0.7539845	0.80084443	0.8274322	0.8194548	-0.8501218	-0.6903815	0.68387353	0.858343	-0.73271906	0.8414946	0.8255362	0.730586	0.87290853	0.8259867	0.86463666	-0.71297204	-0.79789966	0.80085677	0.8304044	-0.8666433	0.7446951	-0.77669424	0.80580974	0.83842534	-0.6360204	0.7797364	-0.7785796
-0.8362445	-0.7821224	-0.86407936	0.88506883	-0.80149454	-0.5926456	0.8230675	0.83103585	0.842037	0.89126664	-0.7900144	-0.84734404	-0.74091244	0.7939742	-0.7704053	-0.834266	0.8237188	0.8224043	-0.7978795	-0.82564855	-0.80878305	-0.8596358	0.84875166	0.8831697	0.7759738	0.84548336	-0.88710546	-0.8052418	0.77491885	0.8144044	-0.8431324	0.76772076	-0.8290279	-0.765064	0.9295695	-0.8059795	-0.7325058	0.896961	-0.833569	0.78846467	0.75538427	-0.7940459	-0.8207416	-0.83447355	-0.820365	0.7764916	-0.80000013	-0.86979866	0.6814428	0.8114373	-0.8232131	-0.89488614	-0.8810086	-0.8279042	-0.79696363	-0.84599936	0.82655	-0.7579935	-0.8169271	-0.8802251	-0.8567679	0.8352636	0.7938794	-0.79158986	0.8391991	0.86612475	-0.8757788	0.8549295	0.7676975	-0.8357526	0.84962785	0.86511844	-0.8970987	-0.81068057	0.83776665	0.7961031	0.7668658	-0.89536536	-0.7598994	0.7406164	0.868331	-0.82164097	0.88739413	0.8530993	0.80090296	0.88836604	0.8236995	0.8605693	-0.8071845	-0.78766507	0.8652816	0.7872172	-0.88745147	0.6379793	-0.8961217	0.871107	0.80011207	-0.7198815	0.82073385	-0.8229087
-0.68710023	-0.7867219	-0.7103191	0.72919226	-0.7061142	-0.71734565	0.6482646	0.6269873	0.7124258	0.74145323	-0.7417355	-0.7370731	-0.7139344	0.7045474	-0.7688221	-0.7661097	0.7289162	0.7408573	-0.70269316	-0.7574755	-0.8047485	-0.7529315	0.7348752	0.7555571	0.72664666	0.7647176	-0.7569116	-0.7559328	0.72338384	0.72122145	-0.72746223	0.7913725	-0.7617635	-0.648288	0.77596366	-0.76806635	-0.6589228	0.683567	-0.65605724	0.6797454	0.71890074	-0.75023067	-0.72654253	-0.6858668	-0.6633255	0.75810564	-0.55813605	-0.6974451	0.71906203	0.6771119	-0.5889741	-0.7174919	-0.6713111	-0.68161494	-0.7755116	-0.7545395	0.710218	-0.74011594	-0.69613326	-0.7713556	-0.76825154	0.6859914	0.6395198	-0.78048754	0.69949824	0.7531304	-0.6865029	0.7300904	0.7796591	-0.7556903	0.7562095	0.69100595	-0.7627736	-0.7468907	0.7191485	0.6217642	0.6806712	-0.7850104	-0.6322128	0.6065756	0.6531146	-0.66717196	0.6929864	0.6942666	0.6682252	0.70056796	0.7493188	0.6870099	-0.60901064	-0.68482506	0.7193206	0.7291854	-0.7277201	0.7094653	-0.6519033	0.7587358	0.70951945	-0.59306777	0.7108132	-0.77371174
-0.8158685	-0.82063067	-0.75332505	0.82031184	-0.7222613	-0.72088397	0.7210717	0.75354385	0.8072959	0.7478092	-0.7795285	-0.77884114	-0.8259467	0.7926512	-0.8145826	-0.8033095	0.82205003	0.7847281	-0.73907286	-0.766754	-0.74581856	-0.8237364	0.77087766	0.75608444	0.7738229	0.8329731	-0.8281419	-0.74396044	0.7537466	0.76784027	-0.81356627	0.74993056	-0.83629787	-0.71977	0.7964105	-0.72385794	-0.74840224	0.821608	-0.7721179	0.7209684	0.7994045	-0.7583857	-0.73062706	-0.7869891	-0.73020846	0.76516736	-0.7392602	-0.8133419	0.7552208	0.724135	-0.7424872	-0.8367943	-0.7324587	-0.790505	-0.78797626	-0.7579944	0.80268055	-0.72875905	-0.7344423	-0.7552294	-0.84096795	0.74994683	0.723798	-0.7244901	0.81777734	0.79703766	-0.8274373	0.73388636	0.75191045	-0.7411463	0.8045378	0.83482844	-0.7668487	-0.732665	0.7216809	0.7641562	0.6883461	-0.7630266	-0.6722514	0.68203	0.79178184	-0.72058284	0.76362836	0.8182219	0.7669909	0.76862687	0.81386495	0.8337743	-0.7326017	-0.7609229	0.7787279	0.7174636	-0.81717384	0.81040156	-0.73875314	0.84027165	0.7582514	-0.655092	0.7703323	-0.7998416
-0.7202759	-0.80449057	-0.7270737	0.7182202	-0.7497885	-0.7231361	0.70182	0.7234876	0.7471178	0.8109913	-0.8037971	-0.812099	-0.75211114	0.71544665	-0.75328106	-0.80452794	0.76777864	0.7871624	-0.73529273	-0.78743726	-0.7692099	-0.74092776	0.79629743	0.7937172	0.7971378	0.7260942	-0.7834019	-0.7010429	0.77682614	0.762867	-0.74066854	0.71719503	-0.7695368	-0.7491651	0.76458025	-0.7255915	-0.6571082	0.78937054	-0.7480771	0.7138286	0.725591	-0.77030355	-0.7977021	-0.7229099	-0.8002742	0.7241482	-0.73261315	-0.791909	0.7383591	0.7497463	-0.6821222	-0.7285004	-0.76255435	-0.79632086	-0.76622456	-0.74705434	0.81068844	-0.7218045	-0.71558416	-0.7444602	-0.8069141	0.7724205	0.7375304	-0.8247204	0.7495342	0.8110111	-0.7039604	0.728605	0.7912158	-0.7496621	0.73241055	0.7866697	-0.7340099	-0.72712195	0.7485316	0.721295	0.7318084	-0.81198543	-0.7335287	0.6850853	0.70625436	-0.6502147	0.80681574	0.71021366	0.66809076	0.73498315	0.76598537	0.77346647	-0.71943355	-0.7667038	0.7781357	0.75947636	-0.8144149	0.7126084	-0.7943472	0.79536253	0.80888855	-0.67769235	0.78988004	-0.7503752
-0.8683721	-0.9622817	-0.84339714	0.93195647	-0.8621296	-0.8554023	0.8870835	0.8766534	0.96908045	0.89599264	-0.9160794	-0.87735546	-0.87487936	0.8256878	-0.9122467	-0.90379816	0.86315155	0.89544576	-0.85790014	-0.93017316	-0.9485165	-0.9101377	0.9337907	0.9258493	0.8511055	0.8979319	-0.96575195	-0.86741	0.87497234	0.9091554	-0.8568083	0.8780428	-0.92857546	-0.7498204	0.87411326	-0.8912948	-0.7479853	0.95175296	-0.8316099	0.8109047	0.8866906	-0.87702703	-0.8699636	-0.8441125	-0.8303721	0.90643775	-0.79970896	-0.8823823	0.8714767	0.89076585	-0.85126895	-0.9422506	-0.81687856	-0.9018548	-0.8537356	-0.92262954	0.8562879	-0.91462433	-0.84363127	-0.8795221	-0.94756645	0.846079	0.7632139	-0.89878166	0.89294094	0.91554224	-0.9012033	0.92262477	0.9093945	-0.92807484	0.93353254	0.8651018	-0.93903667	-0.880405	0.8717376	0.80089927	0.82941294	-0.91802	-0.7421778	0.7430464	0.84501576	-0.7854803	0.86910677	0.90162325	0.82255226	0.95196116	0.90904635	0.86992157	-0.8277046	-0.88986653	0.9175953	0.87641865	-0.92660195	0.82969165	-0.8480545	0.9041685	0.9480676	-0.79701805	0.8760093	-0.92456186
-0.7464487	-0.7294326	-0.67185575	0.7515904	-0.73632765	-0.74050856	0.6426524	0.6436326	0.78397226	0.66832656	-0.69741553	-0.7314791	-0.74794304	0.7118106	-0.7723549	-0.7358544	0.71771234	0.72938615	-0.72897077	-0.74908656	-0.76546425	-0.7111152	0.72194153	0.74172014	0.6824555	0.75049204	-0.74836904	-0.6745193	0.73114353	0.76435745	-0.73018825	0.69393593	-0.7141839	-0.5987855	0.7511649	-0.7733328	-0.5942624	0.75535554	-0.73659325	0.7118373	0.7648716	-0.67479223	-0.6868091	-0.68930584	-0.7505153	0.6799605	-0.6328993	-0.7125425	0.7743872	0.7260888	-0.6277279	-0.77413887	-0.6483578	-0.7495895	-0.77188647	-0.78898394	0.74118245	-0.79339945	-0.6984668	-0.7371232	-0.7075948	0.7345558	0.64673865	-0.744942	0.74354935	0.7598141	-0.7400761	0.7008426	0.7738757	-0.69743484	0.7062757	0.7231836	-0.7329119	-0.6910786	0.6749473	0.67397755	0.67563343	-0.73776156	-0.60277885	0.5710368	0.73170006	-0.7099541	0.70808035	0.7114136	0.67939925	0.72977823	0.77175707	0.7584356	-0.7261559	-0.702398	0.73213404	0.70892155	-0.74570984	0.7727852	-0.697059	0.7764219	0.7202985	-0.5192176	0.71959853	-0.7799804
-0.7924233	-0.94638735	-0.9008731	0.93991995	-0.88322276	-0.91864586	0.8253756	0.83847964	0.98573136	0.9537386	-0.9242689	-0.97937274	-0.9417759	0.8487511	-0.91935813	-0.97793716	0.9692886	0.8821408	-0.9244663	-0.950865	-0.98644316	-0.93414056	0.9636182	0.8842862	0.99333566	0.90260446	-0.90276164	-0.8948989	0.91458225	0.9449916	-0.9647286	0.9875937	-0.9174153	-0.78067344	0.8821854	-0.9218645	-0.7925262	0.91005975	-0.9235314	0.8299042	1.0130765	-0.92889917	-0.90191793	-0.9208641	-0.93792635	0.973961	-0.83057266	-0.90079325	0.9859976	0.909977	-0.8121649	-0.9275198	-0.8915285	-0.98288506	-0.9528976	-0.9703382	0.9444063	-0.97948736	-0.9148343	-0.9166682	-0.8959758	0.8999628	0.7773606	-0.96883655	0.9010384	1.0014038	-0.83721226	0.87450373	0.9583921	-0.9175983	0.92087847	0.94968385	-0.9568507	-0.9045537	0.9456277	0.88298315	0.8660933	-0.95701927	-0.86811626	0.68445116	0.8450476	-0.74523056	0.95921284	0.89230245	0.7478615	0.879512	0.9147599	0.8682024	-0.8543355	-0.8631348	0.93626565	0.84184515	-0.9438943	0.8861568	-0.9236912	0.9564512	0.9636732	-0.69784176	0.87543786	-0.9181901
-0.5162678	-0.5610916	-0.56641644	0.52006876	-0.5132923	-0.46968597	0.51768875	0.5343954	0.49197543	0.46117148	-0.46824536	-0.48628172	-0.5364525	0.49899548	-0.56440085	-0.55019844	0.52668756	0.56583196	-0.53887475	-0.47547087	-0.49263504	-0.51755416	0.4779548	0.4958658	0.5227099	0.48598236	-0.559163	-0.5331031	0.55688107	0.52188283	-0.56132114	0.4676897	-0.4950081	-0.4405299	0.50194186	-0.52879983	-0.48005357	0.54327637	-0.564871	0.5692882	0.5280765	-0.56141895	-0.53244716	-0.51452273	-0.5219499	0.5019651	-0.5057983	-0.5203282	0.47528142	0.49133274	-0.49620685	-0.51008755	-0.49909356	-0.48778576	-0.54048324	-0.51124007	0.49246567	-0.5273922	-0.5118997	-0.49026224	-0.48912618	0.5073143	0.48239717	-0.5060023	0.55376244	0.51662683	-0.5186231	0.5209051	0.51905763	-0.49305862	0.55348927	0.5333126	-0.46245798	-0.5503333	0.49380404	0.51360273	0.5430292	-0.52437675	-0.47136042	0.4664907	0.49264097	-0.4855831	0.5080284	0.52178675	0.44029486	0.4829344	0.49863198	0.49772203	-0.52863866	-0.5225772	0.5615537	0.49157843	-0.5020777	0.56405085	-0.48481098	0.49703053	0.50729644	-0.5111824	0.53483933	-0.46150836
-0.19433238	-0.24166958	-0.1866589	0.18384776	-0.161651	-0.24418032	0.20106733	0.22773947	0.19773598	0.16823713	-0.190295	-0.2140324	-0.21392365	0.16748275	-0.22757873	-0.22690372	0.2407912	0.23523647	-0.19043154	-0.17949934	-0.21938618	-0.17593426	0.15649866	0.15272376	0.20373285	0.22309808	-0.19402862	-0.2164429	0.25151867	0.16348107	-0.18111092	0.19402574	-0.17094743	-0.19101536	0.17969674	-0.2413796	-0.2046246	0.15739658	-0.20279057	0.2042908	0.17974229	-0.22336875	-0.17925121	-0.15182048	-0.15373604	0.1677711	-0.16242456	-0.19892874	0.24245831	0.18863831	-0.23400529	-0.23261689	-0.18396614	-0.19745238	-0.25366306	-0.20412311	0.19793352	-0.22100107	-0.20993525	-0.20705563	-0.2201234	0.2286011	0.20400912	-0.24443859	0.20475829	0.17509097	-0.1692211	0.17489275	0.23150688	-0.21676745	0.19453171	0.21994163	-0.22002481	-0.18624061	0.22385998	0.19664153	0.17984088	-0.16267806	-0.21500205	0.16832931	0.2217314	-0.15831563	0.2143465	0.22894152	0.15628406	0.1805066	0.20212848	0.1695788	-0.20926711	-0.17202286	0.1994428	0.17906612	-0.1776488	0.12480567	-0.2155299	0.24236013	0.16391218	-0.16772872	0.21886595	-0.21020171
-0.39033532	-0.3875814	-0.42110035	0.35426998	-0.41674882	-0.3353177	0.40927207	0.32513428	0.42727914	0.39383906	-0.3215284	-0.36280608	-0.37536877	0.38445422	-0.32462072	-0.36985186	0.37214828	0.40987483	-0.39608613	-0.38890544	-0.36152667	-0.42550498	0.37430793	0.38132188	0.3966976	0.42586514	-0.34037465	-0.4073962	0.44014806	0.33292887	-0.40914068	0.3822503	-0.3684353	-0.37341186	0.3787631	-0.38162035	-0.3829749	0.36640814	-0.4114011	0.3895059	0.3189251	-0.3980346	-0.33174786	-0.44291902	-0.41537377	0.41434044	-0.38651428	-0.38017324	0.4004649	0.32374203	-0.34259754	-0.38716507	-0.3579083	-0.352068	-0.33426872	-0.44758993	0.4462443	-0.4277713	-0.34501088	-0.42456356	-0.3663932	0.38372725	0.32568917	-0.3610821	0.37065655	0.34815854	-0.37462574	0.4151809	0.4060827	-0.43303663	0.3660094	0.35272932	-0.36134356	-0.39781725	0.33782697	0.4178634	0.3775863	-0.43184337	-0.2955239	0.3140068	0.42186347	-0.3998825	0.42757857	0.34382057	0.3300477	0.38464552	0.41420498	0.45547524	-0.33204496	-0.40244836	0.38376972	0.4397283	-0.45687875	0.33659416	-0.3478556	0.41327104	0.3903445	-0.38189742	0.35453504	-0.3901948
-0.7971806	-0.76983577	-0.7893197	0.8491843	-0.84060967	-0.77232164	0.737894	0.80526125	0.8761007	0.7915992	-0.79140455	-0.79705405	-0.7870791	0.7511526	-0.77521986	-0.7768438	0.7784272	0.7856172	-0.79722136	-0.8315454	-0.8276062	-0.8138522	0.8578424	0.8035799	0.8214109	0.81590354	-0.8531447	-0.75855064	0.8232282	0.80093455	-0.7675251	0.82246214	-0.7984263	-0.78944266	0.8313919	-0.7444499	-0.79437524	0.761469	-0.83735746	0.79022694	0.8283549	-0.78411585	-0.73586816	-0.7599628	-0.8130709	0.77114606	-0.6795696	-0.8105739	0.750509	0.7730716	-0.825014	-0.8337388	-0.7742544	-0.8010944	-0.75931084	-0.7784054	0.82017535	-0.74731624	-0.72771066	-0.85213566	-0.77981853	0.80966645	0.7497443	-0.74189234	0.8097721	0.8013695	-0.7461496	0.8169123	0.8276586	-0.7550524	0.7843809	0.81606525	-0.79504514	-0.759037	0.8142675	0.78836155	0.7683669	-0.76897514	-0.68136674	0.7358179	0.7872751	-0.73864794	0.75921655	0.7961867	0.84625715	0.7888302	0.82609457	0.8243249	-0.740768	-0.78788865	0.78569037	0.7624508	-0.7965684	0.79249084	-0.79246247	0.8445112	0.8326647	-0.7980193	0.7559295	-0.77396023
-0.93604964	-0.9485261	-0.8918785	0.9735746	-0.92070836	-0.88724554	0.88728243	0.85575366	0.9445014	0.9182616	-0.8885453	-0.9310737	-0.9963745	0.88109463	-0.89369863	-1.0111125	0.91788083	0.83777803	-0.9575508	-0.9628468	-1.011138	-0.9338466	0.9602397	0.9312597	0.91364175	0.8842608	-0.966084	-0.87247413	1.0068305	0.93761146	-0.94102705	0.9678113	-0.9362913	-0.8395037	0.89716893	-0.94466233	-0.8600909	0.8878454	-0.8683881	0.8581032	1.0016596	-0.9523659	-0.95147526	-0.8863538	-0.9081981	0.89433235	-0.80115855	-0.9251214	0.9131026	0.89098847	-0.87501985	-0.9656859	-0.86868745	-0.92336524	-0.9485921	-0.9874633	0.91719055	-0.9752186	-0.88736016	-0.9434543	-0.92410606	0.85149413	0.90668064	-0.9784819	0.86075085	0.9517867	-0.89880276	0.90700203	0.99571383	-0.9127291	0.9130316	0.8990792	-0.9642811	-0.90820545	0.93959844	0.8857189	0.8868706	-0.9793914	-0.8196017	0.7678852	0.9147425	-0.8991529	0.9568153	0.9454132	0.86418945	0.92173976	0.8958756	0.9182704	-0.8809977	-0.9244227	0.9365386	0.9380976	-0.98946226	0.9689471	-0.8946378	0.9543226	0.9717343	-0.761354	0.9259768	-0.92279065
-0.45265973	-0.45195863	-0.3672838	0.43291005	-0.38449332	-0.37358692	0.40082967	0.3824884	0.43282887	0.40432146	-0.44290254	-0.4002661	-0.44936612	0.36214152	-0.41445297	-0.4427119	0.41841677	0.4059173	-0.38405597	-0.41424808	-0.42033607	-0.44056863	0.40333232	0.41113746	0.4426596	0.4480886	-0.46379006	-0.40741488	0.396523	0.40922982	-0.42604974	0.43769625	-0.4592641	-0.34201357	0.4424425	-0.45352829	-0.35240152	0.40105093	-0.44201186	0.35681537	0.42286274	-0.45384464	-0.4167735	-0.47189623	-0.3996287	0.37088415	-0.42009005	-0.44357064	0.40633368	0.4438312	-0.41849467	-0.40230122	-0.42483765	-0.4243922	-0.4188739	-0.38898236	0.46648988	-0.40525493	-0.4668948	-0.38599017	-0.3751133	0.37405267	0.4489699	-0.42121902	0.40732762	0.4194238	-0.37673447	0.44205594	0.44573858	-0.44605297	0.36666027	0.386042	-0.41328683	-0.40173236	0.37591085	0.46043414	0.46028328	-0.45270422	-0.4345764	0.30999762	0.3748643	-0.40241587	0.38209128	0.3977458	0.40563372	0.38680038	0.4498472	0.43416235	-0.3645051	-0.36257535	0.3850933	0.46155632	-0.39978084	0.40867782	-0.38132608	0.44754818	0.39914668	-0.33124712	0.4228393	-0.41066855
-0.83811957	-0.81978166	-0.8043099	0.8110231	-0.7453241	-0.7525819	0.68910986	0.70057946	0.8299663	0.781279	-0.7636339	-0.85047996	-0.8703651	0.7328336	-0.77622855	-0.8044148	0.86135066	0.81389195	-0.766067	-0.79553473	-0.8373605	-0.79609346	0.84362775	0.8030301	0.7567003	0.7839827	-0.8680997	-0.8167574	0.91117793	0.8664417	-0.76608753	0.8378328	-0.8242479	-0.67729485	0.80662817	-0.86361265	-0.67629385	0.7950098	-0.74394125	0.7513355	0.8605015	-0.76678663	-0.8416852	-0.80495656	-0.7531532	0.83241963	-0.607288	-0.82020146	0.83217233	0.79798263	-0.7052001	-0.8736902	-0.76831317	-0.77644014	-0.8070222	-0.83974105	0.76575655	-0.8533471	-0.76515144	-0.78432393	-0.8104732	0.7564943	0.77713746	-0.86238927	0.8095994	0.8443618	-0.8214945	0.8466523	0.85366756	-0.8220752	0.81454223	0.8351091	-0.8478695	-0.7487651	0.7537068	0.7040746	0.64509654	-0.8302745	-0.6581014	0.6135642	0.7630982	-0.73989636	0.78694975	0.8316551	0.7757062	0.89141256	0.8289561	0.8007654	-0.7213924	-0.76894575	0.7975728	0.7465635	-0.80919856	0.8634977	-0.74459064	0.7971829	0.82702065	-0.57253945	0.7799882	-0.8568646
-0.5067698	-0.5958283	-0.5172105	0.5574672	-0.4798882	-0.5376731	0.50800055	0.5560579	0.5847042	0.53733754	-0.52206886	-0.54986376	-0.54884684	0.51110727	-0.509246	-0.5389258	0.51954806	0.56737995	-0.4878617	-0.51273525	-0.5566291	-0.56476307	0.4976492	0.5464152	0.58341295	0.5712425	-0.5549683	-0.5947833	0.535272	0.5166863	-0.50921685	0.5223746	-0.5902439	-0.52465194	0.59713	-0.53712326	-0.49828285	0.5278021	-0.5467899	0.5773012	0.57532865	-0.558225	-0.5535642	-0.5694122	-0.57505614	0.4891934	-0.45185855	-0.53574216	0.5960383	0.5035773	-0.5142689	-0.55799925	-0.5055962	-0.56438935	-0.5211457	-0.5067741	0.50540483	-0.52874833	-0.5408201	-0.50436836	-0.58755285	0.56747055	0.504405	-0.59964	0.5491113	0.51720655	-0.52360183	0.562007	0.51442516	-0.55550027	0.51231617	0.57869995	-0.528092	-0.56200117	0.4982653	0.5247313	0.5442266	-0.5130175	-0.5451356	0.4051849	0.5576674	-0.50254905	0.56586313	0.512187	0.47088522	0.5246381	0.60410017	0.60790473	-0.4674128	-0.49125698	0.5470796	0.5132943	-0.5423884	0.56059855	-0.5120931	0.5491428	0.57531416	-0.43686736	0.5067181	-0.5500638
-0.4709844	-0.4114564	-0.46430922	0.42311138	-0.3864892	-0.41526687	0.40005755	0.42149603	0.3942807	0.4408968	-0.45009786	-0.43448326	-0.44693166	0.38893428	-0.40102404	-0.4033928	0.4739572	0.38449153	-0.45295808	-0.4363371	-0.47378594	-0.42412478	0.46092263	0.45214418	0.37575436	0.44880423	-0.4495088	-0.47681698	0.47631025	0.38866085	-0.47079062	0.46499172	-0.44541496	-0.4054856	0.46958932	-0.39946923	-0.41979426	0.44337037	-0.45197532	0.4094802	0.4333585	-0.39000496	-0.4705678	-0.4754576	-0.40248823	0.40628254	-0.4187478	-0.4254889	0.37488708	0.42650846	-0.43122995	-0.42278478	-0.4262878	-0.46880355	-0.43296504	-0.45378944	0.41953602	-0.39095083	-0.3958236	-0.43210375	-0.41734067	0.46227068	0.38006994	-0.45455503	0.4226767	0.45366424	-0.44701198	0.45615885	0.39479768	-0.44211745	0.4079963	0.40977195	-0.4376976	-0.43615654	0.39919868	0.37983888	0.4485062	-0.4063037	-0.40964606	0.4466962	0.43532813	-0.3936113	0.42727536	0.47095397	0.39708048	0.41026115	0.47174087	0.40125933	-0.3797307	-0.43926275	0.43789285	0.38969162	-0.4060586	0.43485355	-0.46057832	0.42148212	0.43311977	-0.44753957	0.45204946	-0.44096637
-0.9502095	-0.967311	-0.9862396	0.98514867	-0.9100184	-0.7507179	0.89366853	0.8459332	1.0524555	0.919356	-0.8861236	-0.9159203	-1.0006466	0.94437665	-0.93405026	-0.935048	0.97205836	0.934161	-0.8874176	-0.8860212	-0.89772546	-1.0059607	0.8994936	0.9616914	0.9577697	0.9930085	-0.9555398	-0.9311141	0.9379711	0.99330294	-0.98061574	0.95296216	-1.016728	-0.7579208	0.96804863	-0.8842763	-0.8206879	0.9631171	-0.88996816	0.91625553	0.9206976	-0.78502876	-0.867517	-1.0004574	-0.8584618	0.9300959	-0.661625	-0.8895163	0.92584723	0.81650186	-0.92246956	-0.95454556	-0.92889565	-0.9762054	-0.9364536	-0.95030075	0.90487224	-0.8447903	-0.85489756	-0.99460155	-1.030679	0.91880435	0.9296033	-0.89165145	0.857936	0.9596213	-0.95566857	0.94692004	0.9833182	-0.93783	0.9486268	0.9354213	-0.9731217	-0.9280083	0.8742226	0.8819648	0.75398976	-0.9832224	-0.72009575	0.68775266	1.0161464	-0.8791906	0.9397206	0.97080916	0.87403876	0.9886994	0.9666578	0.9724233	-0.7518493	-0.7880659	0.88378346	0.90902674	-0.95851034	0.865976	-0.9461589	1.0080367	0.96953493	-0.75820696	0.9112106	-0.94042975
-0.8069416	-0.86919624	-0.8604132	0.94444066	-0.8457752	-0.8595476	0.8628759	0.80549645	0.8941805	0.8877434	-0.8508903	-0.87561345	-0.9152307	0.79728305	-0.87023324	-0.95201105	0.86287546	0.7886545	-0.8784399	-0.86393607	-0.9217383	-0.83089256	0.8775301	0.9190065	0.9177677	0.81550056	-0.8200508	-0.85323095	0.89015657	0.9590275	-0.89031583	0.8783523	-0.8212203	-0.7070923	0.9392518	-0.9225594	-0.7738637	0.87575316	-0.8306317	0.8405398	0.8354984	-0.94909245	-0.91747564	-0.8992633	-0.8528618	0.9245282	-0.78089917	-0.8799665	0.8177923	0.862891	-0.7830546	-0.91370684	-0.7848336	-0.9415982	-0.8870774	-0.92098296	0.89440584	-0.9198504	-0.8313619	-0.81181645	-0.89088666	0.79645586	0.7738309	-0.9086345	0.9382598	0.894277	-0.7668539	0.8171427	0.8880001	-0.8773684	0.8213403	0.88652533	-0.91052663	-0.8397594	0.9025216	0.78058934	0.8931929	-0.8817761	-0.7760013	0.7253592	0.8143041	-0.7796508	0.83419114	0.8165386	0.6817376	0.8066545	0.8679903	0.8195023	-0.8752792	-0.8090975	0.85575724	0.89496255	-0.9260822	0.8285907	-0.8964957	0.8374629	0.93913704	-0.6619437	0.8845358	-0.9203685
-0.53899926	-0.72013074	-0.70881015	0.7711024	-0.67952085	-0.7036414	0.6753416	0.6869255	0.7315044	0.68563956	-0.6955608	-0.7502296	-0.7821526	0.6925419	-0.6811094	-0.7035338	0.7154567	0.6472088	-0.70020217	-0.6999087	-0.7382107	-0.7226822	0.7021417	0.78314745	0.7399527	0.700948	-0.68343383	-0.71603274	0.7827495	0.78693706	-0.675333	0.72151977	-0.72307545	-0.5931168	0.7400744	-0.768125	-0.67269665	0.7425783	-0.7542035	0.68393815	0.74954087	-0.77216375	-0.7007071	-0.7743326	-0.7097108	0.70893997	-0.71683776	-0.75715774	0.75789046	0.6969388	-0.6020731	-0.7702307	-0.6542382	-0.7676668	-0.778603	-0.7336863	0.78311163	-0.7964401	-0.6708606	-0.66511774	-0.74796385	0.7346236	0.6598782	-0.779459	0.747945	0.7923783	-0.66639555	0.5971981	0.7710015	-0.7899258	0.754868	0.69892985	-0.7808914	-0.7532356	0.6855022	0.6315354	0.6685191	-0.77661324	-0.6986883	0.60328	0.65630966	-0.6491317	0.68944263	0.71678126	0.5269335	0.62991	0.7007579	0.6127975	-0.7308879	-0.7126311	0.7763259	0.66452116	-0.7436539	0.73402405	-0.68390447	0.6990004	0.79251146	-0.5491831	0.7000695	-0.7999686
-0.6386957	-0.6647773	-0.6222629	0.666168	-0.64711875	-0.61426353	0.62863094	0.58438075	0.6921389	0.6622677	-0.675175	-0.65725595	-0.6655242	0.65635186	-0.6367482	-0.6586117	0.7111656	0.65305054	-0.6864606	-0.6622656	-0.72590107	-0.6980979	0.64686924	0.645876	0.6756699	0.6641866	-0.6751098	-0.7122804	0.73506284	0.6906263	-0.66730636	0.64375657	-0.73614264	-0.5420805	0.70352274	-0.6444208	-0.5724926	0.7038791	-0.6815472	0.6071308	0.64145553	-0.6422455	-0.69652015	-0.6863923	-0.6801418	0.679118	-0.5740766	-0.6409723	0.6829128	0.61339915	-0.5915834	-0.73989314	-0.665383	-0.65781695	-0.72033376	-0.6578735	0.6636808	-0.6428166	-0.67624015	-0.6526091	-0.69327134	0.68441975	0.61082125	-0.698889	0.63369286	0.73307633	-0.6750089	0.67155474	0.6585973	-0.7091806	0.64879894	0.7080858	-0.65103114	-0.69923604	0.6752709	0.6068917	0.65488064	-0.72524095	-0.56460667	0.5028855	0.6616478	-0.66546303	0.65491	0.6851362	0.6045376	0.7348973	0.7324035	0.72323835	-0.6409157	-0.66213226	0.6372499	0.61774606	-0.6748674	0.6722764	-0.641637	0.6838166	0.6599439	-0.5628236	0.6601295	-0.6939197
-0.64983606	-0.8041826	-0.7773343	0.74112767	-0.68105066	-0.664602	0.6786249	0.6901507	0.75402164	0.76860225	-0.7796919	-0.84273064	-0.7730998	0.759354	-0.7782557	-0.80566037	0.7388202	0.76029783	-0.8042085	-0.83346075	-0.843826	-0.7384865	0.751834	0.7906412	0.7521292	0.6863723	-0.72046405	-0.7362316	0.785586	0.7593975	-0.704171	0.8158113	-0.75773513	-0.66815275	0.7243956	-0.7926139	-0.6871704	0.7272424	-0.70716685	0.7120317	0.75816315	-0.7125886	-0.81113195	-0.73352754	-0.7746454	0.748711	-0.7418859	-0.73356164	0.72844803	0.78409517	-0.6361254	-0.79752433	-0.7461604	-0.71527594	-0.7833333	-0.7687213	0.7710075	-0.74523085	-0.75584215	-0.7334451	-0.78531456	0.71125984	0.66497916	-0.810048	0.7643092	0.80862767	-0.66156065	0.69159144	0.77879864	-0.77256453	0.76188666	0.7906961	-0.72758824	-0.7665085	0.7477898	0.68662673	0.7284317	-0.76038724	-0.7124144	0.62398446	0.72905827	-0.71078265	0.74462074	0.6951128	0.65161616	0.7563137	0.6948749	0.7877148	-0.75840324	-0.73131686	0.7498357	0.68108284	-0.7749691	0.7582269	-0.7104948	0.800259	0.7593592	-0.6616251	0.81003386	-0.8345014
-0.79298	-0.7016522	-0.69545954	0.7246532	-0.70169204	-0.5387703	0.6706074	0.7027804	0.68711066	0.7386065	-0.7248741	-0.73588943	-0.6353358	0.72702336	-0.6459467	-0.65230197	0.6563187	0.7096568	-0.66815937	-0.7393527	-0.7395128	-0.72133684	0.69479007	0.72413665	0.73696417	0.777267	-0.7168812	-0.7522943	0.6396039	0.7539556	-0.7732298	0.6719776	-0.6592943	-0.68479365	0.7491729	-0.64755213	-0.6481106	0.78003556	-0.74380666	0.76166683	0.6092674	-0.7644444	-0.70780057	-0.70320535	-0.6928758	0.6848481	-0.6506166	-0.73255664	0.59409326	0.66736007	-0.76241404	-0.6856915	-0.7580423	-0.7689858	-0.752948	-0.6882059	0.71805614	-0.6410449	-0.67400295	-0.7342501	-0.76998985	0.7295361	0.76702726	-0.73776376	0.76725936	0.6933691	-0.7085537	0.762482	0.65161407	-0.7537192	0.7614162	0.7509604	-0.69406503	-0.7178214	0.7373886	0.6805905	0.71999866	-0.7426608	-0.63587224	0.6960424	0.7275002	-0.7591213	0.75231797	0.69857347	0.68532413	0.77101755	0.7078578	0.7214975	-0.70327294	-0.73106664	0.69400114	0.76088566	-0.77082485	0.5309689	-0.72168213	0.7938836	0.74049765	-0.70270157	0.7773992	-0.70247024
-0.7476767	-0.77872217	-0.81547934	0.7662187	-0.74065864	-0.73166573	0.81232405	0.7811841	0.7870513	0.8521774	-0.7905717	-0.8002493	-0.72780627	0.80317575	-0.7771863	-0.8302559	0.8189886	0.7589873	-0.8351714	-0.7908353	-0.8129759	-0.85081345	0.76339465	0.7958107	0.75704825	0.75406665	-0.87523305	-0.74967426	0.78109854	0.8682956	-0.80942357	0.84835273	-0.7905259	-0.73999864	0.85020286	-0.8168052	-0.6337796	0.7722954	-0.7800056	0.76784265	0.74358535	-0.7875465	-0.8188488	-0.81102	-0.7840232	0.74891645	-0.6555555	-0.7814482	0.7984852	0.75378156	-0.6819974	-0.8261054	-0.7653052	-0.8450245	-0.7724644	-0.7846776	0.84004384	-0.78853285	-0.81224465	-0.78149754	-0.76918525	0.76726574	0.7169756	-0.7950692	0.86274165	0.80058384	-0.7199551	0.74465626	0.8499585	-0.87461513	0.83740693	0.789292	-0.7873095	-0.7380328	0.77444625	0.76874113	0.8207156	-0.8403255	-0.7530517	0.60088074	0.7379895	-0.7867971	0.81192183	0.7818175	0.7099791	0.7793354	0.81098247	0.76900584	-0.7050229	-0.79211175	0.81392676	0.82146615	-0.7970547	0.6500536	-0.81069875	0.8099297	0.7777605	-0.61581194	0.7544589	-0.84303576
-0.5991407	-0.75720936	-0.6988782	0.6834776	-0.7296505	-0.6961122	0.7158748	0.67908335	0.6833158	0.74461824	-0.7545049	-0.7426834	-0.68928415	0.68035537	-0.6876446	-0.72813517	0.70243573	0.6253453	-0.7184232	-0.69083536	-0.7118436	-0.69217163	0.7123795	0.69434696	0.7176987	0.64435357	-0.6672139	-0.6570775	0.6603084	0.7191704	-0.6778942	0.69194055	-0.7246122	-0.6178764	0.7212328	-0.6683716	-0.621558	0.6383553	-0.6910141	0.6469377	0.6454726	-0.6914914	-0.6955355	-0.70859027	-0.7058337	0.7076784	-0.67194766	-0.7180049	0.6526897	0.683639	-0.63002175	-0.7689019	-0.6440495	-0.66907686	-0.7340876	-0.754679	0.7375552	-0.68992686	-0.661732	-0.63392645	-0.7049679	0.65851974	0.66958445	-0.7584774	0.75664276	0.7258129	-0.63256544	0.5635529	0.7745294	-0.6963605	0.66214997	0.6739169	-0.68674505	-0.70156693	0.73912793	0.7180964	0.7674074	-0.6872124	-0.69830143	0.662412	0.7093941	-0.66598827	0.7092337	0.6579541	0.53460765	0.6169458	0.72109556	0.6765174	-0.674256	-0.7130406	0.67283386	0.69100654	-0.72515166	0.646508	-0.7201469	0.6667167	0.7031969	-0.606795	0.6758261	-0.7558482
-0.37835336	-0.48435807	-0.44320533	0.49953425	-0.44599438	-0.44270614	0.4303778	0.40036246	0.40417087	0.41767344	-0.4338219	-0.48152155	-0.47872174	0.39678845	-0.5112768	-0.44829985	0.51648104	0.4238915	-0.45899045	-0.4279711	-0.42773157	-0.46543542	0.42245123	0.47872692	0.49494457	0.40946594	-0.4599289	-0.39469987	0.45658955	0.5063141	-0.45559424	0.42804575	-0.49400428	-0.33873782	0.4593553	-0.45703697	-0.3574116	0.4390746	-0.44492704	0.3732804	0.4824547	-0.43043745	-0.5134858	-0.42676163	-0.40454042	0.49630997	-0.46354857	-0.43879217	0.5260473	0.49712035	-0.42845953	-0.47455597	-0.36544147	-0.41734278	-0.489472	-0.4239712	0.43888924	-0.510294	-0.51201856	-0.4378536	-0.43684712	0.4325008	0.37825865	-0.51763576	0.49538192	0.46443236	-0.36054525	0.43461528	0.42735356	-0.47975725	0.43809238	0.42353573	-0.46762738	-0.45487645	0.42275512	0.40953073	0.4236178	-0.41954294	-0.48518342	0.3619703	0.44042292	-0.42005384	0.43898392	0.3997306	0.37234366	0.41529474	0.46623293	0.3797555	-0.4293688	-0.42541823	0.42532545	0.47176722	-0.42942992	0.50726396	-0.44483715	0.41687363	0.48050934	-0.344045	0.4301046	-0.42886993
-0.70513177	-0.8200413	-0.7840674	0.83490765	-0.72184795	-0.7272726	0.7261775	0.6710681	0.82781	0.80924636	-0.72786176	-0.84370816	-0.8136618	0.7588359	-0.8481657	-0.8159573	0.7768015	0.7070514	-0.8172011	-0.8193433	-0.77581376	-0.73148143	0.75604945	0.7896446	0.83970195	0.77909595	-0.7786897	-0.7407748	0.76168984	0.8472529	-0.8027304	0.8275583	-0.8059349	-0.68982494	0.77985847	-0.8111433	-0.6771984	0.79090667	-0.72962004	0.7618613	0.79697376	-0.77017313	-0.8087994	-0.72896504	-0.82128066	0.75197816	-0.70682496	-0.8090154	0.804089	0.7572398	-0.6874786	-0.7917799	-0.7862664	-0.79596853	-0.77711254	-0.8489713	0.81216675	-0.7551891	-0.7932201	-0.71301275	-0.8277461	0.7032355	0.6672725	-0.82271695	0.8254291	0.8436763	-0.73736185	0.7091593	0.7892868	-0.78035784	0.741855	0.85047424	-0.7947413	-0.8206412	0.7648751	0.78556573	0.80024356	-0.7830305	-0.7597386	0.6920076	0.70311075	-0.68234676	0.826237	0.731911	0.62087107	0.79114836	0.76779747	0.7143075	-0.8302525	-0.7899905	0.7863578	0.8049615	-0.8384942	0.69747794	-0.7978914	0.76345766	0.8507639	-0.67848396	0.7859548	-0.85510826
-0.6484014	-0.6110819	-0.5792224	0.6477905	-0.60044426	-0.6133275	0.63612735	0.6101084	0.5811091	0.6259732	-0.5590561	-0.58594936	-0.56432617	0.6511259	-0.6627118	-0.58037907	0.59382033	0.5674291	-0.6567606	-0.57096523	-0.63331985	-0.6026836	0.63806486	0.57591605	0.60772103	0.5794383	-0.6481405	-0.5622316	0.6016495	0.66318977	-0.6228189	0.6677192	-0.6340649	-0.5500649	0.6279539	-0.65317744	-0.5520642	0.58246255	-0.615423	0.6470331	0.5977743	-0.6653205	-0.63096875	-0.64236546	-0.5821064	0.6286706	-0.60628784	-0.6052215	0.5852478	0.60308844	-0.59418404	-0.60151917	-0.5856693	-0.63861346	-0.6137586	-0.6182232	0.58077854	-0.5499439	-0.6003329	-0.58197933	-0.6115553	0.5685954	0.5746128	-0.5676894	0.6436401	0.58046913	-0.58896756	0.63349617	0.6420201	-0.65267473	0.56900287	0.6470109	-0.62100416	-0.5665689	0.65136147	0.6310964	0.6164605	-0.5769982	-0.6361041	0.5849708	0.5802755	-0.6223553	0.6484884	0.6534454	0.5935291	0.6499041	0.59398115	0.57430345	-0.57374865	-0.62959164	0.5805541	0.5935696	-0.64939743	0.5270202	-0.6512584	0.57469374	0.6123867	-0.5269565	0.5908811	-0.57066876
-0.3955892	-0.46992606	-0.42503744	0.47031748	-0.4820106	-0.4778168	0.43546164	0.39499038	0.4653034	0.524341	-0.494087	-0.49095806	-0.49294844	0.47371092	-0.50777644	-0.4680991	0.49390095	0.47253925	-0.49214298	-0.4391492	-0.53202385	-0.4600259	0.53306127	0.49999496	0.4662078	0.5017111	-0.48548123	-0.5084842	0.5288624	0.5283238	-0.5122807	0.51488596	-0.55389196	-0.36444804	0.5210852	-0.5312529	-0.39954877	0.45744157	-0.43925187	0.4654145	0.50100523	-0.50365156	-0.49303743	-0.5260376	-0.5036025	0.5432986	-0.4650499	-0.48361954	0.51405317	0.49231213	-0.37254888	-0.46211213	-0.45261472	-0.5212153	-0.4600594	-0.51845306	0.5433086	-0.50891566	-0.49197206	-0.48085845	-0.46258944	0.45076448	0.3976342	-0.48255178	0.54087925	0.5109283	-0.42122656	0.44809797	0.54531705	-0.48177516	0.4409243	0.5217132	-0.45530418	-0.4822497	0.43802932	0.50551856	0.51930195	-0.5448037	-0.45762935	0.35114378	0.4077936	-0.4275968	0.4979575	0.43187463	0.41849342	0.44481984	0.5268728	0.43259156	-0.46124703	-0.45970082	0.46029422	0.50704026	-0.4788367	0.42371488	-0.52177185	0.47900867	0.5222874	-0.39787555	0.45991915	-0.5601623
-0.44278803	-0.68035054	-0.66347826	0.64282894	-0.5365874	-0.6471079	0.5803751	0.5742223	0.5666095	0.60925394	-0.6624976	-0.6633354	-0.6483314	0.5831645	-0.62581813	-0.69553196	0.6580191	0.5464966	-0.6459859	-0.6175239	-0.6745925	-0.6155495	0.60955215	0.6119679	0.60782194	0.5424521	-0.62299323	-0.5952117	0.70619833	0.7137492	-0.6002486	0.62995434	-0.62133855	-0.47175834	0.56635743	-0.6472045	-0.5412122	0.60972726	-0.5391339	0.5377245	0.67286783	-0.6170316	-0.71078986	-0.66917634	-0.6230054	0.6680164	-0.5351094	-0.64760655	0.64541507	0.65563655	-0.45193395	-0.67354155	-0.502152	-0.60993844	-0.6614503	-0.7062875	0.7113526	-0.6566108	-0.6579252	-0.4972739	-0.61068046	0.59074295	0.46523455	-0.6678072	0.62696946	0.69349843	-0.48472703	0.5477487	0.6968747	-0.70972955	0.5559352	0.6595108	-0.6414706	-0.6449125	0.5952607	0.6047253	0.6316133	-0.64168555	-0.64434266	0.48122993	0.46177027	-0.42531842	0.56845933	0.6166054	0.4436903	0.54921484	0.5989118	0.5594646	-0.649988	-0.63699085	0.643321	0.6223648	-0.6130988	0.61570936	-0.651995	0.583538	0.6453386	-0.4439711	0.554729	-0.67191464
-0.7448974	-0.903668	-0.8165229	0.8704977	-0.7901678	-0.7980399	0.77634466	0.7159798	0.8655496	0.8871525	-0.8572858	-0.8461254	-0.87270546	0.7346866	-0.8969649	-0.85802984	0.90453506	0.8060102	-0.88953274	-0.7800175	-0.92122877	-0.84961724	0.91212153	0.81281	0.8448747	0.8356412	-0.9055253	-0.7999777	0.84889287	0.85803175	-0.8372137	0.860735	-0.8332791	-0.6723104	0.8383947	-0.8349374	-0.6580856	0.8097905	-0.7364897	0.74335766	0.85342336	-0.9014914	-0.89546496	-0.831034	-0.85347396	0.86037314	-0.72427785	-0.8737066	0.86189276	0.8231558	-0.6442407	-0.8879506	-0.7225499	-0.8657921	-0.8137041	-0.90189135	0.8330769	-0.85004985	-0.8403706	-0.8328604	-0.7948614	0.817666	0.7727121	-0.85438263	0.9147912	0.90399	-0.7466967	0.7906653	0.840372	-0.8929271	0.77453274	0.8247088	-0.89652663	-0.8600955	0.84937763	0.79226834	0.8179277	-0.86739445	-0.79150736	0.63335145	0.74355704	-0.6960182	0.8130107	0.8216661	0.7116954	0.8084397	0.8409339	0.79698706	-0.809633	-0.8007004	0.8856696	0.84504426	-0.8712256	0.84404904	-0.83299756	0.83479255	0.9475202	-0.6583006	0.8140435	-0.8801873
-0.55699295	-0.527611	-0.5391737	0.53399867	-0.53793496	-0.5343413	0.5555669	0.46882582	0.55430543	0.5445154	-0.5432381	-0.5146796	-0.50228274	0.50660515	-0.531777	-0.5672019	0.57227254	0.5265795	-0.53289974	-0.54650354	-0.49113932	-0.52704316	0.5596891	0.4866046	0.5097992	0.5614378	-0.5426402	-0.49934307	0.54864097	0.5292632	-0.4963013	0.5403086	-0.51999706	-0.43400165	0.50265783	-0.49580777	-0.48648965	0.5372689	-0.5458088	0.56507254	0.55842	-0.5705488	-0.47845498	-0.5750647	-0.48433575	0.49212882	-0.5103501	-0.56246465	0.54552966	0.49214923	-0.53336465	-0.53966916	-0.49934304	-0.54798734	-0.4855671	-0.5650551	0.5721235	-0.5863245	-0.52249306	-0.55815727	-0.5563976	0.4665482	0.5377801	-0.53274214	0.5190086	0.4961922	-0.513613	0.57454795	0.5741159	-0.5603644	0.5660271	0.5660391	-0.52976817	-0.50533944	0.52197593	0.5047493	0.51226133	-0.5377133	-0.5344869	0.395259	0.5107051	-0.48134091	0.57182807	0.5045024	0.4760247	0.57712364	0.57667863	0.56021076	-0.5320841	-0.53983235	0.5222831	0.54168856	-0.50906074	0.55676955	-0.5700924	0.54088837	0.57604086	-0.45280477	0.4753461	-0.5568404
-0.7055282	-0.84232676	-0.7381749	0.8414696	-0.79842824	-0.8272324	0.77699924	0.72080016	0.7253932	0.79015654	-0.79535383	-0.8567031	-0.7871599	0.8038836	-0.83238244	-0.8168856	0.8516427	0.7002105	-0.77672243	-0.8263557	-0.86370033	-0.78193986	0.78447986	0.8328922	0.84638876	0.76019204	-0.773818	-0.7091033	0.80719817	0.82165575	-0.7493907	0.7920694	-0.834122	-0.7772367	0.8105766	-0.8601135	-0.7909414	0.7986728	-0.810529	0.7999632	0.7840253	-0.82173866	-0.7737542	-0.7310455	-0.8212204	0.80993336	-0.74802154	-0.7954318	0.79547524	0.78077185	-0.65927523	-0.842038	-0.7605801	-0.80188787	-0.8188073	-0.7874657	0.84886444	-0.81961167	-0.8066094	-0.7358838	-0.84810895	0.7718461	0.7061613	-0.85618705	0.812025	0.77742904	-0.67354584	0.7368984	0.8504539	-0.7746565	0.7489786	0.79649395	-0.8497135	-0.8087631	0.8401961	0.7725253	0.83038867	-0.8275161	-0.8203093	0.7580705	0.6805787	-0.70885473	0.77634555	0.7643981	0.7016468	0.7744179	0.79883116	0.6917366	-0.7821083	-0.8220665	0.79385686	0.8400272	-0.7466993	0.85028094	-0.80441475	0.777237	0.8453953	-0.72537905	0.78079563	-0.8827552
-0.77356386	-0.73159397	-0.7359727	0.7843665	-0.72312397	-0.6417066	0.7955701	0.75545555	0.77799815	0.73390245	-0.7316574	-0.79814565	-0.71384734	0.793168	-0.75357723	-0.7443625	0.7024187	0.76166147	-0.70742655	-0.7770296	-0.81815755	-0.7561501	0.7812054	0.7406221	0.7865206	0.75185335	-0.7546525	-0.77106386	0.6923555	0.80944747	-0.70829844	0.72346157	-0.78372777	-0.6935882	0.7302087	-0.7252014	-0.6632493	0.7398776	-0.7567894	0.78790516	0.7388158	-0.75020766	-0.7576878	-0.81036586	-0.81766605	0.70230806	-0.68415415	-0.7377904	0.6636957	0.68101484	-0.76672906	-0.761786	-0.7356241	-0.7779653	-0.7115782	-0.7410513	0.7336234	-0.770645	-0.6875305	-0.77902573	-0.73331517	0.69283986	0.7441959	-0.78576094	0.8414181	0.8308762	-0.7235806	0.7422139	0.7447753	-0.7812718	0.72814596	0.76790816	-0.76553226	-0.78827125	0.74592984	0.8173188	0.81067175	-0.81917715	-0.78300285	0.6808302	0.7523309	-0.7655575	0.7262013	0.79010195	0.76014423	0.83194745	0.75662434	0.77920496	-0.72433436	-0.7093421	0.8080277	0.74480665	-0.8378759	0.63378084	-0.7627508	0.8229639	0.7970823	-0.74129134	0.7082602	-0.82500094
-0.104323	-0.13819957	-0.19674885	0.12223017	-0.14661117	-0.078473136	0.12984507	0.108034045	0.18857609	0.18503384	-0.18206373	-0.11315041	-0.12698436	0.12754391	-0.17173418	-0.16181853	0.09290862	0.12796122	-0.11536318	-0.16091321	-0.19582617	-0.1362521	0.18549016	0.15922548	0.18031399	0.18514173	-0.1884424	-0.09808349	0.16934417	0.12429056	-0.18256961	0.13245285	-0.17527683	-0.113751724	0.18019496	-0.15409364	-0.17560701	0.14696701	-0.09368566	0.13941164	0.10442582	-0.1246724	-0.1245774	-0.10536177	-0.19120094	0.13883431	-0.12414999	-0.1695863	0.08983917	0.10026723	-0.09555217	-0.15502347	-0.09731488	-0.14636737	-0.15251695	-0.18533446	0.14692262	-0.1373272	-0.17083074	-0.12580447	-0.11903761	0.1793495	0.16914251	-0.12680776	0.109256454	0.14726865	-0.16686237	0.16486244	0.12809308	-0.1717692	0.12057491	0.11418052	-0.16242085	-0.16546592	0.1549303	0.15384565	0.10501548	-0.11154026	-0.1773381	0.10862452	0.15412198	-0.16052753	0.13576037	0.11803286	0.10066204	0.12340195	0.11660904	0.14796123	-0.1343218	-0.118357465	0.12229265	0.18141195	-0.11989344	0.10875069	-0.15357208	0.118578166	0.19564584	-0.09979313	0.122300126	-0.104419336
-0.6539599	-0.7869694	-0.75910616	0.7508699	-0.7644545	-0.75802255	0.73555434	0.71844685	0.7060317	0.74524033	-0.73262554	-0.744533	-0.7798884	0.75689447	-0.77032816	-0.8084151	0.7389881	0.72262233	-0.74547404	-0.7180699	-0.754818	-0.73158574	0.728712	0.76349664	0.77957314	0.72170216	-0.7953044	-0.7336899	0.76210356	0.7419961	-0.75077605	0.7784812	-0.7819216	-0.70275325	0.78766924	-0.73562396	-0.6530523	0.7528559	-0.73892224	0.7336045	0.8011017	-0.7132823	-0.72437227	-0.72435373	-0.78813493	0.7466889	-0.71297914	-0.77017707	0.7595031	0.7306943	-0.68271106	-0.8024241	-0.74861354	-0.80158937	-0.7547111	-0.7920178	0.7841736	-0.79253703	-0.76039374	-0.74676317	-0.722639	0.7705101	0.72069407	-0.82751024	0.7669815	0.7927237	-0.74245334	0.67295045	0.7938712	-0.79008245	0.68161064	0.7396189	-0.75074995	-0.79127264	0.7778611	0.78326285	0.7576524	-0.8276173	-0.6655546	0.68055135	0.73974353	-0.66954297	0.7286996	0.69692266	0.6721776	0.7554653	0.7470242	0.7689255	-0.77474284	-0.69104946	0.7753006	0.7450287	-0.7539886	0.78933644	-0.80431795	0.6837487	0.73942345	-0.6000912	0.7114224	-0.77826494
-0.07914621	-0.17933893	-0.19086142	0.24075949	-0.21535414	-0.1947546	0.1581578	0.1713085	0.1263851	0.15929872	-0.25277302	-0.21711381	-0.15996566	0.19245438	-0.1672028	-0.19689287	0.20724396	0.18183666	-0.2467496	-0.1500049	-0.19515541	-0.18671681	0.15154381	0.21260399	0.23746431	0.17398492	-0.1502503	-0.2041046	0.21599075	0.20838037	-0.17687382	0.19160435	-0.16763894	-0.18545069	0.15064827	-0.17451033	-0.19886485	0.173913	-0.12898256	0.15286039	0.23156624	-0.19138701	-0.17224804	-0.19326791	-0.17282356	0.17286794	-0.22184035	-0.16561475	0.1742051	0.238869	-0.08445782	-0.2276438	-0.13539915	-0.14860247	-0.23263542	-0.17241244	0.16136542	-0.25673565	-0.19762073	-0.11539496	-0.20502566	0.17015755	0.10815934	-0.17975348	0.20888367	0.18299018	-0.10909068	0.17728314	0.22856279	-0.17864643	0.1313036	0.24117117	-0.22665897	-0.20781894	0.1980814	0.23181792	0.19501847	-0.24428338	-0.21258716	0.14195034	0.13656445	-0.08252149	0.13988882	0.12116266	0.10018344	0.087160476	0.18332542	0.11555394	-0.24989848	-0.2113307	0.15428208	0.15486167	-0.22513063	0.19181234	-0.15998667	0.20337665	0.1882423	-0.099872336	0.20318201	-0.21398756
-0.6898012	-0.757672	-0.67829305	0.70976156	-0.68951184	-0.6754448	0.72886777	0.64991623	0.72441447	0.6596293	-0.67056394	-0.78473663	-0.72325593	0.6459921	-0.71740794	-0.76009846	0.698693	0.67359304	-0.7240075	-0.71771723	-0.74051857	-0.76912886	0.7056806	0.6834614	0.74831367	0.70457923	-0.76998854	-0.66299117	0.7249524	0.6781839	-0.7569857	0.7734369	-0.74423605	-0.6455389	0.7495663	-0.72293687	-0.6033284	0.6851344	-0.6800742	0.6498261	0.7224932	-0.6707746	-0.75299096	-0.6805617	-0.6945967	0.6732596	-0.658027	-0.71119535	0.7555436	0.6440045	-0.66486377	-0.7535345	-0.7397419	-0.7183083	-0.7152925	-0.7134607	0.7472157	-0.7260804	-0.6513849	-0.7856211	-0.7380017	0.71577907	0.6970616	-0.734692	0.67100143	0.7838585	-0.6559434	0.6805037	0.6895597	-0.70792806	0.66037756	0.72518843	-0.74389666	-0.69636637	0.7434106	0.635175	0.65447724	-0.7484767	-0.57379293	0.56784767	0.72950304	-0.63568413	0.7576489	0.76072115	0.6352318	0.72496754	0.7215518	0.725204	-0.6944676	-0.65768963	0.6756135	0.7062684	-0.7369338	0.6745881	-0.7327339	0.74625057	0.7016753	-0.6081728	0.6915749	-0.75468796
-0.78349805	-0.78824514	-0.75874305	0.73994863	-0.71761835	-0.6619654	0.75587654	0.70057094	0.7538729	0.7682766	-0.7229761	-0.71469194	-0.6938116	0.7521025	-0.765825	-0.7036032	0.7356393	0.795336	-0.74478704	-0.78347003	-0.80301064	-0.79273343	0.71692204	0.75294644	0.726262	0.7601962	-0.7933897	-0.71352845	0.7274268	0.72285265	-0.76795644	0.7157438	-0.7845259	-0.6403135	0.75515044	-0.780094	-0.69218516	0.78981715	-0.7224003	0.7797543	0.7285827	-0.74315834	-0.7209507	-0.71612847	-0.7798044	0.66945934	-0.6597478	-0.7313859	0.70883757	0.7023073	-0.7368124	-0.79551095	-0.73159426	-0.7846145	-0.7307722	-0.7876742	0.78629464	-0.7361769	-0.7258642	-0.72534657	-0.8005882	0.7148134	0.7029243	-0.6994738	0.7545949	0.743765	-0.70640755	0.72229904	0.7629	-0.72368455	0.7180917	0.7666384	-0.7537803	-0.6963409	0.72280335	0.74171394	0.7629924	-0.7931177	-0.6572086	0.6744641	0.7635262	-0.7394827	0.7310237	0.7120112	0.70032734	0.74983895	0.78028667	0.74877375	-0.7115306	-0.7713948	0.74800724	0.73517543	-0.79903984	0.7200875	-0.79219764	0.75877565	0.7113719	-0.6797728	0.7857053	-0.7225769
-0.8238497	-0.94986165	-0.8276001	0.9351449	-0.8394827	-0.75927484	0.8275233	0.74844486	0.95313656	0.8250934	-0.857267	-0.86747485	-0.9173965	0.8161354	-0.81599635	-0.87947935	0.9254914	0.8794854	-0.8553734	-0.8464291	-0.9410519	-0.881805	0.8819113	0.89461994	0.89034855	0.89726835	-0.8803848	-0.88479567	0.9062871	0.95881176	-0.8634601	0.9491639	-0.91858727	-0.7375137	0.93392944	-0.87618786	-0.72168314	0.8671696	-0.7994605	0.74448913	0.9382173	-0.8499191	-0.8155115	-0.91143125	-0.8370413	0.8856749	-0.71263117	-0.8574077	0.9111066	0.8294885	-0.7780057	-0.89626807	-0.8442987	-0.91129285	-0.9160677	-0.9637778	0.8961385	-0.9106952	-0.8132538	-0.87702256	-0.886001	0.83678573	0.7897323	-0.87727374	0.8590176	0.88914275	-0.8036832	0.8613298	0.8922567	-0.88069034	0.84372175	0.8579496	-0.92393506	-0.8230589	0.8847266	0.8128131	0.767309	-0.9417412	-0.74222183	0.6493487	0.896385	-0.7668956	0.93886334	0.8805954	0.7928252	0.87376183	0.88787746	0.9246456	-0.72301126	-0.8365281	0.8446077	0.8904577	-0.9191617	0.86016154	-0.88333756	0.9286009	0.85523194	-0.6278643	0.8795599	-0.91635954
-0.72741085	-0.6621731	-0.6442049	0.68269026	-0.7176579	-0.619258	0.6107985	0.61601907	0.7574755	0.6272108	-0.6392737	-0.6634304	-0.68563086	0.6160547	-0.71768683	-0.6606433	0.6479833	0.67730737	-0.6952868	-0.65742767	-0.68225497	-0.6947304	0.70842224	0.70629245	0.6908476	0.6708356	-0.72607756	-0.64661586	0.6313977	0.66859835	-0.72511053	0.6963745	-0.7190444	-0.59743524	0.64544255	-0.7128901	-0.6079099	0.6987336	-0.68017524	0.63417846	0.6414675	-0.63832307	-0.6501257	-0.63224614	-0.69079137	0.7029257	-0.6039601	-0.66585577	0.6590397	0.5900957	-0.6804451	-0.6251371	-0.65037477	-0.652006	-0.6526328	-0.6691324	0.6364214	-0.6161471	-0.6255457	-0.6686079	-0.69997793	0.7090168	0.6931789	-0.68112653	0.64882433	0.6857724	-0.63823235	0.68313974	0.689777	-0.6991647	0.6820394	0.70721805	-0.6823092	-0.6454599	0.6168935	0.61772805	0.5692626	-0.67027897	-0.5463464	0.53914225	0.6415247	-0.6351611	0.71914303	0.7240423	0.6819328	0.75994146	0.6398173	0.7384759	-0.5942867	-0.639687	0.668331	0.62215406	-0.6720445	0.6681995	-0.68703735	0.7092001	0.67166585	-0.6080458	0.6454603	-0.6439765
-0.49485135	-0.42934477	-0.5081958	0.47075754	-0.52007776	-0.4174121	0.43973973	0.48683575	0.48988968	0.41759592	-0.43900326	-0.4551374	-0.50140375	0.46833086	-0.4768192	-0.48224124	0.43572742	0.52936184	-0.48320857	-0.4832371	-0.46360043	-0.49403048	0.43567362	0.5142615	0.5011896	0.53146607	-0.45505762	-0.46187526	0.43807194	0.5040416	-0.47106394	0.49739838	-0.4927088	-0.454431	0.514261	-0.41978312	-0.44579676	0.48551315	-0.49641073	0.46217763	0.39924148	-0.4863016	-0.41727144	-0.44434622	-0.44702676	0.44312558	-0.39947295	-0.5100902	0.42827508	0.41105577	-0.45627925	-0.45345518	-0.43064228	-0.4959025	-0.49911717	-0.47881857	0.41918206	-0.4028333	-0.45415303	-0.5436658	-0.5119303	0.4823284	0.4328988	-0.43940222	0.43002135	0.53219426	-0.49200383	0.5297423	0.46736825	-0.4471724	0.50335324	0.482396	-0.42703745	-0.46330163	0.44190148	0.48520806	0.4472295	-0.47193912	-0.45094472	0.42108506	0.45079002	-0.5265845	0.5166536	0.52828205	0.45654607	0.511817	0.44268817	0.46679148	-0.41185722	-0.4245836	0.5007285	0.43928453	-0.5282512	0.47823223	-0.43461913	0.44908687	0.47279626	-0.4653572	0.47963983	-0.40032163
-0.7338896	-0.7932274	-0.67058176	0.7714559	-0.72998697	-0.721268	0.64004046	0.6960664	0.7035485	0.681127	-0.68171036	-0.74624366	-0.70033604	0.727613	-0.72324145	-0.72143143	0.7084751	0.6999775	-0.7240176	-0.7245671	-0.7283197	-0.7065318	0.6921468	0.743899	0.6865277	0.77336526	-0.7007566	-0.67355	0.7645524	0.7510494	-0.7500616	0.7386123	-0.7604661	-0.6229438	0.7688148	-0.7256364	-0.6243878	0.7180218	-0.7366459	0.7392093	0.74818367	-0.670141	-0.7227219	-0.6861336	-0.65663546	0.7454786	-0.65198654	-0.7226782	0.74142927	0.6916143	-0.65472317	-0.7222457	-0.71304345	-0.70616955	-0.743974	-0.7284301	0.7140098	-0.68812305	-0.67923695	-0.7507568	-0.7766935	0.67580014	0.7259016	-0.6777121	0.7328222	0.6950168	-0.7015047	0.7447965	0.73335904	-0.73610574	0.68512493	0.77583784	-0.7234636	-0.6884178	0.67699164	0.6976729	0.6569742	-0.6841093	-0.6055798	0.5986882	0.75080913	-0.6869038	0.77409965	0.7673655	0.6627885	0.78572273	0.70132804	0.7484246	-0.6526799	-0.7176436	0.70471454	0.73314196	-0.75704306	0.7479957	-0.6980413	0.7369043	0.73842055	-0.5248898	0.6723401	-0.7186629
-0.86010236	-0.9197848	-0.8667361	0.960943	-0.89619076	-0.8890208	0.7283923	0.7513571	0.8956937	0.8327356	-0.8198703	-0.85612386	-0.9196965	0.7588338	-0.91426224	-0.9672855	0.93195605	0.8612415	-0.8533666	-0.87780005	-0.95576525	-0.8776389	0.9108098	0.80082345	0.89220864	0.90399575	-0.9366802	-0.815123	0.9319665	0.9364046	-0.8752229	0.9123007	-0.8957746	-0.7214065	0.837284	-0.8786532	-0.6857735	0.9073319	-0.8441132	0.7514686	0.9651194	-0.8644138	-0.85990715	-0.8342724	-0.8024898	0.9061218	-0.707793	-0.79274654	0.9253484	0.8261857	-0.7462993	-0.87552285	-0.81360847	-0.87239367	-0.9035881	-0.9080712	0.88107944	-0.9215773	-0.8153177	-0.88009113	-0.87845886	0.8579948	0.77018	-0.859316	0.8034664	0.9012388	-0.88287425	0.8035308	0.901809	-0.86475253	0.84065217	0.8922002	-0.85025376	-0.8507156	0.8431282	0.7372581	0.7594984	-0.84662277	-0.6583627	0.58714	0.7910132	-0.7551706	0.87256914	0.8462062	0.74753106	0.9144977	0.8985031	0.9240325	-0.811288	-0.8392994	0.8259385	0.77660733	-0.9500423	0.91450715	-0.8019112	0.85095555	0.9064379	-0.61950135	0.8555689	-0.93609947
-0.77312815	-0.917904	-0.85009515	0.92681277	-0.82940406	-0.9233682	0.8049146	0.7544234	0.82394934	0.9168608	-0.887151	-0.9009796	-0.99737257	0.8470091	-0.94582033	-0.9165246	0.91199446	0.7653695	-0.89385265	-0.90771574	-0.9226326	-0.8550823	0.92050785	0.86406755	0.9802626	0.8952022	-0.83007187	-0.8113864	1.0020518	0.96677095	-0.8593491	0.9731677	-0.88162225	-0.7537314	0.8311168	-0.9184033	-0.7789602	0.86756545	-0.8367526	0.8138391	0.9103563	-0.9515704	-0.88404506	-0.9246924	-0.84253776	0.97844183	-0.8470752	-0.9304075	0.98833734	0.9401501	-0.7875989	-0.90011847	-0.8255157	-0.87009406	-0.9213916	-0.9158917	0.8979493	-0.9198327	-0.9459687	-0.8117979	-0.9008297	0.8541911	0.8145229	-0.89183444	0.93105596	0.97520924	-0.8041858	0.79594547	0.900233	-0.9620941	0.80185884	0.9231332	-0.8820285	-0.9294856	0.8322236	0.92473215	0.9596187	-0.97915953	-0.8355059	0.719198	0.7931122	-0.6841645	0.89882505	0.8859116	0.7294855	0.78974974	0.87211037	0.7394184	-0.8829963	-0.8426433	0.9109141	0.9101403	-0.9170467	0.9640611	-0.8900689	0.8420051	0.96943647	-0.7461844	0.8508304	-0.9404265
-0.621189	-0.5972898	-0.59608597	0.6535484	-0.5850492	-0.46403563	0.579305	0.6103025	0.6048584	0.5880109	-0.63271683	-0.6086305	-0.54216325	0.62584704	-0.6210541	-0.57167566	0.589846	0.5788569	-0.6681517	-0.63386595	-0.6337504	-0.6740673	0.5380608	0.58444947	0.60577995	0.6448409	-0.65706336	-0.5927719	0.56428206	0.6342464	-0.61149204	0.5650702	-0.575173	-0.5224799	0.6066695	-0.54286224	-0.56173164	0.6488104	-0.6192294	0.59623766	0.5325858	-0.59065145	-0.616519	-0.65559816	-0.64573795	0.5327163	-0.5686855	-0.6747173	0.49204773	0.57375443	-0.60020113	-0.6597986	-0.55131465	-0.614143	-0.5793579	-0.6288725	0.649806	-0.5579955	-0.5456968	-0.6313648	-0.6621411	0.53808004	0.61430484	-0.6421251	0.65388423	0.5894527	-0.64388645	0.58725554	0.5848096	-0.6429966	0.65255946	0.66813827	-0.60029334	-0.5872321	0.62444824	0.6122603	0.55037713	-0.63664305	-0.5608369	0.5912001	0.633521	-0.5855124	0.6781654	0.6103879	0.61964095	0.64507824	0.6127952	0.61450905	-0.5523986	-0.5903407	0.60449415	0.54001844	-0.5914727	0.49108535	-0.545089	0.57787275	0.64707047	-0.57199466	0.6754281	-0.58273816
-0.71838886	-0.77348465	-0.7043355	0.6795485	-0.6540255	-0.7891317	0.67493606	0.65853876	0.7509238	0.70705247	-0.7377101	-0.71868044	-0.7366464	0.73814434	-0.7502141	-0.71581393	0.7531287	0.72006714	-0.7056364	-0.72746587	-0.73318034	-0.7478052	0.7208791	0.7160311	0.70230895	0.7643963	-0.7540206	-0.7143818	0.7406745	0.72492856	-0.75182885	0.73011875	-0.73954254	-0.59515107	0.7384999	-0.7824621	-0.61609024	0.7016369	-0.6706247	0.6839335	0.80139136	-0.70180047	-0.68974966	-0.7635521	-0.6925408	0.78439516	-0.6076299	-0.6626899	0.791842	0.7523605	-0.6027319	-0.7397526	-0.69002354	-0.739957	-0.7790532	-0.74327683	0.72352755	-0.80201304	-0.78823084	-0.67454726	-0.7460563	0.66668916	0.6492189	-0.74077153	0.7515159	0.7314971	-0.6729706	0.6872523	0.78370315	-0.74469423	0.70128673	0.76178175	-0.7252259	-0.724967	0.7021726	0.74296695	0.749109	-0.7180993	-0.6748034	0.56425714	0.6399029	-0.60456526	0.7315105	0.70044935	0.58014196	0.7809387	0.7121577	0.6755774	-0.67131037	-0.741843	0.7570315	0.7170714	-0.7087354	0.7495036	-0.75169873	0.777014	0.7409649	-0.570799	0.6539158	-0.74887294
-0.6538738	-0.7830858	-0.7560786	0.7958974	-0.6964911	-0.7291815	0.7056981	0.69754547	0.71681553	0.74954355	-0.7877547	-0.745772	-0.7813855	0.7514646	-0.7868697	-0.80387753	0.76218283	0.68369454	-0.79407424	-0.80694956	-0.8100437	-0.76500386	0.76628876	0.7618869	0.74135774	0.73030066	-0.7764582	-0.79203594	0.8529821	0.7622099	-0.6853313	0.81084454	-0.758773	-0.62505543	0.73930067	-0.81647164	-0.70495343	0.71597093	-0.66548187	0.7450656	0.7913759	-0.7910194	-0.77784675	-0.7729385	-0.75118387	0.7580495	-0.7463539	-0.7576966	0.7930681	0.79817665	-0.66262734	-0.77783185	-0.73927814	-0.76110786	-0.8040233	-0.8074555	0.7897491	-0.8186453	-0.7975304	-0.74495554	-0.7763468	0.7511729	0.7201862	-0.83500314	0.8158995	0.7320135	-0.616948	0.6814745	0.7933043	-0.83651	0.73980683	0.8248482	-0.81887525	-0.76253283	0.81257766	0.73121357	0.7639234	-0.8227488	-0.7733937	0.7405366	0.7029682	-0.72183865	0.72568244	0.748339	0.6347519	0.66030806	0.7647697	0.6906201	-0.7747447	-0.76735836	0.7572466	0.78216755	-0.8039444	0.8072184	-0.76470625	0.6897162	0.82394546	-0.6803431	0.74300784	-0.79694843
-0.45381242	-0.59375364	-0.51810575	0.5789864	-0.56856155	-0.4735065	0.5401601	0.5114918	0.5653441	0.56955063	-0.5817463	-0.6092702	-0.51077145	0.6020024	-0.5341211	-0.552865	0.5720283	0.5751895	-0.6079797	-0.58849	-0.5695345	-0.556476	0.5392962	0.5576641	0.5438984	0.5513361	-0.569807	-0.5931055	0.55092263	0.6007112	-0.5181717	0.5537917	-0.5158743	-0.59706944	0.55386263	-0.58474505	-0.5503761	0.5074709	-0.5761439	0.5739582	0.56138974	-0.5875841	-0.5514078	-0.54257315	-0.6168665	0.50542444	-0.62243944	-0.56175756	0.5260689	0.5847753	-0.5265895	-0.5496467	-0.52545995	-0.6150432	-0.59009355	-0.5824678	0.57286555	-0.545469	-0.60315895	-0.47859386	-0.5876494	0.59531367	0.5373009	-0.57883984	0.52898973	0.586966	-0.51860887	0.5775602	0.60028833	-0.6199753	0.5920335	0.5920204	-0.5431733	-0.5739885	0.54118097	0.5356443	0.5873936	-0.6096053	-0.6042337	0.57241565	0.47713283	-0.4774091	0.5204997	0.58471495	0.48333573	0.5243364	0.60946095	0.45821476	-0.62248516	-0.5365515	0.5685462	0.60891515	-0.57696205	0.45096424	-0.5904436	0.49273375	0.5954911	-0.58456045	0.52393544	-0.5152555
-0.4382608	-0.53168154	-0.5326627	0.5065716	-0.49420145	-0.5477732	0.5448758	0.44880927	0.545396	0.5435773	-0.6046854	-0.5629706	-0.5460859	0.52067727	-0.55993885	-0.5842195	0.57966644	0.48737675	-0.5935872	-0.50676715	-0.5978992	-0.5281015	0.5836655	0.59075326	0.55658615	0.4923291	-0.55688006	-0.50448143	0.5775803	0.60208976	-0.546217	0.5341379	-0.5222923	-0.49691427	0.57431334	-0.5588535	-0.51024437	0.56795394	-0.54548705	0.54781795	0.53502613	-0.59956264	-0.61492854	-0.559543	-0.5171098	0.61405396	-0.49868754	-0.557349	0.527989	0.56784594	-0.43225133	-0.5351324	-0.48959225	-0.56968004	-0.58955514	-0.5015749	0.51169413	-0.6329837	-0.53104925	-0.48196346	-0.52314913	0.54512554	0.5075064	-0.6130023	0.54579747	0.5003874	-0.49317726	0.45891944	0.55239314	-0.56128764	0.48188102	0.5433855	-0.5363463	-0.53205806	0.57747746	0.51919913	0.5095001	-0.5387323	-0.58339506	0.4766885	0.53105193	-0.4508046	0.5433703	0.5487771	0.49768993	0.45544368	0.5697676	0.52794445	-0.5595803	-0.60338295	0.586206	0.5838228	-0.5345712	0.5369443	-0.581053	0.5106377	0.57610524	-0.5208311	0.5708506	-0.55313724
-0.5573451	-0.6922056	-0.67612374	0.6763947	-0.69216883	-0.6028031	0.5964832	0.6386156	0.6236489	0.68178594	-0.6548757	-0.7182268	-0.6538913	0.6181232	-0.7035835	-0.6801945	0.6847095	0.642983	-0.632223	-0.61825484	-0.71348065	-0.6456497	0.63950986	0.7135551	0.6498276	0.68531924	-0.6255027	-0.6219648	0.650576	0.700779	-0.67646384	0.71098596	-0.63877004	-0.5762902	0.65495116	-0.67118025	-0.6477254	0.6579724	-0.6347673	0.6774794	0.64262444	-0.6946195	-0.612624	-0.6431175	-0.63947266	0.68068403	-0.5657799	-0.7099491	0.69668925	0.6235227	-0.6596638	-0.6737206	-0.598215	-0.6500472	-0.62934244	-0.70183235	0.63454324	-0.6181413	-0.65475464	-0.6480453	-0.63488203	0.59676605	0.64746886	-0.6310639	0.6599559	0.6612411	-0.6442737	0.594869	0.69030076	-0.6166307	0.6703971	0.7024961	-0.6749332	-0.65629977	0.6392467	0.63847566	0.61810315	-0.62414	-0.58056664	0.5247771	0.59409195	-0.6181046	0.62535596	0.6289275	0.5775893	0.6406958	0.68272936	0.6707938	-0.5986902	-0.68214357	0.6618335	0.62024903	-0.6239055	0.6742835	-0.657246	0.6837686	0.63368905	-0.5755439	0.6732291	-0.6198369
-0.5921505	-0.78065825	-0.6979958	0.7378719	-0.76946884	-0.78619	0.748337	0.67977303	0.7041383	0.7701648	-0.7765362	-0.77477664	-0.8744246	0.7692496	-0.7602302	-0.78667265	0.77600175	0.68332785	-0.80992085	-0.7534089	-0.8170025	-0.7416479	0.74275255	0.7937404	0.7373007	0.7203003	-0.7883779	-0.67894274	0.89042354	0.82858306	-0.7454191	0.8291617	-0.80941176	-0.651718	0.7440755	-0.8308924	-0.67946357	0.6785885	-0.70834213	0.6851053	0.8106073	-0.81741184	-0.8025017	-0.7615481	-0.75751346	0.81344527	-0.7559809	-0.7033508	0.8767104	0.75147545	-0.64085203	-0.76106024	-0.70914775	-0.7631085	-0.76265174	-0.8324592	0.7853492	-0.80699295	-0.79871297	-0.6934939	-0.8172483	0.7683917	0.67194	-0.77109826	0.7719737	0.7538765	-0.5957875	0.65675604	0.7827857	-0.74717665	0.6682228	0.7659056	-0.7587198	-0.7624326	0.79760015	0.68673104	0.69976455	-0.8172043	-0.7250217	0.6651713	0.63350743	-0.6870416	0.7340632	0.7744327	0.5685881	0.63105434	0.8094329	0.6226581	-0.7617704	-0.80324334	0.75955844	0.74550545	-0.71251124	0.8862789	-0.719293	0.7011191	0.8434644	-0.5925336	0.759888	-0.78589463
-0.46752462	-0.55885684	-0.5338343	0.51637435	-0.54654384	-0.57745695	0.49684235	0.42614394	0.51381207	0.5354005	-0.5481428	-0.5424638	-0.55077046	0.492255	-0.5870121	-0.584934	0.5337727	0.49015683	-0.5326175	-0.49739045	-0.5899164	-0.47855008	0.5249976	0.52817225	0.5568192	0.52824336	-0.5605776	-0.47001028	0.55159	0.5306368	-0.49652237	0.5482473	-0.54628986	-0.47983706	0.5049859	-0.53437126	-0.48754984	0.51832134	-0.45321178	0.4859585	0.58271515	-0.57658976	-0.59537894	-0.5072082	-0.511139	0.5179359	-0.5018954	-0.5685985	0.57198185	0.5318304	-0.46837917	-0.58644617	-0.46525916	-0.5218826	-0.5851147	-0.53642595	0.58957285	-0.52691364	-0.52492297	-0.44967198	-0.5015711	0.4851097	0.4428561	-0.5852433	0.5698191	0.5404022	-0.43672648	0.4731183	0.5456581	-0.526261	0.4883785	0.52598983	-0.5109455	-0.54321176	0.49575555	0.5481066	0.516187	-0.51904655	-0.5502307	0.50819445	0.5091052	-0.48390937	0.5520281	0.5425645	0.40550634	0.4920849	0.48431444	0.5369416	-0.5309685	-0.57337314	0.5048981	0.52399683	-0.49141935	0.53971654	-0.48326635	0.46262652	0.50868064	-0.48051408	0.53032696	-0.55788934
-0.5656786	-0.6018823	-0.5214202	0.60048693	-0.5467595	-0.5495226	0.5413625	0.4922259	0.5885804	0.52219677	-0.59218985	-0.6200771	-0.6089634	0.5655141	-0.63564754	-0.57690203	0.569664	0.5838181	-0.54790705	-0.6302975	-0.61610496	-0.52933663	0.55781925	0.5991614	0.6291557	0.5659994	-0.5574628	-0.57214195	0.6151862	0.6092642	-0.57073015	0.64542764	-0.59113747	-0.5250924	0.6033624	-0.5796071	-0.50686747	0.5777472	-0.5425232	0.52482426	0.5495274	-0.54963243	-0.5970081	-0.5768121	-0.55598074	0.6437538	-0.49513182	-0.581418	0.6119992	0.5802819	-0.51872957	-0.6097233	-0.5115031	-0.5863616	-0.5909576	-0.560774	0.58284676	-0.6014357	-0.6402998	-0.5394733	-0.60435903	0.53607255	0.5519302	-0.5821373	0.54306394	0.6219519	-0.5306241	0.5365436	0.60859776	-0.611978	0.5173786	0.56319684	-0.5496539	-0.6067938	0.584066	0.5939166	0.5555909	-0.52465594	-0.5504859	0.45765844	0.52360237	-0.5509817	0.5589057	0.58093715	0.5356275	0.5568746	0.59494334	0.54384875	-0.6151687	-0.62204504	0.6127215	0.5559002	-0.5453953	0.5566386	-0.5538378	0.55720645	0.5445636	-0.46016902	0.5711603	-0.5992881
-0.7657601	-0.74597156	-0.6896114	0.7020646	-0.6592095	-0.57011795	0.6399687	0.67586315	0.7731708	0.72679406	-0.68140256	-0.6673634	-0.71036273	0.73372513	-0.6671293	-0.6691378	0.7060868	0.7139461	-0.7365276	-0.68539226	-0.7562818	-0.6981877	0.71037775	0.72726786	0.66200584	0.7621466	-0.6874705	-0.69362056	0.6738684	0.6642943	-0.67458534	0.67315865	-0.70314294	-0.6662335	0.69459176	-0.6849369	-0.68852365	0.6839486	-0.7023353	0.7143326	0.63052005	-0.6561233	-0.6609051	-0.70239645	-0.74324703	0.68241745	-0.6531473	-0.7231503	0.707358	0.6289642	-0.709673	-0.76870364	-0.6732291	-0.76342195	-0.7275995	-0.66561514	0.6839661	-0.6146881	-0.69317454	-0.7141159	-0.75341624	0.68588763	0.6903138	-0.74057984	0.6861494	0.7079527	-0.7209542	0.7274606	0.69521934	-0.70241815	0.7032776	0.6886861	-0.6891594	-0.64889735	0.7317965	0.70417607	0.6688019	-0.76201224	-0.6517625	0.64665985	0.72022766	-0.7444254	0.74315053	0.7169961	0.6443859	0.72585976	0.6800391	0.75249785	-0.64813656	-0.6587565	0.74072355	0.6535644	-0.7566974	0.6121971	-0.7169426	0.73862076	0.71702635	-0.6794992	0.6853857	-0.6457239
-0.88341004	-0.90222	-0.8626099	0.8945319	-0.7932668	-0.7803593	0.83115745	0.7959173	0.86852485	0.8534019	-0.82955545	-0.91127956	-0.8189398	0.8710316	-0.8656663	-0.83555615	0.83229333	0.84448993	-0.88766676	-0.8215901	-0.9124048	-0.90525454	0.8697835	0.8588847	0.8613134	0.8382154	-0.91333365	-0.81317246	0.8400847	0.88837934	-0.90267104	0.8924614	-0.86607575	-0.7504816	0.9013202	-0.8711394	-0.7523029	0.90357715	-0.83160985	0.8604934	0.82421577	-0.9011169	-0.9230142	-0.8620012	-0.826829	0.84874225	-0.8214507	-0.83124894	0.7576836	0.8258601	-0.79356444	-0.95075554	-0.86905086	-0.8933214	-0.85534024	-0.83107305	0.8367651	-0.8691088	-0.8687711	-0.9202417	-0.90651697	0.7810432	0.77331173	-0.8762384	0.9156462	0.8921253	-0.8833501	0.90073586	0.8552105	-0.8694951	0.83412397	0.8507108	-0.9108488	-0.84801626	0.89681655	0.81042224	0.8368021	-0.8823205	-0.8548066	0.7591444	0.86682814	-0.77147764	0.9173095	0.8462572	0.72875905	0.878538	0.87710303	0.8828034	-0.8103199	-0.8247736	0.91111475	0.8060912	-0.9214475	0.7273622	-0.8192578	0.9034757	0.83179367	-0.7785851	0.824904	-0.9287784
-0.6248283	-0.7197734	-0.6818294	0.6725453	-0.73191154	-0.62219954	0.65696746	0.64232737	0.74476415	0.6753034	-0.6412064	-0.7093703	-0.7237772	0.61052847	-0.7071693	-0.76821744	0.7136096	0.64419395	-0.68276316	-0.6923306	-0.7214133	-0.6487558	0.7006237	0.71312916	0.6869607	0.6949884	-0.6880534	-0.6790778	0.71050286	0.71976805	-0.6647701	0.7579243	-0.7715104	-0.54923004	0.67976445	-0.7361065	-0.6096691	0.7073587	-0.6601344	0.6309893	0.657409	-0.6791583	-0.7194587	-0.722958	-0.62447983	0.7281617	-0.5945541	-0.67285967	0.6870443	0.688031	-0.693896	-0.7401084	-0.6576851	-0.6677387	-0.666724	-0.70553833	0.67837685	-0.70033115	-0.6655667	-0.6568911	-0.70175517	0.70515376	0.6598566	-0.72658956	0.6942016	0.73772	-0.6856578	0.6542653	0.6840522	-0.73388743	0.65920246	0.7496347	-0.7187037	-0.7103207	0.69776505	0.6189895	0.638891	-0.6885785	-0.5700791	0.5636212	0.7171476	-0.64270616	0.65338045	0.6499031	0.6733969	0.68139404	0.66057	0.7211005	-0.6511134	-0.6586444	0.73154324	0.6380619	-0.6926773	0.680109	-0.6712904	0.71625924	0.6719833	-0.5585641	0.6683797	-0.71409017
-0.8246546	-0.8657494	-0.8616442	0.8683762	-0.8672828	-0.8405068	0.8114404	0.79118323	0.8582801	0.8145917	-0.852517	-0.89619476	-0.85665613	0.7941828	-0.8778123	-0.9336333	0.8978932	0.79724485	-0.86398965	-0.9250837	-0.9071562	-0.8426798	0.90369385	0.92134506	0.8290711	0.85392797	-0.88601434	-0.8903698	0.8943656	0.86459404	-0.9105943	0.94737476	-0.89107776	-0.7040129	0.8392751	-0.8779415	-0.6909688	0.8895444	-0.8199418	0.82241714	0.9402487	-0.9143969	-0.8878728	-0.8309349	-0.8760718	0.8503519	-0.74068123	-0.85826814	0.9066062	0.90544486	-0.71361446	-0.8838921	-0.8004132	-0.8416965	-0.8775186	-0.88769907	0.9303145	-0.88924736	-0.8559518	-0.87922466	-0.91875905	0.81421125	0.7908848	-0.86662036	0.9111655	0.89851063	-0.84198064	0.85687274	0.8661453	-0.87651306	0.8282009	0.8503395	-0.8752698	-0.8168672	0.8816269	0.82970375	0.79815537	-0.94552773	-0.8039133	0.62645775	0.81177783	-0.7789962	0.8908256	0.84698075	0.6838646	0.84323823	0.91282165	0.82743824	-0.7994363	-0.8482943	0.8460872	0.84009665	-0.9183014	0.81577355	-0.85458857	0.87060523	0.9574033	-0.63942266	0.8850262	-0.896686
-0.5084755	-0.71416545	-0.6325459	0.7343224	-0.63666564	-0.6305224	0.68118167	0.56813985	0.63713855	0.731968	-0.75187486	-0.7452922	-0.739024	0.7247041	-0.72473633	-0.72619355	0.7298448	0.6340386	-0.751495	-0.70818585	-0.75791967	-0.7025019	0.7040189	0.73717505	0.6778666	0.63068223	-0.6611138	-0.72143316	0.74275064	0.7023955	-0.66221386	0.7631456	-0.76746947	-0.62180513	0.653321	-0.75552666	-0.5682058	0.6993282	-0.70730484	0.67676264	0.7248691	-0.6630722	-0.71608496	-0.7079357	-0.6852619	0.72553885	-0.64887214	-0.7496231	0.7867676	0.6385449	-0.5213736	-0.74841976	-0.6612414	-0.65966654	-0.7447391	-0.70231336	0.7029384	-0.78826255	-0.7498925	-0.62251884	-0.70875573	0.72278816	0.58688873	-0.72532743	0.65434486	0.6835621	-0.6245707	0.648203	0.7454968	-0.72435004	0.69686145	0.7167038	-0.759856	-0.7248651	0.6433984	0.69229347	0.72635853	-0.7694605	-0.67843443	0.6081715	0.5443215	-0.5719351	0.7268622	0.6183825	0.54952306	0.52358776	0.77246714	0.6071036	-0.67733574	-0.70804906	0.7200376	0.6231825	-0.64425266	0.72184944	-0.6589703	0.6128936	0.7459496	-0.5661114	0.7417341	-0.7752483
-0.40624577	-0.48860312	-0.44197398	0.43369222	-0.41730458	-0.47502932	0.4060967	0.42705753	0.46785754	0.4513368	-0.47414574	-0.3957026	-0.47074953	0.3764134	-0.44765338	-0.43785477	0.48456421	0.4653745	-0.44279858	-0.4563564	-0.39712805	-0.44211352	0.46415213	0.4254871	0.47124192	0.46448293	-0.3990984	-0.4388389	0.40518302	0.39217463	-0.45392665	0.46707675	-0.43685782	-0.36084765	0.4388687	-0.4647859	-0.42943332	0.43625918	-0.45694923	0.3905643	0.48161995	-0.4294299	-0.4075417	-0.45706618	-0.37537736	0.3905978	-0.4476576	-0.43249273	0.4780116	0.45690504	-0.39749554	-0.39451957	-0.39098758	-0.47841322	-0.3993645	-0.46361202	0.4012251	-0.46889484	-0.4467165	-0.42706168	-0.4547098	0.4083793	0.45093334	-0.44841933	0.46115297	0.3848393	-0.3871508	0.4479668	0.47641158	-0.4741122	0.39403754	0.44448456	-0.45162326	-0.42086452	0.4069677	0.4392731	0.41829023	-0.4199038	-0.44302014	0.35399094	0.38719615	-0.37297365	0.46757424	0.44406646	0.37831545	0.41075668	0.43174076	0.4276358	-0.43384242	-0.4683714	0.4527773	0.4733486	-0.42151985	0.42728984	-0.38328558	0.47072878	0.39552292	-0.32654706	0.39874715	-0.45293525
-0.59713227	-0.6369576	-0.64594686	0.68233204	-0.62066704	-0.59979045	0.6339167	0.6149211	0.69110364	0.66277087	-0.58011514	-0.62235713	-0.56753325	0.644908	-0.6323481	-0.6296273	0.64300543	0.64567214	-0.61009604	-0.6172349	-0.65759254	-0.6164054	0.66054606	0.66500455	0.60290945	0.6349917	-0.7002087	-0.63283044	0.65634704	0.64811254	-0.63473934	0.6622013	-0.64686674	-0.5940125	0.69459	-0.63633674	-0.61888313	0.65348655	-0.6069685	0.60947746	0.642595	-0.6409458	-0.64532095	-0.68145245	-0.6614476	0.6095179	-0.57394826	-0.59069896	0.6366726	0.6586172	-0.66310763	-0.62140536	-0.5915578	-0.6019719	-0.62478274	-0.611858	0.6649683	-0.6267018	-0.5770306	-0.69112873	-0.69239044	0.5913909	0.61623067	-0.6258971	0.6166875	0.63795596	-0.5921222	0.6592714	0.6107832	-0.6374076	0.64481074	0.68233806	-0.65576893	-0.6549349	0.61356	0.64162743	0.6366602	-0.6633491	-0.5801997	0.5404866	0.64675796	-0.6580745	0.65086156	0.6171707	0.57397044	0.60786605	0.6509382	0.6986463	-0.64468384	-0.58921254	0.60308796	0.6515193	-0.65879047	0.5831929	-0.6739503	0.64360464	0.65304846	-0.5950239	0.6642306	-0.5980876
-0.77142453	-0.82850504	-0.81853026	0.796422	-0.7809008	-0.6106069	0.8243733	0.8191259	0.8551486	0.75441796	-0.7131358	-0.7884039	-0.70676905	0.80441123	-0.70738417	-0.8000095	0.76451004	0.8142752	-0.80001104	-0.7997539	-0.80789226	-0.8115935	0.7279281	0.85023737	0.74404424	0.8157795	-0.8471258	-0.7686442	0.71624684	0.8250639	-0.7699053	0.8191258	-0.7584043	-0.82775015	0.81708556	-0.7383231	-0.74058187	0.7819409	-0.77269006	0.79357713	0.7796412	-0.7871662	-0.7823475	-0.7906632	-0.7840867	0.742587	-0.78812146	-0.7554962	0.7520357	0.7802723	-0.8259613	-0.8574276	-0.8374361	-0.856496	-0.82265157	-0.7338334	0.8409368	-0.692029	-0.7836377	-0.76519114	-0.7447591	0.8195977	0.8118863	-0.81653214	0.7636584	0.7671013	-0.7620345	0.80535245	0.76243734	-0.76366216	0.81522363	0.78532857	-0.8576136	-0.7994368	0.7737758	0.8154776	0.7603758	-0.83005893	-0.7399117	0.7342752	0.7674142	-0.80806464	0.8441656	0.7286995	0.8006394	0.829323	0.85566807	0.78866535	-0.745777	-0.71878636	0.8029052	0.78927416	-0.8580103	0.6667525	-0.80582637	0.76026314	0.74729186	-0.71467745	0.7961347	-0.81839156
-0.6650581	-0.72374815	-0.68754524	0.73921925	-0.72506016	-0.7199379	0.7339936	0.6392977	0.8195059	0.7456565	-0.76361275	-0.75276875	-0.75551695	0.72266877	-0.7070074	-0.7524764	0.70337	0.6617568	-0.6950795	-0.7310739	-0.7512962	-0.7563493	0.75778705	0.8086665	0.7520655	0.74620944	-0.76785415	-0.68313545	0.79910076	0.8199401	-0.760702	0.8496906	-0.7702124	-0.5553202	0.7189648	-0.77344775	-0.6132982	0.7684167	-0.71192217	0.6444963	0.74820733	-0.7344582	-0.7623675	-0.75102085	-0.7378278	0.69660276	-0.6204693	-0.7549461	0.7715504	0.7078617	-0.56050056	-0.8005681	-0.6870913	-0.7475655	-0.7522371	-0.7323069	0.71691054	-0.77941406	-0.77755433	-0.75875735	-0.7240516	0.6483781	0.65118563	-0.82089394	0.7804515	0.7715889	-0.71281016	0.66845423	0.80568236	-0.7924117	0.7317387	0.7495658	-0.7241174	-0.73470235	0.73638296	0.73512745	0.67566323	-0.8120875	-0.6724923	0.45782098	0.7596483	-0.6552273	0.74545026	0.73394585	0.61050236	0.75317043	0.79487145	0.7744412	-0.7334508	-0.7698639	0.71712565	0.657149	-0.76531947	0.6869131	-0.75525707	0.81036144	0.7892915	-0.51672554	0.74674064	-0.7793249
-0.76221806	-0.92824703	-0.83371955	0.87416923	-0.8615321	-0.9023809	0.7705234	0.7787939	0.86110467	0.9050326	-0.84482867	-0.8751183	-0.9594398	0.7629314	-0.8331906	-0.84204924	0.88650155	0.8009398	-0.8711162	-0.83192986	-0.85631496	-0.9117974	0.8302456	0.8401654	0.85471225	0.8253124	-0.8687485	-0.80194664	0.86670274	0.869744	-0.91911215	0.90317106	-0.86985505	-0.68599135	0.86374414	-0.8719247	-0.7022609	0.8395499	-0.7783541	0.78340507	0.8453087	-0.8563219	-0.8874633	-0.8263592	-0.7603811	0.91531676	-0.77140266	-0.8480822	0.89953965	0.8649319	-0.73165375	-0.89160967	-0.73975945	-0.87154275	-0.87991977	-0.86519027	0.83124155	-0.8944793	-0.8546006	-0.89218515	-0.8532587	0.8458166	0.7642318	-0.848043	0.83790684	0.8873368	-0.7490478	0.7842475	0.8754023	-0.8413778	0.8585408	0.80110073	-0.8633117	-0.8362615	0.8127619	0.74458575	0.7556695	-0.8905076	-0.7267585	0.6592443	0.8352984	-0.6775102	0.89532274	0.85907894	0.80578303	0.92065907	0.83879626	0.9170665	-0.8359847	-0.8446429	0.8066425	0.8716555	-0.80824184	0.8843116	-0.8700963	0.85902846	0.83757496	-0.6685191	0.82977563	-0.89520633
-0.6202705	-0.6907032	-0.6730491	0.68984944	-0.6538551	-0.61797464	0.6607	0.6448282	0.70812565	0.67076796	-0.64718455	-0.72681886	-0.63119906	0.60757715	-0.68254226	-0.7276852	0.703739	0.7063158	-0.6828055	-0.66185284	-0.6749311	-0.6586868	0.62043136	0.6982536	0.7103537	0.67621857	-0.68546605	-0.6253316	0.6905105	0.6364313	-0.6628459	0.6632367	-0.6732376	-0.6114968	0.65924233	-0.7043574	-0.60832745	0.6501023	-0.69107	0.6115882	0.6593762	-0.7096379	-0.6741762	-0.725841	-0.6663324	0.6401358	-0.5945631	-0.6822787	0.6405213	0.6584104	-0.56196994	-0.6913212	-0.64576226	-0.60821277	-0.7247867	-0.68151027	0.72550255	-0.6936973	-0.6687818	-0.6569235	-0.6243146	0.60979754	0.655404	-0.7004469	0.7200219	0.6963282	-0.69326013	0.6203716	0.68378586	-0.6517303	0.6191819	0.6323999	-0.67067295	-0.68198395	0.6331481	0.69284046	0.6215704	-0.68522894	-0.61808777	0.5191844	0.6810572	-0.60582036	0.7178621	0.6055055	0.52660716	0.72293985	0.72744244	0.72220457	-0.62084776	-0.71784645	0.6658074	0.67342186	-0.66750324	0.583004	-0.6525137	0.70394266	0.657206	-0.53194606	0.7204148	-0.6415863
-0.67350185	-0.6800799	-0.7350137	0.70346963	-0.63199884	-0.7615293	0.6887801	0.61947525	0.7069255	0.7317731	-0.73947066	-0.79063267	-0.6738935	0.71494126	-0.6769294	-0.7951328	0.69175184	0.6819858	-0.7255756	-0.7095254	-0.7848952	-0.7715812	0.6914813	0.7673986	0.7492944	0.7450049	-0.7061868	-0.6462861	0.6978734	0.72081494	-0.7442744	0.7283212	-0.75777507	-0.6463995	0.6918328	-0.7557268	-0.5660541	0.7444825	-0.70481926	0.63913774	0.70479363	-0.75757474	-0.8039063	-0.69295233	-0.73482037	0.6955109	-0.7135173	-0.7173966	0.6874103	0.7500559	-0.5557489	-0.7175468	-0.63227993	-0.7238021	-0.7130761	-0.68192154	0.71095407	-0.7888181	-0.7310471	-0.6726295	-0.7235837	0.71642256	0.61970174	-0.7500263	0.7496026	0.7418123	-0.6395635	0.69135535	0.7475078	-0.7522737	0.67393476	0.6945664	-0.7546661	-0.6801029	0.6969334	0.66703457	0.6978188	-0.69671714	-0.68481845	0.57149476	0.63547987	-0.6551303	0.7419512	0.6219385	0.5752093	0.6771231	0.7470106	0.6759435	-0.6773741	-0.7337666	0.66686845	0.7161976	-0.6860722	0.65454715	-0.6838905	0.6669034	0.70480704	-0.5670963	0.6874056	-0.7315754
-0.80075395	-0.7789159	-0.7141712	0.8313653	-0.7031005	-0.63996255	0.7270128	0.70351124	0.8403037	0.73644745	-0.6970006	-0.79601425	-0.7780763	0.7192504	-0.7538475	-0.77893144	0.7575291	0.79516745	-0.68631035	-0.77058953	-0.76823485	-0.77000666	0.7251032	0.72735614	0.7174138	0.7565752	-0.78181773	-0.760063	0.74319047	0.7965513	-0.81096375	0.76248515	-0.7873737	-0.6432212	0.7655154	-0.68534786	-0.675232	0.7617381	-0.74579674	0.7407547	0.7377754	-0.65258074	-0.6516804	-0.7696938	-0.7042676	0.6877213	-0.5754164	-0.69257456	0.7493576	0.6543946	-0.7833748	-0.71700346	-0.7283183	-0.73688656	-0.77255714	-0.7380375	0.7434914	-0.69649404	-0.6139344	-0.77253944	-0.7668583	0.7226093	0.7465001	-0.6638563	0.6642277	0.7422863	-0.73943627	0.7945833	0.7506498	-0.7329857	0.79460186	0.79363793	-0.73089945	-0.741533	0.7426613	0.6468537	0.6392326	-0.74475133	-0.60037637	0.6057993	0.78363025	-0.75185597	0.8268201	0.7962935	0.77997404	0.87983036	0.7881645	0.8379529	-0.649331	-0.6357329	0.77361625	0.7162524	-0.81253153	0.68783563	-0.7382198	0.7621788	0.73282284	-0.66854477	0.6979486	-0.7015878
-0.5936994	-0.5855614	-0.5067784	0.5343675	-0.5487546	-0.43284267	0.49837932	0.536805	0.5916332	0.5118095	-0.50205946	-0.50346464	-0.5722759	0.58209306	-0.54880875	-0.5547537	0.55119663	0.51837224	-0.49846518	-0.5731483	-0.55876225	-0.526909	0.51223797	0.5132941	0.52642006	0.54210746	-0.62550044	-0.57284564	0.5233657	0.5198749	-0.52213573	0.5225249	-0.51748854	-0.5168827	0.5293384	-0.540169	-0.48182163	0.57054275	-0.50875336	0.5416474	0.5226233	-0.5316612	-0.5732926	-0.587073	-0.5838489	0.5286732	-0.5021569	-0.5208092	0.49264413	0.5044786	-0.5185545	-0.5478163	-0.5484055	-0.5288962	-0.5962159	-0.5346373	0.5881693	-0.5726401	-0.50462794	-0.60219616	-0.5707558	0.5319963	0.47957098	-0.5432749	0.6022843	0.57307494	-0.6047799	0.60340875	0.51729095	-0.59886044	0.5887584	0.50525177	-0.6032157	-0.53081715	0.5834071	0.55272233	0.50622195	-0.5908334	-0.4906352	0.48002452	0.6124349	-0.5707979	0.6056127	0.5661805	0.57282215	0.54903424	0.57217175	0.53384	-0.51963884	-0.53271914	0.5041534	0.5147295	-0.57224697	0.5045388	-0.573303	0.60123456	0.5963338	-0.48259565	0.52390367	-0.5651658
-0.2893098	-0.3559864	-0.3560265	0.33828416	-0.350591	-0.31492847	0.357525	0.2814615	0.33020258	0.28035071	-0.25384986	-0.2970427	-0.34570512	0.2819407	-0.31136867	-0.33668438	0.3492657	0.3430948	-0.36654094	-0.29416308	-0.3009674	-0.3486992	0.34186393	0.33011544	0.37360802	0.31315547	-0.358424	-0.37940088	0.37464532	0.29352623	-0.38045895	0.33065575	-0.32398945	-0.26247916	0.32393444	-0.30329108	-0.2788531	0.38572517	-0.34504738	0.32942057	0.36149785	-0.3410361	-0.34832352	-0.37558874	-0.33212915	0.3110624	-0.30104277	-0.3266533	0.2965341	0.31884155	-0.36605448	-0.2973038	-0.30820048	-0.31672564	-0.3703288	-0.3268386	0.2963433	-0.32950777	-0.30851293	-0.33666992	-0.3470748	0.3641354	0.37558755	-0.29281014	0.34133583	0.33145756	-0.3679673	0.35232982	0.34009045	-0.30114034	0.32589963	0.37123635	-0.32545087	-0.28314665	0.2915757	0.3145943	0.27912626	-0.32370186	-0.22699049	0.29221946	0.37458155	-0.36040637	0.30323485	0.34904405	0.34257296	0.36889958	0.37356824	0.33428636	-0.3023014	-0.2563994	0.28435555	0.32618827	-0.34413108	0.29622892	-0.31342146	0.3069644	0.2978026	-0.30707955	0.3628132	-0.37958854
-0.53866094	-0.56850135	-0.55150175	0.60109663	-0.5855421	-0.61433524	0.59586287	0.5854463	0.57185817	0.6325293	-0.636317	-0.62517214	-0.57141465	0.5216483	-0.6267782	-0.6123433	0.57286984	0.5583907	-0.6020425	-0.6203586	-0.59153044	-0.6325033	0.60122925	0.59242094	0.6191617	0.6122062	-0.57132435	-0.6164012	0.59608614	0.6273636	-0.5962776	0.6401986	-0.6398637	-0.50864613	0.5672963	-0.5409863	-0.6081227	0.60015404	-0.61965895	0.61509895	0.634873	-0.5800623	-0.6162107	-0.5526879	-0.56956786	0.56104	-0.59697384	-0.57826465	0.55316013	0.55268335	-0.55610675	-0.61172837	-0.53935844	-0.5998506	-0.5794401	-0.6118134	0.60521275	-0.52509224	-0.59605	-0.5214678	-0.5714728	0.5664672	0.592674	-0.61590534	0.5317036	0.6555997	-0.5525417	0.5390982	0.65974325	-0.52580005	0.58820343	0.57983315	-0.5890755	-0.60977346	0.61282015	0.5646285	0.545131	-0.5887101	-0.578973	0.5081462	0.521638	-0.48121616	0.6224669	0.62534386	0.56404227	0.6229529	0.54376787	0.58306414	-0.6234114	-0.6158535	0.59777427	0.6257507	-0.58805996	0.4998791	-0.60125387	0.6338617	0.59400433	-0.55699575	0.6045496	-0.5658108
-0.9225907	-0.9336361	-0.9947878	0.89602697	-0.949676	-0.6634084	0.9077588	0.94372255	0.97916734	0.922339	-0.90746844	-0.91175765	-0.75587654	0.94717884	-0.8643325	-0.9039663	0.9365717	0.94739264	-0.8629924	-0.9298881	-0.97974664	-1.0000049	0.86825716	0.9481605	0.957727	0.9226478	-0.98902035	-0.9605194	0.77010536	0.906652	-0.9779761	0.9503353	-0.8830575	-0.85462356	0.97354656	-0.89884263	-0.9277427	0.9707387	-0.88141626	0.8829578	0.7763603	-0.88872576	-0.8665678	-1.0187443	-0.9800436	0.81937385	-0.8860997	-0.9523728	0.72451955	0.89488566	-0.9090003	-0.9512819	-0.9631013	-0.97697544	-0.9510124	-0.95774466	0.9761455	-0.86186844	-0.83871853	-0.96184	-0.88957554	0.92835426	0.932323	-0.9531076	0.9779768	0.91273284	-0.8944531	0.9623128	0.9176206	-0.9933801	0.9609144	0.93035835	-0.97177577	-0.91279495	0.93151104	0.9552713	0.9016488	-0.98486614	-0.94473374	0.8729611	0.92977685	-0.91234267	0.9061631	0.91377765	0.9309937	0.94283366	0.91682434	1.0074439	-0.9042394	-0.8889364	0.9807686	0.90597546	-1.002931	0.6913925	-0.96625084	1.0098212	0.9447745	-0.87078404	0.90933937	-0.95344466
-0.79285127	-0.8544977	-0.8282417	0.9376699	-0.87175804	-0.8622503	0.88037854	0.78497547	0.8854426	0.86276984	-0.8790716	-0.8999354	-0.9208707	0.87260956	-0.9236268	-0.93325853	0.89553255	0.80396396	-0.89802045	-0.89254785	-0.9606358	-0.83496416	0.87508404	0.85661656	0.90027535	0.86702955	-0.8159102	-0.86670035	0.9411065	0.86524796	-0.8506877	0.87297744	-0.9518929	-0.7886059	0.84142023	-0.9037141	-0.8202506	0.865073	-0.8594141	0.8241867	0.92045045	-0.87110883	-0.91228247	-0.8669356	-0.88070023	0.9093189	-0.79318494	-0.8185146	0.94316113	0.8688964	-0.80475605	-0.9281951	-0.87657106	-0.9110299	-0.8705857	-0.9285582	0.9414362	-0.9165226	-0.9474958	-0.85167104	-0.92207325	0.8413485	0.77230823	-0.89932287	0.8783513	0.86729854	-0.79354113	0.8135442	0.9699622	-0.88690037	0.8060599	0.93498755	-0.8702346	-0.9000191	0.9121627	0.89123493	0.8916087	-0.9268908	-0.90111965	0.7660111	0.8342201	-0.7723535	0.86284727	0.8711819	0.7957492	0.8720329	0.90634304	0.78883755	-0.87886304	-0.8801428	0.8828546	0.88631326	-0.8267427	0.93313724	-0.8754772	0.8401413	0.86969304	-0.7946329	0.8750822	-0.90615296
-0.61648214	-0.6220389	-0.5936054	0.5456399	-0.60052806	-0.51689255	0.5271408	0.59577984	0.6382923	0.5900172	-0.58188516	-0.6274736	-0.5836627	0.5456671	-0.52332723	-0.60870904	0.5790295	0.6361701	-0.5480105	-0.6116524	-0.5567575	-0.6250982	0.5542117	0.5961224	0.597655	0.5962512	-0.58067816	-0.63967496	0.5276211	0.56030995	-0.5828925	0.60411596	-0.5218524	-0.5338286	0.6576185	-0.5966827	-0.5103999	0.57462054	-0.6265193	0.53251255	0.54552007	-0.5532428	-0.59814715	-0.5865824	-0.57994074	0.5273841	-0.49838814	-0.5577517	0.5256079	0.5818622	-0.52626055	-0.56187975	-0.59878045	-0.6145142	-0.58172953	-0.5600921	0.5627624	-0.51877904	-0.5712724	-0.652804	-0.6216538	0.622981	0.573414	-0.5664728	0.62647885	0.61032057	-0.6308672	0.6089402	0.5829893	-0.6296184	0.58453476	0.57659394	-0.640345	-0.53505546	0.5747011	0.5406883	0.5666951	-0.6249805	-0.56285346	0.44877377	0.6395605	-0.57978845	0.6258097	0.53783625	0.54230803	0.5728204	0.56272817	0.6028063	-0.5255228	-0.55065435	0.58549124	0.6152373	-0.6454025	0.49561492	-0.6371092	0.6048762	0.55778146	-0.42391056	0.6109076	-0.53577924
-0.6310989	-0.666988	-0.61399114	0.6094512	-0.5807674	-0.4756317	0.6051314	0.5737081	0.6073586	0.6352788	-0.62466604	-0.6411812	-0.54733574	0.64126986	-0.60322845	-0.6640385	0.57925403	0.5923845	-0.6645219	-0.663064	-0.6146463	-0.59549606	0.57176036	0.6476204	0.5712028	0.63209164	-0.61914593	-0.67999893	0.5747038	0.6069991	-0.6556469	0.6311012	-0.6365435	-0.5231599	0.6869914	-0.54979974	-0.54728085	0.59360486	-0.5898453	0.65579504	0.631565	-0.64316547	-0.63312584	-0.6019437	-0.6386478	0.52710444	-0.6270038	-0.60163534	0.5648247	0.5512419	-0.56495315	-0.66301894	-0.65939206	-0.630249	-0.5892739	-0.6080348	0.6460458	-0.57522106	-0.5869749	-0.5981665	-0.67432374	0.6244951	0.60879326	-0.63204527	0.6618808	0.6102862	-0.6798923	0.5832729	0.5943141	-0.58557445	0.59693295	0.60898757	-0.60579926	-0.643162	0.63607043	0.6107129	0.5887176	-0.59346175	-0.6116177	0.5511249	0.68538237	-0.6180033	0.67710507	0.6383448	0.55178833	0.63621175	0.6408632	0.63901275	-0.566361	-0.6497486	0.6136405	0.5927204	-0.59747124	0.59508044	-0.6016957	0.6669729	0.5808739	-0.5149687	0.6284012	-0.605093
-0.67368776	-0.72891617	-0.77709967	0.7121683	-0.6342636	-0.6038648	0.6582376	0.66640913	0.7283931	0.6666472	-0.683901	-0.759154	-0.6460373	0.6802886	-0.67938036	-0.67803967	0.69176716	0.6935413	-0.6811435	-0.7289476	-0.7650675	-0.7628442	0.70279825	0.713901	0.6763924	0.7037659	-0.7192051	-0.7210785	0.6972747	0.6817328	-0.7338176	0.78211886	-0.74404657	-0.6072233	0.70040834	-0.72027534	-0.6227532	0.7325341	-0.65643173	0.71244013	0.71840024	-0.6592412	-0.74918485	-0.7791537	-0.7038274	0.62227607	-0.66640127	-0.7024243	0.6619297	0.65740114	-0.6156914	-0.78182846	-0.71737516	-0.7182862	-0.76169956	-0.6849278	0.7320749	-0.66813964	-0.6169416	-0.67506987	-0.7370357	0.6368275	0.6698115	-0.748168	0.68751556	0.7576449	-0.7476319	0.71614766	0.7259403	-0.69988745	0.7267431	0.66803956	-0.68355006	-0.66725355	0.7378315	0.66595656	0.71529335	-0.7662956	-0.69328606	0.661419	0.7104605	-0.73112655	0.75258934	0.69039065	0.68897176	0.77454185	0.67429405	0.6978342	-0.6191946	-0.7345928	0.6906376	0.66840184	-0.73293245	0.60820854	-0.7552731	0.6931642	0.7342774	-0.57037	0.7152047	-0.70887655
-0.5358023	-0.47902334	-0.5381451	0.5721224	-0.5025817	-0.5364568	0.5258157	0.54441595	0.49654594	0.5603625	-0.4841623	-0.5651945	-0.48527616	0.5571369	-0.53800565	-0.55144405	0.50935537	0.5104499	-0.57080364	-0.5114376	-0.49938917	-0.5374963	0.48688132	0.5302269	0.52723867	0.5644949	-0.47589257	-0.564847	0.524496	0.53335965	-0.5555938	0.54301775	-0.5309854	-0.5395957	0.48968822	-0.5063412	-0.5080703	0.48166615	-0.47670302	0.46978053	0.49749833	-0.50052214	-0.51486003	-0.52025306	-0.5151571	0.5187091	-0.5297197	-0.4922623	0.5715209	0.5540731	-0.5081879	-0.5118546	-0.46921927	-0.49728513	-0.5462597	-0.52849627	0.5698907	-0.51774037	-0.4778101	-0.5069089	-0.5548831	0.55194896	0.47982076	-0.53822637	0.5260196	0.5771351	-0.51970255	0.51002884	0.48204634	-0.4779553	0.48427445	0.5036949	-0.4969517	-0.5522974	0.49657875	0.5668608	0.54776764	-0.5390562	-0.5250064	0.5126295	0.4974924	-0.48814878	0.5147747	0.4800255	0.47297117	0.5543574	0.57483375	0.5183359	-0.5028848	-0.5639107	0.5242979	0.5288458	-0.49464887	0.48808476	-0.5538127	0.49116835	0.48130852	-0.52009773	0.56228524	-0.49257168
-0.76148957	-0.7404075	-0.81019366	0.7235476	-0.6760476	-0.60718364	0.7275164	0.7256465	0.8015824	0.7440923	-0.7447672	-0.7297567	-0.67385113	0.7229836	-0.7321213	-0.7253171	0.7678535	0.77182555	-0.71287316	-0.7806014	-0.826272	-0.79755175	0.6887281	0.82145184	0.72778094	0.71240145	-0.80885345	-0.8041915	0.65820193	0.8151695	-0.7634276	0.81490827	-0.7000746	-0.7437655	0.7472772	-0.8046718	-0.725244	0.70447546	-0.72402376	0.69879967	0.6601762	-0.8072558	-0.80000913	-0.77005166	-0.79823	0.7176186	-0.74483824	-0.79340535	0.6554784	0.7405077	-0.7225097	-0.7872771	-0.70900685	-0.7875222	-0.7831143	-0.74486053	0.76998013	-0.7150737	-0.73120147	-0.7232373	-0.77441585	0.73778135	0.7035197	-0.753212	0.84901977	0.73629254	-0.6753204	0.77105504	0.79586583	-0.7840391	0.74345833	0.7370222	-0.855386	-0.71395946	0.75033575	0.72415775	0.73288536	-0.8073066	-0.7411487	0.7035335	0.8033819	-0.73668987	0.7456385	0.7059064	0.7221285	0.7170545	0.74807626	0.8209345	-0.7074462	-0.7244937	0.8292882	0.80245733	-0.7711013	0.57533294	-0.72726375	0.7282033	0.7608015	-0.67328507	0.7719703	-0.77548945
-0.32424024	-0.41413522	-0.423726	0.35009035	-0.3557411	-0.36745733	0.3817082	0.38464093	0.39428842	0.36703974	-0.3500998	-0.3585725	-0.35681725	0.4202413	-0.40564993	-0.42227736	0.365365	0.33000496	-0.39742288	-0.365424	-0.39362743	-0.38047934	0.3312832	0.3842249	0.33975005	0.40635815	-0.42080495	-0.42243525	0.34486848	0.4075336	-0.36666566	0.4206253	-0.3731236	-0.38708824	0.36270246	-0.36105734	-0.37184617	0.39036644	-0.4224841	0.3305235	0.41187152	-0.34573773	-0.3302886	-0.35958585	-0.3777561	0.3608097	-0.34465444	-0.42443347	0.3854511	0.3901365	-0.39028496	-0.3795029	-0.3924204	-0.41796154	-0.4196588	-0.3930823	0.4212932	-0.359561	-0.33911443	-0.33535966	-0.41319764	0.4219413	0.357763	-0.3756256	0.4214144	0.3956475	-0.40380093	0.36382547	0.37893006	-0.4012372	0.40855	0.36558947	-0.3981026	-0.36744526	0.40773278	0.3474057	0.41267005	-0.41266352	-0.35803387	0.36010104	0.3590605	-0.3638547	0.3747333	0.39616254	0.31396496	0.35590956	0.37431142	0.42385525	-0.4125098	-0.3948997	0.37870878	0.372168	-0.38078275	0.33329183	-0.38303202	0.4150965	0.36442024	-0.29543802	0.35017702	-0.40236405
-0.5089875	-0.5631356	-0.5007553	0.49242392	-0.5049861	-0.46839714	0.53022516	0.56744343	0.5589188	0.56069297	-0.50152063	-0.55721176	-0.5642289	0.521143	-0.4871748	-0.5171415	0.501551	0.57079875	-0.49286836	-0.56771904	-0.49795055	-0.48203456	0.52104104	0.51510453	0.5115174	0.53329325	-0.490353	-0.49098918	0.54140574	0.52110565	-0.49294055	0.50210375	-0.5644308	-0.49724987	0.53353745	-0.50181234	-0.5373797	0.5212162	-0.5028474	0.5531616	0.4942626	-0.50934637	-0.539677	-0.562653	-0.5696253	0.515434	-0.53658736	-0.49948317	0.53490347	0.51495636	-0.5209523	-0.4823091	-0.5544915	-0.5043867	-0.5258469	-0.5536618	0.56652826	-0.5627126	-0.49303538	-0.52214676	-0.5569112	0.57025355	0.5425261	-0.54171795	0.48225394	0.5390153	-0.5397129	0.5644826	0.5795954	-0.52690536	0.50637656	0.5562692	-0.5609777	-0.5661747	0.5233182	0.53959894	0.5380172	-0.4854488	-0.48278192	0.5243808	0.55068415	-0.57411	0.56351954	0.50816315	0.49042472	0.52166766	0.52879757	0.50263226	-0.5179367	-0.5471782	0.4770521	0.50364876	-0.5770953	0.523306	-0.5430406	0.5085053	0.5575404	-0.5412623	0.50067836	-0.49763474
-0.7184439	-0.7810115	-0.818066	0.7972519	-0.7405646	-0.7345086	0.8044511	0.68029785	0.796774	0.76132256	-0.75781524	-0.7977635	-0.7976862	0.7392764	-0.7663367	-0.8491599	0.8269635	0.7404338	-0.8333065	-0.8205642	-0.87958616	-0.81069237	0.7426343	0.81845534	0.778932	0.7768059	-0.8001579	-0.7317414	0.7864706	0.8174529	-0.77479285	0.77906364	-0.8108333	-0.7120775	0.8071347	-0.777046	-0.64079374	0.7714721	-0.7861329	0.7638965	0.8152718	-0.7792588	-0.8553362	-0.8143326	-0.7737024	0.8050115	-0.6945068	-0.7563961	0.8243137	0.73777366	-0.64144784	-0.8868754	-0.75751376	-0.8114765	-0.78280926	-0.77222335	0.7906686	-0.797488	-0.74806273	-0.77745956	-0.80215347	0.67946935	0.71334803	-0.81935364	0.8034446	0.8426904	-0.7450623	0.71893924	0.81505835	-0.87881297	0.7082817	0.82355106	-0.8358612	-0.79303503	0.7508099	0.7860596	0.8118964	-0.86966777	-0.7655691	0.60776633	0.72522837	-0.6917543	0.8327708	0.6682287	0.6027205	0.7192236	0.8200699	0.7482781	-0.7884741	-0.79192543	0.7579893	0.74393606	-0.8365527	0.7443468	-0.77744037	0.7953201	0.8615435	-0.6133953	0.7662904	-0.8767136
-0.5852256	-0.71095943	-0.6161519	0.720665	-0.65452266	-0.6909701	0.60236436	0.5658606	0.67024726	0.6510224	-0.63365036	-0.6583255	-0.6361095	0.68964946	-0.67470527	-0.704793	0.6669542	0.6711917	-0.6992682	-0.6873921	-0.6953145	-0.62864953	0.63590604	0.6654527	0.7173639	0.6692567	-0.66753197	-0.6898329	0.6943076	0.6578294	-0.6674543	0.72119004	-0.70125556	-0.55215	0.64205694	-0.6605094	-0.57170475	0.6487824	-0.6103047	0.59877014	0.6480606	-0.6939352	-0.6998866	-0.62324995	-0.70111066	0.7177075	-0.5884892	-0.69730294	0.6956954	0.7207494	-0.58483773	-0.6825409	-0.6571423	-0.7055327	-0.6625028	-0.656732	0.7135906	-0.6819571	-0.72971374	-0.64785516	-0.66394204	0.6670004	0.6020907	-0.660833	0.63571125	0.6401478	-0.58493036	0.5799253	0.7288649	-0.6797053	0.68996656	0.7002177	-0.6921761	-0.6295853	0.69351393	0.62603205	0.69987607	-0.68956536	-0.61373407	0.5495821	0.562576	-0.60082394	0.69849503	0.6377514	0.538203	0.59330904	0.7083293	0.6605563	-0.6604474	-0.7029815	0.6827142	0.7046815	-0.64878964	0.65121216	-0.7003994	0.6110011	0.7237304	-0.58690727	0.6557994	-0.65485966
-0.67158633	-0.7054486	-0.7005838	0.73356164	-0.7083079	-0.63370234	0.70803374	0.6468093	0.6796657	0.7060864	-0.64475894	-0.732177	-0.5662354	0.71089107	-0.6571596	-0.66811997	0.73598266	0.6911885	-0.6598245	-0.65436137	-0.7540665	-0.74015576	0.69213444	0.75347966	0.6838296	0.6656346	-0.72469467	-0.68844324	0.6045076	0.7428432	-0.7395088	0.6930263	-0.67184407	-0.6691282	0.6804294	-0.6880495	-0.63053364	0.7525505	-0.6706066	0.6603467	0.687398	-0.7515053	-0.67496115	-0.7284261	-0.7376444	0.6249438	-0.6782336	-0.7104849	0.65042216	0.6565472	-0.68534666	-0.6983432	-0.7062014	-0.65536463	-0.76248395	-0.6411206	0.7495355	-0.6460885	-0.63276166	-0.70942926	-0.73654884	0.727558	0.7020408	-0.6973646	0.6946147	0.7477616	-0.6903384	0.70448613	0.7353197	-0.7385539	0.6698712	0.6790661	-0.76375985	-0.6562731	0.72362506	0.7116641	0.68765837	-0.73165447	-0.7026497	0.60244405	0.71324486	-0.6992067	0.6950002	0.6560181	0.6150518	0.7233602	0.6925235	0.7033173	-0.629938	-0.7423789	0.7083079	0.7184315	-0.68016857	0.49922085	-0.6604715	0.65999734	0.6902045	-0.651692	0.7250745	-0.69930005
-0.36411253	-0.36144403	-0.42567027	0.3781054	-0.36359274	-0.42563942	0.37923703	0.37242067	0.4082156	0.35733303	-0.35582092	-0.3651835	-0.38117832	0.3799251	-0.36254153	-0.38763022	0.39570796	0.38076785	-0.38327566	-0.39910358	-0.3689576	-0.38122827	0.39320672	0.38225463	0.35598066	0.43272182	-0.4158932	-0.40145257	0.4423032	0.40169686	-0.3855106	0.3875847	-0.4441469	-0.33134556	0.39948606	-0.44093505	-0.32249403	0.34826738	-0.40679425	0.41845	0.4354054	-0.39834216	-0.40837562	-0.3759222	-0.35028797	0.40225074	-0.3860466	-0.34372512	0.43469912	0.4224377	-0.36519435	-0.43841344	-0.3279347	-0.36107057	-0.38288242	-0.35731503	0.37754726	-0.43448338	-0.41725537	-0.40613824	-0.38016382	0.41531932	0.34057164	-0.37727407	0.44300008	0.3883534	-0.3822982	0.38127023	0.4183435	-0.410015	0.36730075	0.42691717	-0.43522027	-0.3495136	0.3866055	0.3298572	0.42563185	-0.42166126	-0.3295432	0.29801673	0.39936545	-0.3245698	0.35803494	0.4061566	0.28589496	0.3566051	0.42012343	0.39361885	-0.38003904	-0.35872874	0.3976564	0.41799283	-0.41283944	0.38423035	-0.38135898	0.34381256	0.37047693	-0.3075138	0.34482005	-0.40165877
-0.2112993	-0.13249707	-0.1592981	0.12944157	-0.18604845	-0.13786513	0.15819901	0.13357918	0.1259183	0.13237616	-0.1409418	-0.12605812	-0.1571398	0.19598971	-0.14424364	-0.13647887	0.14086834	0.1326131	-0.10556711	-0.1596823	-0.19500938	-0.14362082	0.1688942	0.17128536	0.18093741	0.18011287	-0.16781545	-0.12956972	0.10539349	0.18108661	-0.11685016	0.1875666	-0.10523145	-0.18747944	0.112517074	-0.10472794	-0.13927154	0.10888198	-0.20473936	0.19561426	0.16034387	-0.14837429	-0.15742104	-0.20067765	-0.17425403	0.108014226	-0.1742612	-0.18478636	0.115355484	0.08997664	-0.20832506	-0.16863246	-0.16406971	-0.19330524	-0.14797644	-0.12546562	0.16662373	-0.15852407	-0.0883776	-0.17324722	-0.19979064	0.12876211	0.1786161	-0.18223833	0.14917962	0.20567673	-0.11596613	0.118022025	0.12454386	-0.14903632	0.16521427	0.15856498	-0.18094607	-0.105159715	0.11834105	0.14720717	0.15709035	-0.10870752	-0.15010197	0.16891724	0.1833018	-0.1482748	0.16934216	0.19596432	0.17390963	0.15901504	0.19098702	0.17020884	-0.18718137	-0.15891899	0.19604649	0.18790673	-0.16982216	0.09051257	-0.1442792	0.16038415	0.12321817	-0.1825676	0.13451494	-0.1792628
-0.3874206	-0.36024758	-0.37481368	0.4395622	-0.40919572	-0.39799124	0.3943143	0.3998929	0.42191705	0.3450918	-0.3416898	-0.3411215	-0.35321018	0.37948543	-0.42514405	-0.35148856	0.39882994	0.36458632	-0.37315464	-0.35553887	-0.39472693	-0.354814	0.36743414	0.3899172	0.413459	0.36521167	-0.4225446	-0.40461287	0.40910068	0.4170137	-0.39934167	0.4246195	-0.3937071	-0.4000045	0.37650415	-0.39452794	-0.3774891	0.38480574	-0.4189823	0.33505177	0.35753813	-0.408988	-0.38376096	-0.35613513	-0.37726775	0.35209036	-0.38019997	-0.40123257	0.38690326	0.39880958	-0.38502702	-0.40387693	-0.3366916	-0.42760375	-0.4225758	-0.4021101	0.3746323	-0.36167833	-0.40328246	-0.4181548	-0.4052303	0.33501393	0.40789336	-0.4069605	0.4295876	0.36526495	-0.36360046	0.4040167	0.3733748	-0.3641066	0.3431657	0.3751853	-0.3490954	-0.36377358	0.3183011	0.37929037	0.36796516	-0.3548337	-0.38235822	0.2893791	0.34201992	-0.36411926	0.3802377	0.3545751	0.30407554	0.43714446	0.37023038	0.38763168	-0.39178073	-0.41945952	0.38709503	0.42778808	-0.42123324	0.4391707	-0.42382097	0.417746	0.41422832	-0.3681272	0.36964697	-0.34327644
-0.8437659	-0.7913672	-0.75973475	0.7962624	-0.7976768	-0.6703717	0.68046576	0.79696524	0.78832173	0.8093336	-0.7479437	-0.8308499	-0.7693441	0.76475585	-0.7756021	-0.76716936	0.70824397	0.8320994	-0.7495378	-0.7658969	-0.73982286	-0.76859593	0.7125208	0.79393524	0.73415184	0.76463306	-0.8691453	-0.81615907	0.7230907	0.82820994	-0.83038515	0.8096864	-0.7375899	-0.6936772	0.7469421	-0.6938717	-0.6611386	0.8342956	-0.7817159	0.7246947	0.7136152	-0.7174371	-0.6925552	-0.82406414	-0.7662634	0.76185817	-0.68552274	-0.7958783	0.71988964	0.69586575	-0.7457987	-0.76267713	-0.71691793	-0.72328144	-0.7848209	-0.7600239	0.79195666	-0.71855193	-0.6383818	-0.78769815	-0.79910016	0.7722858	0.75480396	-0.7238598	0.7354599	0.802329	-0.8033926	0.7649757	0.71095854	-0.7370823	0.78015167	0.8269698	-0.75294626	-0.73784685	0.7823682	0.77679396	0.68360394	-0.8343665	-0.67841977	0.6523435	0.77060294	-0.7446326	0.8233586	0.76434106	0.7409171	0.8741318	0.7794968	0.8455624	-0.7032965	-0.75581247	0.80843306	0.75733423	-0.7775355	0.818244	-0.7970895	0.8236119	0.79817444	-0.6983981	0.78269815	-0.8174607
-0.4872555	-0.60862637	-0.5471735	0.529293	-0.55066127	-0.52759504	0.4633159	0.5218916	0.60544765	0.53155845	-0.5090332	-0.5489994	-0.58237314	0.5659144	-0.5695516	-0.630081	0.5659991	0.59719855	-0.57386756	-0.60890436	-0.60229486	-0.58589333	0.58634007	0.59577626	0.53717494	0.5861343	-0.5690422	-0.51361954	0.5270727	0.5716744	-0.5336263	0.5575669	-0.5474658	-0.5431529	0.6444363	-0.50652164	-0.47465548	0.5324699	-0.57387644	0.56245685	0.5548824	-0.51328963	-0.59164536	-0.56364936	-0.5929842	0.5360341	-0.4908101	-0.5106264	0.57804847	0.59345347	-0.5011721	-0.61746705	-0.580416	-0.5103851	-0.5796786	-0.6008176	0.6284684	-0.58678615	-0.5423871	-0.5856875	-0.57570624	0.5434716	0.49819207	-0.5564703	0.5432669	0.62347674	-0.5832218	0.51683664	0.59613454	-0.56669706	0.5111241	0.59361553	-0.59495807	-0.561888	0.5720385	0.5273841	0.5929879	-0.58612275	-0.5014372	0.4615847	0.59447414	-0.55826867	0.5974258	0.5194866	0.5241779	0.5773341	0.5704213	0.55647093	-0.5175862	-0.54410183	0.60580033	0.5146784	-0.5546518	0.49533024	-0.58820343	0.6136197	0.601386	-0.48160365	0.5386538	-0.5359351
-0.92459935	-0.90255666	-0.89173293	0.9386191	-0.8791949	-0.89756095	0.81430393	0.8333532	1.0052266	0.8670067	-0.871775	-0.9497268	-0.9738247	0.82316035	-0.87879336	-0.9184694	0.9525172	0.9245	-0.8611376	-0.9066231	-0.97203404	-0.8900024	0.86664957	0.9040619	0.8430867	0.94845897	-0.99715203	-0.89776343	0.99226683	0.905653	-0.86980224	0.91470873	-0.8936495	-0.7599372	0.96487474	-0.9513817	-0.6751683	0.8939482	-0.8151124	0.7940852	0.98662513	-0.82239574	-0.8925848	-0.8871934	-0.8737777	0.9067322	-0.76115173	-0.8767868	0.91008466	0.8856658	-0.8142024	-0.89948016	-0.8888962	-0.97785884	-0.90948224	-0.94781846	0.87145966	-0.9129897	-0.8913512	-0.9351137	-0.92500925	0.8498518	0.8320227	-0.9664714	0.90889055	0.97006893	-0.8558109	0.9215619	0.9022058	-0.9114889	0.84049666	0.93949836	-0.9225472	-0.877449	0.88563466	0.8641591	0.8074443	-0.93992937	-0.7596418	0.63870734	0.93445575	-0.7515354	0.95741767	0.91615343	0.7773879	1.0113729	0.93610686	0.9172901	-0.85741055	-0.8334151	0.9329758	0.87649536	-0.93545985	0.9891424	-0.9244043	0.95958906	0.900337	-0.64253134	0.93769425	-0.9011294
-0.7407336	-0.7326672	-0.74014515	0.75791866	-0.6603557	-0.55093503	0.6742869	0.63822436	0.74394983	0.6612528	-0.66543496	-0.70349467	-0.61967033	0.691063	-0.64656156	-0.7399726	0.6576931	0.6950474	-0.67028224	-0.6523057	-0.6592318	-0.7459399	0.6830944	0.76113015	0.6471328	0.755349	-0.7626936	-0.68490934	0.64107674	0.71445274	-0.7162886	0.7205534	-0.69201386	-0.6093784	0.7742539	-0.6977162	-0.6431988	0.6968137	-0.7052395	0.70519274	0.71020144	-0.66352403	-0.6372975	-0.7264667	-0.73228234	0.7017757	-0.6352336	-0.72118336	0.6693611	0.6900585	-0.69427997	-0.688793	-0.6904734	-0.7270477	-0.6450595	-0.6741716	0.6675578	-0.6859745	-0.6377416	-0.6939367	-0.7387125	0.68252087	0.7127521	-0.65521294	0.72777945	0.74028856	-0.6984314	0.7577082	0.71754384	-0.6939209	0.6723853	0.7434103	-0.7053503	-0.6795844	0.6655108	0.68750125	0.695205	-0.6799541	-0.61749285	0.64878505	0.7457327	-0.6474563	0.6852148	0.7136683	0.646973	0.7277636	0.69087684	0.6893769	-0.6053132	-0.7021041	0.71229845	0.7172306	-0.67883694	0.65076685	-0.717105	0.7641326	0.6914943	-0.55727595	0.68215275	-0.6583065
-0.4618406	-0.47958726	-0.43339616	0.49714187	-0.43242297	-0.38874093	0.43969026	0.4586176	0.43470538	0.48497596	-0.49081582	-0.43992284	-0.48865393	0.47284296	-0.48347542	-0.48498186	0.43086082	0.42063808	-0.41643596	-0.45825908	-0.49621382	-0.4306046	0.46345147	0.4917572	0.47694823	0.40344945	-0.48026407	-0.457302	0.44904986	0.4353209	-0.39426178	0.47583044	-0.514971	-0.40700167	0.4294763	-0.49647287	-0.37191927	0.45825973	-0.46528122	0.47024986	0.3990109	-0.53294206	-0.48308387	-0.49199837	-0.458291	0.46049657	-0.43831044	-0.4378228	0.45132637	0.48186743	-0.42617893	-0.4504039	-0.39365318	-0.47673732	-0.4663086	-0.46768314	0.47287017	-0.43322736	-0.4766399	-0.51819205	-0.4455357	0.40945086	0.45583948	-0.4265458	0.48890254	0.43535727	-0.42666256	0.47028482	0.48744208	-0.4865065	0.47677943	0.4431248	-0.43526724	-0.44336924	0.4245708	0.4228819	0.49032453	-0.4427612	-0.4389206	0.33493847	0.4213318	-0.45256335	0.41176534	0.41176045	0.35269123	0.44975796	0.45104292	0.47125012	-0.46116838	-0.47532207	0.49935892	0.4496066	-0.4562743	0.46593842	-0.44408125	0.44874185	0.49382326	-0.3411431	0.48213124	-0.4833167
-0.6527666	-0.6732504	-0.712006	0.7210728	-0.65483105	-0.6646219	0.7122763	0.6201781	0.7284934	0.7099527	-0.7238149	-0.76085496	-0.7012542	0.63846177	-0.7354588	-0.72499603	0.6919074	0.7333043	-0.7574662	-0.7496076	-0.68480545	-0.73688066	0.67896974	0.75895476	0.70384276	0.66484094	-0.72623616	-0.7281932	0.7134371	0.6802914	-0.69346005	0.75698704	-0.7243703	-0.5961616	0.7556675	-0.75593734	-0.5647264	0.6950392	-0.7196835	0.67350626	0.76387006	-0.73917013	-0.71799386	-0.6951405	-0.6823452	0.68078965	-0.6652027	-0.68491256	0.7121578	0.6605535	-0.615948	-0.7563643	-0.6960703	-0.75229913	-0.6935463	-0.752496	0.7202421	-0.67603135	-0.7210092	-0.6908179	-0.7162989	0.6455367	0.6552386	-0.7001023	0.7284658	0.6733317	-0.6996814	0.66548866	0.67274344	-0.7305238	0.6585394	0.71944064	-0.66664475	-0.7063628	0.70766616	0.7276205	0.6923768	-0.70494014	-0.64310247	0.5591512	0.7383102	-0.67140466	0.7124358	0.68170834	0.59520316	0.6722495	0.6966553	0.682685	-0.6890678	-0.65828925	0.66301966	0.7428429	-0.71325535	0.7002933	-0.65984267	0.66427433	0.7386103	-0.5099413	0.66512835	-0.69811636
-0.53234273	-0.6799108	-0.5865826	0.58207107	-0.5715142	-0.6102126	0.65291035	0.51945657	0.619661	0.59311575	-0.5930461	-0.59974426	-0.62777555	0.62802815	-0.6572728	-0.6063577	0.66821766	0.6127941	-0.65827847	-0.5830028	-0.6107717	-0.6653011	0.60455453	0.65180933	0.67629606	0.6175362	-0.5825691	-0.59073895	0.6155282	0.68654317	-0.63172185	0.6269268	-0.6085769	-0.5769576	0.60923237	-0.6613917	-0.61048186	0.5845062	-0.6094332	0.62151426	0.66213316	-0.61864674	-0.64529395	-0.61133397	-0.5906261	0.5992051	-0.5795808	-0.57144547	0.65585786	0.59015864	-0.5438659	-0.67650396	-0.6225701	-0.62015784	-0.63603354	-0.67648	0.65277827	-0.63996005	-0.599158	-0.6118101	-0.6378289	0.6023053	0.57680625	-0.6500683	0.6874244	0.63152397	-0.55943173	0.58542246	0.62080634	-0.6276148	0.5720425	0.6653386	-0.6816748	-0.6504908	0.64152807	0.62180287	0.6354397	-0.61848825	-0.6512303	0.5851768	0.5467545	-0.5790522	0.65585655	0.6142448	0.50143003	0.48488602	0.6402883	0.5320738	-0.6499529	-0.58715564	0.6364895	0.6284788	-0.58694845	0.7045798	-0.57527345	0.60852885	0.6543958	-0.5272861	0.65444255	-0.6866954
-0.64046866	-0.90744436	-0.8412594	0.91376764	-0.85164654	-0.8976608	0.7567521	0.7345707	0.9548183	0.9065108	-0.8660633	-0.9110309	-0.9607525	0.78507257	-0.8963259	-0.97458583	0.9103782	0.821691	-0.96121067	-0.8649624	-0.9373786	-0.86016667	0.9488974	0.8732155	0.9332182	0.7964548	-0.9333189	-0.8504077	1.0009623	0.98795015	-0.8491381	0.95709413	-0.94157255	-0.6844273	0.8672292	-0.9888931	-0.680797	0.8642519	-0.77484936	0.7161397	1.0032047	-0.9278521	-0.93281853	-0.8779159	-0.79913205	0.95452255	-0.7533569	-0.83322024	0.9971681	0.8863754	-0.6426008	-0.88962317	-0.7355278	-0.8584997	-0.98880464	-0.97952604	0.8623388	-1.0065856	-0.9066247	-0.77200234	-0.9140371	0.78829026	0.7492506	-1.0077206	0.8490052	0.94116884	-0.7560279	0.7135269	0.967653	-0.9517449	0.813587	0.9419377	-0.8769289	-0.8947226	0.8443086	0.75761217	0.8378598	-0.8962427	-0.7814915	0.61806786	0.7369669	-0.6343572	0.8826713	0.8714149	0.6095961	0.8329682	0.8571534	0.745089	-0.88081634	-0.8691445	0.8829746	0.8486043	-0.9099058	0.98274857	-0.82836115	0.8771212	0.9601053	-0.59733415	0.8179065	-0.9812756
-0.5197154	-0.9710766	-0.8632847	0.927472	-0.87051165	-1.0595504	0.909753	0.7210139	0.8614061	1.0423676	-1.0193937	-1.0212735	-1.0736554	0.8409804	-1.059392	-1.1140629	1.0072433	0.7616028	-1.0454568	-0.94079757	-1.0616084	-0.86276406	1.0602373	0.97600824	0.9733784	0.78333837	-0.8481589	-0.8993393	1.1287305	1.0208057	-0.81991756	1.0195305	-1.0012896	-0.70780516	0.93513334	-1.0226605	-0.7259599	0.7370125	-0.8033834	0.7663107	1.0744594	-1.030284	-1.03988	-0.93003327	-0.9733378	1.0178138	-0.9165211	-0.90372384	1.0622473	1.001259	-0.54880637	-1.0517119	-0.82303756	-0.98081744	-1.0141033	-1.0479676	1.0009567	-1.1050262	-1.0637478	-0.70979244	-0.97913074	0.8772212	0.70598304	-1.0623369	1.052581	1.0306805	-0.5695681	0.6201658	1.0122943	-1.0355448	0.827568	0.99194545	-0.99929017	-0.98745507	0.9667168	0.93620515	1.0293597	-1.0163022	-1.0093082	0.8082056	0.6581128	-0.5850267	0.86390823	0.7716095	0.46260014	0.6265843	0.90299153	0.7233513	-1.0411005	-0.9955404	0.94685495	0.98550713	-0.8894443	1.0151409	-0.9961596	0.7596284	1.0613922	-0.73270655	0.8754697	-1.0852225
-0.62489915	-0.6759062	-0.65762967	0.7455986	-0.6799574	-0.6877781	0.66911644	0.52999437	0.6428781	0.70382863	-0.6646802	-0.680733	-0.73727816	0.5957684	-0.67237157	-0.73298585	0.6921724	0.5868142	-0.6671097	-0.6984834	-0.71193546	-0.71199185	0.72197485	0.6609009	0.70084864	0.66375995	-0.67049295	-0.64705515	0.7396984	0.68108517	-0.6180689	0.6962573	-0.7180396	-0.564023	0.6391466	-0.6581689	-0.54278445	0.63343394	-0.6511423	0.6674591	0.71431416	-0.6812329	-0.7164844	-0.68328524	-0.69868517	0.6850024	-0.63165045	-0.6153206	0.73434836	0.70582753	-0.4877193	-0.6756837	-0.63943565	-0.6344015	-0.71319604	-0.7475062	0.6915513	-0.6652857	-0.7040924	-0.69262797	-0.69432974	0.6316781	0.6397971	-0.6729741	0.6980736	0.72625524	-0.59032506	0.6033175	0.71066356	-0.7109748	0.64496887	0.66892755	-0.72700363	-0.691021	0.62211883	0.6361111	0.651259	-0.72471416	-0.65953463	0.5462479	0.68060404	-0.6063341	0.6915489	0.62607515	0.51881826	0.6305628	0.70759845	0.632779	-0.6996611	-0.65577245	0.6725862	0.6147233	-0.6516983	0.60682416	-0.63933176	0.6829245	0.7108359	-0.5048449	0.6892357	-0.756608
-0.6565208	-0.73612565	-0.72891855	0.79859114	-0.70941335	-0.81599265	0.7535785	0.66179234	0.6957605	0.80980355	-0.7968442	-0.80787003	-0.7458973	0.73131406	-0.8232954	-0.79758877	0.79327035	0.69795614	-0.79632425	-0.73179233	-0.8342194	-0.72497714	0.7414841	0.7332429	0.8323896	0.65064996	-0.67602414	-0.71331954	0.8423649	0.7212897	-0.7328366	0.77645147	-0.81500614	-0.69643337	0.7604257	-0.83248967	-0.7164746	0.76333237	-0.7012274	0.6959106	0.7883925	-0.7963095	-0.8261889	-0.73935133	-0.78810036	0.81947744	-0.71002924	-0.7557688	0.76274025	0.7969787	-0.6141468	-0.749248	-0.70029444	-0.78868663	-0.74163747	-0.7462214	0.7562383	-0.74342	-0.80395156	-0.73113924	-0.72729236	0.704943	0.69080436	-0.7974104	0.719101	0.826691	-0.66700304	0.6544978	0.81082314	-0.8067206	0.66292936	0.79703104	-0.79500103	-0.75906473	0.744276	0.7267194	0.7619159	-0.75115144	-0.719183	0.66998124	0.67446977	-0.5989126	0.7157076	0.68030673	0.6263095	0.6717564	0.69753516	0.6707287	-0.8004919	-0.78890765	0.76928264	0.7822366	-0.74364984	0.78303754	-0.8020062	0.72611845	0.73483	-0.62000734	0.74532497	-0.7580961
-0.47341138	-0.6002953	-0.6301655	0.6081331	-0.5387025	-0.7247559	0.5999085	0.58529204	0.5437475	0.5843386	-0.6238312	-0.6256611	-0.6503597	0.57220477	-0.6313802	-0.6108747	0.6494872	0.5546285	-0.6190582	-0.55813086	-0.68579376	-0.6380124	0.57924443	0.6793891	0.602479	0.61582863	-0.586249	-0.61007506	0.71469903	0.5810922	-0.54535425	0.5988105	-0.66835994	-0.5441192	0.5804521	-0.6096694	-0.5676901	0.52617687	-0.576108	0.53356075	0.6400559	-0.61401767	-0.59736514	-0.61007744	-0.61902523	0.64067113	-0.58038497	-0.61582834	0.6070168	0.6154394	-0.44750673	-0.6790677	-0.5469507	-0.66621995	-0.6767116	-0.65437996	0.6409477	-0.7407124	-0.6841932	-0.5850745	-0.62029886	0.5840689	0.60139596	-0.6757429	0.73047036	0.6892055	-0.52413213	0.5491052	0.69791865	-0.6301025	0.58479315	0.6448964	-0.6522014	-0.610258	0.6565702	0.57923603	0.6273763	-0.6632981	-0.63809454	0.5220998	0.52318853	-0.5139338	0.5866143	0.5488864	0.49050558	0.535195	0.6124997	0.5447656	-0.61478114	-0.6408561	0.65377486	0.58452576	-0.59004134	0.68551075	-0.56093484	0.54556453	0.58373475	-0.5630936	0.6052947	-0.65653735
-0.71655816	-0.81903476	-0.7742125	0.8667386	-0.7077698	-0.74667907	0.7467462	0.70196134	0.8140138	0.79288405	-0.8132635	-0.8653812	-0.8327258	0.73723596	-0.8178562	-0.86398554	0.80417246	0.71719307	-0.7986139	-0.79355884	-0.8530993	-0.87396044	0.75923294	0.8276407	0.75475085	0.7830537	-0.83999765	-0.786312	0.79366225	0.86331415	-0.7443197	0.8027922	-0.79302627	-0.68919045	0.85666245	-0.81388354	-0.68927425	0.758274	-0.7348582	0.7294896	0.84977055	-0.82836086	-0.7935317	-0.84458673	-0.77426124	0.7697143	-0.7716773	-0.84687626	0.83144385	0.77482814	-0.64604545	-0.8712688	-0.70016223	-0.83634	-0.77189595	-0.88203967	0.8522362	-0.82278794	-0.7952174	-0.7571549	-0.77540404	0.76415753	0.67022043	-0.7890461	0.8251522	0.8387488	-0.7505944	0.7380424	0.861818	-0.85236263	0.7451688	0.84294534	-0.8574178	-0.83221817	0.7846316	0.79474014	0.80782104	-0.88287354	-0.69543296	0.5930334	0.74200034	-0.66013896	0.82600176	0.75171214	0.6194711	0.8134407	0.7804563	0.75855684	-0.7037951	-0.7397489	0.80369407	0.7495146	-0.7856574	0.81029105	-0.80638033	0.7740058	0.8869737	-0.54742765	0.7794654	-0.80724543
-0.8758357	-0.74841225	-0.8226909	0.7809094	-0.7136232	-0.51734895	0.72050416	0.76995903	0.8027669	0.7525396	-0.69536364	-0.8026286	-0.64240503	0.7580386	-0.680678	-0.7764993	0.72745025	0.76340556	-0.79957783	-0.73473316	-0.85080755	-0.83493143	0.778127	0.8762708	0.74029046	0.77006406	-0.8410664	-0.79126626	0.6504276	0.7674121	-0.8447348	0.7515182	-0.7597372	-0.75950754	0.87134993	-0.7519248	-0.7260837	0.8137724	-0.8367621	0.7387839	0.7357271	-0.73957217	-0.7315184	-0.8900422	-0.74137145	0.6556284	-0.69733095	-0.85708064	0.62429297	0.6727497	-0.79823226	-0.7801856	-0.79417264	-0.869341	-0.7625896	-0.68421036	0.7499055	-0.68775874	-0.6969988	-0.89338326	-0.84864205	0.7972608	0.7372299	-0.76004606	0.81460345	0.76601875	-0.809872	0.810464	0.7618486	-0.8333484	0.8002076	0.79447025	-0.8415847	-0.69631904	0.8671017	0.8338836	0.74618983	-0.789192	-0.7781048	0.6830472	0.8306509	-0.8189717	0.7920355	0.753894	0.8281281	0.85339457	0.81107074	0.7932028	-0.8115071	-0.7999302	0.77875507	0.7412285	-0.82637686	0.552438	-0.7951986	0.86128044	0.79018104	-0.7724961	0.7977059	-0.75427467
-0.65889645	-0.6906968	-0.6575056	0.67870337	-0.67975783	-0.6345168	0.6623954	0.6223789	0.6897204	0.5767981	-0.7013227	-0.7341422	-0.70184493	0.6730192	-0.7208363	-0.6663322	0.6339543	0.67234504	-0.6416774	-0.6595995	-0.68534064	-0.67328155	0.6399903	0.6697479	0.6110798	0.68979406	-0.72719693	-0.625369	0.74006253	0.6854255	-0.63750863	0.68455327	-0.6764043	-0.5663323	0.72909755	-0.6740342	-0.5188748	0.65790385	-0.63265616	0.61056423	0.72781265	-0.66216534	-0.6678508	-0.715189	-0.676578	0.58787996	-0.5188895	-0.6428006	0.6586109	0.6714711	-0.5676737	-0.69630706	-0.61297846	-0.7120375	-0.68087286	-0.68338513	0.7140246	-0.6686975	-0.5985808	-0.72245616	-0.6548042	0.66358197	0.5660937	-0.6773485	0.71790487	0.6767184	-0.6020951	0.6441239	0.68146455	-0.7186755	0.6646965	0.6704309	-0.63802177	-0.61313987	0.64963925	0.59921676	0.5765352	-0.6448567	-0.6338373	0.48781037	0.6738594	-0.6370635	0.7176312	0.6164982	0.56370986	0.7345788	0.661783	0.6854028	-0.6007733	-0.6855874	0.6408713	0.57855976	-0.6715922	0.63321674	-0.6666508	0.72770566	0.653529	-0.46167147	0.64804745	-0.7375705
-0.7345147	-0.76004153	-0.72804093	0.81919116	-0.78300554	-0.6902855	0.6933656	0.69254345	0.7653766	0.76510924	-0.7768847	-0.7978798	-0.76125026	0.7478785	-0.729669	-0.78143567	0.79795057	0.740496	-0.7752049	-0.7175468	-0.8049619	-0.7491796	0.7863645	0.7986982	0.7574057	0.7712132	-0.8150467	-0.7733034	0.794058	0.73344237	-0.79262096	0.77211463	-0.78697276	-0.7188211	0.76576334	-0.74305826	-0.71400154	0.8262052	-0.79200596	0.7773211	0.77094615	-0.75694686	-0.71157056	-0.7731815	-0.7561138	0.72269136	-0.686111	-0.7403466	0.7261401	0.7031706	-0.70794624	-0.79978997	-0.7149876	-0.81237686	-0.74390167	-0.7584184	0.72763216	-0.7893671	-0.7351642	-0.80871546	-0.7423772	0.7359834	0.7728238	-0.8248572	0.8088809	0.7981021	-0.71968377	0.72229195	0.7690327	-0.7809418	0.7557777	0.8223883	-0.8188287	-0.74688643	0.7392405	0.7281511	0.6916319	-0.77254426	-0.66997373	0.68561935	0.73473954	-0.7690517	0.8035538	0.75247604	0.7515835	0.80588835	0.80395746	0.8013199	-0.709477	-0.77335644	0.77705616	0.7479829	-0.7611361	0.67049736	-0.7832313	0.7918694	0.83003694	-0.6306157	0.71853447	-0.8083731
-0.65956235	-0.6264515	-0.64325905	0.63763285	-0.63115984	-0.60398144	0.6614744	0.62214375	0.65635383	0.6273174	-0.6259557	-0.68198353	-0.64135	0.6333543	-0.628858	-0.6355328	0.640369	0.66861993	-0.6040675	-0.59220433	-0.6213582	-0.62340844	0.6077553	0.62312555	0.592365	0.6336691	-0.6193633	-0.6894049	0.6420006	0.62933934	-0.67431676	0.6163616	-0.577508	-0.60598	0.6295706	-0.64414364	-0.5558685	0.66492736	-0.65411216	0.6372347	0.6036774	-0.6160587	-0.64262	-0.6148073	-0.642998	0.5996391	-0.63984257	-0.6509036	0.5640356	0.629811	-0.64085597	-0.6439864	-0.64827806	-0.6124356	-0.65943944	-0.66463953	0.598876	-0.64359677	-0.65861744	-0.6428217	-0.6153014	0.6132774	0.63856727	-0.65348303	0.6015693	0.6292094	-0.6048329	0.5840289	0.64868593	-0.6305004	0.58732116	0.6918452	-0.6397075	-0.64206773	0.6610008	0.64389324	0.5939054	-0.6386179	-0.59448373	0.5316838	0.62434155	-0.63296336	0.68653333	0.58352524	0.61250854	0.6144885	0.64644563	0.61570185	-0.67216337	-0.68252945	0.6670598	0.6155835	-0.6330739	0.5271708	-0.63386697	0.65256625	0.68399477	-0.5936884	0.64759445	-0.60249096
-0.70225984	-0.7131297	-0.68964094	0.726894	-0.67862546	-0.5871695	0.6376692	0.7009627	0.7407483	0.6671588	-0.618099	-0.6635287	-0.63211656	0.63912976	-0.6726206	-0.70200354	0.6669405	0.73884904	-0.69844866	-0.71727514	-0.7301499	-0.7480226	0.6910133	0.6795321	0.67399836	0.6978558	-0.752056	-0.7194236	0.6422811	0.6960292	-0.7009122	0.7383186	-0.64765257	-0.69360185	0.69526404	-0.6233404	-0.65325123	0.73738694	-0.6759902	0.6641976	0.63474286	-0.6619777	-0.63491297	-0.7416071	-0.69027334	0.60308415	-0.58826274	-0.71433294	0.62679356	0.60367525	-0.6989855	-0.7209803	-0.6926642	-0.69508654	-0.716807	-0.6407905	0.69320023	-0.5969961	-0.68979794	-0.7474857	-0.6644062	0.7072574	0.6896958	-0.67971313	0.6932429	0.73231494	-0.7128935	0.7231841	0.64176446	-0.7258574	0.6838247	0.7080856	-0.6890221	-0.6826101	0.6740227	0.6801091	0.70101386	-0.66071945	-0.61241585	0.5951048	0.68526053	-0.7113767	0.6722429	0.6523052	0.6938849	0.72352886	0.67603403	0.67922556	-0.6340468	-0.71342707	0.68059707	0.6439671	-0.6972875	0.5786396	-0.7237674	0.75653404	0.71771944	-0.61455595	0.66082084	-0.6749206
-0.70172936	-0.6688339	-0.7077819	0.7271975	-0.6303834	-0.5867901	0.68418115	0.6730198	0.6572278	0.70032424	-0.6172423	-0.64294326	-0.68971115	0.6289558	-0.61618465	-0.6911407	0.6365532	0.69860643	-0.6297679	-0.65819514	-0.6521779	-0.6453723	0.6900847	0.6357687	0.7045611	0.71061254	-0.6448961	-0.63184065	0.63603145	0.70872664	-0.65916824	0.62561136	-0.7099567	-0.59601325	0.6741868	-0.6363375	-0.546385	0.71289045	-0.6788055	0.6382849	0.6936303	-0.6096061	-0.6004651	-0.65159917	-0.6720723	0.6007767	-0.62484366	-0.7043791	0.6352645	0.60091114	-0.64904726	-0.7234174	-0.6252084	-0.66346127	-0.690372	-0.7041077	0.63204974	-0.6040851	-0.6382187	-0.72793096	-0.63332707	0.621882	0.6651356	-0.62527883	0.625371	0.64087	-0.6626364	0.64279646	0.69058156	-0.70035654	0.7168651	0.65128046	-0.63083327	-0.7036646	0.6456718	0.62177444	0.6095053	-0.7274379	-0.66007847	0.5908105	0.71070427	-0.6909862	0.6823379	0.6283191	0.5769059	0.67631054	0.6864461	0.70172584	-0.62164557	-0.60043913	0.6604911	0.701492	-0.67131335	0.6680182	-0.6694499	0.6847401	0.6656728	-0.59806675	0.69254476	-0.62875664
-0.5773529	-0.8196055	-0.73794305	0.7556169	-0.6924668	-0.78361005	0.69779956	0.6466183	0.782595	0.83716387	-0.76776457	-0.76922363	-0.73708403	0.740342	-0.7803586	-0.81434804	0.7580588	0.70419455	-0.7649676	-0.7792217	-0.8466686	-0.7886467	0.77310646	0.7935304	0.76533234	0.7605193	-0.75187117	-0.73301375	0.8047698	0.8163394	-0.74939317	0.7893679	-0.7773463	-0.6473636	0.84092796	-0.75535476	-0.65608907	0.6978224	-0.7027727	0.73170775	0.80997396	-0.81782675	-0.8509845	-0.75389266	-0.74220574	0.7314832	-0.7164077	-0.75423914	0.78599423	0.7955925	-0.6481531	-0.86293226	-0.77660406	-0.7594323	-0.8453805	-0.82633513	0.8461962	-0.78188854	-0.73879886	-0.6941029	-0.75104934	0.7474495	0.6928514	-0.79792756	0.7796584	0.83659446	-0.71680903	0.72397894	0.7691277	-0.86573684	0.75894636	0.79038185	-0.756497	-0.7349465	0.79227495	0.7593952	0.7669998	-0.76537704	-0.72410554	0.60969037	0.70329523	-0.63523084	0.7340521	0.6839459	0.5609103	0.7108603	0.8004754	0.746776	-0.77024454	-0.7901103	0.8161482	0.77870554	-0.8133267	0.7586961	-0.76562434	0.7697351	0.78627473	-0.65401495	0.82006997	-0.8509753
-0.8033344	-0.7713011	-0.8023765	0.7734835	-0.7414927	-0.67962295	0.6883604	0.73193103	0.88543135	0.767546	-0.74563247	-0.8180917	-0.7751451	0.80562663	-0.71881235	-0.7738835	0.81378543	0.8120231	-0.7375742	-0.81838983	-0.78700453	-0.84883225	0.7653497	0.8040605	0.75005275	0.8155858	-0.81069803	-0.76433766	0.7951971	0.7755127	-0.7712327	0.8062888	-0.82204723	-0.682638	0.84873205	-0.8040139	-0.68653077	0.7795582	-0.7517283	0.710127	0.8290533	-0.81121135	-0.8061637	-0.8233113	-0.78809655	0.7354681	-0.7204679	-0.7635124	0.7592528	0.7233686	-0.76812047	-0.83101976	-0.72721595	-0.7930227	-0.8117029	-0.7854671	0.7800076	-0.7921385	-0.76221794	-0.8627863	-0.7651383	0.7030365	0.78298694	-0.82424355	0.76775765	0.7985411	-0.7851233	0.8241303	0.7680536	-0.79616153	0.78669924	0.77519107	-0.76528645	-0.76040494	0.81006014	0.7329795	0.7565158	-0.78966343	-0.69358283	0.5858906	0.75994426	-0.74229765	0.8042645	0.7233323	0.70948756	0.8491424	0.81989706	0.8671293	-0.6841486	-0.7298307	0.8059245	0.72553384	-0.7966581	0.7630122	-0.807688	0.7925065	0.80655664	-0.63171524	0.7494314	-0.75422305
-0.4613711	-0.6249259	-0.5791502	0.5918789	-0.52984816	-0.61109185	0.5991301	0.4798687	0.61128557	0.6431278	-0.5899338	-0.6133768	-0.60384965	0.5411391	-0.5610247	-0.6649885	0.5738911	0.5367085	-0.6204997	-0.5734914	-0.6084953	-0.5465519	0.5715601	0.6259193	0.6256682	0.51724327	-0.5503085	-0.56490797	0.64222103	0.6014087	-0.51163363	0.6342221	-0.6006001	-0.46093893	0.5514102	-0.63272727	-0.4990074	0.58776486	-0.57455677	0.57278156	0.635201	-0.6165156	-0.652989	-0.63247323	-0.57004255	0.6608337	-0.5961649	-0.5814722	0.57772017	0.627924	-0.49971917	-0.611739	-0.54409105	-0.56210226	-0.6407056	-0.6263295	0.6236754	-0.6677577	-0.6267177	-0.5019319	-0.59565276	0.5043337	0.53774804	-0.6456409	0.62267166	0.62346613	-0.53407514	0.56018525	0.5941251	-0.55743605	0.57360864	0.6255934	-0.6445105	-0.63114595	0.6052065	0.519199	0.5609044	-0.61345243	-0.60035276	0.44738874	0.55114007	-0.5315705	0.5960089	0.51384646	0.47179824	0.53882974	0.54769576	0.5194317	-0.57615817	-0.624565	0.5431631	0.61143506	-0.56099945	0.6097204	-0.56859255	0.5712573	0.63110596	-0.4330206	0.58971936	-0.5962978
-0.659185	-0.82094014	-0.7952399	0.7460689	-0.75874853	-0.8021582	0.73130554	0.72122884	0.84544975	0.8426739	-0.82703537	-0.78918856	-0.8716631	0.7258568	-0.83519167	-0.80123705	0.80310565	0.7661194	-0.84193707	-0.82581323	-0.8359871	-0.7801103	0.7964486	0.7737066	0.83545595	0.7454246	-0.76473993	-0.7490866	0.8934323	0.79478896	-0.751623	0.83451426	-0.83762765	-0.62274486	0.8315826	-0.80131245	-0.591602	0.7900834	-0.7918961	0.68669367	0.84507656	-0.81785524	-0.82869875	-0.81169784	-0.8396796	0.7875684	-0.7352066	-0.7474402	0.7793273	0.7908891	-0.687044	-0.80938697	-0.70482993	-0.7818708	-0.8365656	-0.87122256	0.753674	-0.8235762	-0.83399767	-0.7231486	-0.7901734	0.76903313	0.6353656	-0.892739	0.8561314	0.83340675	-0.7345605	0.6780945	0.77739346	-0.78405803	0.7674055	0.8010265	-0.8090782	-0.7556503	0.80890083	0.7812694	0.82896113	-0.83825266	-0.80153686	0.61174494	0.7395381	-0.70739156	0.79874396	0.7063738	0.55764306	0.7223542	0.84443575	0.79867226	-0.78914857	-0.8211487	0.7945471	0.8133121	-0.81899124	0.822101	-0.7567133	0.8057722	0.8559107	-0.5859346	0.756783	-0.8137757
-0.81747	-0.80369127	-0.8407684	0.8927817	-0.8574389	-0.8488285	0.7374913	0.70955783	0.8602747	0.80888605	-0.85203063	-0.88152236	-0.8565438	0.7999062	-0.844739	-0.84275824	0.8568972	0.78500456	-0.836178	-0.8125164	-0.8905154	-0.8131261	0.8484189	0.8346938	0.7904982	0.7854281	-0.83089995	-0.7798714	0.8434608	0.8160287	-0.799316	0.85769165	-0.88632977	-0.65447927	0.8808128	-0.8761758	-0.68445563	0.86961555	-0.7793659	0.73820627	0.84389186	-0.7996134	-0.7860684	-0.8660511	-0.8276121	0.81706315	-0.6943942	-0.7550407	0.8535615	0.8267978	-0.6939383	-0.81626457	-0.75876343	-0.8528049	-0.8827613	-0.88094527	0.8054254	-0.8771088	-0.8591076	-0.82348186	-0.7953385	0.72738695	0.7348984	-0.8030461	0.74942875	0.88608015	-0.7733486	0.833821	0.8387586	-0.7856847	0.7605702	0.86655086	-0.79182106	-0.84618	0.7677973	0.7343397	0.8005087	-0.818518	-0.739953	0.64719975	0.8268933	-0.75800514	0.8453393	0.77880126	0.7310376	0.8549781	0.83321905	0.83774805	-0.7939059	-0.8212089	0.79952276	0.78909093	-0.85241556	0.8849812	-0.8152359	0.84211075	0.825504	-0.64266384	0.7789595	-0.8599965
-0.5057797	-0.56614065	-0.5014743	0.50379074	-0.51279694	-0.5226411	0.52172256	0.5701819	0.5677554	0.5493409	-0.557246	-0.5571114	-0.54559374	0.5273121	-0.5343486	-0.5483561	0.5671396	0.49909484	-0.51234794	-0.5633569	-0.5529263	-0.49539247	0.5170043	0.54886544	0.5520624	0.48624235	-0.54702514	-0.49671718	0.5618118	0.5682111	-0.5004339	0.5367926	-0.51903784	-0.49658784	0.531582	-0.55091447	-0.52768356	0.5376845	-0.5563681	0.53628486	0.5362827	-0.5375033	-0.47948667	-0.50579834	-0.56317884	0.55786556	-0.5326212	-0.50429153	0.54670984	0.5533248	-0.5106304	-0.53031844	-0.52086246	-0.53839886	-0.5468903	-0.51065457	0.55610484	-0.47924417	-0.57081264	-0.53832686	-0.48444816	0.50245434	0.5358193	-0.5427997	0.47187445	0.52056956	-0.5180773	0.50718766	0.5700574	-0.55013216	0.5716219	0.52818125	-0.57404506	-0.57792753	0.51584756	0.50676435	0.5389303	-0.52659655	-0.44733098	0.46307245	0.56562716	-0.56983757	0.49464855	0.5255512	0.51023626	0.5176852	0.50064003	0.58803034	-0.5037491	-0.47620612	0.4962691	0.48873192	-0.5543432	0.56963587	-0.5428879	0.5766583	0.55398774	-0.46357423	0.5444621	-0.48426127
-0.47600272	-0.7561459	-0.65795875	0.7266774	-0.6887475	-0.8504568	0.71025974	0.6172972	0.68165195	0.7484375	-0.8125897	-0.7949001	-0.8217212	0.74913454	-0.79622585	-0.788725	0.8389344	0.65695685	-0.8232418	-0.7958813	-0.78512985	-0.7242677	0.8303123	0.7287883	0.7711183	0.71104175	-0.730771	-0.65056384	0.8594239	0.78376234	-0.7148499	0.8508941	-0.8164228	-0.6206571	0.7231958	-0.83444387	-0.6885148	0.6836605	-0.67199886	0.64656556	0.90695655	-0.8501307	-0.8054671	-0.6874159	-0.8063337	0.8886563	-0.7429179	-0.73665094	0.8695077	0.8365637	-0.5609042	-0.7746465	-0.6088917	-0.804856	-0.7781562	-0.81766236	0.8025513	-0.8760258	-0.8555975	-0.6372835	-0.8045719	0.7225609	0.6207619	-0.8176995	0.79064023	0.80753756	-0.5988674	0.6299583	0.87638456	-0.7652195	0.6867502	0.766734	-0.75749767	-0.7700285	0.78610384	0.7110933	0.79536587	-0.82708985	-0.76559335	0.66164964	0.59038746	-0.4935098	0.7367644	0.699392	0.5828778	0.62026113	0.76273197	0.55646306	-0.816374	-0.75696945	0.7288233	0.7604226	-0.6963151	0.8286257	-0.7963786	0.6522511	0.8408798	-0.60688156	0.6893877	-0.87911576
-0.5298561	-0.5762285	-0.50456494	0.5547734	-0.5660656	-0.52984303	0.57334626	0.46579945	0.5210653	0.604065	-0.5224209	-0.53185934	-0.56835014	0.5118188	-0.59505165	-0.58801144	0.6186234	0.51320213	-0.584012	-0.5887196	-0.5605507	-0.50903165	0.5632567	0.51271194	0.5451248	0.59273183	-0.55088586	-0.54954493	0.54536104	0.6048872	-0.51932806	0.59359044	-0.5725641	-0.46065623	0.5355661	-0.5548846	-0.5428351	0.5122265	-0.50233537	0.48173445	0.59969574	-0.52572525	-0.55247295	-0.57684535	-0.5626199	0.6118881	-0.50134385	-0.55032957	0.5921386	0.53160846	-0.51468664	-0.5788169	-0.57588893	-0.60280865	-0.545639	-0.57715535	0.6116193	-0.55551	-0.5631578	-0.54675186	-0.5846404	0.5531614	0.5259464	-0.6013964	0.57780445	0.58687115	-0.5465111	0.5505977	0.5666902	-0.52655524	0.5445753	0.5517435	-0.6071798	-0.5211819	0.53402513	0.544486	0.5486594	-0.57868564	-0.57059014	0.4748508	0.5130903	-0.5400605	0.53370947	0.55209243	0.54195887	0.5534148	0.57486624	0.5424262	-0.55839413	-0.57723796	0.5084855	0.5057846	-0.60277563	0.53322065	-0.5877586	0.5767497	0.5733359	-0.48477885	0.5140088	-0.5737598
-0.73716253	-0.9110952	-0.83156914	0.8400912	-0.7990272	-0.89179736	0.792002	0.7369168	0.82107675	0.8942626	-0.937953	-0.94478184	-0.8128101	0.80490017	-0.8740051	-0.87910765	0.8540368	0.8171134	-0.8604215	-0.84083575	-0.84359986	-0.8799845	0.89633447	0.8703726	0.8604348	0.7908609	-0.85089463	-0.8102223	0.8612707	0.89375937	-0.873763	0.9186586	-0.8364567	-0.7411957	0.81616014	-0.88105375	-0.79248565	0.8529343	-0.7431492	0.7832719	0.87530184	-0.8976829	-0.9186557	-0.807079	-0.90359193	0.9426057	-0.85071653	-0.8601594	0.9372456	0.8641469	-0.67491543	-0.93941355	-0.71163946	-0.8895953	-0.9482443	-0.90646946	0.9093943	-0.92463875	-0.8740495	-0.8131375	-0.90212464	0.8018331	0.7538998	-0.94662094	0.89306784	0.91411054	-0.7655382	0.76735216	0.87789494	-0.8507087	0.79013497	0.86384517	-0.84448075	-0.8906629	0.8428959	0.8317691	0.8655354	-0.9301298	-0.7916077	0.7180318	0.71015584	-0.69053364	0.8091303	0.837841	0.73486596	0.83710235	0.8114947	0.82543147	-0.86914146	-0.8756787	0.8255598	0.8606245	-0.8191575	0.81906873	-0.8550808	0.78306484	0.94343036	-0.67277634	0.8633304	-0.878429
-0.9508153	-0.9084071	-0.8749292	0.94977665	-0.82142013	-0.73576444	0.8865903	0.8841348	0.9954736	0.9004877	-0.83774984	-0.9586825	-0.8654843	0.8652156	-0.9116188	-0.91513	0.86077297	0.9323937	-0.89939153	-0.87442034	-0.9556233	-0.9994784	0.89406985	0.95964015	0.87509644	0.8983068	-0.9416408	-0.92575455	0.86662805	0.93190664	-0.9337992	0.9366755	-0.8878035	-0.8153274	0.99696267	-0.89020497	-0.81654567	0.95085293	-0.8731533	0.83815026	0.8414665	-0.8585726	-0.83457863	-0.8996115	-0.95641625	0.8085675	-0.78186584	-0.9682772	0.8671159	0.83683914	-0.92482525	-0.9153121	-0.87177336	-0.9071771	-0.9443454	-0.94154197	0.94437885	-0.8533924	-0.8623607	-0.91345805	-0.89077175	0.820312	0.88139933	-0.88076746	0.946701	0.9766102	-0.8894983	0.9095873	0.87880695	-0.8686898	0.9674318	0.92812705	-0.94325846	-0.8643182	0.89303005	0.93983406	0.92643446	-0.9011887	-0.7813921	0.7641	0.91328573	-0.91841877	0.9606037	0.954948	0.8815693	0.9406489	0.97398394	0.9304235	-0.79556483	-0.8500074	0.92518336	0.9138716	-0.9699973	0.8290641	-0.8446435	0.9303674	0.90918046	-0.78120273	0.92122227	-0.95570844
-0.41106123	-0.5370128	-0.4495707	0.4601086	-0.4231191	-0.5107217	0.51181006	0.40412086	0.49405938	0.5326708	-0.45793575	-0.5400477	-0.49589178	0.43692362	-0.52407956	-0.47589356	0.48287675	0.50342005	-0.50159085	-0.4516732	-0.5285854	-0.49872652	0.51112276	0.48387736	0.4609346	0.46998253	-0.5267504	-0.4828296	0.48010987	0.49417624	-0.4384339	0.46830085	-0.48869374	-0.4308156	0.50167793	-0.48307753	-0.38054112	0.4620547	-0.4730518	0.41958472	0.5124494	-0.5002439	-0.5171591	-0.5116933	-0.4845457	0.49298337	-0.4839149	-0.4693504	0.55339605	0.48140487	-0.3967847	-0.57246774	-0.43930778	-0.46003145	-0.49859563	-0.52560604	0.4716195	-0.56362814	-0.48456064	-0.4285024	-0.5153207	0.45287347	0.4058945	-0.49092853	0.49358174	0.47975054	-0.46833515	0.42440605	0.5192479	-0.5271338	0.480713	0.5478211	-0.5073332	-0.47206858	0.5252873	0.5166012	0.5092208	-0.5195031	-0.5148108	0.36458364	0.44097805	-0.44398487	0.44733608	0.44541624	0.37366813	0.42103836	0.47246712	0.5063704	-0.52197397	-0.49986973	0.45141944	0.45825052	-0.51707643	0.4611352	-0.52802587	0.47880813	0.5011896	-0.31635645	0.4993299	-0.5181004
-0.91172326	-0.9550029	-0.95219576	0.9315767	-0.8195292	-0.7559907	0.7981475	0.8585206	0.9399887	0.8223848	-0.7630273	-0.9270673	-0.9387329	0.86057985	-0.86548525	-0.9468791	0.8619728	0.8979297	-0.8248906	-0.88928187	-0.9300304	-0.9107583	0.80707836	0.9189936	0.86621827	0.9486014	-0.9082128	-0.8638516	0.8946459	0.94020134	-0.85486674	0.9042256	-0.94091284	-0.81837714	0.98738	-0.81936353	-0.7839162	0.9489971	-0.85774255	0.89103985	0.906827	-0.81777805	-0.8435965	-0.9613594	-0.8576854	0.79985005	-0.7299189	-0.92566586	0.8469986	0.828623	-0.85254204	-0.9082154	-0.8681617	-0.96315604	-0.84478617	-0.9211106	0.8637989	-0.83364666	-0.7991314	-0.96434385	-0.94424945	0.84143823	0.8396322	-0.8859448	0.90889746	0.92773306	-0.90174186	0.867502	0.9204703	-0.8744464	0.85491896	0.88121516	-0.9306399	-0.84618545	0.9215495	0.89155555	0.7868524	-0.93203676	-0.7949076	0.7317044	0.94569415	-0.8928542	0.9329527	0.8406066	0.8337334	0.9186276	0.9436	0.9655988	-0.8457287	-0.8377473	0.8846681	0.90061504	-0.9080888	0.8222541	-0.8685097	0.9377801	0.9331088	-0.6765906	0.8574638	-0.887749
-0.5893696	-0.665402	-0.6528961	0.6307726	-0.639735	-0.68762594	0.6593707	0.6089287	0.6108181	0.67136484	-0.63417584	-0.71479815	-0.65765977	0.6320071	-0.6941607	-0.6452972	0.62327415	0.6616984	-0.6843718	-0.6597012	-0.6635997	-0.6117108	0.6800397	0.6335577	0.6170504	0.60412496	-0.6493491	-0.6291033	0.6280937	0.64256763	-0.6846434	0.6835524	-0.6049197	-0.58469987	0.6057247	-0.6434139	-0.611571	0.6430504	-0.61938506	0.66278476	0.6806474	-0.6580323	-0.65191174	-0.67428005	-0.6941522	0.6789717	-0.72789735	-0.65248466	0.68485314	0.690909	-0.6340137	-0.6721207	-0.6948391	-0.66254145	-0.70257634	-0.68498397	0.68815726	-0.70599616	-0.646793	-0.59032357	-0.63026464	0.61420184	0.6125759	-0.7072212	0.6392833	0.63131994	-0.6255973	0.6151055	0.6612516	-0.70392895	0.61727315	0.6661924	-0.62998253	-0.6698224	0.7089828	0.6871351	0.6681797	-0.66889703	-0.67684275	0.6267587	0.62689084	-0.6064821	0.62824786	0.61326975	0.6177557	0.66029483	0.6660652	0.59419894	-0.7104046	-0.67541426	0.6363142	0.64870626	-0.6092491	0.59758306	-0.62024003	0.5926099	0.65409744	-0.680113	0.6367863	-0.7100714
-0.48905748	-0.63691026	-0.56103724	0.60676694	-0.62750256	-0.6260307	0.5811268	0.50817186	0.55117995	0.6483461	-0.68669003	-0.65940446	-0.6956766	0.63236827	-0.6677502	-0.64689624	0.6101954	0.61323917	-0.65154946	-0.6383868	-0.70614463	-0.58733207	0.6313592	0.6775036	0.6010545	0.5831822	-0.61363375	-0.59660214	0.6619794	0.6037303	-0.61969715	0.62560385	-0.660952	-0.55907536	0.61691874	-0.61947966	-0.58327323	0.55895144	-0.6408607	0.54730237	0.64691967	-0.68136764	-0.69899756	-0.6114934	-0.60524434	0.6143015	-0.6404531	-0.62920374	0.7101758	0.67205316	-0.49223074	-0.63391536	-0.549458	-0.5873349	-0.70466673	-0.6887481	0.66167045	-0.67733645	-0.6561014	-0.5419146	-0.60543144	0.5781639	0.509974	-0.6817055	0.6889967	0.68221277	-0.5703698	0.571203	0.70067465	-0.62881786	0.601953	0.66864145	-0.69068253	-0.6290456	0.6765089	0.56743807	0.64836884	-0.6235085	-0.63836884	0.5566054	0.61913896	-0.5784328	0.66210896	0.5575572	0.5496623	0.5195181	0.6018602	0.5711768	-0.61760765	-0.68745726	0.64369637	0.6557108	-0.6201015	0.5760989	-0.63983774	0.60704887	0.6125628	-0.48416543	0.6675457	-0.71331763
-0.52463347	-0.46580666	-0.55320954	0.509589	-0.50534236	-0.35674337	0.52116406	0.52980673	0.4942786	0.47440594	-0.4475431	-0.5111267	-0.4593312	0.5308271	-0.3985037	-0.45278937	0.46934697	0.47656524	-0.4969198	-0.50538045	-0.5083138	-0.57683325	0.48744643	0.5030734	0.47001764	0.5300369	-0.4839994	-0.51913106	0.40384558	0.5568922	-0.5047737	0.47422925	-0.41726932	-0.48341858	0.553143	-0.49997374	-0.51022595	0.55502456	-0.43646157	0.4313517	0.48727253	-0.51900697	-0.45896763	-0.5167065	-0.51146966	0.46757093	-0.42462146	-0.53548294	0.45327792	0.50358844	-0.5147717	-0.5123699	-0.5577212	-0.5018274	-0.47583076	-0.47988436	0.525988	-0.41939682	-0.41802025	-0.5363162	-0.5072368	0.45821676	0.5045379	-0.501478	0.54419017	0.44594586	-0.49108866	0.57201266	0.48026484	-0.5446453	0.534986	0.4941903	-0.53274226	-0.4641589	0.4925616	0.5071343	0.45383903	-0.48793334	-0.4979488	0.44193834	0.5861182	-0.47605193	0.54618156	0.5061243	0.44799656	0.50063324	0.5725663	0.50754476	-0.4881073	-0.47369516	0.5051619	0.49131364	-0.5390884	0.40732208	-0.48050734	0.5158726	0.5307373	-0.44832104	0.45081043	-0.44811174
-0.80099475	-0.75167125	-0.7701525	0.7685234	-0.76174444	-0.66231185	0.7913787	0.82065153	0.8391588	0.7852281	-0.72108763	-0.80716187	-0.68810153	0.7757357	-0.7850977	-0.821887	0.83195174	0.7840168	-0.752815	-0.7418122	-0.79823864	-0.7586213	0.8029096	0.82457215	0.8336796	0.804002	-0.78118205	-0.7418273	0.720099	0.7962111	-0.7761421	0.818617	-0.7676437	-0.74269927	0.7962506	-0.76684695	-0.72564936	0.8451699	-0.79812	0.74323654	0.7407154	-0.76785576	-0.767668	-0.8013958	-0.7669384	0.7360396	-0.75262594	-0.7506149	0.73789084	0.7275553	-0.7640134	-0.79683256	-0.7905554	-0.8006487	-0.7543201	-0.82585245	0.7630894	-0.7794684	-0.7044967	-0.8300011	-0.82803494	0.74296004	0.7872696	-0.78125066	0.7937019	0.75347584	-0.84674	0.83150524	0.8234309	-0.8192208	0.7609551	0.83446807	-0.7931302	-0.81191945	0.7615966	0.75161636	0.7320138	-0.82040256	-0.76192176	0.6980101	0.7894446	-0.75910753	0.81171894	0.7800031	0.73563766	0.8256793	0.83231765	0.8377816	-0.7872745	-0.7726568	0.8260291	0.7860502	-0.8547484	0.6096874	-0.784557	0.8099076	0.7873427	-0.6905352	0.7304091	-0.8322742
-0.7651536	-0.8506017	-0.823012	0.91011494	-0.815785	-0.91559803	0.766782	0.74535954	0.883211	0.83248323	-0.8167693	-0.86620086	-0.94324774	0.838496	-0.86640507	-0.937849	0.8606786	0.7690014	-0.89230525	-0.8819847	-0.93503225	-0.8351086	0.908346	0.85326076	0.91592056	0.8462146	-0.8723298	-0.8317946	0.8982395	0.9042315	-0.8735273	0.8632355	-0.9125052	-0.8023345	0.89785767	-0.86594784	-0.79741365	0.8924027	-0.86254865	0.7920141	0.92353857	-0.8920644	-0.8853973	-0.8061069	-0.87380767	0.9073614	-0.7478077	-0.8740672	0.9117605	0.8309102	-0.7419952	-0.83883834	-0.7787566	-0.85846543	-0.9158593	-0.86215234	0.9013964	-0.9285127	-0.87509257	-0.8488976	-0.83425707	0.8654417	0.80133164	-0.873473	0.8554872	0.86412376	-0.7591347	0.8463144	0.92052865	-0.89262205	0.80952126	0.90701866	-0.91136974	-0.8784394	0.84199846	0.7931031	0.83784723	-0.8764079	-0.79227257	0.69325227	0.8369629	-0.7861542	0.82584304	0.82370526	0.7949625	0.80183023	0.8918768	0.81863457	-0.8058271	-0.86385	0.8767038	0.85316175	-0.85498494	0.89242566	-0.8611323	0.8656686	0.85554963	-0.7603574	0.8753548	-0.95750576
-0.47685093	-0.5704408	-0.6093115	0.5758027	-0.5610746	-0.5719017	0.56011516	0.48198792	0.5841688	0.6379528	-0.5742813	-0.6532731	-0.6062532	0.5832718	-0.62049305	-0.62239426	0.58129764	0.5055542	-0.5994609	-0.5609401	-0.5824495	-0.6263847	0.58032703	0.6301176	0.5459566	0.5549618	-0.57287896	-0.61248124	0.6342445	0.6134006	-0.6211479	0.5672291	-0.6137345	-0.5123366	0.57521135	-0.5584559	-0.48044005	0.5158749	-0.5801299	0.5658505	0.6648207	-0.5754117	-0.64349395	-0.6027449	-0.58881557	0.572954	-0.53817874	-0.56254447	0.64216334	0.5709125	-0.4195114	-0.63810915	-0.504402	-0.55742294	-0.59080815	-0.5989665	0.6231437	-0.58842987	-0.6158888	-0.54657656	-0.5939621	0.52248895	0.47344586	-0.59629864	0.61576426	0.62591624	-0.4995109	0.53651905	0.57090956	-0.58800524	0.50412905	0.60416824	-0.6439075	-0.5965824	0.59708244	0.53808117	0.60873824	-0.59689844	-0.60600287	0.49749264	0.5432335	-0.49642798	0.6024374	0.52435166	0.41736475	0.5153259	0.6317411	0.5142729	-0.5372664	-0.6192281	0.53442794	0.57396626	-0.588423	0.6362538	-0.53560567	0.5524002	0.5901453	-0.4738463	0.5841093	-0.5870523
-0.4903692	-0.66346097	-0.6230752	0.67316866	-0.6788509	-0.61935633	0.6747758	0.59523463	0.6731595	0.68076915	-0.6132908	-0.72644466	-0.60471433	0.62306887	-0.6715245	-0.64700073	0.6912406	0.6300624	-0.68083084	-0.6795757	-0.68401957	-0.624864	0.7023056	0.6850812	0.69923306	0.61773485	-0.6311715	-0.6178247	0.65941757	0.66684675	-0.68806124	0.67809474	-0.6385355	-0.5930934	0.6934143	-0.6721652	-0.5676217	0.61474067	-0.6091069	0.60573226	0.6380351	-0.67564005	-0.68991005	-0.6708114	-0.6600052	0.6818006	-0.6027553	-0.68740046	0.6793658	0.6735604	-0.54949343	-0.6637749	-0.64513034	-0.6517535	-0.64448416	-0.6761249	0.74130213	-0.62511593	-0.6774962	-0.61874163	-0.6438616	0.6705201	0.5605335	-0.7284672	0.69895387	0.7222099	-0.60977656	0.57823193	0.6442935	-0.66403663	0.64221764	0.6709014	-0.72158843	-0.6527682	0.66541445	0.63401324	0.71692306	-0.6811414	-0.6646144	0.5770992	0.55485064	-0.5679604	0.69369435	0.58445036	0.57141715	0.5962379	0.723639	0.5389454	-0.6967362	-0.6949213	0.6449395	0.64247555	-0.6294715	0.6465338	-0.6537554	0.6149489	0.69283485	-0.6014136	0.66964084	-0.6850171
-0.7307451	-0.79294544	-0.81813544	0.82106584	-0.82744807	-0.6977086	0.79006356	0.7279063	0.89919734	0.80047613	-0.8027573	-0.82676643	-0.8085402	0.81977606	-0.82859313	-0.8089083	0.8468086	0.78002864	-0.8584951	-0.7519712	-0.8849077	-0.8564067	0.80767643	0.7782095	0.7673736	0.8299513	-0.89897966	-0.7746655	0.8553735	0.8202894	-0.7918505	0.8164458	-0.80115044	-0.72985584	0.79871404	-0.8271944	-0.74139965	0.79234856	-0.8273872	0.7519795	0.8834895	-0.7798436	-0.8387336	-0.8634531	-0.7832145	0.79683703	-0.74035513	-0.8384434	0.75297594	0.7622203	-0.7527626	-0.83234584	-0.7468385	-0.7963838	-0.7931253	-0.7928332	0.8074224	-0.7809613	-0.8114325	-0.8560273	-0.83158535	0.80617565	0.73129886	-0.8413744	0.77080774	0.84955657	-0.74052984	0.76218253	0.8543322	-0.8602788	0.7501463	0.86557734	-0.8400766	-0.762363	0.7656124	0.73964334	0.8100137	-0.8481367	-0.7719542	0.62236404	0.75208974	-0.76291054	0.8145113	0.8149937	0.68698007	0.84698135	0.86729455	0.8103392	-0.78618664	-0.78789604	0.8595419	0.7514815	-0.84024626	0.78081006	-0.7744021	0.85649675	0.80155766	-0.6148879	0.81742007	-0.8489624
-0.7995449	-0.8320511	-0.80903655	0.86672926	-0.8501067	-0.73480046	0.83238804	0.76524043	0.9465789	0.8107053	-0.77069813	-0.8588252	-0.84961087	0.8537715	-0.79192597	-0.8990633	0.8549033	0.79358506	-0.7882129	-0.8498182	-0.84845334	-0.87294555	0.81715095	0.8753934	0.8212609	0.8662045	-0.9317849	-0.86301106	0.84428155	0.8269511	-0.84713537	0.90501076	-0.81465346	-0.68694437	0.8627954	-0.8637744	-0.7219047	0.85275185	-0.80772316	0.8060223	0.87063175	-0.83148545	-0.7907067	-0.89331716	-0.8588101	0.8412448	-0.77124035	-0.8791336	0.80607796	0.75040126	-0.77721643	-0.8483006	-0.78299874	-0.9019492	-0.8596626	-0.8571163	0.83177835	-0.8725715	-0.78460854	-0.88458496	-0.89882386	0.7851629	0.8206512	-0.8671466	0.9030873	0.93240297	-0.7903459	0.80791897	0.82319945	-0.8394208	0.81953776	0.8785458	-0.8424118	-0.8501347	0.8071503	0.85344225	0.8163133	-0.8830442	-0.7600921	0.6952846	0.87618744	-0.73344916	0.87377065	0.782591	0.78917855	0.87240297	0.91353863	0.8662768	-0.7503751	-0.8223355	0.84822136	0.83235466	-0.9169662	0.79840094	-0.821474	0.8898001	0.8942073	-0.66308707	0.81856024	-0.8474774
-0.7162201	-0.6798721	-0.6322829	0.6752618	-0.6230049	-0.7521534	0.697726	0.612495	0.69628847	0.6892738	-0.6896369	-0.75680864	-0.7534739	0.6468013	-0.66105145	-0.7302586	0.71352345	0.7002325	-0.6424607	-0.6509326	-0.7434328	-0.7577078	0.71819293	0.66568166	0.71356285	0.6512409	-0.69835156	-0.681171	0.7678026	0.6852781	-0.6940873	0.72781295	-0.6988535	-0.67376846	0.6767206	-0.7499711	-0.6318332	0.71682644	-0.69322824	0.6654833	0.7733901	-0.66900444	-0.6962041	-0.74264276	-0.7337765	0.7487622	-0.66422355	-0.6817571	0.7545453	0.65159595	-0.7009306	-0.6771003	-0.7238617	-0.7336335	-0.6998456	-0.70851684	0.66214305	-0.71128637	-0.7182462	-0.72824967	-0.73166144	0.6981535	0.6401966	-0.74017596	0.6682565	0.7651276	-0.63154817	0.72667605	0.72732264	-0.69923383	0.6369307	0.70626897	-0.6732766	-0.7280063	0.6724968	0.634272	0.7044298	-0.668689	-0.60913116	0.6600427	0.6649158	-0.6806915	0.7372433	0.7312304	0.6076713	0.7456636	0.7471938	0.73468506	-0.69103515	-0.6858246	0.7372683	0.7264209	-0.6849576	0.7513741	-0.66941375	0.7486798	0.7441389	-0.5959145	0.72828716	-0.7209969
-0.7074569	-0.6664976	-0.66462815	0.72465026	-0.7166955	-0.6065872	0.66596824	0.68457144	0.69262356	0.7074101	-0.69430315	-0.7382391	-0.70329654	0.70232064	-0.7341256	-0.70556366	0.6653476	0.6605818	-0.6943567	-0.67787975	-0.7569045	-0.6815068	0.65134174	0.7223094	0.69707364	0.6637202	-0.74193436	-0.72121763	0.6612086	0.65636486	-0.73655885	0.7337332	-0.71052444	-0.59339887	0.6711138	-0.73527944	-0.6304505	0.66475445	-0.6677913	0.64141697	0.73702186	-0.7237929	-0.70310104	-0.64281386	-0.6689128	0.6671541	-0.59113723	-0.62001085	0.73058456	0.6615566	-0.62709004	-0.6935719	-0.69699055	-0.7383598	-0.6557005	-0.6721868	0.72648096	-0.6575026	-0.6790267	-0.67977595	-0.6566577	0.68422097	0.6730757	-0.7369261	0.74519044	0.6700133	-0.6326816	0.6435016	0.7444605	-0.6449815	0.657302	0.6914922	-0.65306216	-0.7058484	0.7302262	0.65980476	0.6067487	-0.679495	-0.6366806	0.54475117	0.68138516	-0.61811954	0.67761767	0.68805766	0.5426595	0.7316039	0.67238325	0.68082654	-0.67358834	-0.6470921	0.67930204	0.6975015	-0.66345114	0.6984431	-0.73718274	0.66999745	0.69406945	-0.53717834	0.66029125	-0.7574791
-0.6557905	-0.86453885	-0.8061591	0.9129164	-0.7910307	-1.0119122	0.8639111	0.68676305	0.9497734	0.9213114	-0.8984987	-0.917426	-0.9627543	0.85625404	-0.9089196	-0.95435303	0.9992076	0.7563165	-0.92850477	-0.8918314	-0.9718601	-0.8387417	0.8799014	0.8737025	0.9028006	0.8157606	-0.9075251	-0.85339594	0.98560303	0.9670773	-0.7992955	0.9987044	-0.8896063	-0.6416725	0.9174125	-0.9097868	-0.65625185	0.83377254	-0.8061127	0.81071293	1.0022196	-0.96013635	-1.0174179	-0.796816	-0.89270395	0.9235365	-0.8150409	-0.8933407	0.9959527	0.883035	-0.62846285	-0.9299858	-0.77170557	-0.90595216	-0.9097876	-0.9278585	0.9223354	-0.99007934	-0.9410034	-0.7681801	-0.87254035	0.81478757	0.6909822	-0.95443505	0.9380808	0.9695564	-0.73658884	0.7935743	1.0151205	-0.9359159	0.797088	0.93007034	-0.94751287	-0.9202799	0.88428086	0.7684566	0.867673	-0.93471074	-0.8650145	0.6713892	0.7149299	-0.6826399	0.82416403	0.74188733	0.61652863	0.7879063	0.9031515	0.8428934	-0.8915349	-0.92435926	0.82834285	0.88172764	-0.93802387	0.9009614	-0.82941836	0.8002564	0.9699931	-0.5834264	0.7952069	-0.9729645
-0.704365	-0.82233506	-0.71179587	0.78752404	-0.7043686	-0.7833351	0.7016549	0.66630894	0.86275506	0.74239784	-0.75396055	-0.8664704	-0.8649818	0.7195398	-0.8079073	-0.82857907	0.83939075	0.6640775	-0.77258056	-0.745366	-0.7774589	-0.81526804	0.78629833	0.77366686	0.78949744	0.7560994	-0.80668795	-0.793353	0.8020647	0.85548437	-0.794925	0.8223471	-0.8034211	-0.6530031	0.7654235	-0.8534044	-0.66827154	0.7541878	-0.710441	0.7222471	0.8778788	-0.8421742	-0.8166852	-0.78424555	-0.80455565	0.7715723	-0.71757203	-0.7323136	0.8156601	0.7650975	-0.6607161	-0.8225678	-0.6782113	-0.79780245	-0.79650223	-0.7894097	0.76890576	-0.8382606	-0.78028023	-0.7506201	-0.80139303	0.7481964	0.656256	-0.8542806	0.77981	0.7866796	-0.6585813	0.70869887	0.85437113	-0.83371377	0.7268911	0.7980263	-0.81761885	-0.7422996	0.8004031	0.70515895	0.79592156	-0.77930415	-0.7837786	0.55502176	0.7004167	-0.6139539	0.7855194	0.7774996	0.63456213	0.81630987	0.82378215	0.7535812	-0.79003924	-0.7372653	0.74567896	0.75806504	-0.7536819	0.8483548	-0.78795534	0.7567905	0.7873737	-0.5824229	0.76256436	-0.8354184
-0.71269184	-0.88623947	-0.77921814	0.856079	-0.8353502	-0.90977204	0.8376488	0.743604	0.889785	0.8311174	-0.90897673	-0.9044865	-0.9390719	0.84776384	-0.9219702	-0.9648725	0.8542034	0.82812923	-0.88457674	-0.81824017	-0.9689977	-0.8585837	0.87643504	0.8711815	0.92071766	0.8568153	-0.8728184	-0.8315154	0.9034743	0.9176797	-0.7845394	0.8915799	-0.8771292	-0.68452746	0.8389812	-0.92099303	-0.7296008	0.82246643	-0.8141549	0.7878488	0.9334908	-0.8870686	-0.9609815	-0.80238205	-0.8236359	0.96202695	-0.7763778	-0.8861731	0.8791572	0.8737496	-0.71325463	-0.9011925	-0.7412016	-0.9103682	-0.9375531	-0.8771705	0.85620105	-0.90228564	-0.96984154	-0.8620598	-0.84525555	0.7623388	0.7570696	-0.9618282	0.8715684	0.86169845	-0.70506287	0.77864337	0.8785221	-0.89365494	0.810467	0.9211839	-0.8705253	-0.84558177	0.8158171	0.7697548	0.8975674	-0.94426125	-0.8941101	0.6545866	0.77800393	-0.67615587	0.85966647	0.7497548	0.683559	0.8383243	0.8213487	0.8515697	-0.8918684	-0.86366534	0.83036166	0.84277993	-0.90647924	0.85880786	-0.8305147	0.7887294	0.8887444	-0.66743153	0.7909329	-0.95180196
-0.6761629	-0.68496764	-0.64122224	0.6495162	-0.66214347	-0.5683171	0.6991543	0.6762389	0.7151439	0.66454536	-0.6920446	-0.6984673	-0.61864465	0.69623333	-0.66452473	-0.7416712	0.6358341	0.70196486	-0.66096336	-0.6565998	-0.71479225	-0.69274104	0.6913092	0.7415635	0.73349226	0.66910046	-0.6766703	-0.73319775	0.65640473	0.69461375	-0.7172475	0.7546146	-0.6386426	-0.6278924	0.717746	-0.69451827	-0.6048201	0.6896897	-0.64760953	0.6691582	0.67695874	-0.6437094	-0.6996549	-0.71455395	-0.6668374	0.61246383	-0.60963863	-0.6807358	0.6911874	0.59894264	-0.63789076	-0.69666874	-0.7117943	-0.7096369	-0.69773066	-0.7430303	0.68889195	-0.7389238	-0.6387617	-0.6938381	-0.72867686	0.61774915	0.5957687	-0.77626264	0.69397795	0.7243105	-0.7150847	0.7068734	0.7207484	-0.69528157	0.6948991	0.70401645	-0.6910762	-0.6623837	0.73397976	0.669804	0.6456326	-0.68529004	-0.6499173	0.5915809	0.65876704	-0.70261306	0.72516805	0.69223934	0.6219655	0.7003288	0.6942142	0.6856991	-0.6275906	-0.6703812	0.65822005	0.68215185	-0.7624028	0.5797301	-0.6674952	0.6625268	0.69917494	-0.6146968	0.6600235	-0.76801294
-0.27324858	-0.2795108	-0.33631	0.25853896	-0.24828325	-0.29655072	0.34905392	0.30621693	0.31325918	0.28780627	-0.34425628	-0.3047299	-0.27537745	0.31163293	-0.25775623	-0.29598877	0.28645363	0.2866377	-0.27965233	-0.2773175	-0.28992176	-0.31504	0.29465222	0.3037324	0.25694922	0.25534537	-0.32579714	-0.31845427	0.3104149	0.3026106	-0.24188136	0.26518852	-0.29768282	-0.28646708	0.3207953	-0.2950536	-0.31261653	0.30813172	-0.2450523	0.33931354	0.2608996	-0.24601106	-0.25521204	-0.29384097	-0.28089267	0.30671787	-0.3392895	-0.30999908	0.26864922	0.27111393	-0.2649392	-0.3210569	-0.29901206	-0.25407314	-0.2987612	-0.31385487	0.27608865	-0.32275644	-0.31416437	-0.26758543	-0.31719667	0.2522521	0.24656314	-0.28031617	0.2743926	0.25960755	-0.27960014	0.3021935	0.29175332	-0.2653708	0.24964544	0.24771887	-0.32697558	-0.27310297	0.25559422	0.33564517	0.3175025	-0.3047021	-0.30530483	0.25664824	0.27887982	-0.30545393	0.26321068	0.3251923	0.3035832	0.23179707	0.29461694	0.32984048	-0.30318594	-0.2750442	0.24400717	0.2798784	-0.32239273	0.27178398	-0.31243783	0.26144812	0.27029064	-0.2653965	0.3135974	-0.25687477
-0.77380246	-0.83066887	-0.7558983	0.88082576	-0.8220257	-0.79131836	0.82898736	0.7566075	0.78540725	0.80375975	-0.83196205	-0.84047514	-0.78568834	0.7526992	-0.8573816	-0.8345315	0.8515776	0.73914963	-0.79067945	-0.86682165	-0.87100106	-0.7791273	0.87610376	0.8278584	0.83227664	0.7809244	-0.8250215	-0.81918675	0.82545805	0.81886727	-0.7947957	0.84970915	-0.77878755	-0.7028393	0.7869683	-0.883967	-0.78194845	0.79279816	-0.76822364	0.7435002	0.8202383	-0.87666935	-0.82256055	-0.85069656	-0.8610064	0.8114454	-0.78146607	-0.8520995	0.8786028	0.82880765	-0.76082945	-0.87299526	-0.84872836	-0.87987846	-0.8744544	-0.84653807	0.8886402	-0.864053	-0.8407021	-0.8389136	-0.85171133	0.8350247	0.76477563	-0.89834267	0.83970046	0.8527251	-0.74192023	0.7780888	0.8885788	-0.87067753	0.8056026	0.8569748	-0.8772775	-0.80320525	0.8668789	0.7943219	0.88108253	-0.79857373	-0.77804124	0.7434019	0.77302605	-0.72325736	0.83920395	0.8005306	0.7263725	0.78340167	0.8302203	0.81460524	-0.786122	-0.85370415	0.8398696	0.865338	-0.8552754	0.79943556	-0.8260395	0.8463227	0.8810794	-0.74355125	0.82804966	-0.87006336
-0.66797274	-0.80777806	-0.7306587	0.8041063	-0.75372654	-0.8351864	0.78281546	0.73523515	0.8339807	0.85739535	-0.79258394	-0.8340177	-0.79578394	0.80739534	-0.8489129	-0.80663085	0.8587115	0.69409215	-0.8068084	-0.7725271	-0.8322381	-0.8383974	0.8352589	0.781066	0.8491803	0.7499936	-0.8459863	-0.79572296	0.86187947	0.8160107	-0.8166593	0.8550738	-0.80193126	-0.6872856	0.776037	-0.8384461	-0.7382519	0.73271126	-0.71659577	0.753285	0.8907734	-0.82325536	-0.85513	-0.832479	-0.75831187	0.832236	-0.76707333	-0.74745053	0.8417452	0.82278144	-0.5981389	-0.8856324	-0.7067753	-0.778275	-0.8203604	-0.79986113	0.8281947	-0.873793	-0.7947671	-0.78197175	-0.8050691	0.8005132	0.7246133	-0.9034028	0.80409914	0.86216927	-0.69135594	0.7202722	0.8346547	-0.8101538	0.7388335	0.80153567	-0.824564	-0.7930271	0.81398463	0.8192263	0.7825566	-0.76900876	-0.8057421	0.685292	0.7896819	-0.6686449	0.7720235	0.77313447	0.5709614	0.76123464	0.773977	0.7777882	-0.7488572	-0.8456836	0.7867307	0.7956108	-0.757194	0.83977884	-0.82395875	0.75213444	0.8245665	-0.7329232	0.7819769	-0.86070246
-0.8143431	-0.899606	-0.8464322	0.8719512	-0.8338236	-0.74735147	0.7401886	0.8011389	0.9318103	0.7842634	-0.7937682	-0.84309393	-0.8090949	0.7571588	-0.8770169	-0.83121574	0.8623092	0.8021941	-0.863734	-0.7933579	-0.8958928	-0.8676083	0.87075794	0.7980404	0.88208187	0.8282933	-0.8339671	-0.8290316	0.88666964	0.8648814	-0.820241	0.8487647	-0.84024394	-0.71452945	0.8718992	-0.8656054	-0.6904956	0.8613362	-0.86646515	0.8223405	0.8895376	-0.7687026	-0.7993552	-0.8582445	-0.7801543	0.82820517	-0.7294829	-0.8799874	0.8070144	0.7647642	-0.711017	-0.914181	-0.7353084	-0.82920635	-0.8047394	-0.84019476	0.8299669	-0.8071759	-0.8595675	-0.8546073	-0.8297694	0.7736614	0.74016255	-0.81292135	0.8823437	0.9215656	-0.7481552	0.85588217	0.8496074	-0.8141508	0.78828585	0.88822454	-0.82846224	-0.8303289	0.8538127	0.85350907	0.76444197	-0.8472346	-0.81213564	0.65052456	0.87100255	-0.7209846	0.8980303	0.7903357	0.7044414	0.8825546	0.9000338	0.8048318	-0.8526673	-0.7915215	0.8753476	0.814885	-0.8701651	0.78822184	-0.8575062	0.8285569	0.84119177	-0.7214095	0.81057847	-0.8591279
-0.46404257	-0.53486	-0.51749355	0.48995787	-0.51352334	-0.45751327	0.474439	0.47825164	0.49717408	0.5028083	-0.5241963	-0.54244465	-0.4660901	0.47930595	-0.4861874	-0.5508298	0.45061862	0.5233388	-0.4544229	-0.45741302	-0.5415634	-0.54857314	0.48207682	0.50394917	0.5032153	0.45803297	-0.4550841	-0.52960396	0.49592075	0.45443255	-0.5269827	0.5421461	-0.50689936	-0.5076632	0.4855816	-0.50900793	-0.5027555	0.5207272	-0.444912	0.51913685	0.4602723	-0.53199714	-0.5107345	-0.49938318	-0.5214259	0.44235516	-0.4948315	-0.524864	0.5095329	0.44901678	-0.42241114	-0.48408976	-0.45235866	-0.4964341	-0.50060266	-0.52845395	0.4608499	-0.48267636	-0.45725682	-0.46466056	-0.4778489	0.506826	0.45298132	-0.4960434	0.48314646	0.5042196	-0.43946242	0.49348676	0.46666163	-0.46535915	0.5376658	0.5140464	-0.5351748	-0.47150767	0.5412241	0.49452272	0.5327763	-0.498015	-0.46095222	0.43954593	0.4980411	-0.4621533	0.49096435	0.52795815	0.4855009	0.5430436	0.49979022	0.46868524	-0.4704777	-0.51140887	0.46886614	0.4649069	-0.46896636	0.51851517	-0.5230313	0.48580188	0.45949772	-0.4090501	0.51568806	-0.503269
-0.86789155	-0.9275371	-0.87672424	0.9293007	-0.7980506	-0.73171204	0.7734645	0.8143346	0.96301776	0.8787875	-0.75413024	-0.8703759	-0.8886429	0.830098	-0.84005886	-0.8704359	0.8404935	0.8978042	-0.859918	-0.83617437	-0.9531934	-0.97042286	0.87515336	0.8989414	0.8653746	0.8503297	-0.9736597	-0.86654645	0.9227088	0.85555744	-0.9150004	0.8934616	-0.9036541	-0.7002312	0.9491884	-0.8983767	-0.6624749	0.8654869	-0.8568501	0.81963027	0.91566473	-0.79785234	-0.87912387	-0.9132563	-0.81477875	0.8186838	-0.6686142	-0.85838956	0.8916826	0.73461086	-0.7589445	-0.94995606	-0.7957745	-0.91383713	-0.90378463	-0.96533066	0.87279814	-0.90664905	-0.8349729	-0.87619007	-0.86534595	0.8608575	0.8117689	-0.84825283	0.8797197	0.9386043	-0.92212796	0.8990135	0.9394058	-0.93327737	0.9158548	0.92448556	-0.9150205	-0.83008456	0.8530122	0.8238976	0.8111677	-0.9109715	-0.69895023	0.5923773	0.82739145	-0.7581053	0.90774757	0.80916905	0.7182965	0.95777345	0.8493078	0.8773231	-0.77038974	-0.78324807	0.8651265	0.82092315	-0.9832752	0.8605692	-0.8699932	0.8553539	0.9373636	-0.64800894	0.8955245	-0.9139785
-0.4366459	-0.46708098	-0.3950045	0.40532586	-0.46657482	-0.34504429	0.4006217	0.40237334	0.4508113	0.4328838	-0.40158403	-0.44927472	-0.38472575	0.39045462	-0.43933567	-0.42001632	0.46201068	0.45398495	-0.38794628	-0.3926558	-0.44850755	-0.4351221	0.40531924	0.4223767	0.37425265	0.37803775	-0.491458	-0.43412468	0.43043917	0.45063293	-0.37774926	0.45850432	-0.39625126	-0.37810707	0.4571301	-0.42445225	-0.39501408	0.46574396	-0.44566295	0.37315437	0.451312	-0.4664234	-0.40591383	-0.45603353	-0.37428272	0.40098232	-0.3840584	-0.4178724	0.44796935	0.44660744	-0.36975577	-0.49285945	-0.37841466	-0.46338418	-0.4092704	-0.37089443	0.40434682	-0.42868158	-0.41864398	-0.39960307	-0.42599726	0.35741177	0.45824802	-0.4056309	0.4670507	0.42918852	-0.3810822	0.43365723	0.3850653	-0.398257	0.4029654	0.4241676	-0.44349843	-0.4445581	0.4494413	0.40801135	0.40928334	-0.3967341	-0.42062846	0.33489263	0.42096055	-0.45239833	0.40817615	0.4473298	0.4040436	0.39239076	0.42619354	0.49303696	-0.45444426	-0.3780364	0.46802893	0.42137167	-0.41044086	0.42853943	-0.46102947	0.39779097	0.38758186	-0.34678692	0.40241286	-0.43705922
-0.7072609	-0.709597	-0.6992331	0.7406992	-0.6912555	-0.7487639	0.66957843	0.7084224	0.70477074	0.771787	-0.74314547	-0.72014016	-0.7529994	0.7414166	-0.7940078	-0.73768115	0.7237782	0.6691749	-0.71456563	-0.76936185	-0.7744185	-0.7717796	0.72090304	0.75038165	0.7622195	0.74831885	-0.73602384	-0.69450784	0.7897264	0.773895	-0.7335081	0.79318976	-0.77630514	-0.69816256	0.7468372	-0.78652745	-0.6300508	0.6802432	-0.7019749	0.68668914	0.7779915	-0.75035	-0.7411312	-0.72010416	-0.7324834	0.78600234	-0.6911423	-0.78363925	0.7927862	0.7413698	-0.6457109	-0.7712284	-0.72051775	-0.71707827	-0.7823109	-0.78346044	0.8026946	-0.7857797	-0.72707283	-0.73825955	-0.71099806	0.6733953	0.7011246	-0.7621277	0.7842224	0.72806674	-0.6779137	0.6538471	0.7164462	-0.7976416	0.7102092	0.7814634	-0.764201	-0.6996419	0.73982966	0.6842184	0.75308853	-0.78831506	-0.76856893	0.6974191	0.7181617	-0.6606577	0.6885716	0.67019945	0.68991554	0.6724815	0.6930083	0.67679447	-0.789887	-0.7320451	0.70790064	0.78417	-0.7812734	0.801322	-0.76864433	0.7256533	0.7010126	-0.6716543	0.69509685	-0.742197
-0.50215995	-0.55957544	-0.5504252	0.6106234	-0.49472642	-0.45806468	0.47090465	0.47266656	0.57578194	0.5494611	-0.5685212	-0.581873	-0.517363	0.525246	-0.5473848	-0.5927017	0.5599183	0.52547145	-0.48761302	-0.518594	-0.5747164	-0.6119998	0.5916242	0.51826704	0.51444584	0.49912173	-0.60515285	-0.49675864	0.57983565	0.54237676	-0.5451047	0.5310781	-0.52098787	-0.45488	0.5978132	-0.5156256	-0.45605797	0.5389432	-0.55367404	0.5169427	0.5178131	-0.48692894	-0.56060845	-0.5683649	-0.54412615	0.5546736	-0.46928117	-0.54976434	0.5218132	0.5569249	-0.47968376	-0.57528454	-0.52340317	-0.5487841	-0.54282695	-0.5753257	0.5144838	-0.5618771	-0.54901326	-0.59052694	-0.5917937	0.5368375	0.4882615	-0.6057325	0.57824916	0.53590626	-0.54549474	0.5756937	0.5433444	-0.51426303	0.5787973	0.5119533	-0.5866272	-0.5104467	0.5250321	0.52093285	0.55314314	-0.57441664	-0.4787472	0.41667876	0.5459042	-0.49740732	0.5630432	0.5636699	0.45967793	0.585995	0.5884934	0.5645096	-0.46719584	-0.52161455	0.5046867	0.5565588	-0.6115622	0.5510379	-0.5633745	0.5963523	0.5194787	-0.4342066	0.5561074	-0.535968
-0.5683179	-0.49399325	-0.55504006	0.52363884	-0.49065095	-0.489522	0.47476214	0.4799726	0.5472789	0.49944022	-0.49327397	-0.57425624	-0.55532485	0.52410716	-0.51694655	-0.52744657	0.4960425	0.48410374	-0.54534096	-0.54032564	-0.5611785	-0.5352175	0.55698246	0.5079091	0.51935434	0.56987536	-0.5786576	-0.5168929	0.54160905	0.5858513	-0.48074245	0.57114905	-0.5343423	-0.4820195	0.5610902	-0.5497163	-0.45376346	0.5128937	-0.5488621	0.5322624	0.5685595	-0.5634746	-0.52036244	-0.5556345	-0.53562057	0.48030275	-0.4830445	-0.5071269	0.46320117	0.5377603	-0.48686397	-0.6162001	-0.47584733	-0.5938611	-0.51817554	-0.58637697	0.53116715	-0.5104633	-0.47393683	-0.50797224	-0.53106064	0.46446848	0.52402717	-0.5932696	0.5696464	0.57421595	-0.5221681	0.52165365	0.5203363	-0.5339026	0.50333524	0.561065	-0.555245	-0.5459898	0.4893576	0.49218634	0.49086252	-0.53244776	-0.46357748	0.3907663	0.4979104	-0.47751406	0.53554666	0.53004825	0.4157347	0.60179406	0.5587716	0.5381856	-0.5346897	-0.5242044	0.57047665	0.5603693	-0.61533743	0.4296826	-0.58152956	0.56647843	0.55993456	-0.33964673	0.5477783	-0.52564216
-0.4672303	-0.5096972	-0.5484716	0.5404783	-0.5319234	-0.5116505	0.5021191	0.5174649	0.5430839	0.4740677	-0.5311381	-0.47102052	-0.48369616	0.5507114	-0.50480783	-0.54334235	0.52555263	0.4794018	-0.5547198	-0.48772475	-0.47034436	-0.50019205	0.4598845	0.49906316	0.50100124	0.5404811	-0.48367593	-0.49066293	0.49153277	0.55042046	-0.46409985	0.5034374	-0.46967384	-0.5105501	0.46596488	-0.4636653	-0.53590447	0.56081766	-0.53477156	0.5101249	0.52686375	-0.47084725	-0.53420943	-0.50238925	-0.55494547	0.4745502	-0.5167087	-0.47951365	0.49772063	0.48989812	-0.45583022	-0.4906836	-0.51921356	-0.55332536	-0.48285365	-0.54195213	0.4833336	-0.53009194	-0.47678193	-0.5365179	-0.5489214	0.46502566	0.44707754	-0.5224808	0.5048872	0.54828525	-0.45490023	0.53899354	0.5113864	-0.48338178	0.4593341	0.47242293	-0.51340336	-0.5556692	0.5474957	0.47354224	0.5228019	-0.5056203	-0.54352695	0.47752365	0.54288125	-0.4580787	0.53703916	0.5572535	0.4893007	0.5094491	0.5553748	0.4640972	-0.5285001	-0.4630502	0.46502241	0.462602	-0.525089	0.5050821	-0.4679759	0.56166494	0.51403826	-0.45232525	0.50316066	-0.50676876
-0.67049694	-0.6582742	-0.58732027	0.6511174	-0.6630523	-0.5382415	0.6197031	0.63068336	0.5962892	0.64130306	-0.61637324	-0.65478784	-0.5638094	0.6444446	-0.6664496	-0.6679085	0.59891903	0.60985875	-0.61888134	-0.63188434	-0.615516	-0.62399226	0.6499846	0.5903521	0.5953858	0.60975647	-0.6269097	-0.5888314	0.5943415	0.60234237	-0.60358524	0.57725215	-0.6510175	-0.6020823	0.59733605	-0.65143454	-0.6463546	0.6311705	-0.6658507	0.635597	0.570541	-0.6340339	-0.59307677	-0.6686574	-0.695298	0.57990503	-0.59061223	-0.6204799	0.64066976	0.60495466	-0.68151844	-0.63805205	-0.6322004	-0.68549395	-0.5768796	-0.64581513	0.5909093	-0.59957176	-0.5593175	-0.6684236	-0.6523067	0.6514637	0.59425133	-0.66962326	0.64807636	0.6339064	-0.6627029	0.59644514	0.61532015	-0.62088716	0.58882487	0.6341149	-0.6083473	-0.5690238	0.67626107	0.68788695	0.58632934	-0.6202162	-0.5971998	0.63827324	0.60110974	-0.67267394	0.6217893	0.620836	0.602829	0.6542063	0.62672555	0.67793757	-0.65577745	-0.61913514	0.6729605	0.6435178	-0.601151	0.5343706	-0.6019401	0.6074176	0.59212327	-0.6415054	0.5945582	-0.5768039
-0.6861718	-0.712772	-0.7359479	0.6716272	-0.7217355	-0.6276682	0.7050188	0.66386557	0.7094333	0.69427246	-0.67846537	-0.6455509	-0.5961145	0.67187536	-0.71277285	-0.72250324	0.65701693	0.7180503	-0.63250536	-0.68269646	-0.69916767	-0.7094517	0.6951494	0.74390566	0.73124677	0.7065534	-0.6881993	-0.70833015	0.67777723	0.676146	-0.7305524	0.6616619	-0.6468142	-0.6656718	0.69159037	-0.73156464	-0.65645367	0.6643823	-0.6551991	0.65088105	0.6412843	-0.7175139	-0.69609016	-0.7505206	-0.65347534	0.6704504	-0.63823104	-0.7300609	0.6041525	0.7097558	-0.6299073	-0.7101863	-0.6771884	-0.72426313	-0.68149316	-0.736785	0.71748805	-0.6473569	-0.6277628	-0.7029121	-0.7586689	0.6843335	0.69490266	-0.7084676	0.6866855	0.72869897	-0.69896686	0.6866086	0.7075324	-0.70494974	0.6771871	0.67952996	-0.66180235	-0.69878733	0.6788119	0.7287156	0.6451139	-0.7052878	-0.693708	0.5716646	0.6842073	-0.6749182	0.7103154	0.6580172	0.66333324	0.7049861	0.74921423	0.7438596	-0.6406429	-0.7040551	0.6978052	0.65424	-0.7108127	0.590686	-0.7287855	0.73123205	0.734406	-0.64722747	0.68654734	-0.6796816
-0.53969216	-0.54367226	-0.5377875	0.53302157	-0.5365994	-0.4995275	0.5467281	0.55432224	0.5578496	0.54712105	-0.51932436	-0.53127176	-0.59698796	0.57620573	-0.615349	-0.54835457	0.6169559	0.60034436	-0.6065377	-0.5607988	-0.6049673	-0.54949784	0.53987265	0.6116273	0.5689779	0.5240787	-0.5708562	-0.59913236	0.6029414	0.5974924	-0.5904624	0.5992701	-0.5729239	-0.4931875	0.54495883	-0.55556405	-0.50987935	0.5476281	-0.5614397	0.529999	0.561569	-0.6048549	-0.5662174	-0.5596089	-0.59550303	0.5880123	-0.57853544	-0.56317574	0.57009786	0.60377014	-0.5331062	-0.5486243	-0.53782785	-0.59615445	-0.60602635	-0.6126767	0.58312005	-0.56192505	-0.5786046	-0.53716856	-0.623067	0.5497692	0.56015724	-0.63233393	0.574654	0.58147836	-0.54898906	0.52130514	0.6220753	-0.57590556	0.55377585	0.5918582	-0.6303553	-0.6049452	0.60369736	0.5695979	0.5378922	-0.53485245	-0.5158311	0.50565594	0.5125988	-0.56452155	0.54583335	0.5690491	0.45394677	0.54615384	0.5346708	0.54580736	-0.567584	-0.56592786	0.5639525	0.5288542	-0.5400179	0.45510587	-0.53214633	0.58909136	0.5756961	-0.45766073	0.5691851	-0.564458
-0.6185708	-0.66359365	-0.5901113	0.62169695	-0.55169934	-0.4527209	0.51431686	0.5949174	0.6861541	0.5603366	-0.53719425	-0.6441219	-0.6112123	0.61733955	-0.54273534	-0.57429785	0.54217577	0.6165982	-0.5864205	-0.5787935	-0.6713126	-0.6728961	0.5318325	0.64430946	0.60156536	0.63405335	-0.6366728	-0.6031394	0.5508966	0.6017884	-0.63833827	0.61935085	-0.6184277	-0.4835939	0.67954797	-0.51628125	-0.5354473	0.62172997	-0.61196107	0.60766625	0.632598	-0.54113865	-0.5412882	-0.5903173	-0.63945204	0.536948	-0.5762267	-0.6091045	0.6216826	0.5573205	-0.5020107	-0.68273914	-0.57853186	-0.576942	-0.55348223	-0.6639041	0.6367365	-0.59481776	-0.51766914	-0.6030758	-0.55916965	0.620151	0.52780247	-0.5640273	0.6567598	0.6305331	-0.604106	0.6241699	0.57012504	-0.6581069	0.6298855	0.5860653	-0.5979478	-0.61265814	0.57139415	0.5610447	0.588869	-0.66181445	-0.5363409	0.5224669	0.6626891	-0.5488972	0.5810918	0.59445983	0.51753277	0.68333274	0.6480948	0.5918903	-0.54438645	-0.5622744	0.6381433	0.5737145	-0.67097557	0.5526613	-0.6491403	0.63274276	0.5633044	-0.4800794	0.549885	-0.5856626
-0.7293474	-0.9501409	-0.8607823	0.9128967	-0.8724795	-0.7808481	0.8349131	0.7637604	0.89658815	0.9534807	-0.9230392	-0.94747597	-0.8786638	0.8993133	-0.9019658	-0.9245524	0.9275538	0.8085029	-0.8563458	-0.89496464	-0.9491163	-0.8163861	0.9506968	0.89813644	0.9356163	0.83107245	-0.8508236	-0.8839174	0.8887847	0.93134946	-0.8471722	0.9741157	-0.889635	-0.8300366	0.9085716	-0.87045187	-0.7795076	0.8157454	-0.83961964	0.838792	0.9169024	-0.8601757	-0.87230617	-0.8482907	-0.8609333	0.8778999	-0.81159216	-0.9209011	0.8627566	0.9163874	-0.71838534	-0.9413769	-0.7976645	-0.875535	-0.93799734	-0.9357258	0.92531776	-0.89035386	-0.82066923	-0.8389347	-0.9148512	0.8049444	0.8492705	-0.95083886	0.8457993	0.9506589	-0.78982735	0.84809643	0.8936257	-0.92448014	0.8554452	0.865942	-0.8497191	-0.8698014	0.9159797	0.85040367	0.9266167	-0.91564846	-0.86466587	0.72983706	0.78675056	-0.7414608	0.8493177	0.821777	0.7753896	0.8039547	0.9225277	0.85416	-0.84421015	-0.89382577	0.93785685	0.8945429	-0.84512323	0.78966284	-0.8187705	0.85110193	0.8924879	-0.78590226	0.8804015	-0.9551958
-0.32320452	-0.2899715	-0.30327016	0.31890658	-0.28230944	-0.28495508	0.26764372	0.25349748	0.3507972	0.34884942	-0.27907294	-0.2743314	-0.28198934	0.27911723	-0.33770588	-0.30179697	0.3102815	0.29713994	-0.32851115	-0.28182068	-0.30733958	-0.30626285	0.3400559	0.31461018	0.35080114	0.2930472	-0.25752586	-0.34057385	0.2621316	0.31719095	-0.2745283	0.27472773	-0.33580977	-0.256305	0.33201897	-0.31149557	-0.3187832	0.31829968	-0.26258245	0.2586634	0.3424509	-0.28586337	-0.28690723	-0.2658498	-0.31204844	0.31221047	-0.33690557	-0.3075081	0.34718916	0.3087268	-0.28263178	-0.31926456	-0.3056602	-0.3512419	-0.3069541	-0.26709872	0.2591356	-0.35396862	-0.3272275	-0.25554946	-0.29231754	0.34456956	0.30441895	-0.3507171	0.28944418	0.31618434	-0.34812754	0.25895038	0.25890312	-0.31609598	0.31115434	0.29594785	-0.32073143	-0.33719286	0.29554906	0.2585105	0.28975475	-0.31662008	-0.3205586	0.24511766	0.27697882	-0.24853179	0.33440435	0.29669228	0.29669353	0.27777827	0.28271815	0.27437964	-0.30648074	-0.28996265	0.3453575	0.31498474	-0.29808718	0.33344233	-0.2734151	0.28735915	0.26779833	-0.25174072	0.2651731	-0.32684696
-0.7842862	-0.74820167	-0.74012554	0.72517526	-0.7016663	-0.5577559	0.7634661	0.6751839	0.7665696	0.7686526	-0.6690152	-0.7790339	-0.6498062	0.75105536	-0.65452814	-0.7717862	0.72204655	0.7750501	-0.71759754	-0.7055644	-0.77621967	-0.79468733	0.7099779	0.8246866	0.7551872	0.78736615	-0.80877143	-0.80479234	0.69774276	0.7492472	-0.7820168	0.7169988	-0.72076	-0.6556418	0.814314	-0.693816	-0.7008822	0.79530436	-0.7592763	0.75319433	0.7230309	-0.71376044	-0.68822235	-0.79766923	-0.7177415	0.6316479	-0.6695463	-0.7595607	0.6481454	0.73222387	-0.65641916	-0.84856594	-0.69462126	-0.8054582	-0.7229109	-0.7517572	0.7826158	-0.63373595	-0.6841322	-0.76814085	-0.7129624	0.7591522	0.6565035	-0.76908624	0.7863077	0.77239484	-0.7269621	0.7284765	0.69813734	-0.79494315	0.7710008	0.72171706	-0.79613984	-0.70567447	0.78318477	0.802492	0.7575456	-0.77976084	-0.7065708	0.65568626	0.7252456	-0.6898674	0.79590046	0.7211755	0.6497191	0.71563697	0.8293037	0.81929404	-0.7028401	-0.68992937	0.77948546	0.763865	-0.78154814	0.5630012	-0.72521883	0.71640676	0.7806759	-0.66804636	0.7886426	-0.79072
-0.58363706	-0.6305395	-0.6797685	0.6545316	-0.5806932	-0.68727547	0.6506041	0.5560813	0.6530342	0.69671005	-0.6306201	-0.60668063	-0.6016785	0.62849927	-0.62740254	-0.64403737	0.65280706	0.6384594	-0.6224407	-0.5943105	-0.6909737	-0.6302067	0.67357934	0.6447449	0.6412565	0.6308526	-0.6295532	-0.60552144	0.6768634	0.61156756	-0.59591687	0.6178789	-0.6592166	-0.58099926	0.66293484	-0.6719714	-0.5413673	0.5976064	-0.6738733	0.6772078	0.64456975	-0.6918149	-0.6549436	-0.6954692	-0.64682335	0.6455495	-0.62998134	-0.7028814	0.6476317	0.6114912	-0.558976	-0.6806839	-0.6151741	-0.66756177	-0.6369697	-0.61921996	0.62533665	-0.6508266	-0.6640664	-0.6938477	-0.61729264	0.60475856	0.6371384	-0.6505958	0.677308	0.62866664	-0.6192826	0.61798733	0.65358657	-0.63566196	0.5841262	0.67775136	-0.6331924	-0.6048366	0.6040542	0.65291303	0.6346145	-0.6592612	-0.65877265	0.55633706	0.5962412	-0.61916476	0.62380695	0.6703636	0.61193705	0.6722586	0.6619589	0.6393113	-0.6437589	-0.6388455	0.6684377	0.655399	-0.66395235	0.67825335	-0.6064953	0.64506596	0.6641682	-0.5316436	0.5950351	-0.6782579
-0.7302722	-0.7404719	-0.7523365	0.7462549	-0.73550385	-0.6646986	0.7659136	0.733839	0.81748456	0.7012821	-0.70142394	-0.7795977	-0.7191942	0.7388612	-0.7502187	-0.72354615	0.79678434	0.7549739	-0.69315994	-0.7419354	-0.74778837	-0.72317356	0.7708616	0.7720363	0.69841975	0.7473915	-0.79918295	-0.7122952	0.7413878	0.7926851	-0.7512139	0.7226503	-0.7506541	-0.71935356	0.7444314	-0.70665586	-0.694926	0.8107713	-0.796961	0.7028937	0.75231117	-0.7702623	-0.6877966	-0.7159717	-0.7320366	0.6970284	-0.70102	-0.7826682	0.76085943	0.7486728	-0.7467582	-0.7637177	-0.72609264	-0.7887556	-0.7038117	-0.7307141	0.72389245	-0.7810934	-0.7695723	-0.77138317	-0.71480066	0.7157324	0.71359444	-0.7758624	0.78049964	0.79012084	-0.7366036	0.7435452	0.7217693	-0.7345843	0.7298017	0.79893625	-0.7551733	-0.7751592	0.77797943	0.68417764	0.67010605	-0.7579218	-0.7240356	0.7193203	0.74196094	-0.67870456	0.7315979	0.79979175	0.7301692	0.8207512	0.8048427	0.8006259	-0.7381969	-0.7201631	0.7663463	0.7426564	-0.79169804	0.76180834	-0.7068234	0.7289069	0.71466756	-0.6847988	0.79273355	-0.76803327
-0.50302815	-0.46404958	-0.51444066	0.44297037	-0.49017107	-0.45330158	0.45604065	0.41604963	0.4835402	0.47455055	-0.48946616	-0.4757128	-0.44479173	0.46165	-0.5189658	-0.5042285	0.47160324	0.50236714	-0.50111324	-0.50430965	-0.46330693	-0.5143797	0.51144916	0.5094921	0.5184803	0.4947155	-0.45691654	-0.45906585	0.5373159	0.45902956	-0.4998338	0.5315033	-0.46902162	-0.42987213	0.46052325	-0.47241408	-0.46417728	0.4448183	-0.4415536	0.4914198	0.45151126	-0.48988068	-0.5334884	-0.45208555	-0.5118376	0.46791545	-0.40585253	-0.45938694	0.4976217	0.43084094	-0.44280085	-0.5300358	-0.4213915	-0.49611354	-0.47468635	-0.49634823	0.45438692	-0.45118085	-0.43456075	-0.53171486	-0.5415748	0.4996673	0.41673008	-0.49473494	0.4936182	0.5122324	-0.4133184	0.43401977	0.53907704	-0.51375157	0.4671614	0.48660022	-0.50330555	-0.5226044	0.519963	0.51617086	0.4447811	-0.4577645	-0.45492542	0.3697929	0.4337835	-0.41273648	0.49750295	0.5078257	0.36409396	0.44723558	0.44889313	0.53919417	-0.4491243	-0.5254664	0.4655602	0.4441453	-0.4801978	0.5251598	-0.45222768	0.46025518	0.46188137	-0.36590296	0.43695492	-0.53449225
-0.57383573	-0.55345243	-0.57101375	0.52700686	-0.5679911	-0.4104847	0.5356679	0.52732486	0.50339323	0.51908237	-0.47358558	-0.57749724	-0.50157857	0.51792485	-0.5320515	-0.5092265	0.5544986	0.5537861	-0.48798996	-0.5835176	-0.5454107	-0.5963633	0.57016563	0.5977268	0.5427842	0.54808927	-0.5781158	-0.5605773	0.47987556	0.5127981	-0.5353259	0.48134646	-0.48796675	-0.56396437	0.51254964	-0.4664752	-0.53780323	0.5406465	-0.53718716	0.55766714	0.5102118	-0.5260957	-0.52606755	-0.56659573	-0.5398215	0.47761452	-0.58013314	-0.50703514	0.47763398	0.56388754	-0.5721774	-0.5512714	-0.53244114	-0.5581097	-0.54284775	-0.55282855	0.5278124	-0.42338404	-0.520737	-0.5243898	-0.55025524	0.49975508	0.5325475	-0.53444517	0.5656426	0.56438655	-0.5796072	0.56391674	0.5393213	-0.5378285	0.5181439	0.5636706	-0.53249943	-0.4959911	0.5101742	0.52904207	0.5749609	-0.5632257	-0.5096391	0.5228776	0.56141007	-0.5617226	0.590753	0.4957879	0.5325327	0.5374594	0.60299855	0.5567279	-0.5772534	-0.49683693	0.5869938	0.5888391	-0.60041964	0.42791224	-0.5689342	0.5365883	0.5700617	-0.5293827	0.56608164	-0.52933234
-0.81514835	-0.88234895	-0.8519741	0.8353662	-0.8468358	-0.73111737	0.73783773	0.75967735	0.88790345	0.7784476	-0.81963557	-0.81497955	-0.9072921	0.7857633	-0.80965054	-0.80877835	0.8550627	0.7885074	-0.8214247	-0.8089528	-0.86825824	-0.79026455	0.82708657	0.7693835	0.7866406	0.8753665	-0.89808345	-0.82118386	0.8383964	0.84280634	-0.88291645	0.78339386	-0.84324247	-0.67384523	0.80165344	-0.8117762	-0.7020604	0.8478162	-0.79143953	0.81344813	0.810546	-0.73779577	-0.7375861	-0.79402715	-0.7559512	0.8442763	-0.6279657	-0.80601674	0.81617695	0.80744886	-0.7511952	-0.8403619	-0.72514737	-0.8251552	-0.81828624	-0.8074035	0.8039217	-0.80813134	-0.73199743	-0.80719626	-0.84818155	0.8294473	0.755276	-0.7761948	0.76543903	0.8212746	-0.83633024	0.7492575	0.77994215	-0.8412915	0.83743536	0.88600117	-0.82796156	-0.79960644	0.79582816	0.7377411	0.663379	-0.82499605	-0.5969732	0.6466723	0.7755474	-0.79409045	0.81417966	0.8628685	0.78024757	0.8044557	0.8356894	0.8496634	-0.6588128	-0.7318849	0.85322636	0.75728446	-0.87104344	0.8751832	-0.8142358	0.8715687	0.8766205	-0.6775074	0.777913	-0.7793571
-0.57176423	-0.6603515	-0.5978874	0.61503917	-0.57001805	-0.65652645	0.5758082	0.5290443	0.6064178	0.5760262	-0.61484474	-0.68779105	-0.65406305	0.62225014	-0.6843992	-0.684592	0.61468804	0.62734187	-0.6662064	-0.6195707	-0.6092064	-0.6713744	0.67515177	0.6000808	0.6040878	0.6090504	-0.62841254	-0.6509686	0.6293233	0.6020593	-0.6144629	0.6549281	-0.6231825	-0.479648	0.5952178	-0.64610213	-0.52273756	0.6247656	-0.5475502	0.5740232	0.6499795	-0.6858781	-0.66444045	-0.6364695	-0.58761925	0.68161154	-0.5976845	-0.6292497	0.6584015	0.62887853	-0.5394745	-0.646545	-0.5296006	-0.62843823	-0.6806314	-0.6657731	0.67206246	-0.6347348	-0.62296087	-0.61465335	-0.66371155	0.5778842	0.5271963	-0.67954063	0.65668976	0.6018507	-0.5951367	0.5698554	0.6823467	-0.66838866	0.5621628	0.6747436	-0.6473819	-0.64478487	0.5770421	0.62422657	0.6287233	-0.60629624	-0.5525629	0.44015265	0.5736807	-0.5095966	0.67479366	0.6220625	0.56488216	0.5861099	0.62590855	0.6437857	-0.58863425	-0.58010215	0.6668695	0.665361	-0.62016827	0.7023786	-0.6413658	0.583429	0.6616478	-0.41763315	0.6045833	-0.6531019
-0.8882837	-0.78874266	-0.84594387	0.8323012	-0.83359194	-0.6315525	0.8188905	0.7948917	0.8751438	0.8285754	-0.7485768	-0.8072981	-0.7340367	0.81645894	-0.74172646	-0.8162659	0.83751	0.8381175	-0.83263755	-0.8168327	-0.8429144	-0.802053	0.82003474	0.86025906	0.75966644	0.82741684	-0.82496744	-0.78941417	0.67379045	0.8055298	-0.8054495	0.82252675	-0.81667227	-0.7990708	0.8337471	-0.7903637	-0.8001516	0.80739886	-0.85623837	0.85593486	0.73954535	-0.8297144	-0.79169	-0.80713695	-0.8597099	0.7608135	-0.8106558	-0.8667106	0.7030902	0.79466033	-0.77756244	-0.7760435	-0.8323025	-0.7949493	-0.7934249	-0.796992	0.83871615	-0.69828653	-0.7618526	-0.83181995	-0.79575413	0.82644194	0.7683514	-0.7969046	0.87629384	0.8100443	-0.7943096	0.8657741	0.74873614	-0.8024024	0.8139121	0.86838925	-0.804489	-0.8193657	0.7833814	0.7797778	0.7454757	-0.86430204	-0.74321	0.7394782	0.8388047	-0.76801175	0.8728988	0.8107414	0.7895546	0.86490965	0.81081384	0.86118406	-0.7936786	-0.771739	0.82578784	0.7890702	-0.8740458	0.6737395	-0.800693	0.8171366	0.79236466	-0.7839417	0.8272181	-0.8120914
-0.61043733	-0.62459075	-0.6727555	0.661765	-0.6049429	-0.5992543	0.56601644	0.5857797	0.6931024	0.66299516	-0.5835414	-0.66240585	-0.6803792	0.6127739	-0.62421405	-0.7067955	0.65818936	0.5753502	-0.6350649	-0.606222	-0.67905647	-0.6157361	0.6703207	0.61344963	0.60220325	0.63956386	-0.626241	-0.6374164	0.69828856	0.6780163	-0.6711451	0.71453565	-0.6644685	-0.46775028	0.6663366	-0.63991445	-0.45708123	0.67103696	-0.63812834	0.58871067	0.666114	-0.6104374	-0.5964844	-0.62077796	-0.5843496	0.6513783	-0.5380443	-0.6127071	0.6528264	0.61158806	-0.5424972	-0.70139366	-0.5431312	-0.62574667	-0.6384387	-0.7154699	0.6465579	-0.70066965	-0.66263556	-0.59934676	-0.6978496	0.6050262	0.54903895	-0.6410983	0.69015473	0.6581372	-0.5592278	0.66689485	0.6905461	-0.69863373	0.5846635	0.65454286	-0.6756013	-0.6038428	0.62634254	0.61855686	0.6122524	-0.6726888	-0.52533376	0.42151803	0.6738688	-0.6143503	0.7006296	0.6020329	0.5837898	0.6529946	0.657771	0.6859841	-0.6204454	-0.6502371	0.59717137	0.5855809	-0.6890123	0.67845654	-0.656853	0.6392825	0.7111629	-0.44424975	0.63391805	-0.71836776
-0.5343953	-0.5600998	-0.60080403	0.53889424	-0.5552418	-0.5700097	0.54674053	0.49075928	0.63714063	0.5780286	-0.5421014	-0.5384132	-0.5251038	0.61211085	-0.58757955	-0.6135177	0.5287573	0.5365274	-0.6038656	-0.5970685	-0.5657415	-0.5609716	0.62287956	0.61125445	0.607337	0.6023347	-0.5966251	-0.5900323	0.53400147	0.5645937	-0.5556651	0.62577045	-0.5777479	-0.50745714	0.58950686	-0.6052513	-0.5601782	0.6058688	-0.5361012	0.5697222	0.5225538	-0.5709875	-0.5714036	-0.5338142	-0.6131049	0.52941054	-0.5124984	-0.62175006	0.5853508	0.5862104	-0.52734244	-0.6110587	-0.5728945	-0.60607225	-0.5647686	-0.53179955	0.56731206	-0.5438551	-0.5639073	-0.6150298	-0.5782151	0.54040074	0.6168281	-0.5616644	0.54831094	0.614301	-0.54702747	0.59152126	0.53465784	-0.532375	0.61318105	0.54153246	-0.5812308	-0.57318825	0.6112191	0.5873546	0.54517263	-0.62732416	-0.5374983	0.50478184	0.60445094	-0.5876537	0.57718855	0.57184935	0.55909044	0.6353164	0.5482995	0.54220885	-0.5606891	-0.6013136	0.56053317	0.5346029	-0.6041993	0.46838608	-0.6084347	0.6020778	0.5717345	-0.5480662	0.56289023	-0.6009178
-0.948894	-0.8882544	-0.93586135	0.9802569	-0.8999898	-0.71213335	0.8576263	0.90034527	1.0170622	0.92799854	-0.7758453	-0.9731537	-0.942996	0.92527795	-0.9101143	-0.9433232	0.8549125	0.8354352	-0.8820223	-0.86100554	-0.96625245	-1.0001961	0.8404874	0.8812648	0.84675586	0.8813463	-0.91931725	-0.87449014	0.9374943	0.87326163	-0.9054914	0.94649917	-0.93101794	-0.783465	0.97080463	-0.88338643	-0.7722135	0.94478595	-0.8854396	0.90971744	0.86571294	-0.8745573	-0.9001867	-0.96665764	-0.8471453	0.87887	-0.7985849	-0.8895096	0.935067	0.8065061	-0.8678085	-0.9103763	-0.8080171	-0.9633808	-0.9439324	-0.8986407	0.90662736	-0.90740645	-0.79112	-0.9620884	-0.93087834	0.8288898	0.82445574	-0.8782919	0.90724915	0.99610597	-0.93877846	0.9020372	0.93105227	-0.93245995	0.8641524	0.96494186	-0.9225971	-0.84023947	0.8782034	0.8424218	0.8253087	-0.9309178	-0.781166	0.69256824	0.9718299	-0.8722692	0.93394613	0.9042967	0.78377473	0.9690319	0.9460175	0.95043576	-0.8026744	-0.8701805	0.9336924	0.88957846	-0.9608769	0.8705516	-0.86879927	0.9328942	0.88036984	-0.7212984	0.8815237	-0.906755
-0.7818519	-0.8956129	-0.85898674	0.8868389	-0.85217696	-0.81649774	0.7930246	0.7597964	0.9000747	0.7982018	-0.8369939	-0.90281403	-0.86073434	0.82852525	-0.85477257	-0.91483825	0.84810036	0.81018096	-0.8223213	-0.8143713	-0.8339811	-0.8759974	0.82361215	0.8315725	0.81383413	0.8252709	-0.8345058	-0.8542703	0.8427302	0.9090521	-0.8228259	0.88281703	-0.83005065	-0.72981435	0.8395053	-0.815041	-0.6897835	0.8134323	-0.77560705	0.8335905	0.8861013	-0.7841366	-0.8753035	-0.803768	-0.8817377	0.82947433	-0.6768554	-0.86861306	0.84929943	0.8193562	-0.75162536	-0.90849125	-0.84492946	-0.87093973	-0.8986732	-0.8416581	0.80955535	-0.8998072	-0.86846465	-0.8847868	-0.8206072	0.8521652	0.7614148	-0.90672225	0.807808	0.91575617	-0.8502689	0.8166519	0.818022	-0.8721147	0.8351054	0.8956905	-0.8081986	-0.8345963	0.83932775	0.84831953	0.8110684	-0.83796054	-0.6515779	0.60749227	0.8086832	-0.8024194	0.80791414	0.80449116	0.77077603	0.8826122	0.86066514	0.81906915	-0.8041799	-0.8649581	0.8409341	0.7983825	-0.8798048	0.8001697	-0.797626	0.8059694	0.8744231	-0.6569273	0.8308096	-0.8096359
-0.674736	-0.8088519	-0.73490006	0.7511261	-0.69463855	-0.8003079	0.6392214	0.6168001	0.8086063	0.78568983	-0.76508474	-0.78550494	-0.73514396	0.6407184	-0.763962	-0.83720636	0.729167	0.6559095	-0.7515107	-0.7706092	-0.750504	-0.7508629	0.75198233	0.72656786	0.79132205	0.7121052	-0.7318024	-0.7220112	0.7698862	0.72711176	-0.6942352	0.7940928	-0.72622794	-0.5470941	0.75500983	-0.76938456	-0.54968077	0.74048746	-0.6121702	0.64785117	0.78668696	-0.7958455	-0.75976914	-0.68951494	-0.7548007	0.7639655	-0.5861783	-0.70141107	0.7928117	0.73217	-0.5560258	-0.8176637	-0.6971958	-0.74591535	-0.7523847	-0.8074763	0.7780201	-0.8418486	-0.7654172	-0.69074905	-0.7546703	0.68536997	0.60816824	-0.82062143	0.7074049	0.80336964	-0.65708905	0.61921173	0.8235161	-0.77731013	0.6566439	0.7307036	-0.74657595	-0.6714631	0.7669577	0.69757843	0.70120674	-0.7287385	-0.7464203	0.49940813	0.64995295	-0.6065044	0.7108573	0.68621457	0.5247331	0.72328234	0.7839352	0.6798554	-0.67636913	-0.7655293	0.7712196	0.66933984	-0.78426003	0.725156	-0.769783	0.71878517	0.7993068	-0.5113156	0.71475923	-0.8426386
-0.85746133	-0.73221743	-0.7990962	0.82232326	-0.73017544	-0.6323801	0.7673577	0.79823494	0.8209764	0.8054398	-0.7182285	-0.76349074	-0.69738966	0.759624	-0.73267186	-0.7267628	0.7333827	0.8023511	-0.7655832	-0.7423797	-0.80194324	-0.7627425	0.8174664	0.82162625	0.7501306	0.8404693	-0.75778496	-0.7743942	0.74006724	0.82472026	-0.76805556	0.77346176	-0.7952016	-0.7303596	0.7820651	-0.77506095	-0.7325432	0.8208509	-0.759696	0.8073481	0.74162275	-0.7527899	-0.7555218	-0.7534092	-0.7521146	0.703972	-0.71521664	-0.7704066	0.6870157	0.73511636	-0.80686444	-0.8082765	-0.77908224	-0.75834894	-0.7430673	-0.80163985	0.7312867	-0.6916869	-0.7382338	-0.7785154	-0.8055122	0.74949294	0.7610547	-0.711663	0.7545968	0.80513686	-0.83214706	0.7825812	0.73663753	-0.80882895	0.78841156	0.7935001	-0.8330375	-0.7639094	0.7206771	0.7626052	0.76130784	-0.7480523	-0.7237485	0.6757505	0.812295	-0.83501524	0.7780884	0.7450378	0.8313528	0.84702855	0.79402465	0.76335514	-0.70601755	-0.7318533	0.80533636	0.77895695	-0.79055744	0.70275897	-0.81844336	0.8011917	0.7743024	-0.6942459	0.74928313	-0.7276324
-0.83768946	-0.83032715	-0.84305567	0.84009725	-0.77321965	-0.7563246	0.80740905	0.74768907	0.9442899	0.8888721	-0.77326584	-0.8898229	-0.930105	0.83547467	-0.85634166	-0.8641385	0.8989988	0.86570424	-0.80664074	-0.80705374	-0.8913916	-0.859664	0.85244256	0.8875678	0.8332175	0.84929997	-0.91078234	-0.7957218	0.83025825	0.83586216	-0.88726705	0.8908832	-0.9185992	-0.718154	0.9328665	-0.86727023	-0.6989135	0.85345644	-0.8541151	0.8014836	0.8607052	-0.814516	-0.8515768	-0.89336926	-0.8369507	0.8399385	-0.7157687	-0.8780975	0.84898764	0.800088	-0.78875744	-0.87902564	-0.78154445	-0.9248519	-0.87406725	-0.89466405	0.8382667	-0.85173595	-0.7629629	-0.8736986	-0.89505404	0.80962217	0.754027	-0.859129	0.84613246	0.8632244	-0.797058	0.8861661	0.868085	-0.8450817	0.8421737	0.87359995	-0.91762596	-0.7675673	0.870082	0.7881866	0.8059292	-0.8706348	-0.7726523	0.6443312	0.87952405	-0.75087434	0.8960427	0.892824	0.7217851	0.8992182	0.886605	0.9255021	-0.78758675	-0.81190807	0.84418267	0.82219756	-0.9080208	0.8494814	-0.89078057	0.8502267	0.93093586	-0.63971615	0.8440435	-0.86302245
-0.71947044	-0.8979521	-0.7975207	0.8504213	-0.8316548	-0.81347626	0.7592212	0.78386456	0.81573266	0.8232257	-0.8253835	-0.8480496	-0.8554899	0.76216596	-0.8388523	-0.8355202	0.8395696	0.76118225	-0.8391344	-0.8196329	-0.8203479	-0.8123715	0.83166647	0.8411575	0.8143847	0.84032905	-0.87010163	-0.8047591	0.8319969	0.834742	-0.79153985	0.90005827	-0.8467679	-0.6959146	0.7868196	-0.8349459	-0.7208253	0.7671555	-0.82267946	0.80421627	0.8532565	-0.8357374	-0.89556557	-0.7811235	-0.7962047	0.8455889	-0.7749242	-0.81050384	0.8285739	0.7865377	-0.71315706	-0.89398384	-0.7309208	-0.8390376	-0.8485224	-0.8890448	0.8708366	-0.8832043	-0.8470773	-0.8155499	-0.8227062	0.82807577	0.76295406	-0.8681716	0.8449922	0.8613636	-0.7716508	0.7018762	0.8216272	-0.84576696	0.7864757	0.8603407	-0.8432655	-0.81648195	0.8015961	0.77053297	0.8412387	-0.89237136	-0.8003821	0.6799722	0.7702724	-0.69408095	0.8723147	0.82281655	0.68227535	0.7725075	0.802462	0.8445629	-0.83262277	-0.84513736	0.86370397	0.8197581	-0.8248682	0.887018	-0.83041304	0.7781956	0.908302	-0.62301314	0.7793046	-0.8658814
-0.7231149	-0.8403345	-0.7298013	0.8265141	-0.70150787	-0.8023957	0.7335591	0.6690371	0.8631287	0.78377604	-0.76831913	-0.8083387	-0.85640895	0.7617019	-0.82611734	-0.8042694	0.83642733	0.7097868	-0.7500728	-0.7993198	-0.88755083	-0.7783121	0.8383007	0.7927444	0.7824486	0.7771449	-0.7579868	-0.70641524	0.83867717	0.85572296	-0.80131614	0.8541455	-0.791592	-0.6231767	0.77395976	-0.80716574	-0.67296946	0.78218323	-0.73765606	0.6815768	0.78616506	-0.74911046	-0.77049816	-0.7807077	-0.73680156	0.85032296	-0.66272473	-0.818466	0.83301234	0.73003656	-0.6336687	-0.84320176	-0.74371785	-0.74588007	-0.7848067	-0.86826	0.8256604	-0.79002666	-0.8107168	-0.7343277	-0.7947479	0.7735521	0.7044989	-0.8597724	0.7812163	0.8286096	-0.73061365	0.7086759	0.8687532	-0.8200859	0.7549517	0.75846773	-0.78919953	-0.72663426	0.7660893	0.7320667	0.7809271	-0.8196111	-0.7168153	0.6212098	0.70855105	-0.6729704	0.7488936	0.7469551	0.66011554	0.8495747	0.8344248	0.78448385	-0.69917697	-0.8081799	0.7703613	0.71197206	-0.8241547	0.7311632	-0.77719766	0.7709028	0.87913746	-0.63330734	0.8044852	-0.8092524
-0.44986454	-0.5205304	-0.4712843	0.43301398	-0.421039	-0.42491028	0.42029876	0.4643602	0.4698969	0.4541599	-0.47369015	-0.49934265	-0.506506	0.4451254	-0.5074197	-0.47771722	0.49161735	0.44539887	-0.43992347	-0.43582344	-0.46527982	-0.5053572	0.45656028	0.45389122	0.44574708	0.44842744	-0.5066629	-0.42566204	0.5134786	0.4769594	-0.4991092	0.51223284	-0.5180644	-0.41212013	0.48201662	-0.50942355	-0.3904442	0.43160945	-0.46371388	0.39464125	0.4812708	-0.4953388	-0.42771432	-0.45672324	-0.4856077	0.45212984	-0.3674732	-0.49817285	0.46956432	0.43775743	-0.4168499	-0.47601628	-0.4297753	-0.4630256	-0.49850136	-0.47195825	0.4601183	-0.51318663	-0.4124746	-0.4349094	-0.42860246	0.47270417	0.40388113	-0.43800816	0.44357833	0.52599704	-0.46909425	0.45691422	0.4379069	-0.5043374	0.47849786	0.48839653	-0.47295392	-0.44277704	0.48759562	0.4814045	0.42027554	-0.4388674	-0.45565832	0.2984512	0.493656	-0.44887376	0.43123052	0.43461058	0.39030024	0.53679276	0.431109	0.42656755	-0.44506222	-0.43811148	0.5079849	0.41060078	-0.44805256	0.49012774	-0.51184374	0.46306512	0.45709145	-0.29579845	0.4524278	-0.5077839
-0.74347335	-0.75319475	-0.7382703	0.728591	-0.68491334	-0.7422071	0.671645	0.72627926	0.81645817	0.71622026	-0.6677651	-0.7585357	-0.7580874	0.7227852	-0.7835227	-0.7505816	0.7967145	0.7031176	-0.7110396	-0.75009215	-0.81070405	-0.8114984	0.73878014	0.8018414	0.7099829	0.78837395	-0.7757811	-0.73499644	0.78340036	0.7349826	-0.78374225	0.8119638	-0.7439018	-0.5458458	0.79160553	-0.76416075	-0.5994547	0.7562352	-0.74621654	0.66976637	0.83326834	-0.7647825	-0.72527313	-0.72851455	-0.67566603	0.7297846	-0.64773315	-0.6998927	0.8230214	0.7196314	-0.6437927	-0.7453343	-0.6910415	-0.7397042	-0.7412164	-0.8266488	0.73394334	-0.7372351	-0.7693054	-0.73902684	-0.7176514	0.66354567	0.68051887	-0.75330156	0.7794338	0.75592387	-0.7604676	0.7246642	0.8264742	-0.7617717	0.7037289	0.7320829	-0.79951644	-0.7046815	0.732771	0.68056697	0.69163543	-0.75853205	-0.58529705	0.4996589	0.73972756	-0.7123614	0.76437014	0.69195974	0.70116234	0.7275488	0.7444436	0.8046984	-0.68247384	-0.68570036	0.74947613	0.7120712	-0.787145	0.72054046	-0.72623485	0.78551835	0.74920166	-0.61561054	0.7858846	-0.8189346
-0.55327505	-0.5769489	-0.53935736	0.5457883	-0.6039502	-0.589544	0.611861	0.53525525	0.5818392	0.5752904	-0.5900465	-0.5702854	-0.5699357	0.57682085	-0.60910475	-0.5665436	0.571123	0.59585744	-0.55623686	-0.5897973	-0.5474416	-0.60684365	0.57073754	0.60354066	0.59130985	0.5377445	-0.5682465	-0.5515319	0.55964625	0.62271434	-0.5521937	0.6208332	-0.63204974	-0.56133103	0.5891539	-0.5781629	-0.553114	0.55108464	-0.5654815	0.6023159	0.6385425	-0.5614265	-0.6214903	-0.56388617	-0.554163	0.58820826	-0.52423614	-0.5671106	0.58251655	0.6112159	-0.5321484	-0.5673761	-0.6012295	-0.61914355	-0.6102517	-0.55325	0.62496257	-0.6423626	-0.57140297	-0.56456584	-0.5393909	0.61516863	0.54263437	-0.6073702	0.5625969	0.60393846	-0.49578035	0.5817642	0.6360758	-0.6267067	0.5566296	0.6054814	-0.62017226	-0.5782894	0.6077751	0.55617666	0.61476535	-0.5844104	-0.5844964	0.508694	0.5866107	-0.5867757	0.60086155	0.5986239	0.53124315	0.59178334	0.58510256	0.51647633	-0.5897428	-0.5508965	0.59315836	0.5826262	-0.5670883	0.6255788	-0.5661118	0.5990791	0.6062296	-0.5690958	0.6147951	-0.5814429
-0.5477166	-0.6803899	-0.6073441	0.6558667	-0.65782773	-0.5613837	0.58018374	0.6297263	0.6474654	0.6130326	-0.5964369	-0.6286199	-0.6292811	0.6261029	-0.6427852	-0.66519445	0.6076243	0.56591505	-0.61512345	-0.63610727	-0.6717799	-0.6179729	0.595172	0.6469597	0.64760727	0.5823583	-0.6119447	-0.62627465	0.5860504	0.6666608	-0.6555379	0.64044565	-0.6355322	-0.57528114	0.6632719	-0.58744645	-0.5799956	0.66933316	-0.6529836	0.6268571	0.6082898	-0.5827193	-0.5866266	-0.6648362	-0.66851735	0.62979835	-0.6250942	-0.6241717	0.6064992	0.6223591	-0.6018362	-0.6206648	-0.65444356	-0.6209203	-0.64871633	-0.59300464	0.59468055	-0.61419094	-0.5547444	-0.6548665	-0.6562432	0.6422142	0.6281496	-0.6240471	0.574716	0.60372174	-0.6062666	0.60950774	0.6404398	-0.58252645	0.65984416	0.58317	-0.63016754	-0.6259239	0.65987223	0.5728462	0.58646196	-0.6476072	-0.52494955	0.5967307	0.57094604	-0.5908772	0.6715283	0.58650494	0.60868496	0.6329626	0.67391986	0.61978704	-0.61767006	-0.6345839	0.66067976	0.58339524	-0.5965761	0.617283	-0.6492259	0.5809766	0.6305997	-0.525729	0.65341055	-0.5984965
-0.497789	-0.6637871	-0.56101274	0.68972844	-0.6368933	-0.6623023	0.5619705	0.6125964	0.64926827	0.5981273	-0.5972138	-0.6120523	-0.7122704	0.64351887	-0.6739284	-0.60303116	0.61544037	0.6225567	-0.624753	-0.57193035	-0.65218985	-0.6326302	0.6400704	0.6451279	0.6093099	0.5554436	-0.5773971	-0.59371626	0.68782127	0.6027935	-0.55986327	0.64659166	-0.61389357	-0.5851976	0.5700507	-0.7032165	-0.5631349	0.62543964	-0.5888458	0.6180266	0.6827565	-0.65821004	-0.6292769	-0.61640406	-0.6828994	0.63052934	-0.59494066	-0.60898477	0.6357267	0.6689864	-0.53938085	-0.59709823	-0.5244732	-0.6010188	-0.67727315	-0.6780073	0.68790835	-0.6501521	-0.5872072	-0.5519782	-0.63319397	0.571799	0.5718639	-0.6560372	0.5821665	0.6072445	-0.5451247	0.5717213	0.6722362	-0.586079	0.5450684	0.59736043	-0.6627413	-0.62966436	0.5864859	0.59525216	0.59084296	-0.584113	-0.5552299	0.6031788	0.5502	-0.57076925	0.5937122	0.607813	0.5349508	0.5397385	0.64276385	0.5265808	-0.57694453	-0.6268343	0.62643415	0.63389605	-0.56055444	0.61329585	-0.61910826	0.64004916	0.6711262	-0.50372106	0.58800566	-0.70108426
-0.22678366	-0.3588214	-0.36917982	0.36489993	-0.29128698	-0.32071924	0.3270843	0.3023027	0.26520887	0.295548	-0.29241136	-0.32716772	-0.36089805	0.3671738	-0.3215404	-0.29116464	0.34325272	0.29688385	-0.35800582	-0.35198376	-0.37380368	-0.3113254	0.3098291	0.36372852	0.3137299	0.26209542	-0.33931008	-0.36473167	0.331614	0.34043735	-0.31292042	0.3735277	-0.29778993	-0.3422004	0.36219797	-0.35516044	-0.31573945	0.31733465	-0.32048282	0.31378844	0.31093067	-0.3615257	-0.3346135	-0.2987883	-0.36062756	0.35066545	-0.3401684	-0.32835877	0.2901434	0.2836667	-0.2846319	-0.30315697	-0.36778796	-0.34644258	-0.28865242	-0.32244542	0.3495029	-0.3291821	-0.33624128	-0.3197529	-0.30832872	0.34301203	0.30449957	-0.3030297	0.348925	0.3199383	-0.28342286	0.29091936	0.33706728	-0.3175734	0.3039353	0.35074404	-0.28412217	-0.3112256	0.32403043	0.29066786	0.35236183	-0.36873958	-0.33588487	0.29243612	0.24302483	-0.29081398	0.3202316	0.27062437	0.24885279	0.1807311	0.33650944	0.2944393	-0.30237386	-0.36248574	0.37593228	0.34780064	-0.3674803	0.37762216	-0.3186061	0.27813083	0.37713104	-0.24239545	0.31502086	-0.2997785
-0.6561184	-0.77899575	-0.728272	0.7652023	-0.78757817	-0.84252954	0.72067755	0.65131587	0.80388963	0.82484525	-0.85871327	-0.86701196	-0.8352415	0.7408297	-0.8159161	-0.8593468	0.8384604	0.76049256	-0.85766286	-0.82690316	-0.84126604	-0.82578826	0.80455524	0.8474661	0.8217526	0.71580005	-0.764021	-0.69249845	0.7716621	0.76920724	-0.71794635	0.8107045	-0.8479774	-0.7130323	0.7856711	-0.81055814	-0.7084814	0.72770274	-0.76120365	0.7248826	0.83947146	-0.8454999	-0.83334285	-0.7316488	-0.76128775	0.7745415	-0.7498183	-0.77149665	0.78766215	0.84400696	-0.6134004	-0.79314977	-0.69366646	-0.7649984	-0.83646935	-0.8368931	0.8186059	-0.80630285	-0.76356596	-0.7086682	-0.72755873	0.7047202	0.6849898	-0.8854008	0.8514409	0.84844756	-0.66814286	0.6768717	0.78052735	-0.7728244	0.7052985	0.81644505	-0.8625842	-0.7912121	0.7468148	0.7321824	0.7382966	-0.83967555	-0.80015594	0.72093153	0.71413386	-0.6303341	0.7748052	0.70605266	0.58025366	0.7689302	0.74595547	0.74468017	-0.77143496	-0.81693393	0.7583889	0.77226734	-0.7613709	0.82512784	-0.80465	0.78488636	0.77530396	-0.6921976	0.7679585	-0.8321442
-0.7410537	-0.7272123	-0.7117411	0.70569026	-0.6639159	-0.69907343	0.7343181	0.69971937	0.7771538	0.7215078	-0.75794446	-0.79257154	-0.7638677	0.71229637	-0.7716698	-0.7431883	0.77292895	0.7748144	-0.7295309	-0.73795444	-0.7923146	-0.70706904	0.7380828	0.7924523	0.7710544	0.7539986	-0.7383624	-0.7220574	0.7390646	0.7394101	-0.75473857	0.7654046	-0.7975131	-0.6639416	0.76134175	-0.7183889	-0.7035385	0.69752246	-0.69301474	0.6905051	0.80195534	-0.802806	-0.7379293	-0.7637804	-0.69945574	0.7206792	-0.63525325	-0.7367086	0.810842	0.70318925	-0.6383556	-0.7770925	-0.70761245	-0.68574095	-0.8077606	-0.77897775	0.78475964	-0.7576111	-0.7762288	-0.7256087	-0.76544845	0.7073834	0.6971892	-0.7852641	0.7016404	0.7347483	-0.7302356	0.73883337	0.76868165	-0.80862683	0.69411	0.71778476	-0.80268186	-0.7326782	0.72018886	0.6783465	0.66800886	-0.73643935	-0.6828974	0.59978724	0.7386834	-0.7049183	0.72376376	0.69327825	0.632013	0.7262543	0.71077436	0.70252156	-0.73288965	-0.7634955	0.7450233	0.7122282	-0.797588	0.7239491	-0.74747556	0.7286425	0.7655075	-0.5766178	0.7165907	-0.79956317
-0.6422167	-0.7076785	-0.71675205	0.7399037	-0.6521188	-0.6362303	0.6692592	0.681724	0.7191826	0.7411949	-0.6782659	-0.7344472	-0.63422215	0.69609255	-0.7348257	-0.67695564	0.699161	0.65577096	-0.73983365	-0.7288099	-0.7432972	-0.7243104	0.6976812	0.7233931	0.6883689	0.6617563	-0.66874695	-0.65358853	0.69774526	0.6752532	-0.7444217	0.7317409	-0.7117814	-0.6151825	0.69927824	-0.7542818	-0.6783358	0.635572	-0.7099124	0.68683237	0.68960154	-0.757629	-0.7189365	-0.6684719	-0.72262096	0.6946943	-0.64411885	-0.690754	0.6626284	0.6705762	-0.64662075	-0.72317415	-0.69189537	-0.7018148	-0.69441676	-0.7018603	0.7074759	-0.66827214	-0.6557615	-0.63751644	-0.7198126	0.6489333	0.6740758	-0.6745493	0.6825355	0.6809406	-0.60730726	0.67723835	0.7132625	-0.69403005	0.6191207	0.74777126	-0.66473436	-0.65957946	0.7418948	0.67211086	0.72364104	-0.69219685	-0.672983	0.5977402	0.6809381	-0.613097	0.7092497	0.71280426	0.6186935	0.6764757	0.7517988	0.7069638	-0.7217496	-0.76167905	0.75111604	0.6626199	-0.677359	0.64000195	-0.7040478	0.67465353	0.67294407	-0.6395905	0.7378474	-0.73833495
-0.5490693	-0.62761766	-0.6155302	0.5746701	-0.5385912	-0.6116509	0.61604434	0.5165647	0.5543926	0.6394384	-0.6152029	-0.57399935	-0.6297421	0.56456304	-0.6039354	-0.6626077	0.6031811	0.58950907	-0.5857968	-0.62982255	-0.62661064	-0.56504434	0.56039876	0.5529077	0.5782104	0.5497531	-0.5964342	-0.52553827	0.58846986	0.6570272	-0.5478237	0.6639825	-0.65272564	-0.5369435	0.5451957	-0.66483796	-0.5252164	0.5846777	-0.5739048	0.57417846	0.5706584	-0.63327914	-0.56780934	-0.6250331	-0.59310603	0.62478846	-0.5687481	-0.5888529	0.5815161	0.60612303	-0.51190156	-0.59045315	-0.58910227	-0.6279351	-0.6260658	-0.5773112	0.5617785	-0.6204938	-0.5867348	-0.52914757	-0.61681473	0.5474247	0.5010074	-0.58297986	0.5918478	0.59976995	-0.5792314	0.5608953	0.5964755	-0.6201509	0.5728984	0.62803483	-0.561077	-0.56121755	0.6231719	0.59333205	0.60112095	-0.608876	-0.6076546	0.57069457	0.5186555	-0.5696574	0.5439244	0.59205186	0.53967065	0.5204611	0.6206217	0.5100508	-0.55165136	-0.5957861	0.64	0.56546384	-0.59201103	0.5873701	-0.6215532	0.54759836	0.59359425	-0.4786275	0.5851886	-0.59589267
-0.68810856	-0.8686929	-0.86075485	0.8724298	-0.82659876	-0.876907	0.800269	0.7896478	0.88834333	0.9455596	-0.8511798	-0.8788192	-0.9166406	0.8912383	-0.90908843	-0.93015164	0.94961315	0.77895975	-0.93164045	-0.92024875	-0.9420573	-0.86479473	0.9072811	0.89751595	0.8695166	0.77135533	-0.8931544	-0.81659925	0.9011789	0.91059417	-0.8941279	0.8936325	-0.8730751	-0.8081617	0.8486783	-0.8929388	-0.80101603	0.8749565	-0.8588557	0.84846115	0.89723796	-0.88840747	-0.9466766	-0.8761626	-0.9070369	0.8696673	-0.7837553	-0.88717115	0.9476313	0.91622996	-0.70443463	-0.9305052	-0.79151833	-0.8755778	-0.92641145	-0.9195469	0.8785595	-0.9499138	-0.88784593	-0.7963801	-0.9237686	0.8218399	0.73294985	-0.95009655	0.8697177	0.9334387	-0.7682825	0.7516154	0.9400081	-0.893866	0.77041376	0.91266537	-0.8992248	-0.84286046	0.8805384	0.8716665	0.8216811	-0.9115321	-0.8185933	0.70046604	0.7644873	-0.7040463	0.908164	0.8605661	0.70638883	0.7614112	0.8816153	0.8043367	-0.82917744	-0.8909118	0.9062467	0.90744674	-0.84830767	0.938526	-0.8602088	0.86004746	0.88812184	-0.76156	0.89758533	-0.9811466
-0.67009145	-0.74246866	-0.6432139	0.6748094	-0.6771671	-0.7215677	0.6854052	0.6649565	0.66470796	0.69496125	-0.7597334	-0.66564745	-0.7139787	0.6487707	-0.76031065	-0.75187635	0.68359864	0.70060325	-0.6575343	-0.6861391	-0.6926291	-0.65835994	0.6827995	0.7109273	0.7080575	0.6733294	-0.71325314	-0.7088072	0.7256923	0.70916986	-0.64920497	0.73475057	-0.7638093	-0.62523085	0.68750733	-0.75656694	-0.6616905	0.66918355	-0.7102068	0.60827374	0.6935132	-0.66044676	-0.74558306	-0.7100082	-0.7430529	0.75458163	-0.6354002	-0.7257228	0.7584369	0.69298077	-0.6240744	-0.669683	-0.6130256	-0.75006	-0.7237599	-0.76105964	0.7187875	-0.72411555	-0.76625633	-0.640611	-0.7430759	0.70738155	0.59268177	-0.7556104	0.6664752	0.7183121	-0.6154076	0.64948094	0.7125151	-0.6897662	0.6216325	0.69187325	-0.70171016	-0.7313774	0.684917	0.67815244	0.72688204	-0.66410524	-0.6757383	0.5674708	0.6647804	-0.57332635	0.68734646	0.672296	0.62250054	0.7332154	0.7226567	0.698768	-0.66822976	-0.70162654	0.7182155	0.6792802	-0.7319761	0.70441294	-0.71934044	0.6678094	0.74107426	-0.6331627	0.6923589	-0.71937627
-0.84393674	-0.8287591	-0.83695483	0.84409726	-0.79208004	-0.77129215	0.7617369	0.71947443	0.9194826	0.7855406	-0.77821606	-0.81478834	-0.7994973	0.78079474	-0.77396995	-0.8248894	0.85949993	0.8215447	-0.83453244	-0.8513255	-0.80161345	-0.831129	0.7646489	0.80576485	0.81745857	0.8415311	-0.8439614	-0.7676859	0.84155804	0.8200139	-0.81917113	0.8801651	-0.8584311	-0.711527	0.8324326	-0.7904957	-0.69123465	0.85597193	-0.7369745	0.80530435	0.85801184	-0.74066734	-0.8343519	-0.81641716	-0.7909949	0.82694024	-0.6581914	-0.8343633	0.841821	0.747057	-0.7245842	-0.84531945	-0.7399367	-0.8055495	-0.8077784	-0.816543	0.81068975	-0.7828058	-0.7921315	-0.8355468	-0.84390706	0.7326562	0.7607988	-0.8554063	0.83791083	0.8532441	-0.7641551	0.7724255	0.7998333	-0.85235065	0.79456073	0.7795427	-0.80347294	-0.7468919	0.81553364	0.8064031	0.78706247	-0.8285063	-0.7039631	0.58090746	0.7687201	-0.776571	0.87391794	0.79619914	0.7525929	0.8292833	0.8730166	0.81167376	-0.73240435	-0.7756551	0.83042604	0.7821126	-0.89672977	0.7965241	-0.836183	0.7993426	0.79832375	-0.6232535	0.7821806	-0.8429679
-0.49117085	-0.4281595	-0.4829294	0.43963984	-0.45155072	-0.4942921	0.4599502	0.4764703	0.47701737	0.4955529	-0.4510273	-0.44415188	-0.49074265	0.44125912	-0.4419069	-0.45523793	0.4360047	0.4239249	-0.44270006	-0.41524833	-0.45607865	-0.49823317	0.4481673	0.43293342	0.43420476	0.39999345	-0.4763105	-0.4686244	0.45472276	0.5041689	-0.4693905	0.43126798	-0.4259193	-0.44446334	0.44747826	-0.4967765	-0.42612103	0.41580337	-0.44234535	0.418409	0.4312337	-0.49568716	-0.4494792	-0.41621116	-0.43958226	0.42723793	-0.386625	-0.47353145	0.4933985	0.39739785	-0.3906082	-0.5166546	-0.4791028	-0.4539585	-0.42650047	-0.4660383	0.49545196	-0.5034676	-0.47671998	-0.44851363	-0.49225962	0.42245576	0.40169913	-0.44959456	0.44412526	0.41985896	-0.39533916	0.43352315	0.44114617	-0.50384605	0.39281592	0.44991913	-0.44578636	-0.40635604	0.45203543	0.47031504	0.38972515	-0.45116165	-0.46137357	0.42255425	0.41420713	-0.47625193	0.4542076	0.40831327	0.4081859	0.4110797	0.4109637	0.47694188	-0.4162461	-0.45494527	0.4148734	0.44234383	-0.5114651	0.45442572	-0.4441293	0.43976852	0.41607875	-0.36685163	0.42878067	-0.43054813
-0.7871733	-0.7828187	-0.73757327	0.85192496	-0.7562263	-0.70069265	0.7346232	0.75045377	0.89441377	0.7667132	-0.79957587	-0.85336983	-0.90675217	0.7548602	-0.7705189	-0.8924541	0.7728552	0.77627176	-0.8365916	-0.8152132	-0.88391316	-0.8548536	0.7826445	0.8530636	0.8428301	0.8324933	-0.8155259	-0.73355114	0.83746886	0.8804933	-0.8261385	0.8811122	-0.8845972	-0.6595285	0.8247838	-0.8693112	-0.6770952	0.82413125	-0.73120093	0.7199628	0.8877883	-0.82036775	-0.7692488	-0.773662	-0.7403895	0.81092745	-0.71520483	-0.78321236	0.8036795	0.7306638	-0.69182414	-0.89402795	-0.74168354	-0.7713059	-0.8202046	-0.78870356	0.8319317	-0.8019813	-0.7430193	-0.7586811	-0.8190396	0.7517083	0.70105267	-0.8468966	0.81047964	0.8166498	-0.78177947	0.76877964	0.9000337	-0.80480456	0.7873712	0.8718866	-0.83342636	-0.7494786	0.8138999	0.78672296	0.7679472	-0.8304915	-0.66950184	0.64030343	0.72246593	-0.6958499	0.8515524	0.7231617	0.6255225	0.75926614	0.79116994	0.76353055	-0.76998234	-0.72785574	0.746029	0.7971783	-0.77518106	0.7906467	-0.74435383	0.7945925	0.810514	-0.5909217	0.7951682	-0.8308697
-0.41613266	-0.45623904	-0.46700722	0.43493956	-0.49514493	-0.48992056	0.5089104	0.46011826	0.4508346	0.5137446	-0.46198803	-0.5381475	-0.50693625	0.4762043	-0.502503	-0.4845794	0.4648633	0.48467192	-0.4683821	-0.46840847	-0.5004651	-0.502186	0.4457716	0.4927545	0.4790086	0.4402617	-0.48918346	-0.43369302	0.48890352	0.53441566	-0.50272673	0.471259	-0.47842675	-0.41140327	0.4479465	-0.4247074	-0.43752214	0.43965438	-0.48348638	0.4505146	0.47541255	-0.44198382	-0.435789	-0.46051866	-0.43405926	0.45011246	-0.5198487	-0.42572802	0.44472694	0.50804615	-0.40952945	-0.5020383	-0.42435923	-0.4572172	-0.52006954	-0.5226138	0.49887547	-0.45992953	-0.44161856	-0.45445248	-0.49459544	0.4614713	0.4074826	-0.47776103	0.45034456	0.4661064	-0.4074769	0.43613154	0.4908508	-0.52528113	0.4951586	0.46322107	-0.44006562	-0.5053602	0.44976246	0.47463375	0.4888761	-0.45275754	-0.47744155	0.45344535	0.40146992	-0.44351828	0.43799427	0.40877393	0.44676363	0.42349988	0.46745962	0.44063544	-0.48434392	-0.48759136	0.5149744	0.44721013	-0.42985868	0.36652294	-0.497481	0.46018174	0.4617512	-0.4291677	0.45776257	-0.4755602
-0.418225	-0.47421852	-0.43651918	0.4262284	-0.47849303	-0.44349456	0.4275705	0.42884853	0.4200524	0.44368523	-0.40659618	-0.49960434	-0.4727796	0.4127077	-0.41605365	-0.46559456	0.44775724	0.44244882	-0.43113866	-0.414054	-0.4781132	-0.43910265	0.4894924	0.45722413	0.469067	0.40313753	-0.4349466	-0.39814445	0.39844486	0.47027382	-0.48231524	0.49229962	-0.44279054	-0.45866564	0.5014325	-0.50276506	-0.42498314	0.4805072	-0.4043112	0.40190354	0.4034891	-0.4485972	-0.444571	-0.49759358	-0.44821355	0.46368018	-0.44205344	-0.4464227	0.46128944	0.44044405	-0.4798821	-0.423152	-0.4215091	-0.45080617	-0.4616615	-0.42835653	0.45104668	-0.4055678	-0.4489143	-0.49048492	-0.47659385	0.43153957	0.48794037	-0.41040486	0.45055878	0.41861686	-0.4010026	0.46368492	0.48185706	-0.44018307	0.4676084	0.4217492	-0.43498692	-0.4888225	0.39976823	0.42203456	0.49488083	-0.48213363	-0.4996801	0.44851074	0.46042088	-0.40915272	0.44728613	0.5011897	0.46086866	0.42131406	0.45496446	0.43909097	-0.4864546	-0.4276573	0.47475564	0.47309655	-0.50149065	0.3522443	-0.49152324	0.48297924	0.46983713	-0.46101865	0.4216201	-0.45148712
-0.68759125	-0.7120973	-0.69163525	0.7844238	-0.7466787	-0.6348847	0.6778194	0.6635517	0.7869363	0.76166934	-0.69114316	-0.73582655	-0.7585895	0.7066024	-0.69949543	-0.7220471	0.7384231	0.6768405	-0.72339004	-0.7329767	-0.77318555	-0.69342065	0.73594964	0.70514446	0.73119783	0.6793644	-0.7228225	-0.7165038	0.6804213	0.7144658	-0.7386478	0.69529057	-0.7255009	-0.61526585	0.73585504	-0.6850627	-0.62528217	0.7370617	-0.75192964	0.6652167	0.7500901	-0.6869234	-0.7456788	-0.6891654	-0.7524886	0.6721129	-0.6905603	-0.7304666	0.7231236	0.670409	-0.70085067	-0.7369051	-0.67401564	-0.74720323	-0.6812781	-0.7285468	0.67763656	-0.7259261	-0.71022403	-0.7580593	-0.7034113	0.7323049	0.7430182	-0.6987689	0.71402663	0.7353659	-0.7581035	0.6930151	0.70921963	-0.7297856	0.701457	0.7265046	-0.7091947	-0.72325927	0.6757427	0.6854902	0.7247137	-0.7623855	-0.66529125	0.60984164	0.7406129	-0.65491694	0.7526127	0.69964844	0.6667378	0.75523317	0.7037398	0.7005228	-0.62788635	-0.65424913	0.7000551	0.7144306	-0.7273514	0.70453024	-0.70122135	0.6865962	0.75492305	-0.65662616	0.75542367	-0.6874738
-0.6741858	-0.7998218	-0.8264545	0.8368556	-0.71959627	-0.8094986	0.78230286	0.73452926	0.7496321	0.75021267	-0.72824347	-0.85171086	-0.86213905	0.77971953	-0.7577479	-0.77639806	0.79907197	0.75596035	-0.80190843	-0.7875558	-0.80418515	-0.7677524	0.8178557	0.7541109	0.7426545	0.77028155	-0.81070113	-0.73914415	0.8277419	0.788127	-0.79637736	0.828181	-0.8408428	-0.65833384	0.8192817	-0.84023666	-0.66807896	0.7472451	-0.79735965	0.74062914	0.8368162	-0.75640106	-0.75679916	-0.7834422	-0.73781484	0.79269314	-0.7208993	-0.80787104	0.82215244	0.7270928	-0.61702585	-0.8482216	-0.7646595	-0.82450527	-0.76340646	-0.79407763	0.8174471	-0.81006706	-0.75091267	-0.6992987	-0.7408493	0.698594	0.73583966	-0.7787503	0.75352263	0.8108529	-0.65322506	0.7172338	0.8421328	-0.8153642	0.7863933	0.84007573	-0.78289956	-0.7261074	0.78005826	0.74243057	0.7518577	-0.76593614	-0.74409777	0.6294992	0.76452255	-0.7409275	0.748449	0.7365733	0.56931347	0.6972526	0.829866	0.7187113	-0.7305426	-0.71507734	0.7706565	0.7668037	-0.7796588	0.8169464	-0.73809457	0.70781446	0.7706274	-0.55532086	0.77584934	-0.81155056
-0.7363392	-0.74066585	-0.7512022	0.69146407	-0.6275274	-0.5436052	0.6335194	0.69307965	0.720529	0.712901	-0.6710568	-0.70577186	-0.60488456	0.6445219	-0.6562377	-0.71235484	0.6485409	0.7428242	-0.6912662	-0.6805905	-0.7256912	-0.69065326	0.6683023	0.666572	0.7091422	0.66253495	-0.6960299	-0.6776831	0.6519636	0.7004554	-0.7155188	0.6536585	-0.72243565	-0.6272777	0.7246363	-0.71971035	-0.63953155	0.6825448	-0.64773583	0.73505867	0.6726925	-0.6745616	-0.6793178	-0.71298593	-0.71643543	0.62743807	-0.6590969	-0.7069897	0.62541807	0.6663974	-0.6965247	-0.7314845	-0.7015928	-0.7480599	-0.6523337	-0.6669588	0.68082607	-0.6247291	-0.64506805	-0.7443802	-0.7005359	0.6458623	0.7060616	-0.6653527	0.6733552	0.6958321	-0.6636883	0.6625308	0.6951841	-0.71598727	0.6571431	0.702511	-0.76420325	-0.6609925	0.7141159	0.7133234	0.72830415	-0.708805	-0.7121766	0.5635152	0.6831217	-0.6425118	0.6644929	0.64159036	0.6053695	0.75054604	0.7243673	0.7096658	-0.69790906	-0.6838746	0.7404651	0.6559123	-0.760078	0.6273384	-0.7131343	0.73968065	0.7535198	-0.556533	0.68252516	-0.7238082
-0.75972486	-0.9232928	-0.8235174	0.91137666	-0.90441483	-0.86878616	0.8200537	0.8053393	0.8685398	0.88063276	-0.84605813	-0.8824316	-0.8932045	0.8040018	-0.93800557	-0.9603051	0.9106143	0.8297413	-0.89374226	-0.9238465	-0.9313061	-0.89624757	0.91885144	0.9143674	0.90874887	0.8513024	-0.8873002	-0.83844	0.88888156	0.9118263	-0.8979618	0.94987845	-0.8739184	-0.71400857	0.9351104	-0.96273667	-0.76399636	0.86565757	-0.9006229	0.8574997	0.9004717	-0.83266145	-0.903709	-0.86803424	-0.9301489	0.9322764	-0.77159333	-0.84017295	0.92102575	0.91424435	-0.70509505	-0.9680254	-0.7675542	-0.8751912	-0.8649243	-0.874526	0.8927427	-0.8639813	-0.8588125	-0.8677704	-0.87966096	0.87053514	0.81254405	-0.8756908	0.87006915	0.89395064	-0.75940216	0.7802164	0.9692294	-0.9270159	0.8446726	0.95573217	-0.84432113	-0.9030626	0.8468562	0.87328976	0.81932384	-0.91560286	-0.8401897	0.6487732	0.79052484	-0.75835556	0.8805549	0.8713017	0.6397924	0.83647305	0.8610508	0.8786452	-0.8875481	-0.8911261	0.89439005	0.8450792	-0.87626433	0.91384906	-0.8599898	0.8384383	0.94655603	-0.70345634	0.84134865	-0.930578
-0.6466635	-0.6545807	-0.66523576	0.70298433	-0.6401299	-0.6597006	0.64866924	0.59508824	0.6913047	0.6588956	-0.62538755	-0.7052851	-0.6430015	0.6277501	-0.71384203	-0.70006746	0.6642767	0.6322203	-0.64759094	-0.70019823	-0.70306885	-0.69365644	0.7324382	0.64924335	0.67280644	0.63847345	-0.68310875	-0.6478906	0.68546575	0.71459836	-0.64996004	0.7438653	-0.65955895	-0.64250165	0.63164437	-0.6486673	-0.6578002	0.65469337	-0.6942787	0.62290376	0.7074161	-0.68734735	-0.64505947	-0.6830162	-0.63846874	0.72955453	-0.57225025	-0.65873706	0.73227143	0.6673783	-0.6274859	-0.74364066	-0.68557537	-0.6881988	-0.7034107	-0.6422826	0.69558054	-0.712738	-0.7326826	-0.6830738	-0.68123525	0.63032806	0.6801599	-0.7518801	0.7200652	0.6498098	-0.65340924	0.66852266	0.6868597	-0.72942275	0.68639576	0.71329606	-0.70165336	-0.7044797	0.6960499	0.66612566	0.62888485	-0.6683071	-0.6830426	0.56363666	0.6982923	-0.63508934	0.643702	0.7040163	0.6343408	0.68369186	0.7156151	0.65937173	-0.68259245	-0.6564927	0.70818007	0.6166966	-0.7139943	0.61135185	-0.6423739	0.67244214	0.6840603	-0.5487212	0.6575089	-0.6965036
-0.6033289	-0.662045	-0.6568215	0.65091157	-0.648319	-0.6932038	0.670019	0.55589676	0.6985698	0.6756451	-0.6623802	-0.7089482	-0.71662027	0.63432217	-0.7361663	-0.74529094	0.70905715	0.6918608	-0.6856967	-0.6610143	-0.751147	-0.7200297	0.7097065	0.71893287	0.7292871	0.67888206	-0.6897507	-0.69388455	0.6610418	0.6905301	-0.6483352	0.70770293	-0.7045442	-0.5821522	0.66432434	-0.68595785	-0.67160517	0.6446133	-0.70336527	0.63498765	0.68122023	-0.6692464	-0.76044285	-0.6399051	-0.7062675	0.7031061	-0.6743086	-0.6826728	0.65050405	0.74852437	-0.52526855	-0.7375247	-0.606038	-0.6684963	-0.7132562	-0.7508678	0.68911415	-0.7441248	-0.6904903	-0.7005067	-0.7144325	0.688049	0.6077209	-0.7596912	0.7278349	0.75068367	-0.6697723	0.59338194	0.7514232	-0.75135136	0.6256588	0.67508715	-0.7603331	-0.7204634	0.6919304	0.63812715	0.69096816	-0.70229536	-0.5958862	0.5921284	0.61380297	-0.5853578	0.72580665	0.63667357	0.59861904	0.6846137	0.7507313	0.62130785	-0.7182053	-0.6573926	0.7027578	0.70593643	-0.6446071	0.7356966	-0.71396744	0.67483944	0.7428925	-0.56073856	0.73147184	-0.72931427
-0.671994	-0.77408296	-0.73883164	0.77332115	-0.7299019	-0.6619451	0.7224986	0.6981815	0.76793087	0.76492155	-0.7396824	-0.7994658	-0.7560374	0.7524128	-0.7382798	-0.76733285	0.7940392	0.74731046	-0.8148717	-0.79634243	-0.7436312	-0.802514	0.7247935	0.7919149	0.77656215	0.70562357	-0.8068528	-0.7722729	0.74528825	0.7896003	-0.7556373	0.7833357	-0.7637087	-0.68735886	0.80779064	-0.73687017	-0.68880105	0.71518695	-0.78497255	0.6899134	0.71574676	-0.7600272	-0.73925966	-0.72242177	-0.7838678	0.7248306	-0.80088353	-0.7677404	0.7231584	0.7781059	-0.65170485	-0.7536707	-0.78530407	-0.77528083	-0.76341784	-0.7499604	0.7697606	-0.7208784	-0.76837814	-0.77576846	-0.7301048	0.8019255	0.7518753	-0.7563701	0.7668752	0.7834779	-0.7059403	0.67729366	0.7810198	-0.8013611	0.79743814	0.78315026	-0.7606419	-0.78250444	0.75940365	0.73610455	0.80290645	-0.7650159	-0.73525506	0.71843195	0.7423035	-0.6916259	0.7973202	0.74627644	0.6942225	0.7391601	0.76031715	0.73314923	-0.701112	-0.7952796	0.7394553	0.7337524	-0.8072902	0.7307416	-0.7672027	0.7858841	0.77333254	-0.64911765	0.7350994	-0.8269638
-0.7530507	-0.74571496	-0.79273677	0.7367536	-0.7608815	-0.687624	0.78274196	0.78879523	0.81407994	0.796871	-0.7172914	-0.7130778	-0.7304241	0.8086397	-0.68857145	-0.7492575	0.7267384	0.74983597	-0.7715141	-0.71781147	-0.7657523	-0.7604103	0.74187046	0.7320897	0.7577981	0.7756593	-0.83189774	-0.80493104	0.70958805	0.72714746	-0.756612	0.8126513	-0.7070624	-0.7046855	0.7587504	-0.7884647	-0.6502566	0.74968964	-0.7447903	0.78620726	0.7240737	-0.77791744	-0.7020669	-0.8198116	-0.7646184	0.6875987	-0.6883422	-0.77981335	0.7569307	0.7642819	-0.70457625	-0.7721529	-0.7078959	-0.7715836	-0.8072013	-0.7848064	0.76918566	-0.73672986	-0.7197293	-0.7363304	-0.7744767	0.7743264	0.7700019	-0.72677505	0.81449866	0.7417447	-0.72246367	0.72270805	0.7906962	-0.8327762	0.76721126	0.73313445	-0.80997664	-0.712631	0.83127946	0.7421414	0.728787	-0.8287721	-0.7320991	0.6719666	0.77451724	-0.7809623	0.7201917	0.77914274	0.6885579	0.7455551	0.74976605	0.745447	-0.77455026	-0.71350867	0.7779481	0.7370919	-0.74578786	0.64827305	-0.80893064	0.72668546	0.7187548	-0.6282133	0.80614334	-0.73662245
-0.49766523	-0.46565005	-0.51119024	0.5603379	-0.45030245	-0.56366426	0.46034744	0.44442412	0.5036563	0.52164245	-0.49000186	-0.5245061	-0.4923884	0.5251549	-0.5228848	-0.51334214	0.542555	0.4592235	-0.4893515	-0.5219939	-0.50921535	-0.5442263	0.5531917	0.55787385	0.5199571	0.4777404	-0.47840545	-0.4743253	0.5715496	0.4683966	-0.5424053	0.5412473	-0.50653	-0.4387176	0.5285762	-0.5646296	-0.49527186	0.48529753	-0.49975172	0.5099086	0.51617765	-0.51171786	-0.56077456	-0.49674517	-0.50634664	0.50252455	-0.498183	-0.46502227	0.5540642	0.46257994	-0.49643773	-0.5540907	-0.4744644	-0.46907854	-0.5489913	-0.47907886	0.5432985	-0.530112	-0.5642712	-0.51609856	-0.5171708	0.5031374	0.47957906	-0.5646936	0.5378558	0.55177397	-0.45399025	0.48447484	0.514527	-0.5695106	0.48763946	0.50429606	-0.5545551	-0.48147196	0.5102812	0.4911724	0.46300116	-0.48973665	-0.52985275	0.41277626	0.4843376	-0.46832597	0.5498095	0.4831466	0.4884788	0.53353757	0.5557923	0.46072018	-0.46200165	-0.46247762	0.4960435	0.53262305	-0.50564355	0.44692892	-0.5049177	0.46408507	0.54409945	-0.38444912	0.5013607	-0.5508329
-0.55691564	-0.9312505	-0.8033315	0.8232796	-0.7348724	-0.9719069	0.84824866	0.63206303	0.8029398	0.9342027	-0.9128979	-0.9623891	-0.99838024	0.83954924	-0.93743765	-0.9217001	0.9452568	0.74726325	-0.9519414	-0.9061045	-0.9835469	-0.8427432	0.8969576	0.9125042	0.92300105	0.74773043	-0.8548683	-0.82792026	0.96620655	0.8928392	-0.8237219	0.99507016	-0.8866969	-0.732539	0.818942	-0.90070206	-0.652891	0.7577507	-0.7442904	0.7884152	0.9848754	-0.8662774	-0.9701411	-0.85107934	-0.82204103	0.89330983	-0.78668046	-0.87762445	0.9822955	0.948211	-0.5325136	-0.9423193	-0.72658765	-0.90497303	-0.9172104	-0.90852755	0.9561615	-1.0070025	-0.954975	-0.7471155	-0.87144244	0.7762179	0.67649007	-0.9737274	0.9762682	0.96213186	-0.6196981	0.68007094	0.878927	-0.92367333	0.73386544	0.91468865	-0.9565325	-0.8316821	0.8971712	0.8587589	0.84281373	-0.89001656	-0.8542902	0.61770713	0.68709075	-0.6049934	0.86254567	0.72900665	0.48859477	0.70175886	0.83427465	0.76455575	-0.9055432	-0.94232553	0.85013074	0.8223827	-0.8507784	0.94818985	-0.8216651	0.7808574	0.965797	-0.6646632	0.8105874	-1.0042205
-0.69666505	-0.68642706	-0.66236126	0.7174475	-0.6913243	-0.61440474	0.6458382	0.6496105	0.72408575	0.7316653	-0.682353	-0.7447994	-0.6598475	0.6803108	-0.6890921	-0.67849576	0.6854177	0.7188144	-0.7511452	-0.72618335	-0.6772874	-0.7054138	0.712057	0.74707323	0.7486271	0.67515534	-0.72250825	-0.6981145	0.6632037	0.6808404	-0.65656745	0.71041065	-0.6325728	-0.678034	0.71892375	-0.6714662	-0.6805371	0.72952944	-0.64013356	0.7055771	0.67159545	-0.75817543	-0.726606	-0.73277366	-0.65526116	0.69778067	-0.6639692	-0.6653177	0.66688615	0.72563505	-0.6754138	-0.7105108	-0.6830599	-0.7394409	-0.7572482	-0.6928947	0.76390326	-0.679667	-0.6652058	-0.73978835	-0.69660944	0.65626836	0.6381846	-0.701713	0.7725419	0.67721814	-0.6487	0.71139765	0.6601225	-0.7416444	0.6544413	0.74618644	-0.7477482	-0.6885098	0.70268303	0.66853565	0.670167	-0.7132837	-0.65520936	0.6677111	0.65403724	-0.643807	0.6584272	0.68844366	0.6728408	0.7040349	0.702086	0.7136786	-0.6589189	-0.70970833	0.74608254	0.7338944	-0.7240874	0.53591704	-0.703647	0.72504675	0.6743297	-0.6382551	0.676531	-0.6761676
-0.69222367	-0.81871015	-0.7960681	0.8663677	-0.7572229	-0.77831453	0.7965515	0.722138	0.79952216	0.8652495	-0.7941724	-0.82568324	-0.77684635	0.7920644	-0.86604714	-0.8839946	0.8795657	0.8100646	-0.85864574	-0.8275681	-0.89726025	-0.8649377	0.7989941	0.84107	0.8279878	0.7281761	-0.80141056	-0.8353188	0.86257577	0.85329884	-0.79719347	0.8262802	-0.80471456	-0.7011536	0.8508261	-0.88466614	-0.6824517	0.7761152	-0.7363533	0.79475963	0.82439923	-0.8418098	-0.8886579	-0.79136544	-0.83102983	0.79662836	-0.81063104	-0.79597336	0.88362974	0.88166934	-0.7040593	-0.8653457	-0.7495296	-0.82022446	-0.8459424	-0.7994473	0.8868548	-0.87772363	-0.8447857	-0.72259825	-0.8168783	0.82662416	0.74536854	-0.8209484	0.8646879	0.87804025	-0.7696179	0.76286733	0.8838549	-0.896186	0.7319336	0.8565072	-0.7982065	-0.7940794	0.8118192	0.8009581	0.78917277	-0.8755013	-0.8339967	0.6599168	0.7598102	-0.7182141	0.8009591	0.7479114	0.6227206	0.74963003	0.80508393	0.82008255	-0.862053	-0.80456173	0.82504874	0.8309854	-0.79818887	0.79425764	-0.8024783	0.77882326	0.8612869	-0.61992955	0.83417606	-0.83520025
-0.69848055	-0.7590867	-0.6721337	0.7442974	-0.7039263	-0.6908164	0.7078894	0.67608196	0.74566185	0.6701255	-0.7412439	-0.70664144	-0.73752815	0.72007084	-0.73485196	-0.72553885	0.681387	0.72313446	-0.7208682	-0.7437859	-0.7461077	-0.7309152	0.70392025	0.73019105	0.76740676	0.7696794	-0.7815097	-0.75604814	0.78746194	0.7001426	-0.67461973	0.75417864	-0.76283485	-0.590914	0.7200527	-0.67917305	-0.58236235	0.7091074	-0.6262898	0.7098321	0.7875235	-0.69466925	-0.7163149	-0.68958235	-0.6370351	0.7566453	-0.6062667	-0.68022656	0.754305	0.7265426	-0.6678608	-0.7584729	-0.71987534	-0.65647906	-0.74502116	-0.7368019	0.74725246	-0.73605335	-0.6751201	-0.72716624	-0.7056589	0.6683966	0.66844463	-0.7804438	0.75849175	0.74288976	-0.6954224	0.66004556	0.7821156	-0.7526528	0.6998759	0.6977408	-0.7487355	-0.74364924	0.73775405	0.68635494	0.63622904	-0.7415451	-0.6623943	0.56944066	0.7171527	-0.6428539	0.77344584	0.66117835	0.6209326	0.7314386	0.7746433	0.75008374	-0.6540062	-0.66728306	0.72794443	0.6875517	-0.69547963	0.7145012	-0.70983875	0.78121173	0.7649233	-0.558178	0.6758319	-0.7170888
-0.8045383	-0.81370497	-0.7803213	0.7708437	-0.79631025	-0.79302937	0.7317908	0.7853076	0.79998744	0.7596791	-0.83057505	-0.80315113	-0.7092076	0.7194677	-0.82218426	-0.77394104	0.75615406	0.8073216	-0.77705705	-0.7512549	-0.7893662	-0.8357528	0.8371704	0.8376987	0.8531396	0.7556864	-0.8245898	-0.74719435	0.8003444	0.77575207	-0.769436	0.8497962	-0.72597337	-0.7209969	0.7502942	-0.8461402	-0.69038576	0.79624546	-0.7498843	0.73515445	0.74769765	-0.8432058	-0.7719316	-0.7580449	-0.81179655	0.8295792	-0.76195943	-0.7938714	0.7986262	0.7980365	-0.69159067	-0.7678549	-0.7374481	-0.8255402	-0.75233954	-0.79555887	0.79296756	-0.7823411	-0.7571182	-0.76116323	-0.8227979	0.77487904	0.7135185	-0.85368794	0.77249455	0.7503574	-0.7453404	0.74256164	0.8067373	-0.7724374	0.79658026	0.80252653	-0.7668471	-0.8184869	0.7678184	0.7326186	0.7722086	-0.8494073	-0.8109987	0.7353977	0.81387895	-0.7407844	0.80925	0.7406454	0.7300885	0.73582834	0.8088506	0.7542543	-0.7367087	-0.7601982	0.7599449	0.8014834	-0.8400734	0.71941954	-0.8194362	0.826465	0.78960687	-0.6602551	0.79295844	-0.7743585
-0.4982158	-0.683784	-0.59872115	0.64395547	-0.575014	-0.7089767	0.61838907	0.55476916	0.58060896	0.6937031	-0.706818	-0.706979	-0.6799894	0.57904315	-0.65095806	-0.6806458	0.67887044	0.5591994	-0.69400483	-0.6886446	-0.7136302	-0.6389256	0.70048684	0.6994012	0.63309735	0.5701424	-0.6478428	-0.63768595	0.6695067	0.70149314	-0.6674917	0.63549286	-0.64344645	-0.4839507	0.6617972	-0.66910917	-0.59577	0.61543816	-0.5841059	0.6228457	0.68580693	-0.6743769	-0.6435667	-0.60842407	-0.6239042	0.73562616	-0.5873495	-0.64546865	0.6526602	0.6607024	-0.4857095	-0.68758875	-0.5368867	-0.6127445	-0.705133	-0.70291466	0.7029495	-0.7019342	-0.74860156	-0.5788502	-0.59492683	0.6401199	0.58316636	-0.7294326	0.6163017	0.64721465	-0.4666748	0.5436736	0.6752816	-0.6453072	0.5729723	0.6293388	-0.60665673	-0.62537605	0.67515516	0.63247156	0.6771604	-0.6549808	-0.6439434	0.5628199	0.5883689	-0.47641626	0.606101	0.6303358	0.4600552	0.568586	0.6230432	0.5695126	-0.70728153	-0.67318636	0.62339187	0.6282495	-0.65463597	0.6359365	-0.604906	0.5632156	0.6583413	-0.50628775	0.6478024	-0.6665193
-0.6501495	-0.72094625	-0.7560417	0.7876171	-0.7307326	-0.70729625	0.740711	0.71098775	0.71559197	0.74178016	-0.7754236	-0.7243868	-0.7328358	0.71026164	-0.7937066	-0.75074863	0.78381175	0.7212001	-0.79193	-0.73557496	-0.7133917	-0.69513863	0.74176645	0.78681165	0.78580195	0.7032432	-0.73417044	-0.6505053	0.79497474	0.72289366	-0.73660547	0.81318057	-0.6923136	-0.64844847	0.7601877	-0.7808025	-0.6929018	0.6868228	-0.6788765	0.73069173	0.79403543	-0.7127054	-0.801507	-0.7397572	-0.68251204	0.7305586	-0.6453878	-0.73211247	0.73426944	0.7091311	-0.64890164	-0.7898207	-0.7084384	-0.78375244	-0.7136528	-0.77403533	0.7155062	-0.68530077	-0.72202796	-0.6616535	-0.70610356	0.7019955	0.68869364	-0.74093735	0.77677315	0.72065353	-0.6578373	0.6827605	0.8006496	-0.72624075	0.72380805	0.7068633	-0.7520863	-0.7550708	0.72544	0.72927153	0.6974537	-0.7908838	-0.7401491	0.63443065	0.7003593	-0.5996744	0.76615596	0.71240455	0.5999634	0.64894396	0.75366724	0.68792176	-0.6947766	-0.7607108	0.67699146	0.7059238	-0.7685003	0.64917904	-0.7384595	0.73514605	0.7840228	-0.59510434	0.7532087	-0.7529911
-0.42179742	-0.42658728	-0.4872449	0.43578073	-0.43923593	-0.4857746	0.49800864	0.41292033	0.4741907	0.4525217	-0.4400117	-0.46817425	-0.45526898	0.39722475	-0.40945303	-0.4684477	0.4356324	0.42633468	-0.46846548	-0.45559067	-0.46227413	-0.43984652	0.48072267	0.4629524	0.44233233	0.46346986	-0.48523146	-0.45493576	0.42198542	0.48963937	-0.45360234	0.4237488	-0.4460225	-0.4005258	0.42720482	-0.46488324	-0.37367436	0.4481564	-0.41950426	0.44936368	0.4330116	-0.40233734	-0.48300675	-0.45438948	-0.44003004	0.43250513	-0.4164843	-0.47407523	0.49549732	0.4663668	-0.41258475	-0.46488413	-0.4914183	-0.4793664	-0.49915916	-0.43827593	0.48194528	-0.5009136	-0.46599144	-0.43059283	-0.45716152	0.42590556	0.46527782	-0.4445612	0.4932407	0.458772	-0.43326592	0.46187595	0.43468693	-0.494233	0.4199919	0.43098992	-0.49678442	-0.4735634	0.45058995	0.41652286	0.4247722	-0.46036348	-0.47184467	0.35113198	0.48297954	-0.44745994	0.44367966	0.47432265	0.44275862	0.43018615	0.43325505	0.44765273	-0.43136224	-0.4986215	0.44756657	0.5060976	-0.45152557	0.47892836	-0.45301113	0.4669734	0.5196165	-0.40907866	0.46397954	-0.41242495
-0.49847642	-0.50947696	-0.52521765	0.56955427	-0.49880376	-0.4301515	0.50484747	0.50355196	0.5318718	0.51394564	-0.48884508	-0.48126274	-0.49029857	0.5048205	-0.4654921	-0.50316447	0.51806575	0.5117128	-0.55966055	-0.5372716	-0.54314643	-0.59861207	0.4623718	0.53582907	0.5670451	0.56710756	-0.5689392	-0.56864697	0.5234797	0.50533	-0.5355642	0.5296537	-0.51981574	-0.4846957	0.51337695	-0.5460525	-0.5110486	0.5795673	-0.528012	0.57680553	0.47880077	-0.5387377	-0.5611059	-0.58474004	-0.5340562	0.5267477	-0.46163142	-0.5651593	0.48535994	0.46069062	-0.53137654	-0.5719275	-0.56028193	-0.5763156	-0.48531932	-0.5597034	0.5624259	-0.5110383	-0.5279064	-0.54130054	-0.51316106	0.5659528	0.5196592	-0.5138796	0.5299082	0.50678885	-0.5542273	0.5095911	0.5674646	-0.54671335	0.5947314	0.53323704	-0.5473064	-0.5495289	0.5381867	0.53062713	0.5144066	-0.55325747	-0.456692	0.48712066	0.5603314	-0.532588	0.5737973	0.4724363	0.5307877	0.5520555	0.5603976	0.5546835	-0.49088526	-0.5398107	0.5062951	0.47835636	-0.5228489	0.43973163	-0.52595454	0.5415433	0.52765805	-0.45173565	0.5526504	-0.55096394
-0.71018934	-0.7496651	-0.764935	0.7417544	-0.685452	-0.6049793	0.7082836	0.65792835	0.7857208	0.74367726	-0.7299827	-0.758845	-0.64227235	0.73770326	-0.72301567	-0.76960564	0.74025846	0.7098484	-0.70271075	-0.7251863	-0.69189215	-0.77009135	0.72764605	0.71290076	0.6840233	0.68814284	-0.7656722	-0.700485	0.7214253	0.7325837	-0.7665101	0.76466143	-0.6647959	-0.632066	0.7247408	-0.7269982	-0.6749458	0.73135465	-0.6827985	0.7401367	0.636189	-0.70309144	-0.69677204	-0.7164622	-0.68378603	0.6813138	-0.64815134	-0.77881616	0.7127415	0.69773716	-0.68824285	-0.7628752	-0.69489986	-0.7217541	-0.7117786	-0.732195	0.708526	-0.6914877	-0.6574363	-0.73916817	-0.68767893	0.7410583	0.70371264	-0.77829945	0.74120474	0.7712552	-0.6687442	0.7287089	0.7459943	-0.75472426	0.75169075	0.7220708	-0.77912426	-0.7384139	0.77514386	0.7129892	0.6750147	-0.7530231	-0.60876393	0.60664433	0.72390795	-0.68188477	0.75529164	0.7222486	0.7057423	0.7659054	0.7412858	0.77668536	-0.6357723	-0.71023154	0.7689773	0.7410154	-0.7606482	0.5890409	-0.74422044	0.7750158	0.77696794	-0.61982256	0.7539964	-0.7488809
-0.55873376	-0.66922987	-0.6850066	0.64784783	-0.63121057	-0.6107164	0.5848524	0.6133067	0.6831974	0.69686735	-0.63540256	-0.65571517	-0.626425	0.65547013	-0.6554537	-0.66260993	0.6298726	0.58339626	-0.6653595	-0.6288301	-0.6664636	-0.63350266	0.61012435	0.66274685	0.71455073	0.59684676	-0.72393167	-0.6509385	0.6614903	0.7190253	-0.6579368	0.65401363	-0.6433538	-0.5868946	0.7201236	-0.6746022	-0.5568273	0.621906	-0.664947	0.5729461	0.7111351	-0.62647027	-0.6877247	-0.65251803	-0.603838	0.61750597	-0.5821304	-0.6104289	0.66703284	0.61844516	-0.5544741	-0.7413545	-0.5714456	-0.6300374	-0.69882256	-0.7018182	0.6987464	-0.66955614	-0.67406154	-0.60802984	-0.6338587	0.65317315	0.5784696	-0.7244165	0.63760483	0.69355255	-0.6190938	0.6492047	0.63272953	-0.7024996	0.66831213	0.6276516	-0.69339657	-0.64640564	0.61791116	0.6440075	0.6876998	-0.71616924	-0.62054396	0.5338849	0.63129145	-0.61284125	0.6752246	0.5911436	0.5345939	0.68508965	0.6793774	0.64236146	-0.6334334	-0.655598	0.6358146	0.6095595	-0.65833384	0.5795112	-0.64807343	0.67525023	0.6978273	-0.54771763	0.6504918	-0.6920557
-0.3072526	-0.33486453	-0.3314494	0.33720872	-0.27624413	-0.3332182	0.34286684	0.3572178	0.33195642	0.2861415	-0.36827058	-0.3662666	-0.30688173	0.29997158	-0.29764974	-0.29190335	0.3587736	0.31813547	-0.30354807	-0.29250187	-0.32723433	-0.35989073	0.27847975	0.34383333	0.36835042	0.3167298	-0.33928812	-0.34764352	0.34728616	0.28299797	-0.29269958	0.3687718	-0.30357596	-0.31147623	0.35688564	-0.33444166	-0.358284	0.30817667	-0.3209324	0.32997018	0.3121375	-0.37417185	-0.28211236	-0.34318492	-0.36775497	0.3318263	-0.31824487	-0.34443623	0.28822714	0.33482373	-0.2926525	-0.36627483	-0.3198306	-0.2989317	-0.35795626	-0.31996813	0.3106666	-0.32400662	-0.34214622	-0.33782253	-0.35616776	0.30961102	0.32727545	-0.30161712	0.31490892	0.33838928	-0.32403937	0.3666619	0.3731091	-0.3341211	0.35421872	0.31390685	-0.3303308	-0.27500957	0.36575067	0.2861044	0.28938463	-0.36291125	-0.33888742	0.26537466	0.29188353	-0.3667628	0.32730323	0.35089993	0.35853508	0.3104087	0.3641764	0.3558451	-0.28469324	-0.2825057	0.3373677	0.3049289	-0.36218607	0.33686188	-0.30740663	0.32172474	0.33798754	-0.2990746	0.32848948	-0.3547456
-0.36693022	-0.39538014	-0.367514	0.42012438	-0.4214714	-0.33883744	0.4049257	0.4206027	0.46435508	0.38286927	-0.42333287	-0.44861814	-0.4380935	0.35532436	-0.4125495	-0.41366205	0.4430124	0.43894088	-0.41514668	-0.42860317	-0.42579544	-0.44729692	0.43447304	0.40066448	0.42146468	0.4461185	-0.4123053	-0.45580697	0.4006768	0.4327035	-0.4454236	0.4197793	-0.44165656	-0.36502242	0.39078003	-0.37145925	-0.40123698	0.3834746	-0.35025224	0.37855175	0.39719573	-0.43907234	-0.40735966	-0.4436111	-0.45191228	0.43480673	-0.41001233	-0.40715837	0.41162616	0.37988666	-0.35335353	-0.41323632	-0.40199533	-0.4598118	-0.45116684	-0.42635047	0.42250845	-0.4317904	-0.41845772	-0.361903	-0.43724534	0.42956722	0.4226759	-0.4144232	0.45807764	0.37194687	-0.3920801	0.4296343	0.42628014	-0.4368206	0.36980805	0.3844402	-0.43904072	-0.35339165	0.36182395	0.40366313	0.42602056	-0.41352135	-0.374011	0.36566818	0.36619008	-0.42036647	0.4009528	0.4015049	0.38357508	0.4388188	0.367546	0.4144499	-0.37480783	-0.3612755	0.38792816	0.36965945	-0.45760095	0.42738086	-0.36682206	0.38392746	0.4311181	-0.37764564	0.46072564	-0.3699926
-0.72666657	-0.68422043	-0.7533047	0.74543405	-0.6730416	-0.5361396	0.6468007	0.6721098	0.8019368	0.7179168	-0.6570137	-0.7390687	-0.661083	0.7272579	-0.7145537	-0.7041528	0.65701866	0.75227726	-0.726949	-0.6997973	-0.76076365	-0.7400311	0.65430593	0.7747547	0.6787229	0.71430737	-0.7323871	-0.7352196	0.6403826	0.7026456	-0.7705211	0.7094163	-0.6773952	-0.6682775	0.7245946	-0.706988	-0.6853004	0.775565	-0.74211997	0.70851845	0.616617	-0.6804675	-0.698262	-0.78843826	-0.6661485	0.6806928	-0.68213445	-0.69978297	0.6283116	0.65591574	-0.7062659	-0.7426525	-0.72294736	-0.75087357	-0.72358114	-0.71226126	0.7382837	-0.6770771	-0.6610521	-0.72228515	-0.73632294	0.6474508	0.7071799	-0.68930537	0.73073775	0.7650541	-0.7341612	0.7459678	0.72344023	-0.7328324	0.67878747	0.6660736	-0.75870526	-0.62729645	0.7518673	0.73311985	0.73228437	-0.7231612	-0.6546258	0.696782	0.7425706	-0.67836696	0.7404917	0.7167169	0.6572321	0.7496476	0.7019266	0.8011	-0.6915766	-0.6719975	0.6866938	0.6533224	-0.7655716	0.5240525	-0.7561751	0.6925819	0.66597795	-0.62302965	0.6935962	-0.73305917
-0.9971289	-0.8847843	-0.9109132	0.8809324	-0.886643	-0.6517367	0.8996697	0.94917035	0.9175563	0.85131156	-0.7974394	-0.8461312	-0.7511451	0.81955755	-0.8212392	-0.9087676	0.8336023	0.9398921	-0.8965064	-0.8692658	-0.86873436	-0.9432499	0.84456795	0.93687046	0.9030146	0.92895967	-0.9778406	-0.89091724	0.8399938	0.9116497	-0.92723143	0.8056484	-0.81479275	-0.83505535	0.899905	-0.8008786	-0.8293161	0.9105669	-0.92801	0.9267908	0.8026925	-0.8156238	-0.8947466	-0.9025933	-0.9300936	0.7986944	-0.8662112	-0.8717763	0.74563664	0.7628605	-0.9346341	-0.9355784	-0.88387233	-0.923869	-0.857708	-0.8725194	0.8562336	-0.8190722	-0.79243946	-0.9177339	-0.8855029	0.85046643	0.9140515	-0.8372156	0.86389047	0.8793282	-0.94750124	0.957493	0.84874815	-0.8779644	0.9121938	0.84505516	-0.92510533	-0.90628827	0.91197324	0.8880006	0.8911476	-0.8827365	-0.81291026	0.86985755	0.9650934	-0.837227	0.9270917	0.92279565	0.928051	0.9573236	0.9523181	0.91191584	-0.79061383	-0.77989984	0.9481028	0.8780694	-0.9208011	0.76319885	-0.9431458	0.95208	0.9147767	-0.84086746	0.9272202	-0.85769635
-0.44696864	-0.47320282	-0.44098958	0.5300532	-0.5269531	-0.38448325	0.4496122	0.45623115	0.5118803	0.4772654	-0.45033473	-0.46710172	-0.45559818	0.45172402	-0.44968504	-0.48686373	0.4636761	0.51603097	-0.5006535	-0.50809866	-0.43058655	-0.5134524	0.44958675	0.49629182	0.4213664	0.51290417	-0.4465396	-0.45893204	0.39538774	0.46877733	-0.5146341	0.46143168	-0.43649143	-0.45969665	0.49804652	-0.45818087	-0.46285662	0.4717855	-0.4757953	0.53104234	0.4445917	-0.49839792	-0.42157808	-0.44801325	-0.4210685	0.45903635	-0.49116468	-0.48883465	0.45702285	0.510076	-0.5125403	-0.45622036	-0.52310246	-0.485472	-0.5069022	-0.46083564	0.4810255	-0.38482526	-0.46728915	-0.50714743	-0.44173935	0.5000201	0.49022546	-0.5147478	0.5186972	0.49754867	-0.48888236	0.45124722	0.5191596	-0.44323173	0.45573944	0.48397765	-0.48527038	-0.4500074	0.46354258	0.46795508	0.48111048	-0.5035429	-0.4254297	0.4406826	0.5224928	-0.45806348	0.47905347	0.44771457	0.4990632	0.49749312	0.4483737	0.4709728	-0.4338098	-0.49550375	0.46280706	0.45248094	-0.5305816	0.3748537	-0.51206005	0.4688923	0.42191496	-0.44637093	0.5293711	-0.46648124
-0.762136	-0.7484924	-0.741937	0.77817726	-0.72742754	-0.66377795	0.75017697	0.6631012	0.7511877	0.7597909	-0.71592116	-0.78731745	-0.7583919	0.72881395	-0.79626614	-0.77103347	0.76188296	0.7830176	-0.7792962	-0.75203216	-0.7815392	-0.7988233	0.7659055	0.7635905	0.7363387	0.74354106	-0.81893885	-0.77356505	0.69019485	0.7847212	-0.7360732	0.76438516	-0.7808972	-0.6752266	0.76334625	-0.76465756	-0.64848816	0.7972903	-0.754187	0.73527944	0.7550577	-0.7063684	-0.73696893	-0.7374629	-0.7566004	0.789215	-0.7236198	-0.763214	0.7008575	0.69787186	-0.6804419	-0.82008654	-0.71196073	-0.75232893	-0.79622203	-0.7277166	0.7401364	-0.7496547	-0.7405734	-0.7518554	-0.81664234	0.69952637	0.70706886	-0.74689215	0.8189306	0.760077	-0.737383	0.7515026	0.731251	-0.7698592	0.72364295	0.79008734	-0.73050237	-0.69792986	0.7238483	0.76610035	0.7593764	-0.82708436	-0.72284865	0.5955841	0.7395658	-0.69997585	0.8208402	0.7200456	0.63891107	0.82178545	0.815271	0.827485	-0.6710131	-0.7080167	0.74309134	0.7468688	-0.7647974	0.6352136	-0.7518335	0.76703644	0.76378775	-0.5899405	0.78927016	-0.72451454
-0.8609802	-0.8661886	-0.86981094	0.86506706	-0.87143695	-0.74848026	0.8458586	0.8266749	0.8518161	0.8323454	-0.8437515	-0.8482618	-0.75814396	0.8019599	-0.8477762	-0.85124546	0.83405304	0.80952626	-0.8568017	-0.83333755	-0.88005024	-0.8352677	0.8379948	0.84002805	0.8418582	0.8730028	-0.88183933	-0.89061385	0.75476843	0.83867	-0.88431764	0.8261926	-0.8403637	-0.770858	0.87797403	-0.87271386	-0.8166053	0.8489946	-0.79835325	0.86063117	0.8309384	-0.82850844	-0.8589414	-0.85378605	-0.9201289	0.7893123	-0.7976637	-0.8452853	0.7965416	0.84150815	-0.8347622	-0.8299359	-0.802892	-0.840319	-0.8617341	-0.79949236	0.870441	-0.78277177	-0.79585606	-0.90262556	-0.89158535	0.8804734	0.8709802	-0.8362165	0.9164618	0.8345413	-0.8631051	0.8888636	0.87745553	-0.830998	0.8322384	0.82403237	-0.83378154	-0.8862482	0.85861915	0.8185233	0.82245815	-0.8553202	-0.87390244	0.76177764	0.8090957	-0.784685	0.8922639	0.80170923	0.8293514	0.8533122	0.8547815	0.8778536	-0.80668974	-0.8944837	0.8592423	0.8876118	-0.9223775	0.6860039	-0.8459548	0.87059957	0.85337347	-0.744894	0.8230328	-0.86440784
-0.8301088	-0.84196854	-0.7707915	0.8413622	-0.80260885	-0.7692855	0.7190513	0.78551334	0.88192016	0.78957695	-0.7705742	-0.8389527	-0.81331146	0.71929973	-0.8022796	-0.81848073	0.7920979	0.7989845	-0.8166744	-0.76755553	-0.8186711	-0.82399035	0.81492686	0.84341186	0.8355025	0.7786717	-0.84464675	-0.7762073	0.86906844	0.8134346	-0.84130436	0.8276649	-0.8641306	-0.67088926	0.81594473	-0.8066932	-0.72761685	0.82266253	-0.8076728	0.8178734	0.8481216	-0.79497397	-0.75925916	-0.7705886	-0.7636174	0.7937721	-0.6279332	-0.751836	0.8384508	0.81492424	-0.783865	-0.780269	-0.7933372	-0.84879416	-0.8553624	-0.87108994	0.75531584	-0.7848812	-0.7426273	-0.7730477	-0.8457748	0.8016092	0.79688823	-0.7893268	0.7403475	0.80634224	-0.77319664	0.7746674	0.779668	-0.76089287	0.8186656	0.8460047	-0.81043696	-0.8011829	0.8186297	0.79977864	0.79168814	-0.8267468	-0.63115954	0.62960225	0.75592893	-0.7547403	0.834246	0.8238174	0.7283211	0.79117763	0.7598231	0.8380533	-0.7477674	-0.7948759	0.83661914	0.76454765	-0.84343094	0.8398184	-0.8021474	0.85696256	0.8677919	-0.6259668	0.8282396	-0.8454604
-0.62215054	-0.62409085	-0.5762118	0.6201729	-0.57804066	-0.5580927	0.56335855	0.55019706	0.6650631	0.62900335	-0.5790528	-0.6103864	-0.5862046	0.6153151	-0.58233005	-0.58069927	0.5388089	0.64387256	-0.5438745	-0.577366	-0.6381832	-0.64092433	0.6060832	0.61219305	0.6181663	0.5466649	-0.61122954	-0.6122107	0.6144309	0.63236344	-0.62882906	0.6242792	-0.6381229	-0.51626974	0.60792255	-0.62194544	-0.57475907	0.5699638	-0.5272939	0.55870897	0.5512755	-0.63324505	-0.54971755	-0.67835397	-0.61977315	0.5784481	-0.47761855	-0.5977951	0.62189853	0.5875531	-0.5588258	-0.66997534	-0.5746697	-0.56589395	-0.5719953	-0.6447939	0.5900198	-0.63662916	-0.5130629	-0.6067051	-0.5764326	0.52267843	0.5501783	-0.578964	0.67000335	0.6420475	-0.6307721	0.6422287	0.61830103	-0.6633324	0.5669007	0.6564893	-0.6499551	-0.5303404	0.6085374	0.5697889	0.5708444	-0.5683737	-0.5629588	0.52156156	0.664353	-0.54417765	0.60690933	0.5467292	0.5695073	0.61163014	0.5951901	0.5956358	-0.549125	-0.6159041	0.59443635	0.62615496	-0.6078133	0.5644422	-0.64084506	0.58542246	0.6078836	-0.5561884	0.6218301	-0.5808806
-0.7492365	-0.7671527	-0.8034343	0.7643501	-0.7130054	-0.59782153	0.7321783	0.74203247	0.7654206	0.74687356	-0.6822979	-0.7506069	-0.6406706	0.7368922	-0.69890547	-0.71345234	0.71717495	0.7195631	-0.7193706	-0.717935	-0.7061553	-0.7702812	0.7584232	0.7380937	0.7878643	0.80036277	-0.79209614	-0.7363918	0.62612087	0.7444971	-0.74293166	0.7300801	-0.7023423	-0.6615858	0.7455236	-0.7164627	-0.69910073	0.7741099	-0.7096766	0.7830995	0.6801533	-0.69046026	-0.76268727	-0.7646532	-0.7087445	0.6714715	-0.7239631	-0.7306088	0.5921652	0.73040044	-0.7389742	-0.73500913	-0.7890337	-0.72782165	-0.7450071	-0.6693633	0.71525735	-0.6954638	-0.6900696	-0.73222005	-0.71541506	0.693608	0.7288934	-0.77704954	0.7798115	0.76565546	-0.79146934	0.7837801	0.70251894	-0.79802835	0.78971577	0.78793555	-0.76833886	-0.7117416	0.7743681	0.7397249	0.7676197	-0.7345299	-0.73727167	0.71273	0.8149501	-0.7602539	0.7968771	0.7192346	0.6956695	0.76863635	0.7331902	0.75856686	-0.7145369	-0.7024946	0.73613304	0.7305418	-0.73578554	0.50970715	-0.78914267	0.7531473	0.74301344	-0.65744555	0.74156696	-0.71996963
-0.1463002	-0.09624709	-0.14908099	0.10844087	-0.13095225	-0.16286726	0.14070159	0.099838555	0.16498907	0.08386027	-0.1036273	-0.12736793	-0.12244644	0.09407155	-0.17782718	-0.13938028	0.14549936	0.09345743	-0.08044674	-0.16579412	-0.16369757	-0.086565346	0.16495167	0.1615657	0.07983669	0.12482987	-0.10012519	-0.1198064	0.17579688	0.10999106	-0.09074265	0.11953945	-0.16237453	-0.049169086	0.0762362	-0.17308731	-0.12688108	0.11150693	-0.107338734	0.14890905	0.12823844	-0.11792384	-0.10020877	-0.082993716	-0.13794345	0.15503442	-0.12327977	-0.1590733	0.10169214	0.15803745	-0.087692834	-0.14439884	-0.13968025	-0.15050569	-0.12155247	-0.14438404	0.13638586	-0.13404173	-0.15024668	-0.10807792	-0.12761572	0.14807728	0.08734966	-0.17964153	0.09062561	0.13822398	-0.10465419	0.10520148	0.15434755	-0.13553466	0.081810445	0.10573459	-0.15970382	-0.1626465	0.16746083	0.072530456	0.11651442	-0.09530464	-0.096818246	0.056654938	0.114167765	-0.09648668	0.08199211	0.08397265	0.05757173	0.11165251	0.16154528	0.06862619	-0.14046392	-0.16535439	0.15179156	0.09967519	-0.1361176	0.119226225	-0.1533569	0.14719641	0.10718971	-0.12489563	0.0793454	-0.08800173
-0.6562311	-0.78601724	-0.75174993	0.84043086	-0.8000661	-0.789684	0.7605446	0.6926654	0.77445126	0.7667051	-0.77795136	-0.8704446	-0.8258692	0.73864776	-0.8687111	-0.9090739	0.8505315	0.75607437	-0.7690886	-0.8547616	-0.8740522	-0.7982439	0.8381544	0.8450682	0.8529318	0.7644565	-0.77781594	-0.76236945	0.8393082	0.864919	-0.78506225	0.8559918	-0.86738294	-0.6637643	0.8198431	-0.85838413	-0.61600494	0.7892924	-0.73385215	0.75894594	0.81591094	-0.8407654	-0.8605828	-0.7956858	-0.7611302	0.8246545	-0.7014559	-0.83759767	0.860998	0.7875197	-0.64474624	-0.795291	-0.68447655	-0.7848663	-0.8388702	-0.85255456	0.83760834	-0.88368464	-0.8524677	-0.6904243	-0.8153945	0.76240265	0.7184656	-0.81728613	0.78881353	0.8598198	-0.6762853	0.65656215	0.8103109	-0.8019184	0.75541055	0.8280275	-0.8612766	-0.78054357	0.8046509	0.73425233	0.7190005	-0.81248695	-0.7120356	0.60456854	0.70685154	-0.5936297	0.8032274	0.7467467	0.6097892	0.6497678	0.78032	0.68421596	-0.79429597	-0.82875586	0.84132427	0.79282206	-0.7756757	0.8281449	-0.7875546	0.7633656	0.87724537	-0.6090323	0.7407864	-0.82188267
-0.5467896	-0.6630062	-0.58035094	0.5981841	-0.55360025	-0.57825255	0.5639259	0.57632923	0.6462157	0.59504795	-0.5779958	-0.6208001	-0.66090286	0.60458636	-0.6365188	-0.58652526	0.6218631	0.6106594	-0.61125875	-0.62377733	-0.6228347	-0.58342826	0.6216688	0.6543307	0.6664382	0.6269898	-0.6384374	-0.5933059	0.6260507	0.58627284	-0.61919993	0.61290926	-0.59357005	-0.6056333	0.6065104	-0.6135532	-0.5875423	0.5749443	-0.6516325	0.64668876	0.64152354	-0.63641065	-0.66060597	-0.64239645	-0.65782523	0.57076454	-0.57791513	-0.65656865	0.6022254	0.5807581	-0.59355795	-0.6361443	-0.61275744	-0.6578497	-0.6116986	-0.66496634	0.5862499	-0.6498953	-0.5776065	-0.6104242	-0.5876632	0.59422886	0.5383065	-0.59899586	0.61522675	0.6736969	-0.55931693	0.5798101	0.62400734	-0.6510135	0.63935435	0.59789747	-0.6015769	-0.6312572	0.6590003	0.60186064	0.58412176	-0.5813503	-0.59414667	0.5809555	0.63831097	-0.54182667	0.668556	0.6077676	0.5395585	0.58561194	0.6054493	0.58944476	-0.642593	-0.6253211	0.6561291	0.6041858	-0.66261035	0.59048265	-0.64934975	0.5851583	0.5799864	-0.599161	0.5929779	-0.6327632
-0.8977871	-0.8433869	-0.9065331	0.89737177	-0.82229614	-0.7696181	0.8119812	0.816121	0.8575378	0.85244465	-0.89618105	-0.9214447	-0.7486789	0.8727841	-0.85658675	-0.88322675	0.9206728	0.8781919	-0.8764291	-0.8788742	-0.9118814	-0.8776143	0.8213348	0.92401433	0.9175119	0.83264226	-0.94543254	-0.9293124	0.7687738	0.9491333	-0.8678836	0.9411033	-0.85779965	-0.86046374	0.92966485	-0.918526	-0.790261	0.8632837	-0.92855793	0.8758259	0.8129791	-0.87093645	-0.90111583	-0.9260961	-0.83709186	0.84926224	-0.80831623	-0.94247025	0.7554296	0.84732795	-0.8488325	-0.9320025	-0.92908365	-0.90217286	-0.8771578	-0.8105219	0.90679204	-0.8944658	-0.8375135	-0.884721	-0.91226786	0.8793511	0.85185117	-0.9183649	0.9332841	0.87326485	-0.88124144	0.87667876	0.8581968	-0.9170208	0.84381044	0.9157269	-0.91845363	-0.8510204	0.898851	0.8901931	0.91700625	-0.94047856	-0.92824495	0.7601218	0.9009178	-0.84041446	0.8913277	0.87422127	0.7465881	0.8471796	0.90321827	0.9053731	-0.90836793	-0.8734359	0.9366494	0.8957312	-0.9017317	0.60263544	-0.95978516	0.90504664	0.9232781	-0.73035854	0.92536014	-0.9390779
-0.42320582	-0.45701993	-0.5061784	0.41154307	-0.4587118	-0.4612082	0.40759164	0.4161882	0.4228059	0.41988412	-0.46829686	-0.42931366	-0.41310298	0.42368028	-0.49520442	-0.43477833	0.48448488	0.48386765	-0.40776408	-0.47484294	-0.50898606	-0.43053705	0.40521497	0.4494214	0.44338584	0.49798188	-0.4620134	-0.49243268	0.48577988	0.46800464	-0.48657677	0.47065672	-0.43409538	-0.43918937	0.45753145	-0.49326727	-0.4564367	0.42673635	-0.44577593	0.4706529	0.4791939	-0.5039448	-0.43628073	-0.46847913	-0.45939147	0.47287613	-0.49807215	-0.43477005	0.48769477	0.45713362	-0.42385012	-0.4305358	-0.47843894	-0.4157247	-0.50864834	-0.41784093	0.41160884	-0.49616212	-0.46753994	-0.44579905	-0.47717997	0.41478583	0.46524858	-0.44221124	0.455304	0.47143704	-0.46957263	0.47135493	0.43715915	-0.45234635	0.43373647	0.41589493	-0.50606877	-0.50235397	0.4880833	0.41052422	0.49804556	-0.4186257	-0.44173566	0.4122938	0.44797048	-0.42608577	0.49281907	0.48800662	0.3942237	0.45603845	0.42798015	0.43761146	-0.42493045	-0.41061395	0.41278705	0.45401424	-0.4909331	0.41169786	-0.41780916	0.4022652	0.4993096	-0.42351058	0.4643521	-0.41035882
-0.6530724	-0.75612974	-0.7172871	0.8008792	-0.7106025	-0.7779711	0.7223615	0.690834	0.7667115	0.8070368	-0.82279104	-0.82221144	-0.71785784	0.74547833	-0.78348184	-0.77291197	0.72759926	0.6477865	-0.80260044	-0.7868056	-0.81288695	-0.796436	0.7324636	0.7938714	0.7466241	0.67387915	-0.7227147	-0.74847746	0.81147695	0.7565186	-0.74425447	0.7970034	-0.71503234	-0.73568785	0.785147	-0.7463166	-0.7403769	0.7608717	-0.69412506	0.7152329	0.7756394	-0.8211755	-0.76086885	-0.765572	-0.7511525	0.73728025	-0.7820319	-0.81400317	0.78747344	0.8083641	-0.65161246	-0.85854506	-0.69345915	-0.7718044	-0.7577215	-0.8047829	0.757528	-0.7510877	-0.74779296	-0.711054	-0.80236214	0.7463626	0.70329124	-0.76119876	0.7466996	0.8049082	-0.6591853	0.6508387	0.748975	-0.808938	0.7133567	0.80683964	-0.84408766	-0.74642944	0.7593588	0.7299959	0.73906064	-0.7645772	-0.7787305	0.70053124	0.7096905	-0.63398063	0.7200261	0.69733536	0.5886086	0.6399388	0.7319109	0.7129392	-0.7588905	-0.79673886	0.73786676	0.7602917	-0.75499254	0.68205935	-0.8177428	0.7347107	0.7754598	-0.6453196	0.7511496	-0.8255962
-0.6176042	-0.7966168	-0.84324217	0.88319385	-0.7243356	-0.89179385	0.7664165	0.65181166	0.7883928	0.8314405	-0.84980226	-0.9388718	-0.92233384	0.77121156	-0.87538147	-0.9125753	0.9041509	0.743457	-0.8253546	-0.8404187	-0.88526917	-0.79634666	0.8077469	0.8710919	0.9078441	0.7844098	-0.8028833	-0.8458018	0.9587274	0.9290742	-0.8270261	0.9447512	-0.8083582	-0.68049926	0.78416693	-0.8640977	-0.6464087	0.7696985	-0.7460648	0.79477155	0.9079531	-0.91982263	-0.8828615	-0.8116605	-0.8205635	0.896766	-0.75126344	-0.76947296	0.8442391	0.8633905	-0.6260256	-0.87880677	-0.7554871	-0.79017085	-0.8571111	-0.8640978	0.90816617	-0.9612014	-0.8351992	-0.76176155	-0.8750108	0.76712865	0.66992986	-0.9233381	0.87243915	0.86860037	-0.70977557	0.68321437	0.8562816	-0.869157	0.80103177	0.8905941	-0.9138114	-0.78427213	0.8925012	0.7976996	0.82045764	-0.8654627	-0.78488237	0.60711855	0.69852394	-0.67815065	0.817728	0.7278984	0.5653938	0.78716767	0.8786448	0.79372346	-0.88489187	-0.85136235	0.78627783	0.77653587	-0.86965483	0.78027827	-0.8565376	0.79004323	0.92919797	-0.54864746	0.81378865	-0.97592455
-0.56959796	-0.63790876	-0.58395714	0.62872523	-0.5050653	-0.53936416	0.5336546	0.55356425	0.6084705	0.57835144	-0.55392545	-0.60444045	-0.5813621	0.55592954	-0.5670996	-0.6473475	0.5428146	0.61832637	-0.5733101	-0.6461419	-0.58535147	-0.58943194	0.5491326	0.63248265	0.57729346	0.55554473	-0.6162952	-0.581264	0.6063805	0.57566935	-0.6156946	0.6207332	-0.60124236	-0.5489936	0.5414549	-0.6010636	-0.53903	0.5599689	-0.5036645	0.5968832	0.5497859	-0.57588035	-0.6419859	-0.6092059	-0.54294443	0.62278515	-0.55705476	-0.57249403	0.6091609	0.55269295	-0.5240827	-0.59464276	-0.5977557	-0.5442801	-0.59123594	-0.59716386	0.5377664	-0.55517465	-0.5775794	-0.5609856	-0.60999376	0.556632	0.5278559	-0.61902034	0.6163264	0.65634423	-0.4794782	0.5923265	0.62252533	-0.5905216	0.5405187	0.58208525	-0.52057165	-0.5503232	0.5626887	0.56918216	0.56292576	-0.57861996	-0.5209117	0.5486316	0.54533154	-0.49392137	0.60984117	0.6004314	0.56008136	0.54574084	0.5273892	0.5680043	-0.5300227	-0.6045051	0.5882083	0.6143693	-0.5341946	0.5516689	-0.61680824	0.57264024	0.5728529	-0.4708454	0.57764727	-0.6250441
-0.93326867	-0.85831875	-0.84220856	0.93613344	-0.863947	-0.6685092	0.8010537	0.84428334	0.93307835	0.81942016	-0.8464407	-0.8276765	-0.8351325	0.88575834	-0.80559963	-0.8074567	0.7988595	0.88730067	-0.868731	-0.88957596	-0.8815667	-0.9081606	0.86355644	0.84112406	0.8026754	0.89365077	-0.9505773	-0.88329905	0.7827436	0.89776945	-0.9163077	0.83333516	-0.8374351	-0.7499236	0.8767303	-0.82517076	-0.82338715	0.8851591	-0.8890903	0.9000471	0.77356195	-0.7676043	-0.78595954	-0.86045206	-0.81278306	0.8000359	-0.76999766	-0.90284026	0.7615419	0.7703436	-0.8490511	-0.87969315	-0.86447024	-0.9171519	-0.8163841	-0.83723277	0.871971	-0.7749023	-0.76257837	-0.90923506	-0.91391647	0.83414686	0.81523	-0.82140726	0.815371	0.86176574	-0.90157324	0.8607145	0.8027983	-0.8593218	0.8804286	0.8730695	-0.83207095	-0.804085	0.8282059	0.83614695	0.77941793	-0.9264229	-0.6700554	0.74113524	0.8914854	-0.88473177	0.9368577	0.88437957	0.8491937	0.91754764	0.8734933	0.8979335	-0.76951337	-0.81715345	0.8944734	0.8342189	-0.91236293	0.7164232	-0.9068898	0.9132822	0.82106835	-0.7499666	0.8255904	-0.8134656
-0.724313	-0.76849186	-0.7511388	0.7257245	-0.6925891	-0.756451	0.7096906	0.72135967	0.73190707	0.7586615	-0.76142067	-0.7896675	-0.7216256	0.7030209	-0.75614023	-0.7763273	0.7433746	0.7510942	-0.73229265	-0.7619249	-0.79499346	-0.7940185	0.7604898	0.7388571	0.79887533	0.7127213	-0.7857532	-0.73954123	0.7772635	0.72039294	-0.7883137	0.71810746	-0.7447727	-0.6500368	0.7438146	-0.71953076	-0.6303549	0.7849254	-0.7230088	0.76708996	0.7803367	-0.74702203	-0.7210321	-0.75910616	-0.7112071	0.72498363	-0.64240026	-0.6931837	0.7568898	0.7799817	-0.70123976	-0.7919004	-0.7185251	-0.7164904	-0.7659491	-0.71171415	0.76520246	-0.783801	-0.7742013	-0.7884165	-0.73765916	0.75545824	0.7322848	-0.7789135	0.70887226	0.73449963	-0.746419	0.7201767	0.7400842	-0.79556906	0.73607045	0.7568047	-0.7344116	-0.7599625	0.78192365	0.69320095	0.6833847	-0.7776254	-0.67353624	0.64843893	0.7450153	-0.7279331	0.7388299	0.7823106	0.7265621	0.73579115	0.7799113	0.735023	-0.6820449	-0.7190034	0.708393	0.7187102	-0.7840816	0.6401354	-0.6919292	0.7302209	0.74541914	-0.6678234	0.698406	-0.7601349
-0.46403468	-0.4404531	-0.41719776	0.41090447	-0.45234138	-0.44227868	0.39897245	0.44138128	0.460237	0.45936316	-0.46106204	-0.48891655	-0.41893873	0.45676896	-0.47457537	-0.49980542	0.440465	0.42156005	-0.4296435	-0.44177315	-0.4603775	-0.4582049	0.4238038	0.47621033	0.46421498	0.47092417	-0.46978202	-0.46772346	0.49428743	0.46751395	-0.41775507	0.5113377	-0.45341033	-0.4092301	0.42535955	-0.48330814	-0.38914505	0.4294381	-0.38677442	0.4918471	0.4125298	-0.48588896	-0.4229879	-0.47992164	-0.45062384	0.42208144	-0.412524	-0.48737302	0.39505148	0.46533328	-0.40848005	-0.5246582	-0.4351918	-0.42486244	-0.46457013	-0.50749683	0.48347673	-0.45081708	-0.43920442	-0.44927698	-0.42256096	0.3765079	0.48231056	-0.4512858	0.47635108	0.5063618	-0.46277544	0.40525624	0.4181768	-0.47761115	0.42538148	0.44057631	-0.4531151	-0.42150614	0.50553644	0.426206	0.4575091	-0.47917107	-0.39668548	0.39328557	0.44683012	-0.42219225	0.4481665	0.41089687	0.38201576	0.4453139	0.4979704	0.44518068	-0.44678202	-0.4254091	0.44241834	0.4518407	-0.4441568	0.48329684	-0.4357125	0.4638821	0.4786075	-0.44391075	0.48417583	-0.42338148
-0.62362987	-0.66555893	-0.6837747	0.70601577	-0.6252475	-0.6800234	0.6619265	0.5814311	0.6961272	0.73495466	-0.67010164	-0.6989834	-0.6942104	0.66664	-0.71235216	-0.68417895	0.666872	0.60206616	-0.74391717	-0.6439014	-0.74628687	-0.7138915	0.6688584	0.69124734	0.66122115	0.63000417	-0.67074686	-0.68063563	0.7315912	0.69045365	-0.697847	0.66311216	-0.635365	-0.59507626	0.68505466	-0.69312185	-0.55195534	0.65256107	-0.57620066	0.5776917	0.64416695	-0.7404921	-0.67331713	-0.6963011	-0.64885736	0.7354691	-0.63825154	-0.61600286	0.7454922	0.7506978	-0.62408257	-0.75187707	-0.6102893	-0.66957855	-0.7327652	-0.6620866	0.70764023	-0.6804917	-0.7478296	-0.62715244	-0.6504513	0.6567545	0.6032042	-0.7493544	0.6796732	0.6914404	-0.5732204	0.64427793	0.7028598	-0.7290213	0.64102364	0.7419072	-0.6567285	-0.7300387	0.64746517	0.69479567	0.6944114	-0.68187493	-0.6646859	0.5293791	0.60821533	-0.5481073	0.7004128	0.66703767	0.5680735	0.63114345	0.7030335	0.67049396	-0.70230585	-0.6434854	0.6517744	0.65261555	-0.7165501	0.69093305	-0.6402324	0.6391682	0.7344436	-0.62122995	0.61379755	-0.67394036
-0.54392207	-0.5914723	-0.57505673	0.5725853	-0.5343701	-0.5494331	0.5765322	0.52576816	0.52562994	0.59130174	-0.55728674	-0.57877177	-0.54311115	0.59604967	-0.5936039	-0.5854108	0.52979976	0.56390125	-0.5961501	-0.5627333	-0.57358354	-0.60649997	0.53043747	0.6112729	0.60710114	0.6001172	-0.5521733	-0.6065392	0.52454865	0.53193724	-0.59337026	0.5481596	-0.5825263	-0.5808725	0.5440956	-0.6263078	-0.5285662	0.6197535	-0.60245055	0.5469834	0.5594852	-0.6287482	-0.5464874	-0.5634566	-0.57462317	0.61635613	-0.59385306	-0.57051575	0.5516874	0.55480045	-0.5552221	-0.52518207	-0.5605234	-0.5619552	-0.56769043	-0.51833683	0.5490841	-0.56878203	-0.573714	-0.5339289	-0.6132411	0.54837215	0.53399634	-0.5799335	0.6040586	0.6030593	-0.51735514	0.5541289	0.59581375	-0.61984533	0.580807	0.53018284	-0.60818934	-0.606229	0.6078111	0.5573133	0.54535884	-0.58752424	-0.5731457	0.55798066	0.51932377	-0.5844717	0.5344961	0.6179341	0.5285298	0.54765624	0.5338502	0.57866776	-0.5576369	-0.56834185	0.5731601	0.52930456	-0.6174488	0.48296458	-0.5370062	0.5933064	0.5339819	-0.5357322	0.5697262	-0.52298194
-0.82092273	-0.90500355	-0.8539923	0.9567507	-0.9187901	-0.8915948	0.92947215	0.8244324	0.8349292	0.9022408	-0.9158653	-0.9823149	-0.9568129	0.93900883	-0.91843736	-0.947289	0.9633926	0.8921033	-0.9944123	-0.949376	-0.9850113	-0.88594884	0.9856054	0.96463835	0.95669377	0.8698865	-0.8554194	-0.90056175	0.98952544	0.938413	-0.83571166	0.9466417	-0.91692245	-0.8059465	0.87655866	-0.99366796	-0.81781495	0.8174885	-0.8801942	0.86551887	0.9285745	-1.0110873	-0.9544855	-0.9428549	-0.9633891	0.9601119	-0.9115154	-0.9284111	0.8958526	0.9022985	-0.7861925	-1.0038602	-0.8766567	-0.9092592	-0.92444605	-0.99693966	0.9496161	-0.99294543	-0.9687991	-0.8670695	-0.93075556	0.95563716	0.8024438	-0.9503673	0.9447043	0.9085627	-0.8030986	0.8424501	0.9214717	-0.98013544	0.82226086	0.9013729	-0.92922866	-0.8980191	0.89348245	0.97210366	0.95831907	-0.9143339	-0.9329819	0.8532253	0.7984798	-0.7773987	0.942765	0.84191835	0.7593136	0.80897427	0.93977743	0.8521402	-0.9474056	-0.9910394	0.9366432	0.908054	-0.9413823	0.88782686	-0.88177913	0.8864867	0.92113334	-0.7793795	0.91566485	-1.0058019
-0.47569785	-0.5718915	-0.53382957	0.54952705	-0.5305045	-0.5821237	0.47800204	0.45823914	0.5769002	0.5096222	-0.5836302	-0.5700744	-0.5920485	0.4904925	-0.60920423	-0.6218467	0.55101126	0.5297677	-0.5359381	-0.54976106	-0.54755723	-0.5612282	0.5766037	0.52346593	0.5005981	0.5776747	-0.56801623	-0.52780455	0.5795011	0.58106536	-0.5594995	0.6043512	-0.563096	-0.5121915	0.5857139	-0.5306728	-0.4884277	0.5264149	-0.4791019	0.55571264	0.6000185	-0.57283777	-0.5875899	-0.5096378	-0.5156504	0.57453805	-0.45902887	-0.4949256	0.55125785	0.57117087	-0.44985205	-0.52163297	-0.46224242	-0.512037	-0.5154154	-0.5575548	0.5171536	-0.52742	-0.5372409	-0.56802773	-0.56453377	0.49240267	0.45180446	-0.52399594	0.55485463	0.551839	-0.49741447	0.49641722	0.5771275	-0.5735846	0.52749765	0.56175935	-0.5535248	-0.56429654	0.55048335	0.53154975	0.5688872	-0.5732107	-0.50920576	0.473338	0.5371875	-0.46161017	0.5482629	0.5219939	0.44963518	0.51442444	0.508219	0.4978258	-0.5554649	-0.49502426	0.5538959	0.5813329	-0.5217586	0.5325722	-0.55773497	0.5187155	0.5226193	-0.40890497	0.523861	-0.57862717
-0.58586687	-0.61080784	-0.5376103	0.6241055	-0.58055174	-0.49167326	0.5768769	0.6019236	0.60794955	0.5790435	-0.6072074	-0.55794096	-0.5614948	0.543526	-0.5460846	-0.6027311	0.5462013	0.57616425	-0.59457356	-0.62358063	-0.63812476	-0.6232414	0.5389566	0.6107768	0.54843575	0.60012335	-0.6365765	-0.6104909	0.5520363	0.5739477	-0.59438074	0.5534471	-0.55989563	-0.59060293	0.58003134	-0.55680597	-0.50352216	0.6094423	-0.536211	0.59962696	0.51915395	-0.547405	-0.53798497	-0.5867471	-0.5482746	0.6157524	-0.515745	-0.57244945	0.52938133	0.58417994	-0.5347653	-0.5767138	-0.5513548	-0.61788213	-0.5388793	-0.61509657	0.5493078	-0.58437973	-0.5296098	-0.55966383	-0.55066836	0.6176295	0.51374626	-0.60424036	0.59473157	0.64231384	-0.60220695	0.56225747	0.60917366	-0.61604625	0.5962785	0.62809473	-0.5865284	-0.5395866	0.5834964	0.5450487	0.55711293	-0.6167924	-0.5400344	0.5283578	0.6145055	-0.5975462	0.56402963	0.57877123	0.5547942	0.59524316	0.6084882	0.57501686	-0.6034605	-0.55948734	0.5714684	0.6085606	-0.6382291	0.5207164	-0.561179	0.62285656	0.5834032	-0.49789408	0.5793549	-0.61179906
-0.70507795	-0.8339252	-0.85556597	0.83825076	-0.84041905	-0.88285106	0.8327699	0.7086962	0.77991337	0.8447391	-0.801475	-0.8999398	-0.8894074	0.8541854	-0.8743588	-0.8616821	0.85009325	0.7543751	-0.82360405	-0.89991	-0.8605548	-0.8863639	0.8625279	0.86020845	0.90739423	0.8188968	-0.8738413	-0.83581704	0.919357	0.829365	-0.83163434	0.9286438	-0.8653028	-0.7339254	0.8838674	-0.85128367	-0.7950972	0.74364483	-0.79116666	0.8570008	0.92932445	-0.8850224	-0.8649112	-0.8741959	-0.8581678	0.8724082	-0.8147178	-0.82371205	0.9161603	0.80207497	-0.71809965	-0.8919237	-0.8217101	-0.8725763	-0.9216062	-0.8630489	0.8485916	-0.8893072	-0.8831321	-0.79177725	-0.86948526	0.844675	0.72525036	-0.93634766	0.84411967	0.88837063	-0.717175	0.7346701	0.9364103	-0.9218342	0.8127452	0.8587684	-0.934033	-0.84490526	0.865112	0.85774916	0.896714	-0.8521311	-0.7777421	0.69854623	0.75240475	-0.7635637	0.8568001	0.7775586	0.6828584	0.6847325	0.90961593	0.78741986	-0.8933148	-0.86407375	0.90892446	0.8675864	-0.8722197	0.92795193	-0.82247806	0.7930865	0.85787976	-0.7098333	0.8629793	-0.943878
-0.7093874	-0.6478413	-0.72352517	0.63663965	-0.7023923	-0.680354	0.6786406	0.7066343	0.6995131	0.71847576	-0.6667815	-0.6746452	-0.6814535	0.6633456	-0.71959555	-0.73829037	0.66635007	0.6840547	-0.6541622	-0.7373304	-0.70581746	-0.73204684	0.6453001	0.64790034	0.6570983	0.73022413	-0.7383104	-0.7224486	0.6696455	0.7166895	-0.6833321	0.66759384	-0.66318965	-0.6236829	0.66036916	-0.6713952	-0.6101069	0.7313509	-0.6573754	0.6833394	0.7400084	-0.68828064	-0.68631774	-0.6977856	-0.6447684	0.7014172	-0.6259875	-0.73041	0.7287193	0.6504468	-0.64231247	-0.7105301	-0.7063881	-0.68302846	-0.7376657	-0.73657906	0.6428269	-0.68033457	-0.6403229	-0.65826786	-0.69658124	0.6764866	0.6153462	-0.6987433	0.6936634	0.7323437	-0.6552951	0.6384326	0.67867017	-0.65862274	0.68350005	0.67603743	-0.64535004	-0.660604	0.646321	0.7240217	0.6938855	-0.67232716	-0.6285092	0.62382805	0.6623655	-0.6618753	0.6565115	0.70300007	0.66636455	0.7019733	0.6739254	0.71052563	-0.7012643	-0.64550096	0.7132564	0.7126183	-0.6458408	0.6604374	-0.6999176	0.70017225	0.6983776	-0.60435605	0.64393306	-0.6648999
-0.7484197	-0.78788596	-0.78892773	0.80047303	-0.7102355	-0.69516176	0.7710707	0.7414173	0.8309226	0.79087	-0.73193824	-0.808284	-0.81595874	0.7201787	-0.844902	-0.83491504	0.83036137	0.8136295	-0.7765212	-0.7820156	-0.82598186	-0.7326651	0.7737965	0.7334521	0.72471875	0.78427696	-0.78019357	-0.73653626	0.7861275	0.7945065	-0.7881048	0.7694578	-0.7709269	-0.73646903	0.8095782	-0.82425094	-0.72452605	0.82503605	-0.7738648	0.7646476	0.8469484	-0.7789772	-0.7533144	-0.74660033	-0.8141634	0.8010664	-0.6684926	-0.75166535	0.82126975	0.79809356	-0.69673514	-0.80325866	-0.7414861	-0.7824943	-0.815696	-0.82350653	0.71675277	-0.8053961	-0.6996078	-0.79475623	-0.81216097	0.70166475	0.70685965	-0.7819527	0.72321683	0.80745554	-0.7493478	0.7763978	0.7676855	-0.81396025	0.810282	0.77553463	-0.78285575	-0.78874046	0.75375915	0.79740286	0.66826427	-0.8318253	-0.5901197	0.6686721	0.8062115	-0.77188444	0.7518881	0.79368186	0.7540451	0.78464216	0.7756104	0.737125	-0.74564725	-0.7095192	0.76664305	0.7500126	-0.78855723	0.78888667	-0.8071166	0.74795717	0.84874433	-0.6714352	0.7409637	-0.7933737
-0.81119466	-0.77401996	-0.83198225	0.7554274	-0.8134109	-0.61865115	0.80899584	0.76259387	0.7802151	0.8039209	-0.7948762	-0.7930221	-0.59312135	0.82083255	-0.7883608	-0.77922773	0.7667755	0.8332559	-0.7937805	-0.83484465	-0.8021249	-0.8504133	0.7548042	0.8474896	0.76620835	0.77302104	-0.82764405	-0.8474185	0.65722054	0.76701474	-0.83725524	0.74332863	-0.70324403	-0.8017575	0.81851345	-0.75346553	-0.7637491	0.8662025	-0.8591011	0.78405935	0.60619086	-0.8289721	-0.786692	-0.8303226	-0.8062251	0.7218048	-0.80293304	-0.8298634	0.6380674	0.8089332	-0.848962	-0.845474	-0.7810703	-0.7777542	-0.77331704	-0.7151498	0.7861464	-0.6893478	-0.75553066	-0.84636563	-0.8385004	0.75973356	0.8384879	-0.74116784	0.7914654	0.84253526	-0.8026606	0.81063765	0.72598594	-0.78486544	0.7990636	0.7747751	-0.8368953	-0.80065423	0.85215634	0.8076343	0.7841739	-0.8141294	-0.75945055	0.76950556	0.80493844	-0.76742804	0.85643166	0.82918483	0.8166176	0.83685446	0.8757909	0.8412038	-0.7780835	-0.79170465	0.76863563	0.8033872	-0.84783477	0.47379842	-0.8114274	0.7973661	0.81127894	-0.7471082	0.76677305	-0.72449476
-0.6890827	-0.66288316	-0.647449	0.7352912	-0.64584243	-0.65069383	0.56600404	0.66478986	0.67386895	0.66874903	-0.6104033	-0.6724936	-0.676148	0.640144	-0.6682393	-0.655449	0.66976845	0.65871286	-0.63003635	-0.6363587	-0.67614484	-0.62039435	0.7117696	0.6519916	0.6342817	0.65117025	-0.69353706	-0.6117457	0.65560454	0.7235859	-0.67328525	0.697449	-0.6831648	-0.65751714	0.7162864	-0.67262423	-0.6451909	0.7172893	-0.5861854	0.64090925	0.6634869	-0.5992782	-0.5943518	-0.7018506	-0.6179703	0.7050859	-0.5385384	-0.62106025	0.6598514	0.59254414	-0.69811404	-0.7030288	-0.6770318	-0.712091	-0.71226555	-0.69990647	0.65601784	-0.61978483	-0.6834541	-0.6425565	-0.66151893	0.6351797	0.5967199	-0.6705064	0.6900798	0.71039796	-0.6244721	0.6484988	0.7246199	-0.64068645	0.6579674	0.6471177	-0.6004928	-0.59882236	0.62254506	0.6588479	0.64661497	-0.69996023	-0.53730613	0.56849223	0.67860705	-0.60225695	0.63925374	0.69154155	0.56583446	0.6129603	0.64598393	0.6933696	-0.5778595	-0.58853203	0.6484661	0.5750355	-0.702377	0.7028399	-0.6223094	0.6595613	0.6270106	-0.57686687	0.6982809	-0.6918881
-0.57493854	-0.5906193	-0.590519	0.6244878	-0.63535595	-0.55888796	0.57680595	0.5417371	0.66233134	0.5692103	-0.6295439	-0.6469666	-0.5351107	0.567965	-0.6237667	-0.60990787	0.65197295	0.6072284	-0.6380499	-0.5797902	-0.6122152	-0.6438147	0.62326854	0.61494654	0.63741475	0.61711645	-0.57992524	-0.59538126	0.60099614	0.6710491	-0.6010362	0.5917353	-0.6591944	-0.52857643	0.6375817	-0.5954568	-0.5691427	0.67339975	-0.626629	0.6433453	0.57652575	-0.6255999	-0.60600805	-0.57526183	-0.6006121	0.6042858	-0.57864493	-0.6603998	0.5694873	0.62028164	-0.55960023	-0.6010949	-0.64370203	-0.58608395	-0.5698793	-0.6422318	0.6211966	-0.6246248	-0.5855354	-0.5711008	-0.63202626	0.58060294	0.5846508	-0.6511268	0.5857453	0.5879381	-0.6275227	0.6486341	0.6202396	-0.5713078	0.5747314	0.6140581	-0.59251523	-0.59074545	0.57284874	0.61776966	0.6452406	-0.6562155	-0.56043106	0.5885234	0.58865434	-0.5898519	0.5678114	0.59197545	0.5476019	0.6353405	0.6640434	0.62773436	-0.5926567	-0.6084096	0.6389889	0.6315589	-0.6097971	0.52030635	-0.64633447	0.5962553	0.578697	-0.575222	0.62208164	-0.6087398
-0.47869977	-0.54075336	-0.5363037	0.5323494	-0.53596234	-0.4328073	0.5144313	0.4952938	0.5271437	0.5541636	-0.5315766	-0.4653079	-0.41721454	0.49428555	-0.50127137	-0.5088682	0.45935977	0.54992163	-0.49938476	-0.49754828	-0.4575374	-0.5380262	0.5480124	0.49822325	0.46446437	0.5232695	-0.5194709	-0.4693233	0.4436007	0.5328259	-0.5155674	0.53708404	-0.5220051	-0.45107234	0.5271899	-0.51845324	-0.52714175	0.46079457	-0.52835435	0.49447194	0.49819613	-0.5346775	-0.54880595	-0.55330044	-0.5292988	0.49403846	-0.5172974	-0.5466168	0.5090784	0.51937264	-0.46622923	-0.5430789	-0.5396906	-0.5402196	-0.5259926	-0.4508426	0.52124643	-0.5111694	-0.4925932	-0.4866182	-0.48279342	0.5529793	0.5251735	-0.4830132	0.5240711	0.5493406	-0.49701688	0.5364316	0.45721748	-0.45966023	0.5019577	0.5244849	-0.47649714	-0.5028969	0.54768306	0.5486095	0.49392173	-0.55682826	-0.5283485	0.5250477	0.49673888	-0.4672354	0.47220677	0.5301899	0.4808861	0.46447316	0.48807722	0.48107606	-0.5425428	-0.5506409	0.5467114	0.5373977	-0.4866352	0.33877742	-0.5160594	0.53563565	0.55216926	-0.4814801	0.5412931	-0.5068105
-0.61105984	-0.59603775	-0.6148761	0.6006254	-0.53356826	-0.5285636	0.5835308	0.5426854	0.58850986	0.5350401	-0.5608873	-0.5765722	-0.59402394	0.5354721	-0.5357241	-0.63090426	0.5660264	0.5791706	-0.53499657	-0.5526746	-0.5717276	-0.6405471	0.5549037	0.62850755	0.5662517	0.6377971	-0.64613205	-0.55387783	0.6292289	0.62779146	-0.60216874	0.63739794	-0.54821193	-0.4476299	0.6380768	-0.5255727	-0.4957858	0.5509369	-0.533975	0.5298482	0.55991584	-0.59409547	-0.55834377	-0.5597502	-0.5211246	0.5970062	-0.51777273	-0.5880202	0.62364316	0.5355242	-0.48147312	-0.57782537	-0.54349935	-0.5513455	-0.60752684	-0.6249394	0.605267	-0.57666755	-0.54606324	-0.5559999	-0.59560955	0.5576579	0.5354184	-0.57194936	0.5748712	0.59547114	-0.5947129	0.5825071	0.5950767	-0.58124065	0.5738299	0.60312086	-0.604846	-0.5461237	0.5772459	0.51484036	0.521567	-0.6405674	-0.5411511	0.4727136	0.53808796	-0.48405203	0.62510204	0.525812	0.52807903	0.59893507	0.5459142	0.5510638	-0.566069	-0.5831419	0.55073816	0.575872	-0.6324221	0.5156485	-0.5264002	0.55613685	0.5762205	-0.42784506	0.53667706	-0.5697925
-0.21639028	-0.23189208	-0.2085202	0.18543833	-0.20085266	-0.16161133	0.16228272	0.20847788	0.19833304	0.21910754	-0.18527365	-0.20568368	-0.19473878	0.1573268	-0.16539742	-0.21854444	0.14136904	0.16786711	-0.1648308	-0.17692071	-0.21697588	-0.23304695	0.1783849	0.21382076	0.16602786	0.15406	-0.21413639	-0.18718593	0.16661856	0.22626725	-0.19233845	0.16457126	-0.17072919	-0.17476718	0.20712304	-0.21118762	-0.20092255	0.17936788	-0.1593868	0.22746363	0.20031218	-0.21562365	-0.19612804	-0.16937712	-0.183364	0.18357053	-0.16834599	-0.16364273	0.22670563	0.2302801	-0.22917837	-0.16685723	-0.17718299	-0.18144967	-0.17249845	-0.21582112	0.19880176	-0.22641353	-0.16023922	-0.22541724	-0.19369382	0.23490068	0.22671731	-0.15719722	0.2100107	0.16710545	-0.19934496	0.15973464	0.19254786	-0.17769061	0.18953334	0.2355745	-0.15590584	-0.20811659	0.2281314	0.23552337	0.1840898	-0.15943192	-0.13764346	0.12939659	0.2090486	-0.13669366	0.20826682	0.17678784	0.19615583	0.13905348	0.16489588	0.2332954	-0.2328671	-0.21600847	0.18998823	0.18611069	-0.15588307	0.18336998	-0.17074387	0.19583333	0.15728131	-0.2236605	0.17389816	-0.13826324
-0.70002073	-0.7544918	-0.72740096	0.8001093	-0.72219664	-0.6969746	0.7492477	0.73885816	0.7930722	0.78753495	-0.7454673	-0.7993044	-0.78527933	0.73045456	-0.7975094	-0.7749293	0.8026781	0.77950925	-0.7584834	-0.7429462	-0.8172784	-0.73572546	0.73022157	0.72464496	0.72563386	0.767169	-0.7457347	-0.8033215	0.7462017	0.7471246	-0.77895176	0.7576231	-0.7818706	-0.68361557	0.77352333	-0.75240517	-0.72617584	0.776543	-0.70043916	0.6928853	0.76852405	-0.7182076	-0.8150192	-0.75735164	-0.78204966	0.78241616	-0.6951077	-0.7796901	0.78120184	0.7370163	-0.73738444	-0.735037	-0.7621362	-0.78852195	-0.7921984	-0.72504264	0.75508946	-0.7640177	-0.7983736	-0.7284522	-0.76932096	0.7194362	0.74131036	-0.7900449	0.7893934	0.74671596	-0.73814034	0.7639789	0.7266655	-0.8131966	0.72711724	0.81090844	-0.7489395	-0.75908047	0.7713684	0.7973315	0.7374023	-0.73337954	-0.65022016	0.6971211	0.7460055	-0.72047865	0.8068078	0.73423284	0.70896256	0.76226866	0.75716	0.75682634	-0.70502776	-0.74293184	0.7504565	0.79944927	-0.79157555	0.7540251	-0.7562705	0.74694216	0.74075615	-0.63713115	0.7264499	-0.72679347
-0.41446665	-0.475552	-0.49731627	0.47174042	-0.4148172	-0.4223192	0.42209902	0.42517143	0.5049463	0.5031837	-0.45740676	-0.47345594	-0.4749105	0.4004345	-0.50139403	-0.5482914	0.511985	0.4635417	-0.41579652	-0.506273	-0.52577096	-0.5415026	0.49464035	0.494204	0.43354392	0.51481575	-0.45467934	-0.5099944	0.5398683	0.46245965	-0.4340724	0.53378123	-0.46969467	-0.36377513	0.46290156	-0.48734048	-0.40644345	0.48938656	-0.45110273	0.47488692	0.4949121	-0.452382	-0.46439543	-0.43403476	-0.50272274	0.48759246	-0.40853179	-0.4710853	0.534469	0.45154068	-0.44812375	-0.5508583	-0.44828355	-0.51168376	-0.46035457	-0.4909646	0.51910275	-0.50494957	-0.42041487	-0.5143345	-0.50027305	0.44242102	0.4338446	-0.4686543	0.49573848	0.46565503	-0.48451754	0.44658113	0.49856457	-0.4671862	0.4384258	0.52323246	-0.4401981	-0.4344475	0.46123204	0.47480607	0.45606357	-0.52291715	-0.4391737	0.3050049	0.469428	-0.44892418	0.46700448	0.47970912	0.402718	0.49351373	0.5188659	0.46474168	-0.4582128	-0.40397337	0.47378102	0.46378782	-0.49048987	0.5277323	-0.4783361	0.5005109	0.47198588	-0.30243248	0.49917	-0.4801643
-0.6335493	-0.75703853	-0.69441175	0.70599544	-0.6580499	-0.7294508	0.6709886	0.6455327	0.7143647	0.67016953	-0.71329355	-0.7278289	-0.78082967	0.6961964	-0.7183803	-0.7711322	0.7635862	0.6604878	-0.68178344	-0.74907655	-0.77124494	-0.7367144	0.761756	0.68564475	0.71150297	0.7688612	-0.7421153	-0.69069165	0.75377077	0.7545767	-0.74504006	0.74998343	-0.7091245	-0.6152384	0.74404335	-0.772624	-0.6447385	0.6751261	-0.6528411	0.6356342	0.7520149	-0.7376489	-0.7494784	-0.7283515	-0.6905416	0.7428557	-0.59880334	-0.66457134	0.7837386	0.7641738	-0.5861411	-0.7307937	-0.6516447	-0.69654727	-0.71902955	-0.75135547	0.6898608	-0.7568764	-0.7243232	-0.6944249	-0.7581396	0.68749493	0.61474466	-0.7122322	0.7064036	0.743986	-0.6574069	0.71996456	0.7382057	-0.72306263	0.69455624	0.7558201	-0.73765415	-0.68325126	0.64713013	0.60994446	0.6802919	-0.6936074	-0.6248199	0.6002605	0.71290356	-0.6549926	0.71777767	0.7458596	0.65083075	0.7486361	0.71016085	0.70684314	-0.7092377	-0.67284876	0.69674885	0.65236753	-0.7576698	0.7849191	-0.73466957	0.7204275	0.7491354	-0.60867757	0.70463973	-0.77084076
-0.41573402	-0.38602415	-0.45870647	0.39405274	-0.39266425	-0.4454221	0.42196858	0.41488552	0.43878666	0.43013087	-0.39956006	-0.41153225	-0.39679602	0.40936768	-0.45604444	-0.42156583	0.44207236	0.40936688	-0.45022047	-0.39170235	-0.40020558	-0.4067286	0.36962962	0.45315114	0.42528403	0.41589624	-0.4399186	-0.45595053	0.4359556	0.40958452	-0.4033941	0.39671212	-0.36978891	-0.43001807	0.43668988	-0.39902076	-0.35429096	0.43575147	-0.36528438	0.40680543	0.46909386	-0.45287398	-0.42644337	-0.39588344	-0.41671726	0.39384866	-0.4388859	-0.37230045	0.37766257	0.43170756	-0.40283367	-0.38017946	-0.44409278	-0.42770165	-0.42782262	-0.43623298	0.3831633	-0.46271548	-0.41946718	-0.368862	-0.40486434	0.4400598	0.40232593	-0.46135676	0.40131402	0.4557948	-0.403069	0.36611208	0.43092597	-0.43751955	0.45221558	0.4043369	-0.45396507	-0.37706783	0.45417732	0.43320164	0.41074875	-0.4206309	-0.34727958	0.406543	0.427162	-0.4760224	0.43189147	0.43651336	0.42853597	0.43269852	0.4782336	0.4274437	-0.41000527	-0.36806637	0.45629457	0.39192224	-0.46248543	0.42832088	-0.44587532	0.4104751	0.43755198	-0.44591	0.39250746	-0.40980852
-0.2089854	-0.15432927	-0.15425245	0.11620322	-0.17583483	-0.12574759	0.1806683	0.12622462	0.111352794	0.17703776	-0.2022332	-0.13815007	-0.16708046	0.15023334	-0.17821355	-0.15605843	0.20881389	0.11454957	-0.14511636	-0.111379504	-0.14951164	-0.18314146	0.1382046	0.19749506	0.13126217	0.21759506	-0.20454396	-0.19748715	0.118217096	0.13213824	-0.14480086	0.16094804	-0.18511838	-0.16434768	0.10980888	-0.18089058	-0.15899205	0.18991698	-0.13244793	0.20868145	0.15481855	-0.19972408	-0.17974855	-0.16122437	-0.1730617	0.10735066	-0.18954964	-0.15864468	0.14899407	0.11012721	-0.16559298	-0.18223503	-0.15833484	-0.13141976	-0.13579978	-0.14765967	0.12490565	-0.15810753	-0.17524713	-0.21283932	-0.19225204	0.14290468	0.18327704	-0.13993745	0.21393779	0.120082855	-0.18583557	0.1291516	0.12593567	-0.15395555	0.14298418	0.21483405	-0.17818841	-0.17672087	0.12767173	0.14204308	0.109781265	-0.19742092	-0.21479446	0.13049705	0.20965354	-0.15579748	0.17840272	0.17990164	0.12912916	0.17814045	0.1984212	0.22271146	-0.20010069	-0.1878996	0.20288299	0.15784162	-0.16559777	0.15057962	-0.20461074	0.20755634	0.10594123	-0.12899978	0.17327805	-0.16336432
-0.40811443	-0.45901236	-0.44312873	0.37816367	-0.44480497	-0.41299677	0.45642343	0.42188823	0.4790201	0.40862194	-0.42672515	-0.44878507	-0.48097733	0.3847064	-0.44583264	-0.38905784	0.4261798	0.3801987	-0.4671273	-0.41959682	-0.40974388	-0.44843596	0.3729436	0.47772053	0.47444117	0.40606776	-0.3930701	-0.45347008	0.43286237	0.46931913	-0.43186057	0.42190534	-0.4543001	-0.39523876	0.3947879	-0.38682655	-0.4167898	0.3835226	-0.4370637	0.41531634	0.42700133	-0.39577347	-0.4550814	-0.46413442	-0.3905048	0.39485365	-0.3953576	-0.38754505	0.45836663	0.40885356	-0.44709712	-0.43671152	-0.406777	-0.45873332	-0.46676934	-0.4782699	0.41593724	-0.42077318	-0.3748355	-0.45838007	-0.42962357	0.37854576	0.38613188	-0.4251505	0.40028477	0.39577943	-0.44274	0.4374789	0.42869663	-0.43979076	0.42072505	0.45787048	-0.4642773	-0.40083358	0.4476085	0.40857708	0.45606142	-0.45567212	-0.43698502	0.38942185	0.44428164	-0.38750678	0.44895697	0.3655984	0.3597007	0.4319378	0.40603098	0.434048	-0.42975727	-0.401387	0.45012006	0.37676206	-0.4628132	0.403722	-0.43647358	0.42914122	0.400727	-0.341159	0.38056993	-0.4339724
-0.2758233	-0.35364035	-0.2999467	0.30876365	-0.31552538	-0.35807696	0.34583616	0.36029893	0.29842663	0.31957865	-0.3546673	-0.36248648	-0.3160946	0.2845481	-0.3348492	-0.35801598	0.34992835	0.36411795	-0.30935958	-0.33986938	-0.35664794	-0.28010195	0.29460737	0.29220766	0.279294	0.30078512	-0.29463693	-0.28716412	0.34398097	0.34981668	-0.28493446	0.33603975	-0.3571257	-0.32967773	0.33921173	-0.35249725	-0.326464	0.34567383	-0.32285672	0.31738383	0.29782212	-0.34973153	-0.2701748	-0.27706632	-0.31814128	0.31402364	-0.31262946	-0.32808974	0.33536676	0.34715432	-0.3514694	-0.33322006	-0.2773455	-0.32589522	-0.30533496	-0.34425268	0.32602504	-0.2733482	-0.28806692	-0.32104746	-0.32527503	0.3077591	0.35561386	-0.34789187	0.34196937	0.3350898	-0.34061238	0.2724633	0.29002434	-0.35959643	0.2866315	0.32350692	-0.28465486	-0.29139572	0.2793219	0.30524495	0.314521	-0.34002462	-0.33189577	0.3113998	0.2861934	-0.34605604	0.32799792	0.29353985	0.2831639	0.3191536	0.27645662	0.32244232	-0.3667019	-0.27551293	0.2950427	0.2781353	-0.28646222	0.28302836	-0.28463665	0.33836025	0.36824057	-0.2718749	0.3007089	-0.29213575
-0.49553663	-0.49452454	-0.48799813	0.50275505	-0.5014835	-0.5025068	0.49545813	0.47937554	0.51786035	0.5012639	-0.43178812	-0.49955902	-0.45741177	0.47785178	-0.4993633	-0.4591238	0.48257175	0.46523416	-0.45420107	-0.51074326	-0.46196532	-0.43056485	0.5040322	0.48182273	0.50175214	0.44439328	-0.46776253	-0.4296844	0.4742425	0.48153344	-0.4345623	0.5122728	-0.5061304	-0.4096319	0.44627213	-0.50314075	-0.46339583	0.4490955	-0.41004512	0.43448123	0.4766607	-0.48965657	-0.47153527	-0.46367136	-0.47144276	0.5170609	-0.41914716	-0.5000395	0.46399522	0.49223372	-0.41354427	-0.46290606	-0.41933727	-0.46810263	-0.5062597	-0.4967651	0.49281192	-0.5370892	-0.4668656	-0.4302621	-0.44236258	0.4911538	0.46443558	-0.51548696	0.4432427	0.5036392	-0.41177619	0.45899957	0.5113598	-0.48245358	0.5116158	0.52065945	-0.44262686	-0.47953373	0.5043837	0.4288367	0.48030362	-0.5240268	-0.43323225	0.34236306	0.44576165	-0.41721836	0.47125724	0.49317354	0.40569827	0.48168102	0.46355706	0.44475958	-0.42004952	-0.42001528	0.5113674	0.42000744	-0.47046	0.4698023	-0.45493987	0.4454985	0.43974903	-0.43183538	0.48709244	-0.503067
-0.76498747	-0.84036034	-0.82043606	0.8393127	-0.78642076	-0.8580862	0.7195542	0.771093	0.8824022	0.8452969	-0.7921838	-0.8487026	-0.83528686	0.81477964	-0.82571304	-0.83054584	0.8636173	0.760044	-0.78524804	-0.8218906	-0.8813391	-0.8248272	0.867075	0.8026647	0.7990317	0.86317885	-0.8822673	-0.82129115	0.893641	0.80368036	-0.80381024	0.8716871	-0.8298986	-0.63447505	0.8684964	-0.8555134	-0.6836927	0.8161524	-0.8048991	0.79652315	0.85511494	-0.77602386	-0.78235304	-0.7755478	-0.7656225	0.8070526	-0.7248599	-0.7604775	0.8391189	0.7679064	-0.77197856	-0.8308106	-0.7227257	-0.8516736	-0.8321024	-0.8911356	0.8387705	-0.8613272	-0.84779805	-0.8702199	-0.80979997	0.7752752	0.7403621	-0.80347776	0.7931965	0.8094598	-0.8330562	0.7689991	0.89837545	-0.8399702	0.7713448	0.8584972	-0.8714713	-0.8397255	0.7761771	0.74544454	0.7629212	-0.8079525	-0.69192636	0.6625773	0.8400058	-0.75446975	0.8514068	0.8189238	0.6994881	0.87145996	0.8662311	0.79802877	-0.767003	-0.78836626	0.8400004	0.7550145	-0.8640299	0.8616281	-0.81825304	0.8089434	0.8573899	-0.6109135	0.8399056	-0.86537844
-0.5877802	-0.5216065	-0.5325841	0.5151257	-0.51194584	-0.48521772	0.50873137	0.56694484	0.59278446	0.5511902	-0.5559399	-0.51586425	-0.54311794	0.4879308	-0.5775955	-0.5167693	0.5503502	0.5721211	-0.570113	-0.5671448	-0.5602955	-0.51521397	0.5581424	0.54090816	0.5884956	0.59106725	-0.56156963	-0.56409365	0.56109107	0.5786995	-0.5578613	0.5614556	-0.5569316	-0.5168148	0.56332153	-0.50566494	-0.43679628	0.52949977	-0.48899364	0.58291113	0.55443597	-0.5107347	-0.5542837	-0.5237449	-0.4901358	0.5506527	-0.5183952	-0.5243033	0.55975145	0.566179	-0.5396024	-0.5633074	-0.58215606	-0.5351305	-0.56456786	-0.56842417	0.5818673	-0.58456564	-0.52611625	-0.5757176	-0.51454437	0.50437254	0.53274643	-0.49708384	0.5757294	0.52162004	-0.4965261	0.54435337	0.5382793	-0.5948268	0.5514416	0.57323974	-0.53961056	-0.5503418	0.5451975	0.5592219	0.5508728	-0.53100806	-0.4749392	0.4508213	0.5814718	-0.4845532	0.5326435	0.5923962	0.47237718	0.5958991	0.5675719	0.52745193	-0.51608115	-0.5466778	0.50450367	0.56452173	-0.59752536	0.5305138	-0.53733236	0.54371613	0.50845873	-0.47727928	0.4971641	-0.52347046
-0.43677622	-0.40795296	-0.4054876	0.4324422	-0.41131428	-0.4395184	0.4601046	0.40202454	0.43500686	0.47096676	-0.43008104	-0.40106285	-0.4153753	0.40985134	-0.4381241	-0.45477992	0.47254482	0.4643903	-0.3876748	-0.38838807	-0.39829445	-0.45146555	0.4386686	0.3927998	0.3819768	0.4491445	-0.4304773	-0.40533313	0.41087368	0.41666496	-0.47070572	0.38243318	-0.46255228	-0.46817833	0.48294976	-0.42768174	-0.4426489	0.45864314	-0.39928254	0.4049378	0.41336754	-0.41043434	-0.45103616	-0.4255655	-0.46429354	0.43312326	-0.45204094	-0.40313512	0.46712363	0.43732888	-0.4521519	-0.4779487	-0.38592398	-0.41599962	-0.4095406	-0.45570496	0.43565312	-0.38653842	-0.44243094	-0.46180713	-0.4222093	0.438154	0.44718763	-0.41053966	0.38734007	0.41665223	-0.46636707	0.38672554	0.40372407	-0.4192907	0.40543032	0.47953734	-0.46587235	-0.42630926	0.45132092	0.43778756	0.40846142	-0.40871325	-0.4307216	0.41279206	0.47116455	-0.38620034	0.45777792	0.45820746	0.45676684	0.47117984	0.39374545	0.4081168	-0.47530013	-0.40470517	0.40952623	0.44107664	-0.4501824	0.4326002	-0.47062686	0.42553732	0.4552513	-0.38495004	0.399087	-0.40558586
-0.69548774	-0.6332998	-0.6255804	0.67748183	-0.7180018	-0.62890494	0.62952983	0.63223433	0.71055716	0.62795585	-0.6884712	-0.65421915	-0.6844757	0.66054785	-0.63218546	-0.6767722	0.68584806	0.66218364	-0.69748735	-0.711493	-0.6669046	-0.6476259	0.6990052	0.6404027	0.6453234	0.63611805	-0.7230362	-0.62191105	0.6974487	0.68692076	-0.69354033	0.7052756	-0.70679146	-0.6213493	0.65242255	-0.6837752	-0.628133	0.6335362	-0.65740037	0.63526255	0.65164465	-0.6286903	-0.7035112	-0.71696466	-0.6633394	0.7024215	-0.6483878	-0.7057313	0.6571469	0.66157556	-0.6263255	-0.64522535	-0.687375	-0.6923204	-0.69171226	-0.7183975	0.62818	-0.6185971	-0.68641144	-0.72028935	-0.65544647	0.63458425	0.6491219	-0.67505014	0.6106257	0.7029734	-0.6841483	0.64743245	0.68070936	-0.6825867	0.70231545	0.68091756	-0.7137254	-0.6785933	0.647093	0.6429529	0.6899165	-0.6366186	-0.60759795	0.60390407	0.662039	-0.6473982	0.7196525	0.69945943	0.674932	0.7024624	0.7226103	0.63869	-0.669522	-0.6124977	0.64802563	0.71542233	-0.6514598	0.70224625	-0.6536852	0.6872278	0.6450363	-0.66740495	0.6716395	-0.6498209
-0.15058947	-0.1306798	-0.091959395	0.14859958	-0.13734774	-0.110071585	0.057624627	0.09009334	0.15200584	0.059271064	-0.09961381	-0.13607824	-0.060134895	0.10252041	-0.08850902	-0.09949235	0.054889396	0.0845537	-0.13313116	-0.0661578	-0.085474275	-0.106112115	0.10386785	0.07169593	0.08855502	0.13578913	-0.06038805	-0.08720709	0.12762322	0.119945325	-0.10616065	0.15185587	-0.117121495	-0.06381278	0.09638788	-0.100729205	-0.09863959	0.097074255	-0.09110477	0.08653468	0.079351924	-0.13986772	-0.12044102	-0.13729906	-0.09515993	0.08664733	-0.1138882	-0.10187368	0.13141604	0.12786	-0.088766806	-0.1412037	-0.14155465	-0.1486148	-0.0729228	-0.11448806	0.09770974	-0.14752449	-0.069061905	-0.06397642	-0.08409665	0.121919975	0.082982466	-0.06900801	0.09409667	0.06307612	-0.12389472	0.127754	0.065536395	-0.11087955	0.12746519	0.1240828	-0.107416816	-0.09463624	0.06651297	0.0849805	0.07610045	-0.10285305	-0.1191595	0.050223038	0.09496616	-0.11768911	0.15056865	0.123619385	0.11193741	0.06085475	0.116309	0.14107652	-0.13219294	-0.09582327	0.13478935	0.07647205	-0.099619254	0.14923012	-0.11867048	0.12684506	0.13978979	-0.06953822	0.061757475	-0.08934574
0.08490274	0.104150645	0.100413725	-0.11217537	0.1179415	0.12974282	-0.16601567	-0.1526713	-0.051595226	-0.16152908	0.112550884	0.115978174	0.034048323	-0.16229902	0.15191528	0.094731264	-0.12595138	-0.15672977	0.14420752	0.13255958	0.10119551	0.084172904	-0.15698323	-0.065737955	-0.14943486	-0.0983799	0.13635287	0.13371077	-0.040482074	-0.14347215	0.09300287	-0.107527725	0.07702796	0.12842211	-0.11254041	0.118809626	0.08762992	-0.13589199	0.11497997	-0.06747523	-0.044858396	0.13899282	0.073477834	0.11516522	0.10471158	-0.07719984	0.12258736	0.096871406	-0.095270924	-0.08842467	0.1177209	0.11604896	0.12256744	0.088835225	0.1509332	0.091208786	-0.07755584	0.073830046	0.135746	0.1257573	0.102321774	-0.15437905	-0.14157188	0.09425463	-0.113530435	-0.090729624	0.078157075	-0.11796522	-0.08800797	0.08014595	-0.10069714	-0.068035744	0.09503105	0.13970293	-0.09628723	-0.09075373	-0.09733832	0.13324314	0.16129199	-0.09035379	-0.16233204	0.11151831	-0.12386139	-0.15447508	-0.111761175	-0.0723744	-0.15296558	-0.11918682	0.08808498	0.080343835	-0.15684807	-0.105699144	0.1254025	-0.052051548	0.08631703	-0.06884841	-0.07269372	0.10899634	-0.11644861	0.12536062
-0.63298184	-0.6602823	-0.6588112	0.5974194	-0.5832277	-0.54524255	0.57479876	0.6244241	0.63873345	0.64631206	-0.5580881	-0.56819844	-0.6288431	0.57663435	-0.6597638	-0.59323925	0.5727411	0.6227333	-0.56568855	-0.6584835	-0.6781977	-0.64679813	0.5952633	0.62971395	0.5535769	0.6876358	-0.5883138	-0.61419994	0.59843427	0.6005057	-0.6545656	0.5834104	-0.6315943	-0.5723159	0.6062185	-0.60441977	-0.5744873	0.64915043	-0.6484644	0.6563398	0.65544623	-0.6487359	-0.64413726	-0.62975866	-0.5730498	0.5899604	-0.5265893	-0.576166	0.65834785	0.54823446	-0.54316336	-0.6243969	-0.64569646	-0.667395	-0.6601232	-0.63801926	0.58338743	-0.5910206	-0.57412165	-0.5892902	-0.60361844	0.59101796	0.59449995	-0.6315182	0.6251195	0.6547032	-0.60520047	0.6317867	0.6391491	-0.6240393	0.60663956	0.6778862	-0.6027943	-0.6726737	0.5408235	0.6025869	0.5256083	-0.62138486	-0.5301116	0.5173618	0.6237614	-0.60684055	0.61475146	0.6945591	0.5704176	0.6649276	0.63531166	0.6262761	-0.5672155	-0.565228	0.5590713	0.6278881	-0.59661627	0.6564174	-0.60335356	0.6266979	0.61902946	-0.5809393	0.61936826	-0.5992121
-0.29306376	-0.2987611	-0.3375366	0.30413476	-0.29106948	-0.29724824	0.2918509	0.36566308	0.32126108	0.32193324	-0.28821415	-0.2999353	-0.37662098	0.30997565	-0.33900297	-0.3489655	0.3508042	0.35661367	-0.2929668	-0.33517674	-0.35492942	-0.37250537	0.3183334	0.32089144	0.28393272	0.3618001	-0.3066798	-0.36521438	0.34253398	0.31240433	-0.33794123	0.2980457	-0.30997884	-0.33717117	0.35764596	-0.31696236	-0.3358626	0.37819377	-0.34726423	0.2834917	0.37124702	-0.36760852	-0.27919608	-0.2853667	-0.2825994	0.34996995	-0.2846738	-0.29065567	0.3156522	0.31769398	-0.35884732	-0.30926797	-0.313112	-0.28627247	-0.34008467	-0.2996073	0.3307864	-0.29541418	-0.34179297	-0.3051536	-0.37746313	0.36981773	0.31657827	-0.36793497	0.3363845	0.3005747	-0.38026917	0.3322666	0.37353033	-0.3186757	0.31866527	0.34957692	-0.37563846	-0.3490967	0.33777124	0.30228105	0.35769406	-0.3282686	-0.33903143	0.3443695	0.38015732	-0.36370513	0.31928268	0.34072053	0.37327012	0.32204518	0.2899841	0.2861902	-0.3644321	-0.33894202	0.30783707	0.3576428	-0.3479831	0.3651657	-0.33752355	0.37057245	0.3330604	-0.3152358	0.28419024	-0.33786178
-0.30639616	-0.31422666	-0.28957343	0.29202336	-0.34427577	-0.31728062	0.3561892	0.30638006	0.38025656	0.3636323	-0.29067165	-0.2981051	-0.30405965	0.34320694	-0.30411088	-0.33842456	0.3843863	0.33395174	-0.29459035	-0.32134914	-0.3570327	-0.35576925	0.37027317	0.35832998	0.30264977	0.34831887	-0.3774991	-0.29775476	0.36960828	0.31377903	-0.31013125	0.31203887	-0.31195927	-0.29756445	0.35789448	-0.3619699	-0.3746912	0.3856634	-0.3623192	0.30835965	0.2865679	-0.2859735	-0.31336546	-0.37879422	-0.35030642	0.34577602	-0.30642295	-0.31453604	0.35957772	0.36149955	-0.31708333	-0.37561372	-0.38304076	-0.32361567	-0.34796864	-0.30746022	0.38077006	-0.2780681	-0.32843632	-0.36986405	-0.38394564	0.33088937	0.36936474	-0.33145836	0.30904463	0.336125	-0.3088066	0.33362687	0.29423645	-0.37818575	0.37407905	0.36243916	-0.30989707	-0.30896118	0.29197845	0.3468855	0.32296357	-0.30123416	-0.34978044	0.3335805	0.3346702	-0.34324265	0.30556375	0.3089678	0.30916736	0.3259763	0.3290116	0.34214845	-0.29933694	-0.29691076	0.3474808	0.3325009	-0.35811704	0.30183113	-0.37838545	0.2958406	0.32085216	-0.31843066	0.36804548	-0.28368595
-0.34027526	-0.34644398	-0.4218567	0.37673938	-0.36128262	-0.3527722	0.36832637	0.3586403	0.3364117	0.40963036	-0.40179765	-0.357999	-0.35664836	0.32340452	-0.3851928	-0.36988112	0.35458228	0.36783233	-0.42092407	-0.39082277	-0.36105546	-0.3967586	0.43047893	0.42708915	0.38064295	0.3352347	-0.34002948	-0.36536688	0.36117643	0.36101744	-0.4101088	0.40459	-0.34696606	-0.32451126	0.35337722	-0.39330927	-0.34230706	0.37637696	-0.35443923	0.3807716	0.4116325	-0.3744842	-0.36052963	-0.3706327	-0.42059487	0.40760964	-0.40566313	-0.41664472	0.35485575	0.37290043	-0.3296712	-0.38199311	-0.4075267	-0.40816364	-0.4216912	-0.34499657	0.37425843	-0.4176488	-0.4356494	-0.41247165	-0.4081836	0.4195992	0.38511366	-0.42067632	0.379708	0.3586678	-0.3821262	0.36244473	0.3764916	-0.42792937	0.36982545	0.39109555	-0.41214907	-0.42401034	0.41218054	0.3634811	0.41172436	-0.3805996	-0.33596626	0.3877177	0.3148918	-0.4006088	0.4254085	0.35637626	0.30021596	0.3790124	0.34788227	0.38643909	-0.34310448	-0.39432818	0.34006006	0.33418557	-0.38666198	0.34678543	-0.38247275	0.41231483	0.4112319	-0.33890545	0.38656873	-0.39497784
-0.19050819	-0.17616373	-0.16903777	0.17541507	-0.16210185	-0.121060684	0.06596738	0.18323146	0.11169085	0.107685536	-0.12256478	-0.136127	-0.16642168	0.11461399	-0.11166644	-0.12074674	0.11679889	0.1453288	-0.15008	-0.1920209	-0.16401525	-0.17801504	0.11485143	0.10413322	0.16787095	0.15383469	-0.13380335	-0.14739728	0.16921394	0.12761281	-0.18961957	0.17211393	-0.1773312	-0.10961875	0.108966	-0.14144509	-0.12858668	0.18660271	-0.12467414	0.12867248	0.1598498	-0.18635856	-0.15741347	-0.20561343	-0.18885379	0.11811867	-0.13714623	-0.19227362	0.15882929	0.12679693	-0.1846986	-0.19436672	-0.19724102	-0.12615222	-0.13454686	-0.13456705	0.10835247	-0.106807664	-0.16152315	-0.18414786	-0.13021968	0.1708742	0.1372527	-0.19347562	0.10642567	0.1479925	-0.10786939	0.14630018	0.17859918	-0.19419315	0.1811588	0.17220262	-0.12938665	-0.19687454	0.14565524	0.14215365	0.17063737	-0.14758646	-0.17741266	0.16759063	0.19307794	-0.15358374	0.16425113	0.1239507	0.13568886	0.1502185	0.13058116	0.15673593	-0.16238046	-0.1957504	0.19279826	0.17653935	-0.124012314	0.17958404	-0.15040702	0.11553022	0.18662825	-0.12738755	0.14963138	-0.12626177
-0.17607898	-0.18292356	-0.13813615	0.14797257	-0.17741989	-0.19243628	0.12358175	0.18199606	0.13989535	0.1549216	-0.17471674	-0.14858386	-0.18181698	0.19515277	-0.13340008	-0.118943356	0.13526568	0.2042239	-0.19055863	-0.118745945	-0.2144964	-0.1950369	0.15782648	0.12555404	0.16567016	0.19383994	-0.13169575	-0.17817967	0.16853836	0.1842832	-0.121863134	0.13402006	-0.16245301	-0.12631175	0.21467106	-0.15396672	-0.12730153	0.17996977	-0.12625664	0.16322018	0.1182719	-0.16119787	-0.18507056	-0.13166983	-0.1744454	0.16496828	-0.18871713	-0.13718997	0.12361034	0.17888142	-0.17531675	-0.12865806	-0.13221952	-0.1943593	-0.19815864	-0.12888537	0.13381892	-0.1555728	-0.1654362	-0.20730405	-0.17222145	0.17920606	0.16038378	-0.17970091	0.12292346	0.17069805	-0.18667623	0.20140024	0.118246965	-0.12862699	0.18149622	0.16270949	-0.12768967	-0.1873408	0.1929228	0.19190967	0.15265141	-0.14859094	-0.11689941	0.14754567	0.14415118	-0.19688892	0.19752496	0.2173964	0.12659852	0.21257624	0.19682038	0.13191314	-0.1637874	-0.13130358	0.202745	0.11982752	-0.13045788	0.18460625	-0.13727413	0.15316878	0.17771477	-0.14919828	0.20075822	-0.17889723
-0.2570122	-0.23242651	-0.234267	0.21769562	-0.22492388	-0.22159486	0.24908522	0.2981065	0.2989915	0.27173346	-0.23154876	-0.25300205	-0.28670874	0.30691925	-0.3048502	-0.2926548	0.3074222	0.23154674	-0.22057925	-0.25266826	-0.21447723	-0.21936803	0.23945718	0.25569648	0.27457917	0.31453165	-0.2807775	-0.25743693	0.2922752	0.29576316	-0.23680829	0.2426405	-0.21690449	-0.20606685	0.3110918	-0.27219498	-0.29775348	0.27929333	-0.256028	0.25332066	0.24018501	-0.2932074	-0.26329157	-0.24072537	-0.22743088	0.2208876	-0.26259825	-0.24979874	0.2062702	0.2759975	-0.30550367	-0.2284873	-0.28493837	-0.31338444	-0.28835168	-0.23823462	0.26944578	-0.22188222	-0.20972265	-0.29615712	-0.2598014	0.21795803	0.24307987	-0.23678133	0.27653876	0.29745343	-0.30082607	0.31095427	0.24833338	-0.25778112	0.3026411	0.31374633	-0.27715987	-0.2212728	0.25016016	0.2911139	0.30020797	-0.25755066	-0.21972226	0.225524	0.23272137	-0.24038124	0.27591786	0.3033305	0.27176335	0.28672954	0.2379558	0.2697043	-0.24639739	-0.2651445	0.28942233	0.2397821	-0.28786254	0.2580731	-0.3007923	0.2967678	0.28273162	-0.21472427	0.2328608	-0.24932358
-0.3570147	-0.28918192	-0.30122954	0.35365775	-0.35690016	-0.3680401	0.35604692	0.28795302	0.27789482	0.3040523	-0.2994524	-0.29281217	-0.31316212	0.34393826	-0.35142714	-0.28738216	0.33496788	0.30833653	-0.3075216	-0.29003176	-0.3380226	-0.34804538	0.3435531	0.33860794	0.35224608	0.26750866	-0.31386825	-0.26400116	0.3435183	0.33103034	-0.2787296	0.3134845	-0.32843205	-0.31046924	0.2697309	-0.3063051	-0.29947957	0.27705142	-0.29229444	0.2708578	0.32918355	-0.34628054	-0.32750553	-0.2748208	-0.31837976	0.37065154	-0.31110716	-0.31688684	0.328137	0.3212579	-0.3310168	-0.26769528	-0.28487158	-0.31282964	-0.28499347	-0.30478707	0.27833164	-0.33888888	-0.27491078	-0.30736518	-0.3340287	0.3489263	0.33837274	-0.331578	0.2917615	0.3517385	-0.2776142	0.33694813	0.34023252	-0.27674064	0.35475203	0.31922582	-0.31672516	-0.3074079	0.32350573	0.31431887	0.3205198	-0.36297253	-0.2845279	0.25273937	0.3513612	-0.2646812	0.28159925	0.35928357	0.34364778	0.3028643	0.32295874	0.29894483	-0.3264692	-0.27498424	0.33564457	0.28260127	-0.36525458	0.28710774	-0.35428622	0.29992276	0.27132556	-0.25289685	0.29197958	-0.36055642
-0.32704112	-0.31498718	-0.3516608	0.31900257	-0.27671936	-0.2649789	0.2753107	0.3325457	0.31767258	0.2990742	-0.33334008	-0.3604583	-0.36425504	0.35366756	-0.35270292	-0.34872723	0.33800787	0.2912235	-0.35715732	-0.3352296	-0.35265532	-0.32145834	0.3417109	0.29472423	0.29699716	0.26392537	-0.28574544	-0.2971208	0.32593223	0.30214027	-0.30082756	0.31766567	-0.27692655	-0.26519108	0.28367418	-0.32070792	-0.26346585	0.29020435	-0.27208242	0.26360762	0.37061515	-0.27615777	-0.2945421	-0.3593126	-0.25856426	0.2954873	-0.26772228	-0.3441316	0.293364	0.3389548	-0.29875082	-0.28180477	-0.29410097	-0.2899685	-0.32379374	-0.32244703	0.28535944	-0.3017341	-0.353702	-0.3376022	-0.26488566	0.26497543	0.24595284	-0.32310522	0.30980057	0.3585287	-0.30206138	0.31486663	0.31148177	-0.3118067	0.2610332	0.31120965	-0.2945054	-0.33723027	0.34753963	0.29838395	0.28765073	-0.28022674	-0.2585208	0.25030443	0.28251472	-0.3254932	0.3213203	0.35005015	0.31384397	0.34157094	0.26757112	0.31260547	-0.3070296	-0.3449212	0.35303867	0.2925466	-0.31833357	0.35485122	-0.32060313	0.34300438	0.35605535	-0.25846678	0.32380888	-0.2715237
-0.22216886	-0.2818621	-0.26440567	0.28900182	-0.33582062	-0.25041837	0.33861557	0.3145303	0.27948582	0.3056314	-0.32198796	-0.31144422	-0.29418355	0.32539338	-0.31045774	-0.31309828	0.2796559	0.3265648	-0.29481286	-0.3274473	-0.33968168	-0.24762836	0.34520215	0.28931376	0.34468028	0.3408454	-0.31671798	-0.32112366	0.30492166	0.34265846	-0.25963974	0.33170608	-0.33231834	-0.32772905	0.32385802	-0.30564585	-0.23420142	0.3197909	-0.30763727	0.28522626	0.28678185	-0.27319723	-0.32261744	-0.29858807	-0.27312678	0.30758807	-0.27081418	-0.33552766	0.26171106	0.345203	-0.3103182	-0.28626758	-0.2658229	-0.29337123	-0.32067505	-0.34806612	0.2780551	-0.31501272	-0.33676723	-0.2632002	-0.29106975	0.26822025	0.25196153	-0.24445535	0.30392137	0.33888933	-0.28089955	0.29078615	0.3414298	-0.27457762	0.33267018	0.28219494	-0.30399188	-0.27932918	0.31022626	0.26335722	0.26200482	-0.32083523	-0.28257683	0.24258305	0.2436815	-0.22502114	0.25043243	0.32067508	0.29190433	0.29213175	0.3077957	0.26294756	-0.30310842	-0.29572168	0.3116484	0.26605594	-0.31305826	0.29249394	-0.27121204	0.33058855	0.2730109	-0.26451734	0.34109688	-0.31260976
-0.13278638	-0.1782361	-0.15365234	0.18909073	-0.14931424	-0.20605619	0.20081584	0.18925004	0.22844018	0.23256777	-0.16928652	-0.22716498	-0.17037639	0.1936395	-0.17636432	-0.14283614	0.20356455	0.16528152	-0.20158137	-0.22820882	-0.17587018	-0.2314866	0.17483985	0.22699462	0.22595394	0.1647508	-0.22765258	-0.14498505	0.18449992	0.13521871	-0.19781785	0.23223592	-0.17175995	-0.16665113	0.22690862	-0.21850291	-0.18217638	0.15433072	-0.16727704	0.1744251	0.17272744	-0.15077695	-0.22349098	-0.18842335	-0.18480916	0.21738064	-0.15128006	-0.23275588	0.19699839	0.17069621	-0.17469835	-0.17547306	-0.14890674	-0.21516107	-0.17211948	-0.2087001	0.1659644	-0.1825005	-0.14175263	-0.15579075	-0.22912677	0.1843646	0.23549843	-0.15280817	0.19514729	0.15881251	-0.18266791	0.1943317	0.14824578	-0.17931911	0.22962987	0.22207019	-0.15577568	-0.19045877	0.21461163	0.17502628	0.14345068	-0.21871956	-0.20289205	0.19606362	0.20589939	-0.17564632	0.22171602	0.20863932	0.15902898	0.16516101	0.14981107	0.1046814	-0.22298625	-0.18330823	0.17989299	0.170686	-0.21004349	0.1972152	-0.16703258	0.18710881	0.19255386	-0.18156849	0.19148342	-0.16989364
-0.4930895	-0.6685355	-0.6663188	0.6075095	-0.6062869	-0.63805544	0.6707257	0.511204	0.60991424	0.6732196	-0.6591412	-0.67342156	-0.641753	0.6534987	-0.73533046	-0.7290468	0.6552401	0.55106544	-0.6848753	-0.6687753	-0.7222092	-0.6928965	0.67300165	0.7132494	0.7385906	0.5494524	-0.5851087	-0.62493885	0.68360865	0.70923173	-0.6399306	0.72387505	-0.6340942	-0.56606644	0.5987848	-0.7024055	-0.53666556	0.5563671	-0.59439796	0.57599735	0.7237399	-0.67990834	-0.685284	-0.611239	-0.6746021	0.7430761	-0.6463026	-0.660936	0.66945034	0.6829071	-0.45879787	-0.67890537	-0.5326346	-0.6983563	-0.72644246	-0.66483593	0.72933537	-0.6542578	-0.7331528	-0.5461286	-0.7028768	0.6019111	0.52581376	-0.74006385	0.71152085	0.69059944	-0.55017745	0.54433286	0.7146594	-0.6629946	0.6130749	0.6997837	-0.720052	-0.6856784	0.70511514	0.6572961	0.69611573	-0.7236333	-0.6680364	0.58909297	0.56306416	-0.5707034	0.5948581	0.5883345	0.45178404	0.5741757	0.65393925	0.6211482	-0.65381664	-0.69032943	0.6379215	0.716982	-0.6196131	0.6781897	-0.65803456	0.6472095	0.68497145	-0.45466092	0.6138853	-0.71559656
-0.23280077	-0.20170827	-0.24762462	0.18489021	-0.24100691	-0.19258064	0.22010694	0.23573577	0.22111869	0.2047814	-0.2109002	-0.17591476	-0.1814464	0.23395452	-0.25239787	-0.19576083	0.21338344	0.23621213	-0.27423686	-0.20920344	-0.27628106	-0.22617748	0.17324212	0.19854388	0.22756146	0.18557498	-0.21903932	-0.26364237	0.22565913	0.22823045	-0.24910353	0.26398337	-0.21771999	-0.22372338	0.1862563	-0.21033677	-0.16005282	0.2668309	-0.23612966	0.22565572	0.24865125	-0.2589	-0.25972995	-0.18262154	-0.265768	0.2106968	-0.2640978	-0.26363507	0.2131925	0.17877251	-0.16682783	-0.23946676	-0.16819164	-0.25235978	-0.2706879	-0.23917654	0.19865602	-0.23696706	-0.274505	-0.23880762	-0.21556306	0.17519845	0.25843325	-0.18979031	0.26180092	0.18789174	-0.2272211	0.20673835	0.21355435	-0.22940774	0.1980399	0.22746411	-0.19376445	-0.2671266	0.18976289	0.26610732	0.24439286	-0.26120073	-0.25444746	0.1320557	0.18376955	-0.24070548	0.20562527	0.20946468	0.1264618	0.24021287	0.2526986	0.20730352	-0.18192078	-0.2512924	0.2534793	0.17370315	-0.24558191	0.20767303	-0.20695144	0.22585617	0.22370744	-0.12646696	0.25847265	-0.2355147
-0.34619594	-0.39084673	-0.36354214	0.4616244	-0.38813347	-0.44803128	0.42048034	0.36003155	0.45909688	0.39882407	-0.43642822	-0.4245696	-0.3816388	0.37687963	-0.40917623	-0.45178017	0.4534383	0.42505056	-0.43342277	-0.4234319	-0.4054382	-0.40611222	0.39224514	0.38689053	0.38924098	0.39616	-0.43115833	-0.36802715	0.45228502	0.4542411	-0.40624458	0.4241363	-0.45621556	-0.40895274	0.41745493	-0.39555526	-0.4195113	0.44614324	-0.36093536	0.35927844	0.37969363	-0.40833604	-0.37929755	-0.4175247	-0.40884507	0.42007872	-0.43007648	-0.36260188	0.4650414	0.44813016	-0.33384725	-0.441527	-0.38957983	-0.40370652	-0.4048628	-0.41586635	0.384728	-0.43977848	-0.38349384	-0.39720225	-0.43133345	0.40163967	0.38438755	-0.4329292	0.36414644	0.4248609	-0.41938108	0.41599816	0.3799655	-0.42384586	0.41256326	0.38276532	-0.43221277	-0.3882809	0.40022564	0.35781643	0.35859278	-0.39558458	-0.3976675	0.33111572	0.44514725	-0.36560813	0.4335713	0.37133798	0.40385717	0.4042038	0.43825638	0.36870247	-0.3565474	-0.37381843	0.38537878	0.3803544	-0.4545822	0.44430527	-0.43324348	0.42396572	0.39890668	-0.39085168	0.3950546	-0.38295442
-0.24348071	-0.3332561	-0.25721544	0.32225102	-0.26821953	-0.34196302	0.2538539	0.2629177	0.28326625	0.3108876	-0.3385627	-0.32852727	-0.26630077	0.29979897	-0.27803364	-0.29231486	0.32116738	0.27636033	-0.2699751	-0.23727307	-0.26715302	-0.2923509	0.27043107	0.27126428	0.31463042	0.32286176	-0.29300976	-0.3180307	0.2749505	0.24916239	-0.29734966	0.2750954	-0.33428398	-0.22374907	0.2497909	-0.256306	-0.2988431	0.24677545	-0.25473347	0.2974222	0.25998774	-0.26274642	-0.24448365	-0.24408229	-0.25944218	0.33770275	-0.24280716	-0.25500023	0.2863011	0.25520575	-0.31267926	-0.26642662	-0.25936493	-0.31145212	-0.2440519	-0.24144368	0.25823146	-0.3284378	-0.2748372	-0.32635552	-0.32631943	0.29376748	0.26916063	-0.28739446	0.24287762	0.3212554	-0.23511529	0.24197452	0.31946626	-0.28733888	0.30329505	0.23882692	-0.27176479	-0.33227366	0.26129496	0.31170917	0.32262293	-0.30118924	-0.21270785	0.28255668	0.2887377	-0.23352177	0.29280946	0.31025234	0.2978835	0.29327592	0.30703226	0.30395937	-0.2900326	-0.33348173	0.24389806	0.24452145	-0.2866068	0.33920872	-0.27987108	0.33521348	0.28988984	-0.2858539	0.24210712	-0.29718053
-0.23229569	-0.25157833	-0.25757617	0.27184227	-0.28040853	-0.3597418	0.2677666	0.30780467	0.3303117	0.25999883	-0.34667382	-0.26187012	-0.31421092	0.2999512	-0.3213479	-0.34604195	0.27819857	0.2556356	-0.26465228	-0.29372796	-0.28275752	-0.26804745	0.26315048	0.24963087	0.28925848	0.23448485	-0.339125	-0.26888224	0.28073436	0.34403697	-0.24554849	0.28417167	-0.34110802	-0.3123222	0.3293524	-0.2782962	-0.24496953	0.32786053	-0.29564846	0.26559398	0.30579627	-0.35218453	-0.2838425	-0.3263366	-0.31353077	0.2646681	-0.2556007	-0.2891801	0.34137517	0.28771287	-0.22502029	-0.3326326	-0.24769315	-0.29573712	-0.32255176	-0.26122048	0.333268	-0.2932302	-0.35106382	-0.3112835	-0.26668426	0.2556805	0.23113918	-0.34588745	0.2530821	0.30212724	-0.2852254	0.24513875	0.296382	-0.2615417	0.2516871	0.30325443	-0.2664244	-0.2857453	0.28219143	0.26219514	0.33055004	-0.31385878	-0.28757662	0.23017316	0.23834544	-0.24261564	0.27882677	0.2812824	0.21978755	0.25976905	0.33314073	0.29537952	-0.344958	-0.29416567	0.25399157	0.31152424	-0.28079447	0.26179156	-0.28215995	0.2853557	0.31383198	-0.28923175	0.2436963	-0.33315653
-0.4124554	-0.51513267	-0.47860587	0.504995	-0.43842912	-0.5233441	0.43714872	0.39171132	0.43543634	0.4594152	-0.45892859	-0.42609432	-0.47673365	0.40561318	-0.5046462	-0.43147677	0.50637156	0.4901442	-0.51424897	-0.4628063	-0.46942866	-0.43872398	0.4537776	0.46476385	0.4920716	0.4350754	-0.44988805	-0.4436435	0.45800224	0.50425476	-0.42171586	0.4724637	-0.44424608	-0.40395537	0.45504597	-0.4436147	-0.39811403	0.43544266	-0.47393855	0.46550116	0.43609798	-0.49179637	-0.45955294	-0.5145425	-0.47153977	0.49633938	-0.43876237	-0.50120795	0.44278222	0.4360825	-0.3709169	-0.4526183	-0.39856097	-0.45683762	-0.49763963	-0.49282062	0.4891311	-0.49480462	-0.50101364	-0.45887262	-0.47742146	0.40336853	0.44530505	-0.48561957	0.40772972	0.500111	-0.4500068	0.46786556	0.43492988	-0.42807668	0.4846563	0.49463752	-0.4260108	-0.4479428	0.45077553	0.4670967	0.49405348	-0.5055933	-0.40556824	0.45226625	0.40428382	-0.45674184	0.4183263	0.46351096	0.43173042	0.41873142	0.44593439	0.45876563	-0.48140636	-0.43865982	0.44733194	0.45641845	-0.45629138	0.5223965	-0.46037343	0.47573376	0.5004547	-0.4590206	0.45154104	-0.4277833
-0.3838341	-0.45882198	-0.457412	0.4026033	-0.45065832	-0.47137135	0.46537167	0.39052352	0.43700913	0.4368202	-0.43461725	-0.44904765	-0.46156156	0.43010783	-0.44389883	-0.44307113	0.44573158	0.4512736	-0.45410898	-0.42168665	-0.48307964	-0.45434913	0.40968275	0.46592018	0.48134723	0.46212277	-0.44549295	-0.4576428	0.49300715	0.48774964	-0.4574782	0.46786106	-0.47689486	-0.39615998	0.42328036	-0.40358797	-0.37651542	0.44768268	-0.45619798	0.39418224	0.45630246	-0.48581296	-0.44852367	-0.48126864	-0.4720316	0.46996567	-0.47260714	-0.44156244	0.49748972	0.39626256	-0.3476994	-0.39738092	-0.44142002	-0.46770546	-0.40002057	-0.4169201	0.43679714	-0.48597452	-0.4074471	-0.45987475	-0.46508136	0.40935472	0.37743813	-0.47879213	0.4789649	0.42694098	-0.37731495	0.40894836	0.42719585	-0.4920704	0.4255222	0.41872647	-0.45328605	-0.3999895	0.4684818	0.4804306	0.38973996	-0.41630396	-0.47032425	0.42913255	0.4428726	-0.38767716	0.39632824	0.39884645	0.39524683	0.43865424	0.442161	0.38591218	-0.48513475	-0.4140406	0.47705957	0.45037407	-0.44050118	0.44181448	-0.43027523	0.41046888	0.42132622	-0.39173087	0.41105393	-0.4835672
-0.36319098	-0.39457062	-0.37539303	0.4614655	-0.44272593	-0.47888842	0.4488891	0.4460987	0.47015527	0.4499522	-0.39866856	-0.42307755	-0.48177198	0.45404643	-0.41243866	-0.37958848	0.43615407	0.39210707	-0.4187411	-0.45829383	-0.4372266	-0.46078363	0.4161618	0.37481967	0.4735327	0.43902546	-0.39587688	-0.40728146	0.41832837	0.4230623	-0.4267149	0.43621194	-0.45008156	-0.36306262	0.46204862	-0.4107745	-0.453823	0.4047726	-0.3964182	0.4039744	0.40530047	-0.42942575	-0.38593012	-0.4663963	-0.4089745	0.40664852	-0.38150373	-0.39449468	0.4158302	0.47495323	-0.40145633	-0.41058838	-0.40556452	-0.3767899	-0.44854373	-0.40219665	0.42055413	-0.44108796	-0.4433922	-0.4019998	-0.45548573	0.4432785	0.4036575	-0.385769	0.45080537	0.3817241	-0.4142835	0.44257772	0.46044353	-0.4643902	0.40100256	0.44670945	-0.42386034	-0.38694155	0.45974788	0.43162325	0.44540784	-0.447853	-0.43292165	0.4394821	0.39648607	-0.38891444	0.43993118	0.4411778	0.40281013	0.450633	0.43963033	0.44033816	-0.44544154	-0.44728783	0.3726587	0.38666582	-0.44884175	0.4133684	-0.36806005	0.38253227	0.4183134	-0.40639555	0.38479054	-0.41292566
-0.42803618	-0.44512406	-0.42808145	0.4780289	-0.44195017	-0.48690414	0.39445403	0.40606818	0.4460099	0.43432444	-0.44430718	-0.43687788	-0.41809505	0.42571765	-0.49042627	-0.47479048	0.3698095	0.46313202	-0.4415619	-0.4127335	-0.4785771	-0.47184667	0.42258987	0.41251013	0.4548755	0.47315794	-0.46395832	-0.47471002	0.46504578	0.4551863	-0.43669105	0.41448215	-0.42464313	-0.43067983	0.4238073	-0.41078562	-0.39881623	0.45484325	-0.4511114	0.45142964	0.49473044	-0.4329235	-0.49355376	-0.4217891	-0.39579684	0.39632088	-0.420851	-0.47257054	0.40587345	0.409048	-0.38132426	-0.47180218	-0.38778716	-0.39881912	-0.45845023	-0.39773202	0.4202842	-0.4385966	-0.42335707	-0.4326666	-0.47621518	0.36729464	0.4655666	-0.4685408	0.45152885	0.4745665	-0.47930336	0.47638363	0.45414203	-0.44794402	0.45812508	0.4438519	-0.4212361	-0.43320376	0.47344688	0.42034116	0.4121096	-0.43583503	-0.35491964	0.38397613	0.4853168	-0.43015528	0.40448233	0.4824523	0.46081752	0.3983353	0.4792722	0.48929518	-0.48065513	-0.44317895	0.44122446	0.39096567	-0.44369733	0.44626084	-0.46116498	0.42823705	0.4216217	-0.40522888	0.47809932	-0.48985007
-0.3697927	-0.44482023	-0.41485214	0.38663	-0.35577768	-0.35534987	0.34842634	0.33179724	0.41377917	0.3811182	-0.36288232	-0.40911373	-0.43359593	0.3397548	-0.384058	-0.45033115	0.4022637	0.39777112	-0.42826593	-0.40897295	-0.39120203	-0.39221483	0.35659188	0.42342013	0.38661888	0.35588545	-0.39419422	-0.42103332	0.4246337	0.40557238	-0.43102628	0.39009407	-0.36139035	-0.3793276	0.4170329	-0.3726257	-0.35136813	0.4367027	-0.41598207	0.38574016	0.38301158	-0.37710023	-0.3542009	-0.41434032	-0.39179587	0.41628453	-0.35551727	-0.39613613	0.33778232	0.43341473	-0.33910194	-0.3790058	-0.38415354	-0.43634203	-0.43373588	-0.35798	0.35474673	-0.35043713	-0.39814588	-0.4405343	-0.42462027	0.37153822	0.3924768	-0.3503171	0.4148432	0.43716055	-0.39289564	0.39020133	0.36260468	-0.43832567	0.41292822	0.35752684	-0.41171512	-0.33722585	0.34763443	0.38389996	0.37334335	-0.41234833	-0.3430583	0.38664627	0.39021876	-0.32933456	0.37867427	0.3668453	0.35724983	0.3682883	0.3683512	0.43539208	-0.35147727	-0.40874505	0.39936006	0.35921618	-0.36244717	0.3639859	-0.36369783	0.43853086	0.38887346	-0.29954845	0.38428304	-0.42304376
-0.17703389	-0.18353078	-0.23245795	0.1630725	-0.20809382	-0.1867854	0.22439688	0.22142407	0.15230289	0.17720051	-0.18271865	-0.14774542	-0.2096154	0.23017196	-0.22323327	-0.18185121	0.16860873	0.16066302	-0.18614529	-0.19737771	-0.19951022	-0.16047326	0.14451542	0.22867392	0.22628847	0.18257551	-0.20394011	-0.17756185	0.1757315	0.19967043	-0.16040765	0.2039494	-0.23328972	-0.15606944	0.18317914	-0.19366693	-0.20989943	0.13727133	-0.22120672	0.18512602	0.2064876	-0.14661928	-0.18796542	-0.21427539	-0.18465579	0.1504765	-0.15315975	-0.20083557	0.14604709	0.1673724	-0.2348796	-0.20739004	-0.20701824	-0.1870588	-0.1733444	-0.21446909	0.21146876	-0.14851116	-0.17933379	-0.23105286	-0.19503337	0.21858951	0.18386382	-0.16775694	0.22648707	0.14650278	-0.14126986	0.16770267	0.2108918	-0.21805283	0.15077414	0.18570057	-0.18768334	-0.1744287	0.21662422	0.15753731	0.17202802	-0.17512165	-0.13564675	0.20180628	0.15596369	-0.18624236	0.16132315	0.22771104	0.22042365	0.16525142	0.21925947	0.2190762	-0.17315505	-0.14633892	0.13890253	0.21957125	-0.1787056	0.17118868	-0.14415821	0.13666835	0.22733176	-0.21072799	0.18177406	-0.22553311
-0.43315867	-0.4804372	-0.4769111	0.5161118	-0.45712024	-0.46834463	0.47569957	0.5092535	0.46336636	0.4504947	-0.42491856	-0.50967807	-0.42958224	0.41190535	-0.42925584	-0.427153	0.47243118	0.44273806	-0.44002387	-0.45581204	-0.44499978	-0.43127525	0.49687266	0.48357552	0.480039	0.48526227	-0.43303362	-0.49211654	0.4069093	0.44188184	-0.4973392	0.50594616	-0.46218288	-0.41711417	0.5092569	-0.43804824	-0.46611184	0.47117177	-0.5023341	0.4299211	0.42207482	-0.4169896	-0.41396856	-0.46781915	-0.46466783	0.40264568	-0.44422162	-0.51032007	0.4936468	0.45295447	-0.48167917	-0.45561415	-0.46446475	-0.47989318	-0.49584007	-0.4888748	0.48977318	-0.42447275	-0.4346722	-0.440867	-0.44196683	0.4985868	0.48802522	-0.42808574	0.49097407	0.5004868	-0.4871387	0.4629588	0.46545646	-0.4675115	0.44709295	0.49227282	-0.4693189	-0.43816677	0.4134792	0.45525208	0.42191163	-0.44600478	-0.45645767	0.4180024	0.45166868	-0.49491933	0.49075764	0.44336164	0.4987286	0.50399524	0.4847186	0.5267181	-0.44562566	-0.41289765	0.4515323	0.42676526	-0.4762218	0.437747	-0.44631362	0.44809106	0.41925713	-0.42827868	0.4756761	-0.40624997
-0.68267864	-0.6834267	-0.67991287	0.7123039	-0.7159723	-0.596209	0.61643094	0.6796269	0.7460109	0.67830145	-0.6863063	-0.6711397	-0.7213075	0.59408957	-0.7297891	-0.6635758	0.67556655	0.64348	-0.6270521	-0.7312414	-0.69606924	-0.7571581	0.6686476	0.6579757	0.6358844	0.72760546	-0.7000976	-0.6362968	0.6957121	0.7384621	-0.7009415	0.69395083	-0.67368364	-0.6279694	0.67037964	-0.684688	-0.5902951	0.68001163	-0.6366056	0.6908236	0.731201	-0.6216339	-0.679863	-0.69067216	-0.66967314	0.72594583	-0.54467666	-0.6257311	0.7422648	0.70179665	-0.61900574	-0.71622384	-0.6648769	-0.62964666	-0.70845366	-0.694185	0.6683578	-0.675894	-0.60975015	-0.7027892	-0.6694395	0.60808563	0.6416852	-0.65738565	0.6376216	0.71866596	-0.7026865	0.6603853	0.6655944	-0.686456	0.67909586	0.71508366	-0.71394473	-0.72372884	0.7118485	0.68185997	0.6515508	-0.6611536	-0.549769	0.5406769	0.71872	-0.6332708	0.6613577	0.6482149	0.6619524	0.7471722	0.6975337	0.6968313	-0.599522	-0.6043796	0.65964717	0.65490115	-0.7184088	0.6789817	-0.64601475	0.6782236	0.67926824	-0.5672773	0.71197927	-0.63847643
-0.31250852	-0.2716341	-0.30416667	0.3203785	-0.28450936	-0.27136445	0.29756975	0.3199022	0.2619844	0.3157355	-0.28816152	-0.31102106	-0.22660509	0.23483431	-0.2653689	-0.24588135	0.27156624	0.25728703	-0.3098483	-0.27678916	-0.25948343	-0.3142473	0.24054861	0.2741436	0.2901298	0.31193656	-0.24394971	-0.33730838	0.28309402	0.2530672	-0.32385558	0.24959965	-0.29425856	-0.31978142	0.30902553	-0.27612913	-0.28202578	0.271212	-0.3114957	0.27115	0.287131	-0.23077223	-0.30041733	-0.2936262	-0.23844714	0.26454818	-0.23647231	-0.28712365	0.21072309	0.2929311	-0.3341807	-0.3306669	-0.32195136	-0.31020826	-0.2937253	-0.25760764	0.29101506	-0.29764915	-0.21939364	-0.25269467	-0.29356775	0.27901307	0.33742017	-0.31138837	0.31056228	0.2508839	-0.31803733	0.26330495	0.27392846	-0.28557688	0.32222652	0.29998863	-0.30293182	-0.2678028	0.30769068	0.31070137	0.24669382	-0.3131056	-0.2746419	0.30405232	0.25357673	-0.29900235	0.27807927	0.3251831	0.2652516	0.289568	0.31011212	0.3409847	-0.21886905	-0.29283893	0.30462122	0.27283886	-0.2734425	0.2929751	-0.32485032	0.24315628	0.22771414	-0.24334179	0.25906327	-0.2277153
-0.3836827	-0.3429953	-0.33931258	0.3628123	-0.41547936	-0.40228832	0.34699506	0.3830205	0.3837249	0.33960196	-0.39960083	-0.34801027	-0.427359	0.3650233	-0.33628374	-0.37796876	0.4325238	0.3310304	-0.42427042	-0.3875194	-0.358449	-0.41460276	0.39538366	0.42955768	0.36455464	0.40522254	-0.41254112	-0.42740992	0.39841247	0.4164837	-0.3880904	0.37700155	-0.40482175	-0.35091573	0.41648096	-0.36187974	-0.3802809	0.3789039	-0.37318033	0.34694332	0.39390063	-0.41503114	-0.40911487	-0.40316457	-0.4033918	0.38823932	-0.39360258	-0.39530602	0.4222825	0.3507159	-0.4042021	-0.40349188	-0.373131	-0.41690388	-0.392279	-0.39034817	0.37499115	-0.40841287	-0.41018796	-0.34904397	-0.41763955	0.3845845	0.35900646	-0.42506176	0.34643462	0.35301328	-0.36751676	0.42466494	0.37947503	-0.36039644	0.37178168	0.35125518	-0.34399322	-0.41363278	0.3434112	0.37629077	0.36789042	-0.39417273	-0.36365685	0.37334627	0.41701487	-0.3759393	0.4219139	0.38452503	0.36201474	0.36115474	0.41040695	0.41674942	-0.38639462	-0.41743886	0.3802561	0.3992141	-0.4149147	0.40519884	-0.38574654	0.37176162	0.41990948	-0.31299058	0.4164575	-0.39620712
-0.4254138	-0.40360686	-0.37061527	0.44617307	-0.38607362	-0.39737067	0.39927292	0.33386186	0.43525633	0.4397679	-0.41491732	-0.39794335	-0.38047284	0.3475517	-0.40397698	-0.36903864	0.39244378	0.3973339	-0.40646952	-0.40822682	-0.37095338	-0.46189165	0.43298566	0.38055053	0.43095833	0.43037537	-0.42614827	-0.36197472	0.3721465	0.36379695	-0.388815	0.4346229	-0.41285542	-0.38507095	0.42587164	-0.4533729	-0.37207174	0.4296815	-0.378674	0.38654852	0.43614078	-0.404879	-0.44826922	-0.3975694	-0.44817433	0.41268423	-0.40110818	-0.3871565	0.37249613	0.34481227	-0.34890682	-0.43601003	-0.42941684	-0.44844377	-0.43205276	-0.3854362	0.39492932	-0.36807173	-0.3819591	-0.37358427	-0.4250538	0.42165366	0.36699998	-0.43289444	0.3858403	0.4160713	-0.39485472	0.40809625	0.45332953	-0.45560834	0.3810726	0.38507116	-0.37743175	-0.40872526	0.41121298	0.43551692	0.40711674	-0.4017026	-0.39470774	0.38865578	0.41195485	-0.3352057	0.39285788	0.37421072	0.38932493	0.46475747	0.44096828	0.43199748	-0.4092378	-0.37229043	0.42133403	0.41910917	-0.3888182	0.39031172	-0.43680996	0.38953677	0.42131978	-0.3729236	0.37436077	-0.37813556
-0.4422718	-0.4946322	-0.45975822	0.45438614	-0.4867611	-0.48869285	0.46144623	0.43561912	0.44309258	0.43145227	-0.4913594	-0.49042127	-0.4421219	0.44781643	-0.47396275	-0.41931537	0.44297153	0.4431619	-0.4240955	-0.45957804	-0.48943296	-0.47818226	0.4133294	0.45947066	0.4589306	0.4745902	-0.48088583	-0.43176323	0.4601111	0.47595105	-0.47122943	0.49333513	-0.47183156	-0.4666046	0.44326332	-0.48500523	-0.3999297	0.43079004	-0.44458267	0.50014687	0.45987844	-0.45341954	-0.4299377	-0.44911706	-0.462461	0.4488194	-0.46742767	-0.42386112	0.44855073	0.449472	-0.4432812	-0.43330416	-0.45570248	-0.41631007	-0.42882553	-0.5092639	0.44266498	-0.45087722	-0.44664726	-0.42706257	-0.4807241	0.4178626	0.49378735	-0.47780386	0.4167225	0.48115352	-0.47247875	0.48227453	0.42733106	-0.4915679	0.46508974	0.5040293	-0.5032972	-0.47208992	0.43888888	0.42314556	0.42258194	-0.44573537	-0.46357468	0.4043135	0.45507678	-0.42015728	0.40526047	0.4825423	0.45468196	0.49116027	0.40909573	0.46237376	-0.481338	-0.4513686	0.46975765	0.5030834	-0.40522793	0.49271896	-0.47384897	0.41370603	0.46693465	-0.39293435	0.4215356	-0.48204523
-0.5487885	-0.4991601	-0.5403936	0.5239712	-0.4989681	-0.51062125	0.51258093	0.46761212	0.50339574	0.4719951	-0.4865349	-0.5081955	-0.48215097	0.5410872	-0.4745611	-0.4788178	0.5282746	0.5297095	-0.4517096	-0.5256679	-0.5705001	-0.5446361	0.5140916	0.5091084	0.5477013	0.5233688	-0.49380356	-0.4579264	0.57529765	0.47719902	-0.5167257	0.53722584	-0.53707564	-0.51765954	0.54668504	-0.5460123	-0.4436068	0.5194281	-0.54680145	0.543777	0.55097735	-0.48611343	-0.46543935	-0.51739484	-0.47445604	0.5387852	-0.45187756	-0.46814606	0.49145928	0.4816128	-0.49713162	-0.55163574	-0.49983582	-0.5738806	-0.4712654	-0.5335554	0.48813	-0.56835884	-0.5189581	-0.51674324	-0.49873528	0.5050037	0.51251054	-0.55294216	0.49098215	0.50198156	-0.5403206	0.5340971	0.50351524	-0.4887233	0.515489	0.46451023	-0.5227537	-0.486503	0.5301415	0.48484468	0.5173087	-0.49429816	-0.48437038	0.41981116	0.49036878	-0.49105433	0.5143954	0.50093365	0.4624523	0.5226884	0.5409378	0.47176388	-0.5232741	-0.52494955	0.49495554	0.46109158	-0.5264073	0.538493	-0.5059602	0.5225364	0.5416608	-0.41682184	0.5192347	-0.5304353
-0.7128758	-0.84501207	-0.74802756	0.8016728	-0.7406625	-0.74630797	0.79513025	0.76793325	0.80265677	0.8006569	-0.76037943	-0.78848726	-0.8463355	0.7956485	-0.7948112	-0.86122316	0.84110826	0.7973367	-0.7626442	-0.78435695	-0.7847619	-0.8025133	0.76412874	0.79091614	0.8195299	0.7686669	-0.8492232	-0.8144515	0.789276	0.8411176	-0.83064485	0.79465044	-0.81627965	-0.7020656	0.8352889	-0.8366178	-0.65286875	0.8426964	-0.754106	0.7312502	0.81963277	-0.8376693	-0.86559206	-0.767526	-0.8096619	0.83945286	-0.71032095	-0.778723	0.8467923	0.76311773	-0.6918461	-0.8665426	-0.7582425	-0.8408451	-0.84678805	-0.8289168	0.7787747	-0.77195567	-0.8497767	-0.7536002	-0.8016301	0.77641195	0.6575281	-0.87108475	0.78356594	0.806846	-0.7768024	0.76541096	0.84836423	-0.83218366	0.7697143	0.8341353	-0.8236566	-0.78598785	0.75698763	0.7687649	0.74380946	-0.783741	-0.78153443	0.6170707	0.7566269	-0.71367264	0.84605354	0.787679	0.6704476	0.84303457	0.7862298	0.77078396	-0.8355932	-0.7955176	0.76827985	0.7410107	-0.81712866	0.8067105	-0.83353096	0.84054995	0.8143433	-0.6197385	0.8256618	-0.7755277
-0.63708	-0.6613634	-0.6611746	0.61471766	-0.5588884	-0.599858	0.5424687	0.57005566	0.6136172	0.6522042	-0.5864217	-0.6571323	-0.70259374	0.6239508	-0.63060635	-0.6146232	0.65087754	0.6133677	-0.62192416	-0.6184268	-0.6336589	-0.6075939	0.6452685	0.63550466	0.64725274	0.63388395	-0.6470864	-0.6288408	0.67389625	0.6321529	-0.5969618	0.6454629	-0.621354	-0.45546323	0.6813383	-0.631591	-0.4438576	0.581252	-0.56539184	0.556187	0.64301366	-0.6489085	-0.6433214	-0.63320595	-0.6450159	0.59670997	-0.46416125	-0.61632824	0.65559185	0.60738057	-0.50692016	-0.6544982	-0.5578034	-0.5842705	-0.6403903	-0.6917769	0.6092442	-0.6260221	-0.6484665	-0.5888198	-0.6632603	0.55004567	0.544893	-0.6251559	0.611026	0.60840887	-0.6338392	0.61722505	0.59318274	-0.6141547	0.6373029	0.6320275	-0.59251446	-0.5868511	0.6242487	0.626153	0.57101357	-0.6304455	-0.5624018	0.35623142	0.6459471	-0.54167986	0.6731203	0.5655538	0.48206526	0.6820374	0.6758177	0.65889996	-0.5812752	-0.57213116	0.61016476	0.56108683	-0.64638025	0.6026783	-0.5983416	0.5811498	0.68220603	-0.40807572	0.6042941	-0.6359505
-0.66897905	-0.67344666	-0.660141	0.6438835	-0.5879085	-0.573726	0.650996	0.5747642	0.6732841	0.6724995	-0.5669239	-0.702149	-0.669133	0.60405046	-0.6132056	-0.6602594	0.6542743	0.6376109	-0.6115267	-0.6084061	-0.69498575	-0.7050371	0.66050893	0.6842542	0.62525463	0.68447435	-0.729733	-0.61300534	0.6673398	0.65926373	-0.6452701	0.60975754	-0.6433536	-0.5337115	0.67297745	-0.6387374	-0.48120007	0.64391637	-0.56638837	0.5991	0.6141015	-0.579935	-0.60793036	-0.64475065	-0.6995263	0.6393557	-0.5144107	-0.65150595	0.6784183	0.6091178	-0.5977597	-0.688969	-0.6076467	-0.65133643	-0.67862403	-0.69918156	0.630068	-0.62089175	-0.573847	-0.7075519	-0.6439155	0.6325073	0.57763433	-0.61188537	0.7052936	0.71455425	-0.60382104	0.6745712	0.6919486	-0.6264204	0.6087718	0.6215414	-0.6559293	-0.6067588	0.6523975	0.5594232	0.6280461	-0.6504582	-0.590532	0.50253534	0.6675501	-0.60199076	0.65018743	0.6032327	0.66671383	0.6827593	0.6898345	0.6465147	-0.5755598	-0.61118233	0.66864026	0.6022618	-0.7128025	0.601949	-0.62761253	0.62367743	0.6967277	-0.4733068	0.66182315	-0.6860226
-0.5348327	-0.5086365	-0.5249669	0.608003	-0.50823045	-0.53786486	0.49775177	0.5167374	0.6149252	0.6015008	-0.5203333	-0.6029745	-0.5162573	0.5664661	-0.49729577	-0.5616583	0.6038273	0.53224385	-0.5608363	-0.60511315	-0.5721368	-0.5618127	0.4993898	0.60374075	0.5576892	0.5459896	-0.5215519	-0.5096057	0.5143761	0.54058415	-0.5890395	0.60145426	-0.5749619	-0.5551119	0.557628	-0.5724464	-0.5243739	0.53821135	-0.5703982	0.5299804	0.547753	-0.5267729	-0.5650835	-0.5751629	-0.5359533	0.57430595	-0.5060186	-0.5118718	0.511193	0.5537492	-0.56215477	-0.5761987	-0.5273867	-0.5351942	-0.58731765	-0.5807918	0.51552653	-0.49807918	-0.51060575	-0.5214186	-0.575151	0.55917	0.54806346	-0.584177	0.5212129	0.5707961	-0.5499684	0.59477496	0.51427037	-0.6140342	0.57463354	0.5509145	-0.55744165	-0.5154825	0.5384948	0.52735144	0.5150293	-0.5404188	-0.50063086	0.5412844	0.5612998	-0.5262557	0.6133617	0.59436816	0.5354208	0.55061823	0.5311928	0.5563388	-0.5732617	-0.5279158	0.54898787	0.5867531	-0.5373704	0.47462434	-0.5152089	0.533046	0.56760997	-0.48175862	0.5714623	-0.5432094
-0.5794669	-0.54895145	-0.53235793	0.5443321	-0.5007116	-0.4699682	0.5775019	0.537231	0.5336858	0.5712731	-0.5162353	-0.5028223	-0.5342735	0.5759822	-0.52792495	-0.56652755	0.48873457	0.5071846	-0.5367334	-0.56211597	-0.5669956	-0.56692296	0.56575406	0.50621116	0.5664959	0.5303395	-0.5940144	-0.5306202	0.5358266	0.51263636	-0.5097315	0.5384324	-0.53287125	-0.48382205	0.515167	-0.51788247	-0.5060364	0.54756975	-0.54741156	0.52173567	0.5184715	-0.54221225	-0.4888924	-0.5317278	-0.5025819	0.5265395	-0.49872607	-0.5844176	0.47216752	0.5601446	-0.5208907	-0.5565305	-0.5056283	-0.57260495	-0.5653322	-0.54339874	0.5451939	-0.5375045	-0.49537903	-0.5162921	-0.5417784	0.5641679	0.5300915	-0.5626201	0.58983445	0.52372634	-0.53887284	0.51540565	0.5461414	-0.5774166	0.49486682	0.57458824	-0.5468126	-0.55053407	0.52644676	0.586543	0.55981666	-0.55475736	-0.5459874	0.4782409	0.57062864	-0.5356123	0.5341862	0.5868559	0.5665782	0.5819882	0.5737008	0.51326144	-0.51464313	-0.5053361	0.4986366	0.56969255	-0.59944475	0.5182353	-0.50842667	0.5802974	0.5727249	-0.5111062	0.58957547	-0.56508964
-0.10515234	-0.16306368	-0.20057407	0.19942237	-0.13724366	-0.12884457	0.15852477	0.15388453	0.20548758	0.17567132	-0.18896109	-0.20998257	-0.20625228	0.19893642	-0.1997885	-0.2123777	0.12653865	0.12328936	-0.15433954	-0.18438657	-0.21162604	-0.1276678	0.16237774	0.14707291	0.17586887	0.20044443	-0.1630018	-0.11587887	0.17141499	0.18965009	-0.19907768	0.1548022	-0.19096005	-0.11964562	0.17316341	-0.15057974	-0.07392158	0.14283517	-0.11736058	0.1606475	0.19553652	-0.18653643	-0.15055561	-0.14498016	-0.19650918	0.1239088	-0.08987935	-0.18149942	0.16560662	0.19588284	-0.13972208	-0.11455927	-0.09794882	-0.20312008	-0.21288295	-0.13864869	0.19364628	-0.19167191	-0.16965583	-0.17865048	-0.12722819	0.14933543	0.11332229	-0.12198188	0.19590245	0.17334615	-0.19895244	0.113999814	0.131384	-0.14358167	0.15118447	0.15848525	-0.18329108	-0.15952842	0.17942302	0.1557742	0.110814944	-0.13476501	-0.15947707	0.06335484	0.11401221	-0.105982	0.12164898	0.13890153	0.10822416	0.14787462	0.20082584	0.12356214	-0.19410229	-0.122384466	0.11562083	0.19652192	-0.15173428	0.20369045	-0.12247456	0.20659636	0.20800164	-0.082403906	0.12621644	-0.1670198
-0.45506808	-0.5351395	-0.52207047	0.4721853	-0.4654742	-0.40665647	0.46797362	0.5025711	0.57155126	0.4349076	-0.43977755	-0.48530686	-0.5002937	0.48095065	-0.5276703	-0.46243957	0.5122896	0.5072571	-0.53734803	-0.51133883	-0.55823576	-0.5163079	0.49311784	0.52287227	0.5024628	0.47713694	-0.5128663	-0.51882946	0.4738172	0.469744	-0.5415147	0.4905041	-0.53132784	-0.46928346	0.53720784	-0.4696972	-0.4516035	0.48429683	-0.4855378	0.513779	0.47496364	-0.4919477	-0.50473464	-0.51535517	-0.53690046	0.45154122	-0.43794307	-0.53145826	0.47659233	0.49930108	-0.42780697	-0.5424494	-0.4367568	-0.5023227	-0.5115535	-0.51854044	0.50813013	-0.45103186	-0.50916696	-0.50667185	-0.5234566	0.44915134	0.515626	-0.4608326	0.51427895	0.5021417	-0.45156574	0.5415116	0.45451176	-0.52599734	0.4571741	0.48894414	-0.5269041	-0.52564144	0.47273844	0.48931196	0.43808132	-0.52870625	-0.46118852	0.3797067	0.5353582	-0.49415493	0.52245045	0.52419096	0.48504198	0.5585173	0.5286906	0.46663573	-0.42954504	-0.46431574	0.45164335	0.49571556	-0.4817921	0.4905476	-0.5153113	0.48998213	0.47711533	-0.39998832	0.47477275	-0.5282642
-0.6269758	-0.6470412	-0.6504368	0.7040703	-0.69657826	-0.5970057	0.6775253	0.6439182	0.64031637	0.6145376	-0.66401345	-0.73524046	-0.6733032	0.6676047	-0.6930893	-0.6771123	0.69030154	0.67293507	-0.639843	-0.64571464	-0.6832429	-0.6928707	0.70554954	0.664268	0.64603925	0.6665987	-0.7071331	-0.62155807	0.638941	0.68867636	-0.64217764	0.6905079	-0.6546108	-0.6202763	0.6929843	-0.66660225	-0.56673044	0.7154424	-0.689314	0.6376428	0.6709796	-0.6155945	-0.7062371	-0.6768344	-0.63771033	0.68999594	-0.5580389	-0.67451745	0.6688996	0.654646	-0.60120237	-0.63121015	-0.6424462	-0.65295595	-0.6422534	-0.71092904	0.70350355	-0.6079496	-0.70395136	-0.645106	-0.6429427	0.6351543	0.6592908	-0.6465586	0.67121476	0.72364074	-0.67016345	0.63783216	0.72878367	-0.64227533	0.62389195	0.6885283	-0.65047777	-0.67654085	0.64481896	0.6503773	0.5972953	-0.70412695	-0.571867	0.60249275	0.6828275	-0.5853788	0.6914949	0.6766058	0.5918146	0.6590888	0.69931525	0.6308436	-0.6827392	-0.5974271	0.69388694	0.6623347	-0.7019702	0.6176557	-0.657	0.6246783	0.73113465	-0.5687056	0.64243	-0.6834624
-0.23977356	-0.2523285	-0.23678358	0.18662454	-0.18438943	-0.20477152	0.14872998	0.16077939	0.18773142	0.1625688	-0.17903095	-0.17458242	-0.19907498	0.18183614	-0.1801013	-0.25115997	0.21677527	0.14895168	-0.14376684	-0.21172102	-0.21021724	-0.22518592	0.1919825	0.14993435	0.19156009	0.24963054	-0.19483286	-0.23096803	0.22314706	0.23861063	-0.15643732	0.20394762	-0.24785213	-0.14982876	0.1673195	-0.20576452	-0.13876002	0.22671448	-0.21502016	0.1612224	0.20514198	-0.19007006	-0.24134555	-0.16534287	-0.2145959	0.21807498	-0.12083444	-0.16979317	0.23978229	0.22338115	-0.2041901	-0.22114548	-0.21641491	-0.20749326	-0.16989791	-0.232194	0.21295817	-0.19255735	-0.22746031	-0.16258499	-0.17046458	0.21568319	0.177333	-0.22820364	0.1833216	0.15593684	-0.15347016	0.16249461	0.2394197	-0.23889379	0.21879089	0.17274827	-0.19382349	-0.20378664	0.1976486	0.1381593	0.1739869	-0.2334199	-0.18835366	0.18752445	0.19983041	-0.22766551	0.17407964	0.16349377	0.15508449	0.24497655	0.18523979	0.24150434	-0.17608438	-0.15616468	0.24280375	0.15258494	-0.19670293	0.23023164	-0.19353981	0.22358236	0.2017966	-0.16239432	0.1487959	-0.2341076
-0.56573987	-0.62879	-0.58253217	0.66346157	-0.5723026	-0.5861349	0.5917496	0.576428	0.61345375	0.584112	-0.6109474	-0.6037832	-0.5818362	0.54953384	-0.6579121	-0.6808341	0.5866978	0.60891753	-0.61071086	-0.6564641	-0.65887094	-0.64397067	0.63008773	0.6256504	0.5794778	0.65050215	-0.65544415	-0.55645555	0.58927774	0.58694667	-0.66413563	0.6532232	-0.6544308	-0.5331185	0.6377019	-0.5963833	-0.5321527	0.6495889	-0.55026615	0.6300059	0.59994733	-0.5635041	-0.58980227	-0.59925485	-0.60456187	0.614259	-0.5875186	-0.59520364	0.6307412	0.5888201	-0.5476227	-0.6136987	-0.5665521	-0.6202142	-0.59051985	-0.66014606	0.5912571	-0.60723495	-0.61086863	-0.6144722	-0.6259114	0.5605669	0.5948874	-0.63886416	0.59534305	0.6143171	-0.57911044	0.63454384	0.62098616	-0.65929383	0.6315048	0.60972637	-0.63321066	-0.63802	0.55847776	0.6061052	0.6126029	-0.5716246	-0.4974034	0.5375067	0.64604354	-0.54260015	0.64527154	0.6263891	0.5319455	0.63831735	0.64690787	0.63363487	-0.5754427	-0.64058304	0.61115515	0.57219666	-0.5999817	0.58885723	-0.6475271	0.5741322	0.6552991	-0.5060209	0.6116082	-0.59952164
-0.3064129	-0.32135016	-0.3952785	0.34914964	-0.30699185	-0.31594583	0.4005954	0.32692462	0.30098096	0.3973171	-0.33215776	-0.38016024	-0.32877612	0.36993873	-0.3348214	-0.36015332	0.31369406	0.3386891	-0.32303226	-0.33037794	-0.3511363	-0.3312627	0.32004082	0.3129484	0.38447687	0.34827316	-0.3061546	-0.34071282	0.39993927	0.33140948	-0.3262866	0.37975934	-0.3153421	-0.3485989	0.32982984	-0.33100942	-0.39912874	0.37285635	-0.36087918	0.32309753	0.3579103	-0.31388846	-0.34079182	-0.32439548	-0.34103832	0.39555836	-0.3816919	-0.3270337	0.3936673	0.3854032	-0.3228502	-0.35900006	-0.36764166	-0.39635345	-0.3360413	-0.36669025	0.3172337	-0.39730063	-0.3470498	-0.38951838	-0.34022102	0.3391794	0.3900415	-0.33556482	0.3992059	0.31392622	-0.32007286	0.3553956	0.37023336	-0.34934726	0.40424022	0.32922626	-0.31729224	-0.38730544	0.400959	0.35454106	0.39038134	-0.31826738	-0.3279787	0.34990802	0.39225718	-0.35760024	0.37815234	0.3673064	0.34392968	0.31467792	0.3310489	0.3407478	-0.34858468	-0.34255213	0.30947325	0.37513065	-0.38433996	0.3254762	-0.3370176	0.37740812	0.3749142	-0.36170608	0.35232902	-0.3378923
-0.6227645	-0.7232214	-0.6509949	0.66184074	-0.6754147	-0.67707324	0.6015624	0.6073279	0.6550528	0.646788	-0.67155933	-0.65037036	-0.6716592	0.6534301	-0.66636056	-0.74233544	0.68230796	0.6164122	-0.63632107	-0.72579473	-0.7104988	-0.705449	0.71796066	0.718768	0.6407475	0.6505169	-0.716818	-0.70665145	0.7166956	0.7251719	-0.67347974	0.7373719	-0.67080444	-0.65429586	0.69907033	-0.7183496	-0.64158785	0.6765157	-0.71156806	0.6319307	0.68373126	-0.615668	-0.6602219	-0.61911976	-0.66071486	0.70399123	-0.5602377	-0.662131	0.68649143	0.63161033	-0.6216443	-0.70804614	-0.6788115	-0.6447015	-0.6307788	-0.6802372	0.6290644	-0.6892648	-0.6580014	-0.69469666	-0.6595231	0.6206888	0.6896737	-0.70737565	0.6654482	0.66395634	-0.68502367	0.65281713	0.6953441	-0.6766419	0.69423705	0.6426964	-0.6759203	-0.6607762	0.66185695	0.62051076	0.63352066	-0.6655627	-0.5607738	0.55843437	0.67534703	-0.59948945	0.69924843	0.6761406	0.68526137	0.6629166	0.6678571	0.65166587	-0.6324349	-0.6127443	0.62934613	0.69938874	-0.70321417	0.70111114	-0.6289647	0.7287695	0.72236645	-0.59528315	0.6500479	-0.702856
-0.40563062	-0.38001436	-0.37683955	0.3462932	-0.41117632	-0.39894	0.42325398	0.40619916	0.3341323	0.41373003	-0.42017618	-0.42261088	-0.37300342	0.432655	-0.4099405	-0.37393197	0.33086988	0.35830972	-0.36984318	-0.36997455	-0.37794268	-0.42659566	0.3864276	0.34303647	0.4259096	0.36622715	-0.34329754	-0.41386643	0.39700043	0.4395229	-0.4274453	0.35605207	-0.35803849	-0.3621719	0.37279698	-0.42725232	-0.40871155	0.33338916	-0.345878	0.35429686	0.33347145	-0.36443767	-0.33406186	-0.41413128	-0.36342874	0.37461373	-0.3814737	-0.33396986	0.39290106	0.3993478	-0.3326756	-0.3618554	-0.37082016	-0.36568102	-0.44358724	-0.3957493	0.38651255	-0.3457994	-0.4414561	-0.3808258	-0.425977	0.43280575	0.40002313	-0.40032098	0.4362824	0.41971692	-0.3604525	0.33264843	0.37418768	-0.43047294	0.34346086	0.3890858	-0.39906454	-0.33874643	0.38506785	0.38330746	0.3812299	-0.42301	-0.3457996	0.38824567	0.33434033	-0.33445078	0.3282004	0.3677733	0.3610731	0.396808	0.4003428	0.34124923	-0.37248445	-0.40043664	0.39374772	0.39600217	-0.40910697	0.3680796	-0.38170326	0.43279624	0.3661518	-0.32607162	0.3589506	-0.35122144
-0.61581415	-0.6239107	-0.6712269	0.64149714	-0.6443138	-0.66212267	0.64808244	0.6450667	0.6561526	0.689436	-0.666863	-0.71311754	-0.67480683	0.62757736	-0.623298	-0.7072157	0.67407	0.6457656	-0.6287479	-0.65114343	-0.61997867	-0.7225033	0.63262296	0.65925324	0.61731213	0.6945348	-0.71492815	-0.62902796	0.64108795	0.66283906	-0.71235347	0.67523605	-0.6172898	-0.5641385	0.66993356	-0.6550358	-0.6308365	0.63498425	-0.6747079	0.6948885	0.7277825	-0.6896298	-0.62338865	-0.6379037	-0.6652796	0.6753171	-0.65336376	-0.7053971	0.6838831	0.677289	-0.6574351	-0.68775797	-0.5690047	-0.65269476	-0.6011962	-0.6634144	0.67390233	-0.62266433	-0.6075469	-0.6231135	-0.6227854	0.65027803	0.62602407	-0.65474683	0.646566	0.6583389	-0.6670302	0.63234085	0.63150024	-0.721947	0.68584424	0.64946705	-0.65152663	-0.61943793	0.70976245	0.6405372	0.6655331	-0.65756965	-0.61389285	0.53673637	0.63731754	-0.60761	0.6661122	0.60358185	0.57779396	0.6837782	0.7062015	0.70999485	-0.64197165	-0.6638448	0.64822394	0.653076	-0.64057624	0.70051396	-0.6106072	0.68921715	0.67082185	-0.61123073	0.64319986	-0.68908507
-0.27828327	-0.30364057	-0.30426347	0.31615612	-0.26127696	-0.32152346	0.2905091	0.26853764	0.31124437	0.24312264	-0.24354266	-0.3139427	-0.30110958	0.23108059	-0.29539135	-0.24505655	0.2731375	0.29495272	-0.24082996	-0.23350377	-0.23238456	-0.25330102	0.2975732	0.29897165	0.3147279	0.2972638	-0.3023966	-0.282531	0.29343846	0.2830936	-0.22495754	0.27465546	-0.23300481	-0.24610232	0.2789828	-0.2956651	-0.27409196	0.26248822	-0.23506343	0.23253311	0.3143088	-0.29834703	-0.31457853	-0.21974283	-0.2782297	0.32036793	-0.30604273	-0.23978916	0.32089514	0.26326808	-0.20359418	-0.23469505	-0.20855331	-0.31603134	-0.3076485	-0.322401	0.3154685	-0.25273073	-0.28537554	-0.30091563	-0.22765176	0.27802125	0.22600187	-0.25673187	0.26023963	0.23355274	-0.2878789	0.296216	0.3121856	-0.27185678	0.25968912	0.24667065	-0.29103172	-0.28790858	0.3161484	0.320474	0.26596144	-0.2538748	-0.2758237	0.26034978	0.26774645	-0.2698304	0.26114458	0.26742014	0.28802487	0.3171296	0.2587385	0.3064669	-0.24307124	-0.3027189	0.284528	0.31750625	-0.28473175	0.3282447	-0.22941433	0.26984778	0.26806474	-0.2543991	0.22501409	-0.2805412
-0.48888692	-0.5454768	-0.551838	0.5691421	-0.4753274	-0.46672693	0.5392144	0.49763232	0.53720814	0.5421233	-0.45479992	-0.56837803	-0.53448373	0.47989225	-0.5111701	-0.5483938	0.4789883	0.52515185	-0.5414407	-0.49106595	-0.5628967	-0.5806906	0.5134139	0.58174765	0.48070133	0.48998728	-0.52199394	-0.52303827	0.54228866	0.56553227	-0.5750952	0.54639816	-0.5646544	-0.5151304	0.5196921	-0.54452556	-0.47681528	0.5159781	-0.531765	0.5562645	0.5185479	-0.5173057	-0.5185355	-0.58076894	-0.57363003	0.44902578	-0.510902	-0.5216284	0.55163115	0.5246097	-0.57104236	-0.57894427	-0.49209592	-0.5093678	-0.49066132	-0.5244731	0.52643275	-0.5030597	-0.5100225	-0.5203956	-0.51934797	0.48999462	0.5618245	-0.56128114	0.5346436	0.53447896	-0.5647748	0.51160216	0.47692758	-0.49772444	0.50468683	0.52875173	-0.5548873	-0.5263837	0.51710707	0.5587444	0.4991045	-0.49975225	-0.5222176	0.4297347	0.54364794	-0.4931473	0.52985615	0.5046534	0.49264023	0.5557255	0.4935721	0.49983484	-0.5142535	-0.5200921	0.49005193	0.5289326	-0.5544689	0.5122931	-0.5464701	0.55323684	0.5616281	-0.48545778	0.48049667	-0.5815783
-0.36600116	-0.38492602	-0.40515646	0.3577526	-0.3609984	-0.43612146	0.40441456	0.34781954	0.36746234	0.43030056	-0.42253485	-0.41932973	-0.3694078	0.36770862	-0.41993505	-0.37849888	0.37125623	0.4286817	-0.4015973	-0.43347436	-0.43073165	-0.36189696	0.4211512	0.40747455	0.3656916	0.35282215	-0.3523591	-0.3904149	0.4021717	0.34846738	-0.3613081	0.38664818	-0.41314182	-0.2869203	0.40407708	-0.38853034	-0.32209018	0.3588465	-0.41349158	0.38061118	0.40516245	-0.39460477	-0.40787345	-0.43347982	-0.37737983	0.39304206	-0.36932945	-0.419619	0.43362787	0.3858826	-0.38249847	-0.41590056	-0.40318495	-0.3400468	-0.41876274	-0.3818191	0.36509424	-0.3629126	-0.38163126	-0.39618734	-0.3892009	0.38256103	0.36001644	-0.39728367	0.35779306	0.36009276	-0.4222799	0.35485262	0.41403887	-0.35054892	0.36860448	0.4278549	-0.43334156	-0.37639344	0.4292566	0.39135206	0.41509438	-0.3573753	-0.3451705	0.28689814	0.393287	-0.40232652	0.4312661	0.39448968	0.32297322	0.37998986	0.38207915	0.37995872	-0.4098428	-0.3384097	0.4232187	0.41661987	-0.41682953	0.38967228	-0.37720892	0.36785436	0.4014439	-0.2978354	0.3955477	-0.41217095
0.05057045	0.017549297	-0.028848073	-0.040061336	0.04114518	0.04419584	-0.04631347	0.0035076141	-0.054630972	-0.037570756	0.046507336	0.014415551	0.057861604	0.032460663	-0.0051578474	0.040732194	0.0006862589	0.015299305	-0.039151058	-0.036555767	0.02716388	-0.005340902	0.03788165	-0.047716785	-0.042996388	0.023668071	-0.0023415245	-0.025674932	-0.048499107	-0.036627445	0.031188872	-0.03625476	0.024345469	0.00039881596	-0.013632604	0.0031947154	-0.01730979	-0.036776334	-0.022577472	-0.070135556	-0.009565381	0.07047026	0.053458706	0.00027065337	-0.028597113	0.035066992	-0.03607357	0.045343492	-0.05347321	-0.01778595	0.04725029	0.018264955	0.040945537	0.042438213	0.056042627	0.005757173	-0.036118068	-0.013438408	0.049783163	0.004050077	-0.006763566	-0.0038777534	-0.04760744	0.019911105	-0.038954485	0.026555726	0.02931917	-0.005856206	-0.0296287	-0.018704344	-0.029130992	-0.01209652	0.033058178	-0.0030762274	0.002767807	0.022218287	-0.04116904	0.009744603	0.01733858	0.050357483	0.024352293	0.023343723	-0.025875686	0.021774305	0.034325317	0.00795853	-0.023006877	0.04375747	0.014943826	0.015415261	0.0030672508	-0.045868654	0.025826985	0.008021648	-0.01028296	0.0043288385	-0.049296264	0.041523412	0.03173653	0.027899295
-0.30086043	-0.34881592	-0.2664527	0.28641677	-0.28283566	-0.3070854	0.33484593	0.31705022	0.2748197	0.26056948	-0.25242645	-0.32304797	-0.28661227	0.26287857	-0.2733748	-0.26989424	0.2715275	0.32319108	-0.30853754	-0.28053036	-0.32512918	-0.32569572	0.25777438	0.25892657	0.2806149	0.26376367	-0.32015795	-0.34737384	0.24475506	0.27385318	-0.27594972	0.27795666	-0.25492603	-0.31709525	0.29513106	-0.33009967	-0.34055734	0.3017016	-0.32580367	0.3250927	0.3451975	-0.25819758	-0.3406968	-0.2937346	-0.26527947	0.2797729	-0.34159857	-0.252586	0.33221123	0.2533608	-0.26513943	-0.30973226	-0.31569812	-0.28464174	-0.2767382	-0.3433772	0.33108848	-0.24305026	-0.3042511	-0.34692958	-0.32938316	0.25890473	0.34014782	-0.28934062	0.3322427	0.27071232	-0.32544407	0.2785365	0.253191	-0.28888133	0.2568378	0.31191742	-0.3226942	-0.30473292	0.24867827	0.34254	0.3334228	-0.3211681	-0.28178146	0.3046081	0.25927418	-0.31217897	0.27297905	0.27675354	0.28550524	0.29790106	0.3220173	0.26189497	-0.34073615	-0.3335473	0.26984996	0.3191236	-0.26954755	0.31840768	-0.25722453	0.30315295	0.34199432	-0.31194282	0.30821806	-0.26935148
-0.24993826	-0.34262294	-0.36308378	0.35937318	-0.30177113	-0.3084027	0.29292744	0.2874503	0.33912066	0.32852125	-0.35398868	-0.38474107	-0.3398327	0.30747476	-0.32516462	-0.3601828	0.29237014	0.3484288	-0.3081635	-0.32649228	-0.30974618	-0.30432865	0.38676208	0.28680924	0.36338124	0.30990586	-0.27141765	-0.3271757	0.35599697	0.30968925	-0.28969762	0.3314583	-0.3776905	-0.3530003	0.29953638	-0.35643983	-0.33334532	0.3373486	-0.31124142	0.35611686	0.31144273	-0.3390295	-0.2951953	-0.36696076	-0.3256195	0.3486578	-0.37924755	-0.31175256	0.30012995	0.3346003	-0.3474278	-0.35713017	-0.30528665	-0.3540653	-0.32492334	-0.29172647	0.37139678	-0.35520506	-0.30902866	-0.31244826	-0.33946946	0.3596514	0.3132707	-0.29996648	0.3624875	0.2813114	-0.29977992	0.2840757	0.35764965	-0.32248473	0.28302905	0.28854412	-0.3622309	-0.34904853	0.356536	0.3848494	0.3773971	-0.35167733	-0.30141228	0.35485306	0.28737482	-0.28913027	0.34488142	0.3006083	0.33890098	0.2505586	0.33365792	0.2607768	-0.33846533	-0.38714948	0.31736407	0.3488976	-0.3343786	0.35301688	-0.2947925	0.27676097	0.31611332	-0.31874412	0.3279269	-0.3118353
-0.37641087	-0.30050352	-0.34218583	0.31976426	-0.26745737	-0.23323037	0.2585757	0.35213834	0.2660787	0.3307709	-0.24595375	-0.32958895	-0.3195095	0.3203704	-0.24934664	-0.2851935	0.2436292	0.3355901	-0.2741325	-0.24521805	-0.31262788	-0.2690009	0.24949306	0.34541833	0.29611352	0.30908313	-0.35933396	-0.29065403	0.26989332	0.32622403	-0.3514084	0.23205636	-0.25197262	-0.29625517	0.2966575	-0.23789236	-0.25904232	0.33541942	-0.26858386	0.30315617	0.31575352	-0.31902668	-0.24907805	-0.30699757	-0.33444726	0.25048774	-0.26320848	-0.32078198	0.27595952	0.23467222	-0.36375493	-0.24897765	-0.31953484	-0.2969389	-0.32491156	-0.25924402	0.26569963	-0.2296442	-0.2436984	-0.28571075	-0.28558308	0.33925748	0.2834266	-0.2281886	0.23865809	0.33380127	-0.3673738	0.29440892	0.26809436	-0.31220633	0.33571726	0.2548098	-0.32906982	-0.2587139	0.32056934	0.3120519	0.23201329	-0.30080962	-0.20152141	0.28611135	0.32366028	-0.31136727	0.30131763	0.339296	0.3107805	0.28775784	0.34742802	0.3607	-0.21957886	-0.27413523	0.2718368	0.28429216	-0.30307686	0.24776492	-0.34787735	0.32564178	0.25610766	-0.3013771	0.27835593	-0.23120737
0.13968769	0.17490272	0.1781551	-0.21743584	0.19636087	0.17745534	-0.17989023	-0.1665517	-0.22103623	-0.15356575	0.17120056	0.12761332	0.21398635	-0.21005066	0.21075135	0.1475728	-0.22198698	-0.13517328	0.14944881	0.1855816	0.22651786	0.17669217	-0.15565555	-0.18335356	-0.17988206	-0.17327777	0.13481972	0.18358162	-0.20282145	-0.12844893	0.16572869	-0.18165421	0.21174148	0.15670297	-0.14131206	0.16389343	0.18981394	-0.21156673	0.19259481	-0.1807542	-0.17196207	0.13714749	0.14967337	0.15312614	0.13604055	-0.20129347	0.20885187	0.14902365	-0.22422262	-0.1716071	0.15798368	0.17160119	0.14036864	0.13464664	0.21119729	0.14485034	-0.21658587	0.22620848	0.2240886	0.18420866	0.1371608	-0.17659724	-0.14840761	0.17136326	-0.184144	-0.14997347	0.16133942	-0.16709013	-0.21049841	0.18146566	-0.13559905	-0.15431808	0.15012187	0.17205186	-0.21182506	-0.19563773	-0.19375744	0.13445725	0.15152538	-0.16207722	-0.1783901	0.18053485	-0.15477583	-0.14593188	-0.10735337	-0.16799834	-0.15471709	-0.12563549	0.1428844	0.1832573	-0.16726528	-0.12486285	0.19286999	-0.1415272	0.15287785	-0.18060309	-0.18798763	0.16107348	-0.18883818	0.14303018
-0.34189057	-0.3036227	-0.318311	0.24846303	-0.28163952	-0.2707245	0.291854	0.33835474	0.3368223	0.27855045	-0.22953382	-0.2596134	-0.31346413	0.33213517	-0.2747914	-0.2563616	0.27494743	0.30688012	-0.3141707	-0.25164375	-0.30234432	-0.3103408	0.2411659	0.25816962	0.26829422	0.28430822	-0.31844142	-0.3139498	0.23976341	0.25149405	-0.29500106	0.31196728	-0.32187042	-0.33356783	0.29649076	-0.28167087	-0.32520226	0.25735083	-0.2588513	0.3107379	0.26616794	-0.32318485	-0.29630464	-0.2601962	-0.28528008	0.25443769	-0.3091292	-0.2923656	0.31131485	0.30701151	-0.36101782	-0.29233676	-0.2822	-0.33178785	-0.3267614	-0.30885825	0.24821804	-0.22754002	-0.23554714	-0.28722993	-0.34509212	0.3144712	0.34643602	-0.26091018	0.24822919	0.32887137	-0.31523585	0.277849	0.27444816	-0.2411549	0.3460084	0.30911374	-0.263943	-0.24680151	0.33314762	0.33568335	0.2456023	-0.31510025	-0.26356488	0.27255985	0.28112647	-0.3411856	0.32657328	0.29426214	0.30040574	0.2890024	0.26755977	0.32605743	-0.26013184	-0.2823552	0.29396993	0.24648426	-0.25161678	0.30815724	-0.34566393	0.27454546	0.26496655	-0.34976414	0.344178	-0.2715373
-0.15676674	-0.17400275	-0.20028542	0.18031709	-0.17074266	-0.062600195	0.19261374	0.22670138	0.09931677	0.14940022	-0.13566479	-0.12644926	-0.06609579	0.11449693	-0.16637123	-0.12895347	0.07518826	0.21891302	-0.147959	-0.17142953	-0.13220987	-0.11362138	0.12640423	0.13871403	0.10364849	0.12391555	-0.15222347	-0.12990582	0.04200639	0.15169477	-0.1757342	0.12958828	-0.15532485	-0.21943556	0.19369462	-0.14856233	-0.19022486	0.16345628	-0.13808668	0.20612381	0.11660876	-0.09737254	-0.15538387	-0.12569965	-0.10599005	0.14626814	-0.12973526	-0.14355178	0.110874504	0.14089756	-0.18451372	-0.10108008	-0.1305942	-0.10618702	-0.15549725	-0.10600856	0.11967213	-0.117881626	-0.14793375	-0.20915239	-0.1818577	0.20641395	0.18734139	-0.11088216	0.17963322	0.092608415	-0.14136381	0.19087766	0.16295817	-0.15787359	0.19366308	0.16247688	-0.17725524	-0.13038717	0.18951324	0.18901132	0.19345605	-0.17389508	-0.18068719	0.23562281	0.15686361	-0.19110116	0.1228499	0.159792	0.23860818	0.13697481	0.123536564	0.14689754	-0.10060723	-0.09645253	0.10288966	0.14402907	-0.16122569	0.10980825	-0.1741167	0.13984585	0.07720011	-0.15180862	0.13943134	-0.066699296
0.054752972	0.049866363	0.11097147	-0.18362027	0.095074885	0.20773593	-0.088020965	0.0008931725	-0.13119149	-0.07847311	0.12795112	0.122849606	0.20773646	-0.13104391	0.12693824	0.18724298	-0.15275963	-0.0447711	0.15070435	0.09186266	0.14577442	0.09208274	-0.12870054	-0.106787205	-0.13123643	-0.076590665	0.12155753	0.06845239	-0.2353459	-0.11232207	0.12235414	-0.07800301	0.11507547	0.061377857	-0.10232241	0.06842134	0.11432867	-0.12733096	0.06832192	-0.03347658	-0.115202464	0.070763186	0.18125737	0.11318909	0.11928483	-0.1679276	0.08616891	0.120699696	-0.14057788	-0.08132907	0.07146721	0.16363674	0.052945763	0.19217232	0.15964	0.110249944	-0.17409962	0.20431855	0.1430188	0.049967155	0.092461675	-0.14149156	-0.12629664	0.1499225	-0.056388363	-0.2043723	0.074204646	-0.064077646	-0.09955411	0.07813	-0.15058203	-0.09572265	0.17338382	0.07985391	-0.058422312	-0.11803358	-0.07595275	0.11085415	0.08620836	-0.008497053	-0.11528663	0.12912089	-0.108889654	-0.04895628	-0.03373779	-0.0970092	-0.076519705	-0.08603562	0.09524918	0.100348614	-0.105963364	-0.14158969	0.12992564	-0.15936446	0.08132186	-0.1303856	-0.16005285	0.03183661	-0.03992654	0.09092189
0.13113016	0.23941283	0.2081109	-0.2017532	0.19605233	0.2691567	-0.19493918	-0.13937457	-0.20107616	-0.16475736	0.18380143	0.16530752	0.24443519	-0.19088474	0.23229127	0.22096127	-0.1992314	-0.19210413	0.22274248	0.24053834	0.23405378	0.16580874	-0.16274095	-0.20413584	-0.24199787	-0.15721816	0.1869658	0.19008203	-0.21228684	-0.19628574	0.23367155	-0.24724032	0.18468742	0.1511526	-0.21864803	0.21788765	0.17952657	-0.15107165	0.2253204	-0.1422933	-0.27784833	0.24777858	0.2531792	0.20043659	0.15911508	-0.24186653	0.18918058	0.16752158	-0.28388146	-0.18050706	0.15220761	0.18588701	0.18287833	0.18804969	0.24339531	0.2372165	-0.18993333	0.25722745	0.23902671	0.14261054	0.1509495	-0.21256886	-0.17561105	0.18978456	-0.22535835	-0.24987306	0.1504115	-0.20491317	-0.24649934	0.21434441	-0.18735138	-0.2446857	0.22136325	0.18332613	-0.16492832	-0.19432485	-0.1814688	0.23206629	0.16145185	-0.13162762	-0.20364067	0.17190494	-0.2206349	-0.17905365	-0.13375503	-0.21126838	-0.1857692	-0.14162242	0.24520978	0.22452271	-0.20675959	-0.16640873	0.22617163	-0.20272759	0.22339341	-0.1643773	-0.22474304	0.12485684	-0.14960405	0.25936085
0.0075228126	0.018554857	0.088750966	-0.027977074	0.059839897	0.16061755	-0.065145835	-0.0028792338	-0.037219673	-0.107473835	0.12446054	0.07252519	0.11724	-0.041185156	0.05802419	0.045983344	-0.08229971	-0.08943661	0.07905021	0.03608333	0.12200647	0.010067486	-0.08209058	-0.01889813	-0.11056904	-0.09069507	0.034651414	0.011737459	-0.13763937	-0.11783402	0.06119525	-0.0840722	0.07972262	0.002435464	-0.07562463	0.11316654	0.004013582	-0.006743926	0.07087902	-0.08109181	-0.06363171	0.04434012	0.11420024	0.06081565	0.037837464	-0.06215992	0.09382198	0.035254035	-0.054853287	-0.12385016	-0.013619834	0.03400537	0.06621175	0.04856266	0.04741273	0.05812574	-0.08045489	0.08122879	0.11120527	0.078660086	0.072605774	-0.06899013	-0.05177917	0.039847262	-0.09975753	-0.108176604	0.056137543	-0.020056654	-0.03403696	0.053647738	-0.007857328	-0.02289016	0.03643155	0.11831128	-0.10032978	-0.07253619	-0.114433624	0.052515153	0.0938167	-0.025073826	-0.018664896	-0.0090042595	-0.032728363	0.0015403855	-0.022493415	-0.08241622	-0.03203772	-0.038726997	0.091936536	0.05621302	-0.03409322	-0.04688854	0.046303045	-0.054000992	0.082611404	-0.059597954	-0.030675579	0.015987711	-0.10743168	0.03523698
-0.20744634	-0.12886119	-0.13497588	0.15978926	-0.14285143	-0.09188554	0.1628568	0.14180449	0.1694736	0.1298597	-0.099553056	-0.118109554	-0.082043655	0.17926611	-0.1295292	-0.09148944	0.10112771	0.1813419	-0.1069366	-0.095585786	-0.16062668	-0.14875373	0.12509868	0.14476526	0.07411741	0.18770526	-0.16819747	-0.16870768	0.15362579	0.10639293	-0.13943562	0.08797853	-0.10080043	-0.14970909	0.12435396	-0.15212914	-0.13145377	0.20716803	-0.10158418	0.19588804	0.11368153	-0.14774509	-0.098296516	-0.0934058	-0.11157229	0.08730495	-0.06507198	-0.16643496	0.1519163	0.11209084	-0.20709348	-0.094084136	-0.10976839	-0.11294322	-0.17210636	-0.120860815	0.08083225	-0.056522258	-0.16448519	-0.20197448	-0.17297406	0.15410113	0.17019947	-0.10108391	0.096596055	0.13261594	-0.20392539	0.18038699	0.11944877	-0.07343751	0.17594668	0.14134672	-0.08979697	-0.16182749	0.16740777	0.18334246	0.15608466	-0.15634735	-0.06739345	0.11500461	0.20627955	-0.19646674	0.17431663	0.17971706	0.14824851	0.19099422	0.13127753	0.1348239	-0.064406395	-0.11658159	0.16521318	0.10534404	-0.18169948	0.14951172	-0.17006534	0.1958455	0.16282585	-0.12654042	0.1941706	-0.1261682
-0.06253245	-0.052758966	-0.05012026	0.05479521	-0.06034588	-0.023637852	0.07897865	0.057943884	0.10129343	0.101948984	-0.11766056	-0.11045521	-0.06313131	0.092465796	-0.077977166	-0.044004157	0.040489882	0.0632661	-0.021248257	-0.0550426	-0.037278913	-0.09993255	0.057708826	0.03578075	0.034229934	0.094651066	-0.09663306	-0.049519382	0.002344212	0.06544311	-0.114934005	0.057532568	-0.06678883	-0.14846413	0.10874535	-0.07746874	-0.10667321	0.0780221	-0.11174138	0.09130833	0.0623647	-0.10471642	-0.110641934	-0.074549936	-0.109848626	0.04373574	-0.09077263	-0.08076096	0.016353698	0.08373634	-0.14632872	-0.053634636	-0.11951328	-0.08034613	-0.1106503	-0.054996338	0.071261995	-0.052873142	-0.08961424	-0.0941305	-0.096101455	0.12324238	0.07296558	-0.056945365	0.10272303	0.11157875	-0.0894136	0.12607098	0.06524325	-0.040061288	0.051578205	0.10412747	-0.10328652	-0.026155163	0.0877272	0.13170202	0.03084942	-0.09183487	-0.119128816	0.15653002	0.09484183	-0.1025426	0.111516014	0.13222605	0.08608874	0.06575174	0.11578134	0.12916724	-0.10049668	-0.10337092	0.046535105	0.05566831	-0.06462046	0.056693126	-0.07836039	0.07333113	0.07640494	-0.12033412	0.07474415	-0.05361697
-0.31281608	-0.31227434	-0.2954532	0.28345656	-0.22714585	-0.20550588	0.27893856	0.2874886	0.2381539	0.24289803	-0.21624316	-0.28093868	-0.2884497	0.24641055	-0.271173	-0.2120843	0.28957084	0.27774844	-0.21257232	-0.2640979	-0.30040514	-0.25591907	0.21936823	0.23643614	0.21047443	0.27658895	-0.25056073	-0.2787686	0.26532546	0.24066956	-0.30686566	0.25273928	-0.24085642	-0.26921225	0.25303045	-0.23962715	-0.25855985	0.31038636	-0.2952765	0.26155	0.26907328	-0.2786187	-0.21364291	-0.22914106	-0.22437787	0.26515454	-0.2020601	-0.203679	0.24234746	0.2039042	-0.26947567	-0.2859625	-0.23757063	-0.2534463	-0.29910997	-0.22564349	0.21125376	-0.26337272	-0.21897087	-0.27234682	-0.26236573	0.27136165	0.292321	-0.24081245	0.21950307	0.26321307	-0.21859796	0.2759002	0.21684581	-0.21434101	0.22963676	0.26936126	-0.19708481	-0.21596655	0.2209419	0.28613812	0.19753605	-0.24114804	-0.18095733	0.21731806	0.2575777	-0.21247432	0.22002779	0.29345307	0.28357196	0.2672356	0.26961872	0.29066497	-0.17654215	-0.28527847	0.23113817	0.24346896	-0.29689845	0.29626253	-0.2853306	0.28116444	0.28967434	-0.19303823	0.27813148	-0.22174141
-0.35706344	-0.38427463	-0.32333583	0.31666738	-0.37251934	-0.3697437	0.32443693	0.36985564	0.33094922	0.38283685	-0.38742825	-0.31358966	-0.30705026	0.32926336	-0.38742855	-0.30750075	0.33325395	0.37298754	-0.30074143	-0.36368987	-0.34162432	-0.31253806	0.330523	0.31944954	0.38744187	0.37646088	-0.37035114	-0.38180023	0.37889528	0.31480575	-0.39837772	0.3699023	-0.40382162	-0.3662651	0.3717056	-0.3295887	-0.37780717	0.39661247	-0.32595596	0.31491506	0.34278136	-0.35044673	-0.30399162	-0.3648572	-0.38952237	0.30704248	-0.33080703	-0.36447725	0.39208233	0.35374552	-0.3516966	-0.36107913	-0.3563044	-0.4108941	-0.353987	-0.37730002	0.37214157	-0.34761527	-0.37332436	-0.32200503	-0.40354446	0.30741075	0.3265931	-0.30572352	0.38021544	0.312703	-0.3296906	0.30757523	0.37170976	-0.31711617	0.37605426	0.30689564	-0.3252375	-0.3866963	0.33697358	0.35139468	0.31151703	-0.37074342	-0.3007275	0.33514392	0.36200732	-0.38478777	0.37198472	0.37354317	0.32680735	0.32994157	0.35186988	0.36580157	-0.31835645	-0.35477865	0.385558	0.39425528	-0.35619056	0.3372001	-0.34193137	0.34338996	0.3577987	-0.33802542	0.34035683	-0.3356626
-0.38591275	-0.4188789	-0.4408309	0.47818235	-0.44418058	-0.46651345	0.40247548	0.3689381	0.4491388	0.4750146	-0.44484454	-0.45539215	-0.46377093	0.42109653	-0.44073036	-0.45628592	0.48958308	0.43620524	-0.4861042	-0.48165804	-0.4959327	-0.40754175	0.4574451	0.48548022	0.48744592	0.4513193	-0.40169972	-0.44282603	0.5053066	0.48536983	-0.4285842	0.4960163	-0.4087573	-0.3952444	0.4702242	-0.49854168	-0.41941825	0.40943474	-0.46726245	0.40804863	0.51931596	-0.46896282	-0.49249208	-0.44035974	-0.4592993	0.40871236	-0.3837293	-0.44720364	0.4898227	0.41530937	-0.3702873	-0.41316557	-0.37736902	-0.42274007	-0.45915624	-0.4180257	0.47363365	-0.51777166	-0.4175105	-0.4224641	-0.4564921	0.3864647	0.37464222	-0.44850424	0.4116524	0.42314765	-0.41440564	0.39459264	0.48361033	-0.4957558	0.4619519	0.43228227	-0.4374371	-0.46739435	0.4590791	0.46317196	0.44289976	-0.4290579	-0.41953093	0.4170922	0.44751024	-0.44706407	0.4674412	0.45179182	0.37045065	0.39820597	0.41490343	0.39201102	-0.40830967	-0.4229559	0.42789727	0.46693474	-0.49269688	0.5030312	-0.42070478	0.40419722	0.43134767	-0.37282765	0.4563295	-0.42620766
-0.62581766	-0.7161473	-0.65741694	0.7736132	-0.6648804	-0.71777797	0.67545915	0.59785414	0.7080216	0.6866551	-0.6886775	-0.7182749	-0.6996687	0.7319102	-0.7271249	-0.76039594	0.7723183	0.6925251	-0.6885298	-0.70200175	-0.7441897	-0.7482389	0.75233895	0.7215599	0.6676325	0.670655	-0.765551	-0.6384411	0.7326983	0.76358104	-0.7357521	0.71693	-0.7831253	-0.6042289	0.7088968	-0.7495689	-0.58604604	0.670091	-0.6712856	0.62008	0.73172367	-0.74364436	-0.7881854	-0.7631633	-0.6684611	0.7466315	-0.6772921	-0.73089516	0.72213197	0.75007695	-0.5672608	-0.7862113	-0.65570855	-0.69795614	-0.70203036	-0.737957	0.78527325	-0.78873605	-0.73625815	-0.71331054	-0.7374109	0.664203	0.6478309	-0.7891847	0.7339181	0.69402826	-0.68396854	0.69638103	0.7947733	-0.7750166	0.69268936	0.7508431	-0.7610319	-0.6775871	0.7570332	0.6665478	0.6925025	-0.7842517	-0.69718844	0.54784477	0.6612995	-0.6732578	0.65981746	0.6481342	0.5320589	0.70394653	0.73808783	0.680649	-0.6909966	-0.70188576	0.7248042	0.7306361	-0.7547712	0.6943118	-0.6626746	0.65621084	0.7472725	-0.5144784	0.75398713	-0.7284377
-0.5089878	-0.5931106	-0.55636466	0.5415486	-0.5269446	-0.53688043	0.46946758	0.523161	0.5366308	0.61582845	-0.6110325	-0.56651443	-0.5840983	0.54631877	-0.5832592	-0.63461274	0.51752764	0.48246008	-0.6106868	-0.6106227	-0.5597015	-0.5788393	0.6250755	0.56734776	0.6077294	0.56473047	-0.61652577	-0.4989779	0.5804332	0.5657287	-0.58800983	0.6200074	-0.55654716	-0.502383	0.5435643	-0.5619843	-0.43276408	0.5970417	-0.56625503	0.5677287	0.6226638	-0.5618482	-0.54799783	-0.5934238	-0.5003016	0.61617106	-0.51267886	-0.5275831	0.56025666	0.61536115	-0.41215765	-0.5979461	-0.54927576	-0.492476	-0.6069535	-0.5990965	0.5983306	-0.5512796	-0.559879	-0.55761707	-0.6094841	0.5066997	0.50722855	-0.63637614	0.5736759	0.5769487	-0.46422994	0.5494364	0.5924853	-0.5659228	0.4937347	0.6127059	-0.5602093	-0.5846936	0.5798811	0.51816136	0.5516799	-0.61539185	-0.45079002	0.41664433	0.5312695	-0.40038475	0.5470091	0.4772215	0.4326401	0.5829127	0.6110386	0.5533906	-0.5835846	-0.5647207	0.53586173	0.53633803	-0.56064206	0.61461437	-0.5403446	0.53166246	0.5644835	-0.40499097	0.5720279	-0.5747562
-0.6090562	-0.5931843	-0.5761768	0.5917053	-0.57491714	-0.5729907	0.5683588	0.61363435	0.62341064	0.6153022	-0.65003043	-0.6219438	-0.6235526	0.5736968	-0.64534897	-0.6072835	0.6225188	0.5865524	-0.5859706	-0.6391925	-0.6842921	-0.6322457	0.6313749	0.61615324	0.62810695	0.6373358	-0.62970954	-0.6239224	0.6216924	0.63658965	-0.666846	0.62064016	-0.61611605	-0.5451989	0.67782885	-0.6296826	-0.55750746	0.6259875	-0.63372743	0.6122575	0.6812069	-0.5857597	-0.6034065	-0.6446799	-0.61732614	0.58934116	-0.6241049	-0.58817005	0.6417826	0.59020096	-0.5475176	-0.6640328	-0.6365588	-0.60800517	-0.6415963	-0.6042739	0.6562755	-0.61357653	-0.5984934	-0.60601133	-0.670405	0.6562684	0.5923744	-0.69456166	0.5767446	0.6646616	-0.57598335	0.6299652	0.60770553	-0.6575764	0.6345332	0.64242077	-0.68077284	-0.65376997	0.598662	0.6390665	0.5837283	-0.67069054	-0.5597486	0.50008047	0.5884788	-0.5534697	0.6656625	0.62556714	0.6120256	0.5762855	0.58875823	0.6220147	-0.6138715	-0.6344919	0.6470136	0.5786043	-0.68804526	0.59798014	-0.6449444	0.6356233	0.6443616	-0.5497408	0.6542084	-0.6868807
-0.6759508	-0.62675315	-0.61333245	0.602895	-0.6187492	-0.54752856	0.5918835	0.6474669	0.68090206	0.60078186	-0.6148736	-0.6138937	-0.61742663	0.6633943	-0.6154478	-0.6853445	0.6665894	0.6383332	-0.6215874	-0.58465403	-0.6477938	-0.69431996	0.61466616	0.6320213	0.6439076	0.67186105	-0.6296255	-0.6560665	0.65646005	0.6202094	-0.60349154	0.66027915	-0.66700304	-0.61376	0.6036747	-0.6632221	-0.5795263	0.61334234	-0.64778143	0.6504568	0.6036291	-0.63620615	-0.6544096	-0.6741986	-0.63853496	0.61584014	-0.6128668	-0.68230283	0.625485	0.5982267	-0.6509963	-0.70207596	-0.61187893	-0.60408735	-0.61398745	-0.6566146	0.6202178	-0.61445105	-0.63956714	-0.6051551	-0.59720755	0.56852823	0.6196539	-0.64542115	0.6122879	0.65776515	-0.61138135	0.6585701	0.67061573	-0.6220301	0.60425985	0.63158464	-0.6033347	-0.58131975	0.6123855	0.66157717	0.5976538	-0.6711485	-0.5459681	0.5941007	0.6683093	-0.565707	0.6076419	0.6374089	0.5707072	0.6602391	0.6930968	0.66792136	-0.6155945	-0.6469569	0.6834819	0.6504233	-0.6074411	0.57706165	-0.5922674	0.60307604	0.62334836	-0.595084	0.59986013	-0.6771735
-0.31959763	-0.3114467	-0.33878228	0.27000538	-0.29481775	-0.3401409	0.3105046	0.2631406	0.33032987	0.32895827	-0.28297165	-0.32610804	-0.37011823	0.3234867	-0.32685614	-0.32364127	0.3318719	0.3304308	-0.36346877	-0.3226231	-0.3171772	-0.2661984	0.34333056	0.32650846	0.3512537	0.32501513	-0.3492726	-0.35221764	0.32505265	0.32615238	-0.31921718	0.35101244	-0.30684456	-0.3016913	0.34816277	-0.35775703	-0.29030398	0.27139184	-0.2815449	0.3506994	0.29741326	-0.3320035	-0.33023226	-0.35122806	-0.31673953	0.31645027	-0.34136355	-0.36488298	0.30180553	0.3278203	-0.25255433	-0.29989836	-0.3157266	-0.29001093	-0.35715172	-0.32719553	0.32615066	-0.306377	-0.294236	-0.30611727	-0.31514692	0.34820327	0.32247007	-0.35098723	0.35515139	0.28063056	-0.3255756	0.27499074	0.28359985	-0.31420353	0.3364857	0.2791185	-0.35851833	-0.31993616	0.34072164	0.33052972	0.32561415	-0.3120416	-0.3679478	0.32026523	0.3488444	-0.35819575	0.32765567	0.27375495	0.2702493	0.341314	0.27743754	0.3491589	-0.31102097	-0.29462847	0.37002912	0.30337462	-0.27581912	0.3285169	-0.28578007	0.31071272	0.3130552	-0.27875152	0.31411156	-0.3312004
-0.5621022	-0.6857109	-0.73350257	0.70727724	-0.6256277	-0.72079736	0.71191466	0.66161054	0.7050151	0.69332016	-0.65555954	-0.66707826	-0.67141813	0.66820437	-0.6406098	-0.75186443	0.68758714	0.6479987	-0.6757476	-0.6747192	-0.6811454	-0.69430006	0.7324648	0.7149025	0.684251	0.6415953	-0.7040619	-0.64627707	0.6923628	0.72084165	-0.66494817	0.7103547	-0.7189222	-0.6232915	0.69530547	-0.6974402	-0.58751416	0.68696105	-0.6631931	0.6450582	0.73142046	-0.6935838	-0.6577931	-0.6961992	-0.6419503	0.64642256	-0.63481265	-0.7081124	0.7134747	0.6444251	-0.5682486	-0.73800445	-0.5829529	-0.7192035	-0.6810008	-0.6796802	0.7453789	-0.7506247	-0.6292309	-0.658167	-0.70636195	0.67621744	0.6499621	-0.67996395	0.74049973	0.75269043	-0.61395013	0.67338705	0.6978927	-0.689224	0.65241593	0.68839025	-0.7443029	-0.65909547	0.6782411	0.60667354	0.6693384	-0.70195943	-0.65386313	0.5675048	0.62380356	-0.6258848	0.69767636	0.69644296	0.63805896	0.603439	0.63434345	0.643756	-0.6530015	-0.71355486	0.6963147	0.68848	-0.7298575	0.73487264	-0.63482684	0.6570363	0.67234373	-0.5433888	0.73299813	-0.7057184
-0.6223959	-0.6481552	-0.5502154	0.6536447	-0.6490726	-0.641583	0.5637461	0.5654865	0.62350243	0.63232714	-0.6332129	-0.59081054	-0.6181135	0.57782686	-0.61881614	-0.6601282	0.5718865	0.63306963	-0.624009	-0.65201265	-0.6199661	-0.54303175	0.62066686	0.58760583	0.5687026	0.61385024	-0.59300023	-0.56145924	0.6383386	0.57588935	-0.6150802	0.651315	-0.58144206	-0.55387384	0.63205844	-0.6484004	-0.5897894	0.59248	-0.59874815	0.6296171	0.62885636	-0.61423564	-0.59657127	-0.6135418	-0.62643224	0.59688795	-0.5824713	-0.5874593	0.58521384	0.6370754	-0.558048	-0.6412353	-0.5958503	-0.6355887	-0.6269983	-0.62343526	0.5946543	-0.59604865	-0.62598616	-0.6441894	-0.5961695	0.6463842	0.61445475	-0.62736344	0.5714669	0.58564895	-0.5596336	0.62628937	0.58906645	-0.6446339	0.6109893	0.6120192	-0.569769	-0.6575025	0.57580006	0.6173482	0.5438819	-0.62410206	-0.5422791	0.56039685	0.5609797	-0.536979	0.649866	0.5997401	0.5991294	0.59825367	0.6276051	0.59289056	-0.6098555	-0.5869535	0.57344335	0.629672	-0.61262715	0.63395613	-0.5454052	0.5604987	0.6515365	-0.5228785	0.55342036	-0.61306113
-0.15019494	-0.20640822	-0.20663787	0.15342645	-0.15207203	-0.15001291	0.18735042	0.17085327	0.14857984	0.14440899	-0.17294735	-0.17133117	-0.19894096	0.2053482	-0.22283609	-0.15795311	0.21335447	0.18000178	-0.20199096	-0.16572538	-0.18026805	-0.14820024	0.18409488	0.15639745	0.16251293	0.20718245	-0.18609977	-0.15892337	0.17021598	0.23024143	-0.13658361	0.2133287	-0.15626997	-0.19941959	0.21401584	-0.16772558	-0.18077609	0.1518088	-0.16718942	0.21100599	0.22715141	-0.14601365	-0.15002054	-0.15908943	-0.22280072	0.13943435	-0.22959565	-0.14203574	0.1980149	0.15261687	-0.20434935	-0.17531164	-0.19922522	-0.19078521	-0.21379332	-0.14767979	0.18673468	-0.14629118	-0.13360263	-0.19544727	-0.20394118	0.19518535	0.14984679	-0.13918605	0.18427469	0.22673827	-0.1706059	0.19739279	0.22398141	-0.22010314	0.14011033	0.14155132	-0.191132	-0.21349461	0.15605515	0.13571817	0.15608874	-0.20209222	-0.18286188	0.18259399	0.15403683	-0.15635088	0.14462602	0.1716264	0.18816847	0.14712451	0.2333156	0.17600447	-0.19465083	-0.22036166	0.20917144	0.22153357	-0.15135905	0.18823715	-0.1853154	0.2104125	0.13843018	-0.18456014	0.17821684	-0.20463842
-0.5322695	-0.5172406	-0.4833428	0.5288006	-0.51746744	-0.53713304	0.5181982	0.5280592	0.5414257	0.49949414	-0.4809931	-0.557177	-0.52831167	0.447627	-0.5627287	-0.5560854	0.52936834	0.49524218	-0.5256268	-0.4965417	-0.5372679	-0.47961277	0.5042545	0.47143015	0.46402445	0.48167667	-0.5492991	-0.52591026	0.50554556	0.48600554	-0.5476929	0.53390944	-0.5653278	-0.45658544	0.46789777	-0.47890496	-0.48289114	0.49387375	-0.49465913	0.4551153	0.47572583	-0.4770001	-0.51355284	-0.50060344	-0.47352174	0.48781738	-0.5103474	-0.54498297	0.5240921	0.5136504	-0.50725156	-0.55556774	-0.4692696	-0.46611866	-0.5586491	-0.5979158	0.500152	-0.5380612	-0.5447866	-0.5080668	-0.52792084	0.49405968	0.51562184	-0.49297568	0.4892187	0.48706502	-0.53780663	0.5344989	0.47389373	-0.533012	0.53357303	0.5541835	-0.5362289	-0.46055517	0.523275	0.4653751	0.45374104	-0.5324055	-0.46278816	0.4612486	0.46610257	-0.48626465	0.5019581	0.53278506	0.5593303	0.52331513	0.4951879	0.5060755	-0.43380934	-0.4657498	0.48662397	0.46051183	-0.5869908	0.48120874	-0.49601144	0.53103334	0.47281417	-0.44261134	0.47095904	-0.55595756
-0.46945608	-0.44874784	-0.4526663	0.44950706	-0.51591337	-0.50358415	0.43762326	0.4710379	0.51462746	0.4893029	-0.45560673	-0.454384	-0.526671	0.49018326	-0.53202677	-0.44938138	0.5346761	0.5252963	-0.4694369	-0.44860664	-0.53299224	-0.45523372	0.47683322	0.47934672	0.4653265	0.5227981	-0.48871264	-0.4574448	0.4788768	0.46077573	-0.43819425	0.49578756	-0.5186937	-0.48374525	0.44204324	-0.44405463	-0.52333075	0.5041654	-0.51622987	0.5197867	0.53264034	-0.47124934	-0.4531051	-0.45687845	-0.48429498	0.48669612	-0.5400637	-0.4655656	0.48239568	0.50949425	-0.52026415	-0.51887846	-0.45543927	-0.510664	-0.4390837	-0.48144072	0.47316206	-0.48372993	-0.49544507	-0.48545545	-0.4361515	0.46363845	0.46334895	-0.50252247	0.433189	0.4677651	-0.49711537	0.4363805	0.48239908	-0.45432693	0.5050966	0.5173124	-0.4656668	-0.46727747	0.5057337	0.47762764	0.51651746	-0.4614511	-0.46897668	0.45170346	0.4538378	-0.45292306	0.4548381	0.47538143	0.45834005	0.47164056	0.46805933	0.45703483	-0.50610214	-0.44816592	0.50142926	0.45833102	-0.4392329	0.48671928	-0.44451833	0.5003471	0.49851376	-0.4967898	0.4973455	-0.5229327
-0.55940896	-0.65769225	-0.60687935	0.6175998	-0.52244115	-0.6412726	0.5349643	0.5037928	0.58594185	0.5390804	-0.5523964	-0.5794519	-0.6159119	0.58172387	-0.62602377	-0.61135316	0.667053	0.55193806	-0.61703557	-0.62150455	-0.5964348	-0.53741825	0.54652303	0.62180585	0.59981376	0.5923142	-0.57468176	-0.58772284	0.66538024	0.6235589	-0.5662192	0.59593934	-0.57763034	-0.50124466	0.5788546	-0.55763805	-0.5291558	0.55193686	-0.5062133	0.5675148	0.63718516	-0.6168463	-0.665492	-0.6113826	-0.6059335	0.6295765	-0.55209595	-0.52547854	0.57471067	0.6069705	-0.5197364	-0.61316717	-0.5358975	-0.5711787	-0.6365254	-0.6273273	0.5762413	-0.66305596	-0.61852473	-0.5829479	-0.62399226	0.51116645	0.47871757	-0.6756642	0.5639322	0.6460199	-0.580754	0.49959555	0.6008049	-0.6196549	0.51786685	0.5731151	-0.62466687	-0.59647244	0.5844823	0.6016137	0.57043993	-0.5729644	-0.58011067	0.45089862	0.5185055	-0.5029464	0.6008474	0.5529446	0.5397536	0.61824495	0.58460885	0.579235	-0.5650085	-0.60700417	0.62977827	0.5802872	-0.5714897	0.65350485	-0.55966926	0.5830672	0.5736685	-0.48712745	0.61507905	-0.59808236
0.014993445	0.018140644	0.02023254	0.047574323	0.0047981916	0.001258696	-0.02091214	0.052582804	-0.0075501115	0.045513734	-0.04136259	0.035846293	-0.03039339	0.042017765	-0.009958107	-0.058342304	0.012734201	0.043155484	-0.0062130955	-0.048902337	-0.052232604	-0.049480446	0.048875246	0.015749127	0.018807312	-0.018858835	-0.024329392	-0.016077064	-0.035683	-0.033324704	0.023782648	0.057988584	-0.0007680116	-0.035836488	0.0054319273	0.016449075	-0.049246326	-0.027119441	0.012981045	0.03024507	0.010949121	0.002754111	-0.062201533	-0.06275154	0.0046605924	0.009551181	-0.032364637	0.013574043	0.024762187	0.019541485	0.028422125	-0.025390835	-0.038320124	-0.01989011	0.026916167	0.02563817	-0.03296658	-0.061731245	0.013744126	-0.04677434	-0.002191778	0.037586734	0.052337218	-0.029388458	-0.0245039	-0.01572981	0.0024236413	0.008829113	0.003008245	-0.045211207	0.045679495	0.017665347	-0.028613484	-0.03531943	-0.03350421	0.04867121	0.007251781	-0.041754223	0.0030467522	0.042838857	0.04768567	-0.0064294026	-0.03434009	0.010632587	-0.015139778	0.008516778	-0.0037903732	0.0074314745	-0.05633204	0.010776559	0.013257928	-0.019142615	0.02716752	0.051291984	-0.053281832	0.03939422	0.011869686	-0.054748923	-0.028221192	-0.0018968547
-0.28929055	-0.42368487	-0.34433556	0.3323055	-0.3476592	-0.34074622	0.40224317	0.36364633	0.353209	0.34617928	-0.37875405	-0.38167512	-0.42379496	0.32483146	-0.3630277	-0.36530915	0.40331975	0.38783976	-0.38503903	-0.39063373	-0.36571962	-0.33552834	0.3397299	0.34492773	0.36060864	0.39207104	-0.3919191	-0.38839096	0.41280097	0.37398475	-0.37538388	0.3462811	-0.38639563	-0.37270907	0.3361875	-0.3706845	-0.33325976	0.38290584	-0.3263121	0.40022	0.36630824	-0.35198614	-0.36572763	-0.3901923	-0.4152744	0.39485553	-0.34018138	-0.35984358	0.42082587	0.41080067	-0.34931222	-0.414243	-0.3002766	-0.4204572	-0.35895357	-0.38302618	0.38319197	-0.43416414	-0.40302798	-0.3360517	-0.37936324	0.34244415	0.32492188	-0.43585086	0.33485702	0.4157825	-0.2911015	0.3185348	0.36001453	-0.411274	0.3977334	0.38531098	-0.32748148	-0.36159158	0.4157562	0.34244606	0.33898044	-0.35839492	-0.4164462	0.3397216	0.28410283	-0.34460098	0.33183044	0.33174837	0.3174666	0.35291457	0.3965866	0.2528339	-0.3917495	-0.35357407	0.3738605	0.36296177	-0.3199205	0.4283214	-0.41529995	0.35186487	0.37040907	-0.34442732	0.34289667	-0.3612935
-0.38440785	-0.47685304	-0.45511946	0.48805323	-0.44230852	-0.5318863	0.44032392	0.39682084	0.45613268	0.50540936	-0.478906	-0.42781988	-0.5259355	0.45616883	-0.48258516	-0.4514559	0.47818282	0.4645888	-0.48021412	-0.43480974	-0.5295571	-0.45501193	0.4759511	0.4232329	0.43802765	0.4555251	-0.49851793	-0.44434267	0.48406625	0.48583177	-0.43188137	0.45167473	-0.45839202	-0.37419388	0.41927382	-0.5265972	-0.40011257	0.42522916	-0.39421415	0.40943807	0.5135126	-0.44933453	-0.4415484	-0.47904882	-0.47358102	0.427209	-0.4123898	-0.42770156	0.52279687	0.4559472	-0.36550957	-0.52199817	-0.48882416	-0.4815413	-0.50521153	-0.49890736	0.462814	-0.5152252	-0.50729376	-0.4725823	-0.5002357	0.4630086	0.37984365	-0.4574923	0.44696367	0.4605468	-0.3811012	0.39671785	0.5127936	-0.4318516	0.4826122	0.47370604	-0.49189067	-0.42418736	0.4291821	0.50116533	0.43270487	-0.477022	-0.39035416	0.403428	0.3742819	-0.38123804	0.4391937	0.40755567	0.387091	0.4603251	0.44696283	0.40248984	-0.48926163	-0.5070164	0.4240005	0.48315325	-0.45374227	0.48030058	-0.49744675	0.47845232	0.5142475	-0.3907044	0.44227314	-0.48541754
-0.22891669	-0.19832247	-0.20643912	0.21323828	-0.25138524	-0.20834345	0.23724853	0.20966686	0.24124543	0.19638523	-0.18093424	-0.16321805	-0.25153637	0.17432575	-0.1713156	-0.18736212	0.2527502	0.22032985	-0.20423698	-0.24094461	-0.20144562	-0.16485174	0.22503397	0.22931479	0.25799188	0.24111268	-0.26063028	-0.26169097	0.2293714	0.20797168	-0.26593113	0.23943147	-0.25379187	-0.2553382	0.25951794	-0.1831316	-0.1795986	0.23666741	-0.20303945	0.20334196	0.18626645	-0.21236917	-0.2389857	-0.23144142	-0.23181571	0.19797155	-0.20202948	-0.17624372	0.1846733	0.22914621	-0.22392501	-0.18421738	-0.19587329	-0.25742316	-0.22311173	-0.17994931	0.25348535	-0.20347635	-0.16574942	-0.22428991	-0.19664842	0.25568214	0.25933078	-0.21832795	0.15609549	0.24242981	-0.2342746	0.2688672	0.17785749	-0.21794856	0.18058188	0.2119343	-0.1627994	-0.22044514	0.1950821	0.2302225	0.25513658	-0.19832473	-0.16788024	0.21885289	0.25053588	-0.26103663	0.25452718	0.20115294	0.26766133	0.20490889	0.20589311	0.252535	-0.23303837	-0.20303135	0.22895397	0.22036533	-0.20886329	0.21177007	-0.1942903	0.21532285	0.16774651	-0.24363972	0.20343196	-0.17967503
-0.6824805	-0.74192166	-0.6325291	0.67442745	-0.68866616	-0.67101246	0.6405188	0.58319545	0.7073084	0.6318183	-0.688907	-0.706563	-0.72881514	0.64335126	-0.6870265	-0.72073394	0.718918	0.70568216	-0.70038015	-0.6914351	-0.75471544	-0.6860872	0.6993399	0.65469015	0.7057409	0.7263451	-0.67997813	-0.6265077	0.6980766	0.669996	-0.68071634	0.726292	-0.7326144	-0.5987161	0.71245766	-0.7452281	-0.6142177	0.70181227	-0.63920265	0.63643897	0.7626177	-0.6908511	-0.7370066	-0.6694873	-0.69412243	0.6693293	-0.62834513	-0.65246445	0.6661537	0.6639919	-0.63914394	-0.71682525	-0.5891915	-0.6519784	-0.7299886	-0.7348059	0.7331996	-0.7618768	-0.70514184	-0.70474267	-0.73954564	0.69210154	0.60165375	-0.7403205	0.72122324	0.74274975	-0.6294128	0.6777372	0.75308675	-0.74683577	0.6706554	0.6583498	-0.6545055	-0.6295118	0.6452331	0.6027203	0.61942476	-0.7117549	-0.56287265	0.487786	0.6281107	-0.6162364	0.73044217	0.7041112	0.5579581	0.73646003	0.6854792	0.69992876	-0.6089972	-0.62810445	0.6854037	0.705263	-0.661798	0.71696484	-0.6721591	0.707782	0.67566603	-0.51892227	0.6521551	-0.75903744
-0.6696387	-0.7089365	-0.7128572	0.65544504	-0.6595849	-0.7238774	0.67516816	0.68593353	0.6915939	0.7290335	-0.71668833	-0.663272	-0.77456445	0.7012067	-0.7129301	-0.7710558	0.6948598	0.68711436	-0.69604826	-0.67349416	-0.6797958	-0.74826676	0.6897782	0.6720859	0.7008566	0.66928387	-0.7126755	-0.71321	0.6667665	0.6919492	-0.6895265	0.69718474	-0.68763274	-0.62123364	0.73858964	-0.75991863	-0.6115559	0.70880467	-0.7380402	0.69424	0.7349521	-0.6883605	-0.6713757	-0.71031076	-0.7336988	0.69932234	-0.60906804	-0.6994871	0.7094159	0.6613676	-0.62050533	-0.750157	-0.663996	-0.7185376	-0.7009423	-0.74218416	0.6938839	-0.6496464	-0.6395401	-0.7232658	-0.7226176	0.6667983	0.6867	-0.7130319	0.6754284	0.73697066	-0.6666213	0.72437716	0.723386	-0.6707178	0.7047871	0.71980697	-0.74252284	-0.70007354	0.636899	0.7363471	0.72967345	-0.67719746	-0.64887106	0.61651736	0.670462	-0.6287726	0.6999829	0.7488091	0.67332506	0.7510086	0.7172224	0.73011655	-0.7121441	-0.7396538	0.6335354	0.69741213	-0.6758451	0.72786915	-0.7154666	0.6554107	0.7598742	-0.55245066	0.66096693	-0.71988016
-0.37960246	-0.4364241	-0.38463265	0.41708565	-0.37513193	-0.419873	0.34855154	0.3310965	0.42818126	0.36316326	-0.3828553	-0.4418339	-0.41848966	0.36999717	-0.36025012	-0.3949171	0.36516052	0.3977371	-0.36313546	-0.37716907	-0.40567398	-0.44459072	0.36061734	0.34323493	0.3975017	0.38182643	-0.42670935	-0.3397462	0.39448962	0.3589566	-0.33547702	0.38491976	-0.36014187	-0.3460492	0.41678968	-0.37597978	-0.38705888	0.42067087	-0.4128238	0.4111642	0.35880715	-0.35412487	-0.3303676	-0.39675704	-0.4175242	0.34605217	-0.30752933	-0.3643291	0.3580952	0.3151635	-0.38635284	-0.38194883	-0.40714595	-0.42900684	-0.39231896	-0.3921078	0.3705233	-0.43435338	-0.3479859	-0.43617734	-0.38365835	0.3101874	0.34776548	-0.35081136	0.37938046	0.4074813	-0.3259628	0.37089193	0.44646928	-0.41172704	0.33234364	0.40634617	-0.43589157	-0.36527547	0.34681076	0.3532078	0.40898973	-0.43639717	-0.36357883	0.37351418	0.42918423	-0.36773553	0.43241903	0.39043587	0.34431255	0.44582123	0.39191893	0.4389164	-0.38877177	-0.37888643	0.35341874	0.35874408	-0.3601231	0.34145683	-0.3963859	0.34776866	0.39562252	-0.29855895	0.37165102	-0.4017309
-0.43998855	-0.6107807	-0.5431124	0.5607681	-0.53166616	-0.6128248	0.47988147	0.4870383	0.5400785	0.53118074	-0.5835684	-0.59741783	-0.5982812	0.48133388	-0.6604617	-0.566484	0.5510296	0.53979665	-0.582915	-0.56286323	-0.5683772	-0.60929775	0.647688	0.6126646	0.544821	0.48292246	-0.61304665	-0.5426108	0.56434745	0.61996204	-0.58596	0.56317794	-0.63924176	-0.45612332	0.5605479	-0.5539399	-0.50791013	0.60102224	-0.58973944	0.522967	0.6395038	-0.534869	-0.5868965	-0.5298708	-0.5467614	0.5867927	-0.51661277	-0.5594673	0.61611366	0.5835206	-0.5056518	-0.5761198	-0.488273	-0.59839475	-0.6235969	-0.5708191	0.5109491	-0.5569976	-0.5559513	-0.5584066	-0.56044203	0.4800734	0.45021155	-0.59515613	0.62477964	0.57917386	-0.5101626	0.5344843	0.5734996	-0.56032956	0.5041477	0.62740475	-0.5635388	-0.6188973	0.5737555	0.5539644	0.5132456	-0.57239026	-0.46084985	0.393172	0.50277454	-0.4255045	0.59152246	0.5791559	0.4762739	0.574971	0.5867876	0.50247544	-0.57711536	-0.57338935	0.49288213	0.5794488	-0.53125286	0.5650591	-0.5821456	0.48341683	0.5572738	-0.4249898	0.50676364	-0.58126277
-0.20104265	-0.2021273	-0.1602494	0.14350373	-0.17289557	-0.19566533	0.19258526	0.18786675	0.14878938	0.16372308	-0.18207826	-0.17213453	-0.22848243	0.16284864	-0.2028167	-0.16368149	0.22960946	0.20592643	-0.21685284	-0.16092119	-0.22263837	-0.16807762	0.19646803	0.18376814	0.19340707	0.14370964	-0.20778312	-0.13645393	0.15249555	0.14654589	-0.15447165	0.22956568	-0.19135186	-0.18155402	0.15425587	-0.1616558	-0.15015398	0.2059293	-0.18888274	0.22011855	0.14847739	-0.18955895	-0.2266914	-0.21143086	-0.15914334	0.14714926	-0.22524092	-0.19321305	0.23225829	0.1478549	-0.1355604	-0.14543432	-0.20142782	-0.18110237	-0.22508162	-0.19215155	0.22231591	-0.21329068	-0.18853024	-0.18686041	-0.15014009	0.15657814	0.14233509	-0.21885292	0.21099721	0.17004952	-0.15405573	0.18704101	0.1967309	-0.16665561	0.20736623	0.18828544	-0.21271059	-0.13669771	0.1548086	0.19880587	0.17159393	-0.17975083	-0.1650383	0.15908839	0.14599779	-0.15725999	0.15689099	0.16052292	0.23427762	0.13847728	0.18202297	0.19561285	-0.2103657	-0.18479984	0.19947226	0.19085936	-0.2153348	0.23366573	-0.18775049	0.21958388	0.15099117	-0.21926963	0.1394914	-0.19244039
-0.08514819	-0.18944287	-0.18975922	0.12278195	-0.10791551	-0.14533481	0.14276382	0.16365585	0.10843756	0.17930536	-0.10521246	-0.10203323	-0.11898562	0.12953681	-0.12959023	-0.15092446	0.12655844	0.19741824	-0.18320328	-0.13395657	-0.14508048	-0.18483648	0.12484669	0.1137672	0.11254184	0.16762596	-0.17233531	-0.19540003	0.17397209	0.10258248	-0.1682183	0.11858218	-0.1591187	-0.14793395	0.13197878	-0.10669079	-0.10414232	0.15942882	-0.13825203	0.13774574	0.14138342	-0.15038729	-0.13146625	-0.17189915	-0.17874482	0.13326082	-0.20636566	-0.14480527	0.11532157	0.19725476	-0.15310228	-0.19496346	-0.16396813	-0.13121742	-0.15728167	-0.1533037	0.10056978	-0.122505784	-0.14050297	-0.1137527	-0.16503106	0.18512815	0.18697321	-0.17554902	0.12643476	0.1966422	-0.16328254	0.1708918	0.1866521	-0.19135211	0.14179891	0.16497621	-0.1022112	-0.11880814	0.17212035	0.11206823	0.12878744	-0.124621704	-0.1922329	0.14853778	0.2016242	-0.15367186	0.16583383	0.17328502	0.17056072	0.08703952	0.17533194	0.09815473	-0.12647146	-0.1344407	0.11979745	0.12967704	-0.1837263	0.15166125	-0.17116596	0.15065394	0.17403057	-0.14467068	0.116838835	-0.13842563
-0.62113076	-0.6157167	-0.68218243	0.6626534	-0.6000496	-0.61823493	0.6395782	0.59628844	0.6136882	0.6756798	-0.59261215	-0.6940764	-0.61050105	0.6059528	-0.58819795	-0.5971234	0.6638911	0.6068791	-0.6354635	-0.67212087	-0.67809945	-0.61654663	0.67257524	0.61762315	0.6412669	0.69883364	-0.68905675	-0.589743	0.595412	0.61700064	-0.68806624	0.6601737	-0.616817	-0.5796407	0.6337454	-0.6221074	-0.533632	0.6703721	-0.6077119	0.58285046	0.6262906	-0.5969764	-0.604883	-0.6098323	-0.5976166	0.6061988	-0.500463	-0.65079194	0.68003994	0.5925849	-0.6088021	-0.64723253	-0.6326187	-0.65633035	-0.6262883	-0.625443	0.64360523	-0.6790651	-0.64174116	-0.69322324	-0.63507265	0.58840626	0.6332048	-0.6069965	0.6517391	0.69324946	-0.67454547	0.66350234	0.6792986	-0.65090865	0.6344425	0.68858635	-0.6650859	-0.68108654	0.63781345	0.633071	0.54647696	-0.6932985	-0.5449063	0.4791969	0.61870325	-0.6062382	0.63568807	0.62183404	0.6073616	0.63661623	0.64749265	0.6701115	-0.6226836	-0.59075594	0.6046553	0.6737217	-0.6071693	0.6404701	-0.6599848	0.68274796	0.6249779	-0.531987	0.69170976	-0.6129059
-0.4498665	-0.4417745	-0.37705985	0.4091436	-0.451038	-0.44884542	0.44020823	0.39673012	0.39784607	0.4134477	-0.43224093	-0.42564872	-0.41479033	0.39187014	-0.42064235	-0.4425967	0.4329231	0.3847472	-0.46062133	-0.43471736	-0.40647873	-0.42255494	0.46054688	0.42696458	0.44510657	0.36903462	-0.4705957	-0.44495448	0.38701528	0.41387746	-0.39201546	0.3866277	-0.3809588	-0.42156035	0.4203935	-0.43338582	-0.37502128	0.45291877	-0.36287063	0.41133413	0.4020961	-0.4397206	-0.36850402	-0.41691422	-0.42410716	0.3810945	-0.4295541	-0.37346223	0.4479981	0.40692112	-0.42123976	-0.41868258	-0.44589642	-0.3976765	-0.37159863	-0.42311874	0.39339915	-0.38492575	-0.44031668	-0.46716368	-0.43641773	0.4390427	0.3718762	-0.3868583	0.40306443	0.3968367	-0.3992349	0.38823405	0.40976337	-0.37466553	0.40469006	0.43952373	-0.43864968	-0.40948054	0.38742286	0.42838293	0.37687403	-0.39573774	-0.38495305	0.3373825	0.37787497	-0.39812008	0.38575837	0.40061158	0.41259766	0.4246751	0.40492126	0.37575904	-0.41803962	-0.39036402	0.39064115	0.42651814	-0.40816003	0.41998643	-0.4035475	0.4208286	0.43441764	-0.41095114	0.45540318	-0.46679887
-0.5930242	-0.717424	-0.7217751	0.74827933	-0.6919384	-0.7145459	0.7312234	0.6831182	0.6957362	0.714558	-0.73989236	-0.74097145	-0.6802187	0.6410211	-0.6791361	-0.77166754	0.7490181	0.70508486	-0.6990393	-0.72162837	-0.69791174	-0.72096	0.73096704	0.68066216	0.70909894	0.6602616	-0.68696356	-0.6555389	0.69738805	0.71714205	-0.6413862	0.7605326	-0.7468658	-0.62167597	0.6856366	-0.7128315	-0.6614694	0.69109374	-0.6520409	0.6700713	0.7070714	-0.7033325	-0.7163796	-0.6690062	-0.6969556	0.68316174	-0.6851417	-0.70380175	0.7321974	0.745969	-0.6439229	-0.71392864	-0.7010327	-0.67158854	-0.7227331	-0.7488326	0.77066666	-0.74982584	-0.71859056	-0.7008801	-0.7147046	0.6754916	0.6280235	-0.7724525	0.7427988	0.70855886	-0.6713889	0.69612205	0.6940333	-0.70590085	0.70217645	0.7687971	-0.7542282	-0.74384755	0.6786872	0.7182801	0.7054899	-0.686347	-0.687937	0.6321467	0.6110048	-0.6692136	0.6557818	0.7244514	0.64402175	0.69055784	0.68574846	0.65065634	-0.72043616	-0.7417164	0.6763136	0.7088591	-0.6700013	0.7499606	-0.7378413	0.7128195	0.7889566	-0.5999112	0.74995613	-0.7145726
-0.5449002	-0.62136596	-0.56652254	0.5712443	-0.5593621	-0.64122546	0.5579084	0.53382915	0.55999863	0.5697824	-0.59554714	-0.6336297	-0.65693724	0.55914634	-0.6623501	-0.6327017	0.6153878	0.62565744	-0.6463524	-0.6234503	-0.5965265	-0.6306613	0.66078174	0.61201054	0.6557305	0.63014436	-0.5806314	-0.61964333	0.6248579	0.6656581	-0.61117476	0.65556407	-0.6126155	-0.600482	0.6266357	-0.67407125	-0.5970039	0.5641145	-0.6201602	0.54899114	0.65983635	-0.5994194	-0.62766963	-0.6219608	-0.64101875	0.62673646	-0.6145131	-0.61181474	0.5964774	0.64838576	-0.5857391	-0.5958887	-0.57333267	-0.5748697	-0.66870296	-0.64319634	0.66355085	-0.6558455	-0.594671	-0.58567274	-0.6291808	0.5905059	0.56921697	-0.6366834	0.6693688	0.6347243	-0.52242184	0.53538555	0.6842959	-0.65908885	0.61265147	0.59849846	-0.5940458	-0.66723114	0.6608004	0.5596571	0.6434529	-0.66759723	-0.59572953	0.54882264	0.53640366	-0.6043894	0.57780874	0.578318	0.5966041	0.63789445	0.6374811	0.5689593	-0.65488183	-0.57661235	0.5855437	0.65423775	-0.5829108	0.6507376	-0.6215682	0.6375396	0.6021091	-0.5587737	0.56874454	-0.66659105
-0.29758427	-0.27039263	-0.28870198	0.23492622	-0.22771984	-0.22190988	0.28463256	0.31459758	0.2840586	0.3009194	-0.3102814	-0.3281685	-0.26492828	0.33431154	-0.28985232	-0.23682456	0.2831968	0.32098293	-0.2544567	-0.3122645	-0.27875397	-0.31553558	0.22702993	0.26726964	0.27258208	0.3102392	-0.30456105	-0.2743968	0.22560735	0.31766358	-0.251397	0.23649743	-0.24900576	-0.2955551	0.3046499	-0.25886908	-0.2802297	0.29497913	-0.31938565	0.27778095	0.2778837	-0.24139772	-0.32930487	-0.25701928	-0.25241968	0.23476194	-0.24130812	-0.32026157	0.2817229	0.29973617	-0.2572314	-0.2634662	-0.27354133	-0.26739532	-0.29598272	-0.2759995	0.2697896	-0.2253968	-0.30135465	-0.2909989	-0.25422764	0.23185946	0.25178406	-0.30854782	0.2835761	0.24331445	-0.2603103	0.24831799	0.3145238	-0.2884701	0.23123993	0.23991916	-0.24936348	-0.24198666	0.29495582	0.32684427	0.30317992	-0.30136502	-0.29382455	0.2598195	0.254043	-0.30396205	0.32801068	0.31079203	0.25113836	0.31449452	0.25558546	0.27383354	-0.29946315	-0.25714877	0.30456787	0.30917144	-0.3307603	0.22731625	-0.3327136	0.2376902	0.3175532	-0.23423104	0.23852992	-0.27151972
-0.4879212	-0.6331918	-0.53784364	0.55647683	-0.56064826	-0.5843839	0.5882561	0.5509182	0.5971933	0.5674943	-0.5979205	-0.56062996	-0.605916	0.538412	-0.5853342	-0.5812443	0.631788	0.53093344	-0.6181159	-0.5726956	-0.63234776	-0.54201853	0.5566843	0.57123965	0.53822803	0.51178217	-0.6123114	-0.520399	0.5768582	0.6306489	-0.5618394	0.6211451	-0.64001286	-0.44109526	0.57476383	-0.5607572	-0.4566909	0.58992225	-0.5596942	0.5369072	0.62344927	-0.58893406	-0.5811237	-0.52801096	-0.5299665	0.5776347	-0.4967358	-0.5788537	0.58752525	0.52124447	-0.4696798	-0.6004474	-0.5101687	-0.5943195	-0.54658216	-0.5534142	0.61347634	-0.55073047	-0.56454426	-0.521475	-0.60740006	0.49806905	0.5091406	-0.63744074	0.5354999	0.5844878	-0.5492145	0.55913717	0.5500461	-0.6351733	0.57813674	0.5422726	-0.61126965	-0.53088164	0.53405976	0.56241906	0.5806378	-0.6361175	-0.5991073	0.46045187	0.53034216	-0.4284052	0.5445883	0.5738022	0.44906798	0.5844217	0.5386338	0.5108121	-0.533358	-0.60735774	0.5847976	0.54264563	-0.584948	0.5274238	-0.5875493	0.55212843	0.5987094	-0.49288836	0.5601411	-0.647993
-0.23353927	-0.23389255	-0.24434173	0.26513508	-0.19414529	-0.2910136	0.28318003	0.24474229	0.25615677	0.24829009	-0.22958963	-0.29512474	-0.26610038	0.2842907	-0.2301647	-0.2759871	0.22935592	0.25054276	-0.20848921	-0.20873469	-0.25008586	-0.24952507	0.2614281	0.23232791	0.25106594	0.2852107	-0.28364268	-0.21937166	0.21187861	0.20613071	-0.21674764	0.23358022	-0.21405815	-0.28080514	0.3005942	-0.20672074	-0.26393417	0.24187581	-0.29314548	0.26590472	0.23492248	-0.21758501	-0.24161166	-0.25506094	-0.28333858	0.2538583	-0.24563545	-0.27097183	0.27210158	0.27278244	-0.19972661	-0.31146142	-0.23066491	-0.2718864	-0.25879043	-0.21011698	0.27460346	-0.28972918	-0.23075297	-0.2873742	-0.2588761	0.27668625	0.27788794	-0.26311386	0.28528848	0.24954224	-0.25030246	0.2771532	0.23471166	-0.29955313	0.27239165	0.20560956	-0.20751202	-0.2546539	0.2843022	0.27987483	0.22103895	-0.26261896	-0.242144	0.19042726	0.27946606	-0.28567365	0.2861079	0.2664874	0.2729131	0.25189996	0.24060981	0.27571663	-0.20839345	-0.2754453	0.28248978	0.28444207	-0.28521535	0.2711885	-0.24098119	0.2184223	0.24066038	-0.21461615	0.23693705	-0.28181008
-0.42461166	-0.4232301	-0.4291113	0.44204798	-0.43337157	-0.4836512	0.449033	0.45145094	0.43859416	0.38494334	-0.38235176	-0.39977342	-0.40825626	0.3932689	-0.48391643	-0.48149592	0.4192164	0.4237266	-0.39177173	-0.38143402	-0.48328704	-0.46592554	0.40383115	0.44435468	0.4136046	0.47702047	-0.42123482	-0.42525935	0.41057396	0.41665635	-0.46560377	0.47471943	-0.4209824	-0.34955543	0.43236393	-0.42515865	-0.36937648	0.45885575	-0.41725352	0.44949332	0.443009	-0.47391197	-0.41319013	-0.45810997	-0.43704152	0.44908473	-0.43781525	-0.4700744	0.4746443	0.45299053	-0.3869046	-0.48120674	-0.4718657	-0.45728168	-0.41987753	-0.47491723	0.46175292	-0.4093278	-0.4720193	-0.42283234	-0.43079832	0.4559237	0.39446867	-0.39717713	0.4649641	0.4833789	-0.38395634	0.40349308	0.4220688	-0.43667048	0.37932718	0.44614744	-0.47332838	-0.4680262	0.46176314	0.42320064	0.38298753	-0.43471655	-0.35109317	0.30767515	0.40383705	-0.42096618	0.45158	0.46835598	0.3638936	0.4277556	0.4735447	0.44288427	-0.4331642	-0.4727435	0.4784189	0.41902173	-0.39274323	0.44944993	-0.45821357	0.4659968	0.4790941	-0.2713553	0.40138954	-0.43317574
-0.28048807	-0.34921318	-0.32201216	0.32427838	-0.3007279	-0.24289511	0.2595714	0.32125318	0.32783183	0.3028071	-0.33060768	-0.32058954	-0.33754402	0.3123954	-0.28086898	-0.29522026	0.35440794	0.26828048	-0.32875687	-0.27695018	-0.33301687	-0.3284616	0.36602056	0.28193736	0.3049602	0.29588273	-0.3230656	-0.34278175	0.27772868	0.3083827	-0.26158568	0.26954877	-0.35894594	-0.33238885	0.3456553	-0.28472123	-0.3270552	0.31960315	-0.320662	0.30004323	0.32342675	-0.2598983	-0.2947719	-0.30157495	-0.32220528	0.3282545	-0.33447054	-0.34703824	0.25835338	0.3475896	-0.3193371	-0.29377577	-0.32062495	-0.27189577	-0.32241803	-0.34693056	0.35675892	-0.3127007	-0.2941969	-0.34815824	-0.3409599	0.34382105	0.355075	-0.35017085	0.33044106	0.26813275	-0.29447612	0.3541824	0.31833917	-0.35665673	0.34230548	0.29254812	-0.2946918	-0.32198864	0.26409632	0.32748002	0.3529595	-0.34514502	-0.32993105	0.28067482	0.3291611	-0.33518407	0.2943185	0.35446903	0.27718294	0.28677696	0.33938685	0.27617806	-0.32011223	-0.30980906	0.27025533	0.29342002	-0.3390333	0.29547006	-0.31433892	0.31070173	0.3612919	-0.30990264	0.30664474	-0.2725584
-0.32125464	-0.36137527	-0.35927892	0.37086946	-0.3074191	-0.3680932	0.3321009	0.3244135	0.32181415	0.38397688	-0.3179121	-0.36101228	-0.34244838	0.3392564	-0.3426479	-0.37892395	0.3712195	0.27362767	-0.40413252	-0.31807634	-0.3510613	-0.38560972	0.41580677	0.3214488	0.36826473	0.32531527	-0.32352942	-0.35994226	0.3380413	0.39779636	-0.31195414	0.369175	-0.339305	-0.31067693	0.3900117	-0.31588957	-0.2330923	0.38544267	-0.34769452	0.321067	0.3488406	-0.34068918	-0.31579447	-0.38897893	-0.3249945	0.37600687	-0.2924342	-0.35998255	0.3387848	0.35062477	-0.31008866	-0.33099827	-0.3120426	-0.33726814	-0.32710192	-0.3996112	0.32715988	-0.37917763	-0.38207382	-0.35147053	-0.40999937	0.32602805	0.24254899	-0.3306907	0.35035953	0.35150245	-0.2771679	0.33632866	0.396613	-0.4044213	0.36719227	0.32816195	-0.33486766	-0.33553886	0.31710348	0.32968986	0.30687845	-0.3903251	-0.35553464	0.29797196	0.27603498	-0.28687003	0.36870313	0.3153276	0.2515359	0.33734775	0.317821	0.31085053	-0.3774547	-0.33148128	0.31801906	0.37533003	-0.41099516	0.38992378	-0.38348073	0.32292452	0.41687483	-0.20835336	0.35776088	-0.3903454
-0.5993956	-0.71798897	-0.67684627	0.67996067	-0.60193694	-0.64059955	0.60902476	0.59445727	0.6993877	0.6981478	-0.6122959	-0.68163025	-0.74878395	0.5854443	-0.70350224	-0.7202396	0.67799556	0.6366022	-0.62951696	-0.667039	-0.6767599	-0.6735094	0.685063	0.62704694	0.66299117	0.68737	-0.74261904	-0.60231227	0.76566935	0.7425986	-0.62602043	0.68761885	-0.75747705	-0.5187223	0.6694144	-0.70534235	-0.5284655	0.7343005	-0.6579062	0.60942924	0.6912638	-0.62123626	-0.706423	-0.7090012	-0.61636055	0.6874572	-0.54039145	-0.6141023	0.76271033	0.6705663	-0.5044118	-0.73799866	-0.62541574	-0.70135134	-0.67022014	-0.6884231	0.69897014	-0.7554773	-0.6865396	-0.7227185	-0.64684373	0.62261325	0.5585079	-0.7352151	0.6469002	0.74161965	-0.6808576	0.69334346	0.7300273	-0.7127816	0.6107422	0.67097473	-0.6559068	-0.64358497	0.637305	0.60061723	0.59791404	-0.6778129	-0.5262913	0.44587705	0.6432481	-0.63167423	0.6480748	0.63419366	0.5984647	0.6735924	0.7041451	0.66154855	-0.6408713	-0.6779507	0.645404	0.6655892	-0.67793417	0.66351056	-0.6741739	0.7021947	0.74503875	-0.48239902	0.6503992	-0.68323976
-0.3250648	-0.31127337	-0.3229517	0.34780166	-0.3034553	-0.37333047	0.39251658	0.36352882	0.34166673	0.38675505	-0.34631303	-0.39433056	-0.33026773	0.34565365	-0.37523767	-0.307345	0.38466546	0.35351005	-0.3457241	-0.347129	-0.39163777	-0.3810187	0.3705698	0.39307544	0.33625564	0.35154206	-0.38943356	-0.31661436	0.32301238	0.30695927	-0.33842558	0.3554397	-0.36186755	-0.28276575	0.3023307	-0.32555556	-0.29062906	0.36280563	-0.38908607	0.34984893	0.31674793	-0.3259203	-0.37934592	-0.39308187	-0.31428507	0.36543778	-0.35480544	-0.31305015	0.39483756	0.34805298	-0.3075884	-0.39000985	-0.36559862	-0.31809703	-0.39603963	-0.3288432	0.32161552	-0.3068354	-0.3177606	-0.30290514	-0.30449572	0.29411358	0.30793518	-0.3265494	0.33259898	0.38124946	-0.35166395	0.30360982	0.38240233	-0.3776264	0.37918028	0.3700852	-0.32333532	-0.38992307	0.3116696	0.3808731	0.3772126	-0.37948382	-0.34465924	0.30975586	0.31137052	-0.3911557	0.3118964	0.38671607	0.35225555	0.38541391	0.38960567	0.31005806	-0.31058505	-0.37603572	0.39562628	0.33277002	-0.33025613	0.38575995	-0.30967855	0.3831723	0.3457111	-0.32498255	0.3449614	-0.3156552
-0.50957495	-0.49154064	-0.5136053	0.5014237	-0.5703242	-0.43312737	0.4831773	0.55321425	0.5659599	0.51023245	-0.5150581	-0.51011705	-0.5432903	0.54047287	-0.5042241	-0.5349061	0.5329929	0.50688744	-0.54789996	-0.55074686	-0.5542598	-0.5582102	0.47754085	0.51533204	0.5612143	0.50118583	-0.56189996	-0.54692894	0.5172694	0.5482522	-0.5059161	0.56266725	-0.5452348	-0.49384823	0.5816034	-0.53114	-0.5499896	0.528294	-0.57231724	0.5692298	0.4789635	-0.5319683	-0.5362209	-0.53482014	-0.5828647	0.5252385	-0.46748304	-0.52626747	0.4760183	0.50710416	-0.5727664	-0.58262336	-0.54108995	-0.5508051	-0.49841595	-0.54388183	0.526983	-0.5307456	-0.49577692	-0.5857072	-0.5541209	0.56848913	0.49189448	-0.5006004	0.57482177	0.5752698	-0.5851736	0.56944275	0.5145533	-0.55891937	0.5142432	0.49433815	-0.5153143	-0.4905489	0.546325	0.5296777	0.50129616	-0.5772284	-0.5087614	0.46810845	0.5338046	-0.51222646	0.51638514	0.5135811	0.5546456	0.5260608	0.5880113	0.58985454	-0.510393	-0.5242176	0.49974862	0.5198705	-0.5777975	0.5081725	-0.49247298	0.5930738	0.5488906	-0.43350595	0.52421474	-0.54070395
-0.49562016	-0.506839	-0.4843875	0.5096959	-0.43873957	-0.37875402	0.4133099	0.48290265	0.4679415	0.4274616	-0.45022908	-0.45997286	-0.4844792	0.50674367	-0.41888294	-0.40399858	0.5076554	0.46688136	-0.42060024	-0.48388532	-0.47484374	-0.48886454	0.4728171	0.50485164	0.46253303	0.51799226	-0.47290993	-0.4297509	0.3933555	0.436563	-0.47379297	0.42900452	-0.44290748	-0.5155907	0.48262858	-0.44833866	-0.42950287	0.45004863	-0.50608253	0.49796385	0.44507343	-0.46850768	-0.4219233	-0.48907396	-0.4550093	0.3964928	-0.44820914	-0.5136883	0.47889873	0.46385497	-0.5377466	-0.5004395	-0.5290072	-0.44568858	-0.46875829	-0.42858845	0.44320703	-0.41285765	-0.47912028	-0.4945322	-0.4919539	0.43723482	0.51386255	-0.39543417	0.49556363	0.49020484	-0.5147083	0.4819327	0.4935014	-0.5194925	0.45865613	0.43368497	-0.4224641	-0.4180821	0.4460856	0.44243896	0.42720568	-0.45521784	-0.4539363	0.45609295	0.51692945	-0.4925912	0.4643059	0.44152617	0.5062982	0.508096	0.47318116	0.50378126	-0.46005148	-0.4301055	0.51181126	0.42527097	-0.51127446	0.43764296	-0.5112379	0.49783364	0.44181672	-0.42525464	0.49527174	-0.43291318
-0.16807973	-0.12153143	-0.12381384	0.06205385	-0.103053294	-0.025548926	0.13939291	0.12968528	0.08511661	0.12569126	-0.09302382	-0.12329723	-0.032221664	0.14497283	-0.08317072	-0.05914832	0.13454166	0.12275235	-0.14990312	-0.10913137	-0.07674109	-0.12923913	0.08087522	0.12279429	0.10040974	0.12038104	-0.06632191	-0.08820904	0.042956907	0.14324379	-0.06990746	0.059336938	-0.11950069	-0.18976901	0.09874323	-0.071092695	-0.15001419	0.1504453	-0.110186875	0.11020441	0.0849716	-0.10531495	-0.11525931	-0.07672355	-0.13905361	0.046599943	-0.15044926	-0.07768919	0.07326944	0.12969254	-0.14933275	-0.10251748	-0.17582896	-0.059337072	-0.099619076	-0.10167394	0.10552726	-0.07886534	-0.03794581	-0.11014027	-0.09398444	0.109935395	0.1409485	-0.0842046	0.054949846	0.05256446	-0.120233335	0.097186476	0.07295331	-0.13815352	0.16224995	0.13711597	-0.14749373	-0.074445084	0.073683746	0.08335428	0.14453849	-0.04579266	-0.12858018	0.14438961	0.09266569	-0.101518564	0.13513106	0.113564715	0.09828434	0.065522715	0.07436646	0.06943207	-0.140359	-0.06617188	0.12485821	0.063454285	-0.06636081	0.113553084	-0.073496796	0.12632883	0.1332642	-0.15975562	0.08855333	-0.088470295
-0.4112551	-0.45563313	-0.4370352	0.37053636	-0.3736772	-0.41370732	0.41671032	0.43106085	0.45435625	0.4361305	-0.42987877	-0.39851657	-0.4234356	0.40119705	-0.38270456	-0.43995985	0.4224781	0.4475577	-0.40083113	-0.3832154	-0.37332362	-0.3860626	0.3651233	0.36218998	0.4461722	0.43653414	-0.44304055	-0.44540402	0.43868652	0.4044411	-0.40081748	0.4343285	-0.42545518	-0.35404834	0.43799177	-0.44809753	-0.37647822	0.38878664	-0.44135037	0.38213456	0.3934021	-0.44410563	-0.39238432	-0.36498576	-0.3730619	0.43052965	-0.3952739	-0.43071178	0.44923663	0.38447204	-0.40200242	-0.44388002	-0.40063795	-0.38682163	-0.37848756	-0.4048468	0.4550754	-0.4466079	-0.42651424	-0.39423877	-0.4540806	0.39204365	0.4077657	-0.37876016	0.4465784	0.4491991	-0.4229819	0.37768078	0.41610503	-0.3654507	0.40814137	0.36984882	-0.39384827	-0.40039387	0.38384342	0.40714473	0.37399477	-0.42995703	-0.3748961	0.3744264	0.4321854	-0.43775484	0.41926754	0.43910363	0.39910698	0.44844303	0.3859716	0.37670386	-0.4341112	-0.3915203	0.36692053	0.3816493	-0.40564778	0.43496218	-0.40582308	0.3880376	0.40057904	-0.41526708	0.42453587	-0.409693
-0.32192397	-0.41531846	-0.3683299	0.3735439	-0.3119128	-0.3217208	0.36840937	0.39924884	0.3570122	0.4131756	-0.32166	-0.35717437	-0.346792	0.36068645	-0.30596814	-0.34229973	0.352652	0.37215954	-0.39104575	-0.36009422	-0.38749912	-0.3538193	0.31572786	0.33802712	0.31374335	0.41313866	-0.4126835	-0.36015633	0.37719893	0.35962692	-0.31903207	0.32092115	-0.39288983	-0.32882783	0.37013292	-0.35483232	-0.3109485	0.42069855	-0.37701598	0.34718153	0.3410786	-0.35943255	-0.311339	-0.37782952	-0.33019832	0.39196745	-0.34351283	-0.32195538	0.36802554	0.39179903	-0.37274134	-0.3637798	-0.32855237	-0.37954086	-0.3157379	-0.34846392	0.37012506	-0.3854507	-0.38622808	-0.32695514	-0.3364771	0.33866617	0.37461117	-0.35738692	0.32986867	0.33603168	-0.34804422	0.3303724	0.3893144	-0.4198207	0.3661926	0.40982515	-0.34120503	-0.38013846	0.32276636	0.3694344	0.36841813	-0.34052378	-0.3095904	0.28515226	0.3395634	-0.39353573	0.37712345	0.39282018	0.39463815	0.3628168	0.37854028	0.33405685	-0.31614396	-0.30236945	0.33971897	0.39757568	-0.38573495	0.33361298	-0.39754716	0.34268597	0.412334	-0.3835956	0.32266125	-0.38513523
-0.6305904	-0.63229334	-0.6371315	0.7055205	-0.7014007	-0.64691377	0.58561057	0.64409304	0.66412026	0.6708101	-0.67920876	-0.68229383	-0.57565993	0.6139252	-0.69175965	-0.6535221	0.6584479	0.6296541	-0.6028878	-0.70520645	-0.64538026	-0.7014724	0.6993575	0.65086824	0.6600567	0.6679686	-0.67140406	-0.6669345	0.6185833	0.6332522	-0.61407065	0.7209277	-0.67207825	-0.6099585	0.709739	-0.64357436	-0.56026745	0.6236594	-0.6277874	0.6094504	0.7055099	-0.64632714	-0.7088598	-0.67274094	-0.6389745	0.64407504	-0.5825709	-0.60555243	0.6609155	0.68181276	-0.57804435	-0.6879303	-0.61485404	-0.63231206	-0.6677628	-0.69212985	0.66681844	-0.6768859	-0.6426975	-0.68000525	-0.64527136	0.67210007	0.6306935	-0.70100194	0.6457299	0.6172592	-0.66086406	0.61358935	0.61007595	-0.62560266	0.69393915	0.69372493	-0.64626676	-0.6867373	0.5928252	0.5970004	0.64739096	-0.7057114	-0.6202201	0.52125734	0.6918255	-0.60615116	0.70144933	0.71608484	0.63240826	0.6607557	0.64741236	0.65596384	-0.6371207	-0.60616267	0.7000605	0.6370125	-0.61719495	0.57105535	-0.6286904	0.67064613	0.67322385	-0.56197244	0.6338252	-0.6834038
-0.12924181	-0.13781865	-0.1717397	0.14827098	-0.11522341	-0.1159145	0.11851292	0.10844349	0.07598667	0.121186644	-0.10204971	-0.10804203	-0.075878195	0.1001058	-0.097479895	-0.15438478	0.13953486	0.079328015	-0.085024334	-0.13216461	-0.15674666	-0.10460753	0.10792867	0.10600203	0.15385117	0.1397881	-0.12419012	-0.079058774	0.16333784	0.15219261	-0.18023483	0.1028051	-0.12056543	-0.06609895	0.16257429	-0.10649247	-0.06562646	0.1173088	-0.17205817	0.09472679	0.09563298	-0.15291862	-0.12499744	-0.14553472	-0.15874596	0.06485761	-0.06828305	-0.14409417	0.113961935	0.092505395	-0.09946065	-0.09601196	-0.1604446	-0.14888945	-0.07684304	-0.07402681	0.16624077	-0.10315895	-0.12068014	-0.10373678	-0.16396315	0.11427937	0.1329264	-0.074101485	0.15121704	0.076619394	-0.124052994	0.16648407	0.08811439	-0.1375297	0.14989899	0.106110334	-0.11077577	-0.14267942	0.11746598	0.087188445	0.06550311	-0.10066998	-0.07199063	0.084343635	0.12181337	-0.16016774	0.13328446	0.08473805	0.08366378	0.14575982	0.12546746	0.13338378	-0.13672365	-0.08404922	0.076142475	0.11549533	-0.15239142	0.08711194	-0.11529171	0.124043785	0.13431653	-0.085181944	0.1476278	-0.07877426
-0.6374694	-0.7009368	-0.70663273	0.69372046	-0.7233988	-0.65458417	0.63686574	0.68071115	0.6792181	0.72130203	-0.63810146	-0.716393	-0.74269557	0.6957451	-0.7037034	-0.74759966	0.74142814	0.6959374	-0.67132175	-0.6779382	-0.71716535	-0.73207027	0.7377203	0.6782254	0.7147706	0.7502464	-0.69981134	-0.65187603	0.66902745	0.7526877	-0.7136115	0.67536545	-0.6766943	-0.61111593	0.71268153	-0.75553906	-0.6844689	0.7282294	-0.718267	0.6842444	0.65112334	-0.73928785	-0.6813176	-0.7230759	-0.72137034	0.7186717	-0.59911406	-0.68950826	0.67350006	0.7047961	-0.68026036	-0.7236003	-0.6779676	-0.67378956	-0.6674007	-0.6853669	0.7376646	-0.6963164	-0.64973086	-0.7191949	-0.6862772	0.6640201	0.6993832	-0.75347966	0.7348928	0.7127217	-0.7333579	0.6671797	0.74327224	-0.74109	0.6483571	0.75031424	-0.6671971	-0.7256222	0.7164653	0.6654173	0.64569885	-0.69906867	-0.65485024	0.609117	0.66770345	-0.6141824	0.7603694	0.6823073	0.617901	0.7241323	0.69467664	0.65680337	-0.63290286	-0.73065567	0.6840889	0.65390563	-0.7191141	0.6146806	-0.74326205	0.66130114	0.714555	-0.64819735	0.65639424	-0.7150734
-0.61646	-0.70531934	-0.6761827	0.7171505	-0.74435854	-0.68895596	0.7164476	0.6991237	0.6903932	0.7497822	-0.77151763	-0.77218574	-0.7469206	0.6982004	-0.740875	-0.7235411	0.7480531	0.6832979	-0.75735307	-0.7415239	-0.80479026	-0.6974474	0.77199286	0.7886961	0.7354543	0.6970418	-0.73262566	-0.664241	0.7350787	0.74326116	-0.76219517	0.7805401	-0.7682135	-0.6888066	0.6858629	-0.7241622	-0.659757	0.66756886	-0.73314345	0.71408933	0.72180444	-0.71067166	-0.7520922	-0.68474406	-0.6900559	0.7625807	-0.72930366	-0.74464905	0.75089324	0.7346177	-0.60911447	-0.7047701	-0.65966886	-0.7840379	-0.7760782	-0.7323137	0.76922125	-0.78872335	-0.7690915	-0.6257956	-0.7480868	0.7608209	0.69194615	-0.74640626	0.72877175	0.7310147	-0.6533571	0.63789755	0.79669344	-0.70632625	0.7402179	0.7719617	-0.7068956	-0.7258842	0.70961773	0.76840454	0.7138965	-0.71837455	-0.7049765	0.6207489	0.58504534	-0.59626806	0.7376998	0.68542564	0.61652774	0.6218727	0.75304556	0.56567055	-0.7044034	-0.7524588	0.7025188	0.6873376	-0.7157291	0.7431344	-0.7364025	0.6608423	0.7619582	-0.6255142	0.718118	-0.78212637
-0.20492798	-0.13417572	-0.2194365	0.15500085	-0.2078327	-0.20069815	0.14384721	0.2072722	0.12836725	0.22005229	-0.13969071	-0.15716445	-0.15990548	0.15365617	-0.21872692	-0.2169567	0.21564403	0.15112667	-0.1604629	-0.14858979	-0.13269174	-0.16493334	0.21197915	0.21855266	0.16980767	0.17787936	-0.14592534	-0.200895	0.20814462	0.21117751	-0.19573723	0.21574394	-0.14117366	-0.17733735	0.19210964	-0.1854861	-0.20685011	0.21863692	-0.13729419	0.12841895	0.12727407	-0.20996615	-0.16028465	-0.12603575	-0.18949349	0.15776218	-0.15490097	-0.13635758	0.1515535	0.18223014	-0.1885754	-0.20444149	-0.14259128	-0.17789105	-0.14721061	-0.14493091	0.15547626	-0.16172653	-0.21811254	-0.16442156	-0.21495798	0.20045643	0.20656343	-0.20694128	0.17908373	0.19279093	-0.1739423	0.19432285	0.16191137	-0.20109048	0.12926485	0.20099801	-0.21352382	-0.21479742	0.1371169	0.18715973	0.13458952	-0.13256164	-0.13010547	0.15099455	0.12481644	-0.19242708	0.1383754	0.22027418	0.1466891	0.17187363	0.14215636	0.13774587	-0.12839183	-0.1394283	0.13284612	0.1837476	-0.1585483	0.14388472	-0.14522763	0.15835923	0.1720803	-0.094705746	0.20103522	-0.19606224
-0.35920516	-0.480641	-0.47240496	0.45133227	-0.5212784	-0.55920094	0.456904	0.431874	0.46292642	0.48359856	-0.4921847	-0.47909334	-0.5528094	0.4700275	-0.526187	-0.49280608	0.5570336	0.4457628	-0.5029917	-0.50603426	-0.5578716	-0.50159776	0.48169097	0.5517996	0.5043213	0.4845991	-0.5088465	-0.52546006	0.50354797	0.560231	-0.4881783	0.55007154	-0.47589275	-0.4527451	0.5142507	-0.53169435	-0.4889696	0.44584864	-0.4600245	0.51645154	0.47648096	-0.49993968	-0.496054	-0.5216426	-0.5099343	0.52987015	-0.4432937	-0.5137121	0.47858062	0.531049	-0.3549885	-0.51027215	-0.418972	-0.48112625	-0.5220602	-0.5577544	0.47428745	-0.50441146	-0.5485848	-0.47214556	-0.5310922	0.5228664	0.39676416	-0.56665784	0.472127	0.55999255	-0.41939694	0.4308566	0.5619921	-0.5164353	0.48046982	0.4626955	-0.475155	-0.50163597	0.5167085	0.4553323	0.4688824	-0.48949972	-0.47751907	0.42048863	0.46733016	-0.45168743	0.459263	0.47054595	0.38754833	0.4659433	0.5468262	0.43581185	-0.51473653	-0.49147633	0.46790883	0.48317868	-0.5168893	0.47773525	-0.4640974	0.4307793	0.46583566	-0.40494278	0.46048617	-0.4886905
-0.3157732	-0.38614023	-0.33419058	0.28502032	-0.32436702	-0.36418828	0.36306518	0.29438907	0.32941443	0.40244892	-0.36488816	-0.36784837	-0.29250306	0.36570787	-0.38523933	-0.32750517	0.3143438	0.286125	-0.38967004	-0.31723303	-0.31005514	-0.36175105	0.33353317	0.38021654	0.39509475	0.24743505	-0.35934588	-0.3148929	0.3491186	0.31336084	-0.2830861	0.36391613	-0.31091306	-0.2667938	0.3626543	-0.3691698	-0.3229464	0.3104718	-0.31275254	0.34471256	0.38366297	-0.35561025	-0.3113652	-0.33300194	-0.3108131	0.35944155	-0.36429808	-0.37573388	0.32577088	0.33479184	-0.19923857	-0.4011269	-0.35080814	-0.36425903	-0.39215103	-0.3006512	0.3591278	-0.32788962	-0.40488133	-0.32342136	-0.36847594	0.2873316	0.23155154	-0.41149685	0.3393884	0.32904372	-0.26638356	0.30864248	0.3418267	-0.38403967	0.31409234	0.32963538	-0.31306434	-0.38784158	0.29927212	0.3207247	0.34997082	-0.30823717	-0.34357056	0.3415578	0.29063883	-0.31485036	0.32417837	0.27202323	0.22052269	0.30102512	0.33585286	0.2745027	-0.37451825	-0.34940973	0.32167014	0.30511707	-0.3005199	0.33593982	-0.37372783	0.32375452	0.40481424	-0.30193543	0.31156743	-0.33655408
-0.12343257	-0.100966744	-0.12418006	0.1389936	-0.13201079	-0.15989307	0.120259844	0.08430092	0.06957606	0.06943986	-0.10573652	-0.08706488	-0.10108997	0.08930739	-0.15453742	-0.09890979	0.119907506	0.097727664	-0.1166552	-0.13292368	-0.13081637	-0.08918005	0.14567819	0.11460846	0.11431851	0.09064892	-0.1279473	-0.13644241	0.10081248	0.07487527	-0.12943473	0.14646836	-0.058967754	-0.09676734	0.08811233	-0.0624814	-0.14542767	0.092391014	-0.13615325	0.12507965	0.07245823	-0.112935066	-0.09452226	-0.10499136	-0.058218107	0.06532056	-0.13949798	-0.108512044	0.13616681	0.14099507	-0.071788214	-0.15003702	-0.063614525	-0.11795119	-0.14986219	-0.15282845	0.08977634	-0.087893516	-0.11223888	-0.13082181	-0.07239541	0.14201124	0.050292674	-0.15878145	0.12383831	0.07140205	-0.07728442	0.10328709	0.14169191	-0.08109425	0.1399505	0.10264891	-0.10298543	-0.07950187	0.057830926	0.10302799	0.11888363	-0.106943205	-0.14970827	0.077874914	0.10941359	-0.069590285	0.07214778	0.078929745	0.09998702	0.10189081	0.109729834	0.1220216	-0.12125218	-0.13270976	0.1012685	0.08309637	-0.1000232	0.085331656	-0.12981324	0.14099844	0.060517278	-0.07667145	0.11065539	-0.11919025
-0.2863035	-0.42594844	-0.44164	0.41652516	-0.4238733	-0.3955317	0.41804457	0.2875501	0.44513825	0.3798308	-0.41011328	-0.46381977	-0.4714018	0.41270238	-0.46653718	-0.44355115	0.43983096	0.31337145	-0.43661952	-0.43672475	-0.39682588	-0.41965267	0.3962437	0.39355525	0.3909232	0.38801286	-0.43001443	-0.33837104	0.41223723	0.4634524	-0.4041396	0.47855264	-0.43008718	-0.3273609	0.39874676	-0.45391366	-0.28781387	0.3365531	-0.41463757	0.36506283	0.44758368	-0.42189816	-0.423329	-0.38212577	-0.3958121	0.43504223	-0.3527124	-0.43981206	0.46712607	0.4121455	-0.28351122	-0.48447472	-0.37147278	-0.3821796	-0.38935173	-0.41140056	0.48030567	-0.4723954	-0.44487107	-0.39230913	-0.4500513	0.36970097	0.2979108	-0.4402371	0.46657714	0.47419688	-0.32571474	0.34346658	0.39645198	-0.4152798	0.35656253	0.44073775	-0.43770477	-0.4423832	0.44933438	0.41602615	0.42321303	-0.428582	-0.36698425	0.2200542	0.34865955	-0.3233251	0.42739463	0.38382664	0.25699165	0.31159988	0.41496038	0.3437387	-0.42726868	-0.43251967	0.3792079	0.44977462	-0.40195724	0.46798968	-0.4292846	0.38046113	0.48109514	-0.2124146	0.3678038	-0.41595447
-0.14091398	-0.2045996	-0.19148822	0.20768747	-0.20854084	-0.19244476	0.17901203	0.15056035	0.18726575	0.17171034	-0.163752	-0.20180613	-0.15986216	0.15394394	-0.19159718	-0.19326782	0.20246534	0.1608118	-0.17762084	-0.15913959	-0.19304642	-0.18083203	0.18164144	0.15406378	0.20427999	0.21463314	-0.23417623	-0.17926182	0.13717167	0.17492947	-0.17805824	0.1982222	-0.18007138	-0.10184825	0.20989919	-0.23724662	-0.21101552	0.1647538	-0.18043825	0.17576422	0.21123481	-0.18116093	-0.2342924	-0.16819036	-0.14705527	0.20679675	-0.15432394	-0.24853007	0.12827772	0.19832397	-0.20197685	-0.20100495	-0.1380312	-0.18905544	-0.18632522	-0.1557894	0.2516164	-0.2269226	-0.16658641	-0.21221864	-0.22237828	0.1775841	0.19275865	-0.16256276	0.24866848	0.15088814	-0.16998214	0.20965363	0.16699381	-0.21132873	0.16459085	0.22283591	-0.24414474	-0.15316474	0.17178129	0.17654853	0.19033912	-0.158835	-0.20972133	0.1254288	0.24707825	-0.112032525	0.24459526	0.15030791	0.13569242	0.16224901	0.1956013	0.23251961	-0.14944541	-0.15178142	0.21889314	0.18783279	-0.20552985	0.16285548	-0.2310936	0.2124941	0.17584446	-0.13857429	0.19635293	-0.17799057
-0.28921327	-0.21394375	-0.17631738	0.21402468	-0.18279774	-0.17942378	0.25284	0.19905463	0.22257131	0.22523664	-0.16543494	-0.20067652	-0.2674025	0.2191429	-0.18611653	-0.23506992	0.22065122	0.18631443	-0.26017877	-0.2230331	-0.26920354	-0.22948109	0.23407093	0.21102378	0.23090857	0.19942914	-0.26714426	-0.19790019	0.24240892	0.24645147	-0.24787913	0.20131183	-0.22725558	-0.19269647	0.22162633	-0.23988785	-0.1831375	0.28340656	-0.20137636	0.2480592	0.23903903	-0.16802517	-0.15538159	-0.26323593	-0.26376697	0.19790256	-0.24681707	-0.24533503	0.20759247	0.15719211	-0.20699663	-0.25745508	-0.19503497	-0.16935162	-0.23484959	-0.27287793	0.1804295	-0.190454	-0.20627175	-0.20412397	-0.27440345	0.27318624	0.20004426	-0.19156113	0.26912358	0.18828985	-0.2196712	0.22466716	0.17588428	-0.26825866	0.26571906	0.23367345	-0.21977575	-0.21435812	0.21641158	0.23968105	0.13997512	-0.17884247	-0.14064606	0.20890208	0.1935687	-0.20091327	0.28271398	0.24217749	0.22961293	0.23652068	0.27832094	0.20352535	-0.1888696	-0.16238526	0.26261556	0.24171805	-0.24943677	0.2616378	-0.24054602	0.22373542	0.21613504	-0.16256386	0.23695005	-0.15054321
-0.4020445	-0.4160984	-0.4092609	0.48716936	-0.41329524	-0.4084	0.42764238	0.46756515	0.4544249	0.42130545	-0.43272528	-0.44963014	-0.4420403	0.48147994	-0.43110704	-0.43697324	0.48545668	0.47755268	-0.46663842	-0.41436824	-0.46392033	-0.4793333	0.49291983	0.44040456	0.487132	0.50149053	-0.43067876	-0.4927535	0.43936986	0.41480517	-0.4752589	0.49097225	-0.4177256	-0.41419095	0.45042694	-0.47949916	-0.4660675	0.42727807	-0.46247384	0.47860974	0.40690476	-0.44313657	-0.45989344	-0.4769855	-0.43196613	0.45888424	-0.44256335	-0.42581823	0.48481157	0.49805433	-0.4748253	-0.5005221	-0.46410933	-0.43525964	-0.47237182	-0.47075444	0.4608179	-0.43369392	-0.43181816	-0.4640283	-0.50394773	0.41704968	0.40536666	-0.49732766	0.42549074	0.47392043	-0.4603553	0.4620293	0.5063244	-0.436242	0.42328498	0.4588497	-0.4733455	-0.44073924	0.49117	0.48911247	0.42282972	-0.47994432	-0.48074275	0.4273442	0.43330318	-0.43440077	0.47372693	0.41357172	0.43563375	0.42116258	0.4935348	0.41314623	-0.4353467	-0.4494263	0.41122735	0.410571	-0.4232519	0.37960592	-0.4185974	0.470987	0.474855	-0.45461527	0.47289473	-0.49507183
-0.13150968	-0.19748959	-0.17531522	0.18079129	-0.16531673	-0.10733492	0.105339564	0.13018426	0.14463636	0.10839956	-0.14400317	-0.14682655	-0.15072401	0.15710564	-0.19366378	-0.1685172	0.18110621	0.12855633	-0.11182013	-0.17820545	-0.121373564	-0.1743129	0.11702522	0.18150552	0.12743098	0.114281915	-0.17852613	-0.17034012	0.09835654	0.15147583	-0.19165805	0.12981556	-0.151981	-0.13863263	0.11787534	-0.13278629	-0.16838855	0.19829455	-0.14260086	0.10673203	0.08716093	-0.15744485	-0.16557617	-0.16396502	-0.13125673	0.10918176	-0.10667686	-0.10949426	0.11676448	0.1550189	-0.14606859	-0.12880394	-0.11465668	-0.12009526	-0.15874968	-0.1617041	0.15795937	-0.15993266	-0.11154434	-0.16565765	-0.10330969	0.11040417	0.1362235	-0.14352185	0.13530973	0.18028101	-0.12165741	0.12343299	0.18396105	-0.15915559	0.1694136	0.19226278	-0.13527676	-0.12958089	0.12782034	0.124521926	0.13682063	-0.10488376	-0.17981112	0.16246001	0.11671606	-0.19790997	0.13225375	0.18961702	0.17999361	0.10954857	0.1064732	0.18276715	-0.14135344	-0.16691245	0.14950396	0.13340613	-0.1273968	0.13986735	-0.19790478	0.10763935	0.109424755	-0.18088916	0.17526606	-0.18031393
-0.3681966	-0.38853225	-0.34586698	0.32111415	-0.30191064	-0.2762219	0.3810033	0.3223087	0.3447697	0.31085113	-0.32364014	-0.36913568	-0.29740757	0.35510796	-0.3282105	-0.3715181	0.388947	0.33387798	-0.3153334	-0.33362404	-0.35031083	-0.31875888	0.33965746	0.39214236	0.35785767	0.35613158	-0.35151747	-0.36014855	0.336687	0.38970447	-0.33734366	0.32119045	-0.37239563	-0.37859643	0.30854803	-0.30181968	-0.29392868	0.3074568	-0.30335692	0.3581544	0.31314772	-0.3386119	-0.31787893	-0.30776235	-0.37113455	0.31313008	-0.38182503	-0.30817667	0.3704922	0.3177648	-0.3842814	-0.3765951	-0.32688314	-0.31414708	-0.30910707	-0.37157026	0.3721153	-0.3712625	-0.29481113	-0.31183407	-0.37885907	0.33440885	0.3279017	-0.32358328	0.30487385	0.32277033	-0.31656334	0.30900928	0.32622907	-0.35224104	0.3154169	0.35740063	-0.37309268	-0.37556043	0.34409642	0.37731743	0.36204922	-0.34916297	-0.3619565	0.3370656	0.37990153	-0.3691057	0.3893316	0.37142903	0.31043664	0.31654406	0.35205913	0.31150168	-0.32876113	-0.34641063	0.37866274	0.38200203	-0.35612243	0.2269388	-0.33822057	0.33288556	0.32038268	-0.30020875	0.32162264	-0.38526163
-0.26933396	-0.2103146	-0.16809082	0.25975698	-0.20190878	-0.24055193	0.23434174	0.2019462	0.22600326	0.24324	-0.24790925	-0.21785036	-0.18334535	0.18255053	-0.24389029	-0.16295923	0.17486611	0.24769622	-0.19691172	-0.18429807	-0.2431519	-0.24723524	0.26443982	0.23812132	0.16465999	0.20365448	-0.25021243	-0.17381656	0.18330844	0.25666732	-0.25377002	0.16928838	-0.2510963	-0.20590043	0.1787592	-0.17756331	-0.213331	0.25610104	-0.19555213	0.24549617	0.18981639	-0.18975893	-0.18673335	-0.25093523	-0.1949747	0.16356632	-0.16772206	-0.19527729	0.19246571	0.16452664	-0.17671937	-0.19875853	-0.19703247	-0.24153896	-0.16745213	-0.22893889	0.25903702	-0.18460351	-0.2202194	-0.2644794	-0.22409289	0.23622763	0.18192701	-0.20987977	0.19614501	0.1857	-0.22032924	0.21359998	0.16454355	-0.19307959	0.18055971	0.19759794	-0.23481832	-0.19026569	0.16797149	0.20439582	0.2641037	-0.21911223	-0.20385551	0.16040967	0.24774548	-0.21403654	0.24961823	0.21666089	0.2661607	0.17428838	0.16982655	0.17651972	-0.2448369	-0.24293047	0.16682445	0.20549525	-0.19908494	0.1847571	-0.2041889	0.19149463	0.17261757	-0.24239095	0.22365375	-0.18083963
-0.52133036	-0.5462025	-0.5049927	0.49102625	-0.5560206	-0.49115157	0.49258032	0.49124768	0.5218869	0.53492856	-0.47122785	-0.5116211	-0.45212072	0.46777853	-0.46346185	-0.5318372	0.50828713	0.48887444	-0.48056138	-0.5596178	-0.48800924	-0.50356275	0.5539043	0.5527859	0.5445583	0.4795679	-0.5532841	-0.56384224	0.45669645	0.5425628	-0.51755726	0.49936312	-0.5515214	-0.5035653	0.5064754	-0.5119498	-0.47132868	0.54007	-0.4601614	0.47464937	0.48403257	-0.49410257	-0.5509625	-0.5054109	-0.525069	0.47740847	-0.5336827	-0.5066682	0.46870133	0.4698084	-0.5072738	-0.56427026	-0.47695994	-0.4897985	-0.5545078	-0.5400129	0.5446703	-0.5396161	-0.49115363	-0.48496908	-0.47984186	0.53733575	0.5078052	-0.54482627	0.56368876	0.49132922	-0.49093875	0.49085036	0.54207796	-0.499224	0.48167956	0.51117516	-0.51348996	-0.50811076	0.48697886	0.5597149	0.5285925	-0.5398954	-0.4663908	0.51082355	0.5449216	-0.48208663	0.5677238	0.46723193	0.4886906	0.5144754	0.5249971	0.5735804	-0.55101264	-0.5440603	0.54016167	0.50908184	-0.5428451	0.40331408	-0.51784235	0.47422123	0.5718182	-0.54127437	0.5515051	-0.54267913
-0.1488262	-0.1312209	-0.15386872	0.19479328	-0.17279789	-0.17567864	0.1974662	0.14782433	0.17721793	0.17220218	-0.14816208	-0.16941321	-0.12594365	0.123353146	-0.19227886	-0.17257726	0.10388323	0.12604609	-0.1694085	-0.14901808	-0.1517566	-0.206869	0.14862388	0.16672504	0.12149781	0.19238564	-0.13091888	-0.16208234	0.16621481	0.10318542	-0.111362524	0.15244329	-0.19654453	-0.16317305	0.1431889	-0.19179918	-0.14845484	0.1712804	-0.11884733	0.15391944	0.15955028	-0.10946082	-0.18356025	-0.12820597	-0.17283568	0.095053285	-0.186438	-0.120505355	0.1326582	0.10774813	-0.20636274	-0.15233524	-0.13496464	-0.16274087	-0.15099582	-0.1802633	0.16648872	-0.118854105	-0.17622563	-0.17353313	-0.19351952	0.1505267	0.14078438	-0.16668102	0.17878258	0.19714233	-0.12768228	0.19027802	0.112625256	-0.18630469	0.13291709	0.18750876	-0.14970614	-0.16216286	0.17460361	0.13408718	0.17845677	-0.17155157	-0.16172358	0.23494087	0.18438938	-0.13547218	0.10851483	0.15625934	0.16028643	0.15815474	0.14768267	0.1282007	-0.17091931	-0.15189876	0.17304687	0.17722544	-0.17058046	0.08171262	-0.1478057	0.12433533	0.14675042	-0.19134383	0.21700785	-0.08561805
-0.37412307	-0.34932923	-0.39885902	0.32233045	-0.39908147	-0.35760266	0.31799176	0.35730186	0.39254448	0.3520357	-0.3925856	-0.36466503	-0.4018975	0.36896092	-0.346943	-0.3968875	0.39270544	0.3282357	-0.40421137	-0.36005214	-0.32921448	-0.41149378	0.4076728	0.32869005	0.34050012	0.4208988	-0.37616584	-0.37112206	0.3529408	0.3858021	-0.41228452	0.3238566	-0.35429695	-0.40758932	0.3414278	-0.38079184	-0.35275245	0.3235605	-0.37572145	0.3355851	0.31533355	-0.3845435	-0.36758116	-0.37229714	-0.31967953	0.35899994	-0.40173298	-0.39240858	0.37409112	0.31607282	-0.3947804	-0.35245702	-0.36480856	-0.35329005	-0.36747906	-0.33780068	0.39192882	-0.3384649	-0.33224505	-0.39085954	-0.41637236	0.37172428	0.39418963	-0.38671875	0.40913445	0.33339566	-0.37207213	0.36146826	0.34249067	-0.33172017	0.35240647	0.3807664	-0.37527683	-0.39864787	0.39172333	0.3339802	0.36895362	-0.37401977	-0.36857212	0.37826997	0.38884476	-0.34293255	0.38850462	0.412625	0.38483998	0.37256175	0.33329815	0.3617786	-0.38617024	-0.32438466	0.33251676	0.36893895	-0.34114054	0.3598639	-0.3966617	0.32167327	0.3517617	-0.3239316	0.34181172	-0.3528094
-0.34279168	-0.28755113	-0.33634987	0.34675393	-0.3497501	-0.25140697	0.3044462	0.34099448	0.34998897	0.30785072	-0.32424793	-0.37181404	-0.35664988	0.3552818	-0.2803907	-0.35824797	0.29239643	0.31665182	-0.27106965	-0.33135515	-0.28220344	-0.3062195	0.2805469	0.29752344	0.35226157	0.33327222	-0.32271233	-0.309927	0.31189272	0.34469774	-0.3148877	0.33782458	-0.36425337	-0.27815107	0.33625734	-0.31918177	-0.30278656	0.33774257	-0.35781252	0.36282212	0.30035025	-0.3284835	-0.31561974	-0.3115944	-0.3644661	0.29879615	-0.30594504	-0.33563396	0.2817394	0.2529832	-0.3370704	-0.3241873	-0.31181583	-0.38359717	-0.27932578	-0.37701324	0.28874633	-0.26940095	-0.2984734	-0.32834062	-0.37687236	0.36680022	0.37380615	-0.3062484	0.37539333	0.31459674	-0.30884218	0.37083846	0.3473771	-0.3110579	0.29659873	0.3182197	-0.3315618	-0.34131455	0.34540883	0.36840293	0.3446571	-0.38320416	-0.2837499	0.3275566	0.30165178	-0.3712133	0.3848803	0.3572114	0.30602467	0.36767438	0.34105518	0.37536737	-0.33927587	-0.34049267	0.3627133	0.3639441	-0.34590277	0.31560442	-0.31313705	0.29875845	0.27774882	-0.28813693	0.33878034	-0.35051712
-0.54464436	-0.54671496	-0.4798335	0.5751631	-0.48780963	-0.5070701	0.46895653	0.46092027	0.5028403	0.5113921	-0.50373536	-0.48344666	-0.5425296	0.5153577	-0.50170916	-0.5331333	0.47301364	0.49037564	-0.548743	-0.5227172	-0.5726145	-0.57591367	0.5036337	0.47777453	0.5173592	0.54125684	-0.55248266	-0.53924185	0.49922508	0.4926354	-0.53554296	0.50778246	-0.47945285	-0.466727	0.5406745	-0.48914182	-0.48870474	0.5021994	-0.45694023	0.4896664	0.56770194	-0.5619762	-0.5049838	-0.540904	-0.565249	0.54927874	-0.4775833	-0.5476202	0.54980737	0.51889443	-0.48742297	-0.49645448	-0.4472816	-0.5129374	-0.4696427	-0.51010513	0.4845142	-0.49156114	-0.5235508	-0.5021112	-0.5700463	0.5425029	0.51192766	-0.49248964	0.5071828	0.53748155	-0.51830316	0.51011443	0.54403305	-0.501367	0.48221484	0.5604773	-0.51007366	-0.48852247	0.5195152	0.47732547	0.46779823	-0.4836235	-0.45270675	0.41765478	0.46565866	-0.4591771	0.5119466	0.5054739	0.46721703	0.47863707	0.51265836	0.5365366	-0.4909548	-0.50449854	0.48099664	0.51842886	-0.5543888	0.48940682	-0.55104434	0.48949024	0.4882407	-0.42294157	0.54849625	-0.5826581
-0.58579934	-0.5988998	-0.60581034	0.61227316	-0.527925	-0.5585694	0.5398877	0.5469153	0.6025518	0.5912849	-0.5973663	-0.6340622	-0.634506	0.6059146	-0.5576526	-0.5778996	0.63231456	0.546021	-0.54537064	-0.55748075	-0.62141436	-0.59095055	0.58934593	0.5667661	0.6347634	0.5324109	-0.56979614	-0.53318614	0.5978006	0.5910955	-0.5441154	0.624313	-0.6044205	-0.5624361	0.6127619	-0.5425044	-0.50649214	0.5777217	-0.5910089	0.5966544	0.6272689	-0.5649431	-0.5362774	-0.59001154	-0.5812843	0.53635246	-0.549298	-0.57746595	0.53461945	0.53167534	-0.5751559	-0.5905054	-0.54072165	-0.56962943	-0.5903807	-0.5493898	0.61419636	-0.59574306	-0.5672498	-0.567675	-0.6019929	0.52875614	0.5505432	-0.58766836	0.6320002	0.5970482	-0.5560591	0.61550164	0.5737947	-0.6359943	0.55576813	0.5756154	-0.57679164	-0.5600443	0.6142052	0.62893784	0.5355474	-0.6062947	-0.5368819	0.5386665	0.5807758	-0.574692	0.5332044	0.5960757	0.55955523	0.6241151	0.5738939	0.6038266	-0.59609175	-0.5216791	0.62057436	0.52671313	-0.5865076	0.5796996	-0.6301778	0.53764063	0.6156434	-0.52290535	0.5514141	-0.6264976
-0.58772093	-0.64929456	-0.651878	0.7216823	-0.5981121	-0.67619413	0.66465753	0.5483242	0.7056025	0.64708	-0.63986105	-0.6446729	-0.6986145	0.6723931	-0.63510484	-0.6593213	0.66264015	0.60003287	-0.69700253	-0.67000985	-0.67084223	-0.7062411	0.6420534	0.6968377	0.6681997	0.62305754	-0.7129795	-0.6353064	0.7474789	0.6955337	-0.6859287	0.670425	-0.6699999	-0.5101904	0.65276945	-0.6924091	-0.55684996	0.624847	-0.58383626	0.64274645	0.75951576	-0.6682689	-0.6780701	-0.6225855	-0.6406163	0.6385854	-0.6228123	-0.665465	0.7511478	0.70405376	-0.58040375	-0.7455521	-0.6109718	-0.6936363	-0.7002118	-0.72331053	0.70555985	-0.74154234	-0.72030896	-0.6351355	-0.62626743	0.63941455	0.6093026	-0.70737857	0.7287304	0.7028655	-0.62526	0.565889	0.677557	-0.6715577	0.6317228	0.7145813	-0.64374703	-0.686187	0.6355325	0.6295765	0.6520284	-0.7035143	-0.6379822	0.5449078	0.58098096	-0.554957	0.62087893	0.60761845	0.51451486	0.6240385	0.6834636	0.55030525	-0.69643575	-0.6782731	0.6759167	0.6904744	-0.697375	0.76290935	-0.60858655	0.66410565	0.73161507	-0.5114659	0.6597978	-0.6754215
-0.5956071	-0.6201651	-0.6345471	0.6967145	-0.6166016	-0.63800246	0.56098694	0.60729426	0.65830886	0.660406	-0.59417	-0.6437816	-0.6629396	0.57594013	-0.6843285	-0.6614562	0.67221653	0.59653085	-0.67027754	-0.62060726	-0.64699745	-0.701199	0.6561569	0.6389985	0.63242257	0.62190354	-0.69943136	-0.67015207	0.68559694	0.6132064	-0.65422237	0.6913424	-0.6306506	-0.5104804	0.62503093	-0.6207176	-0.5106573	0.6475426	-0.6225116	0.60531974	0.6378458	-0.6413767	-0.6350952	-0.68019855	-0.66706145	0.6165009	-0.55735797	-0.69329786	0.67981523	0.5562291	-0.56526726	-0.6435427	-0.6047585	-0.6409621	-0.68762577	-0.6685744	0.6711428	-0.6815349	-0.58711654	-0.68098843	-0.67758876	0.65705335	0.6015484	-0.67012894	0.6747467	0.67317957	-0.61806333	0.6232616	0.6507001	-0.6652267	0.60959834	0.6624026	-0.67182136	-0.670156	0.65749913	0.6409047	0.6253795	-0.63622653	-0.5689418	0.567204	0.6645117	-0.580219	0.6537488	0.5981621	0.56274194	0.640733	0.6275468	0.6890551	-0.57485425	-0.6118033	0.63213974	0.6460327	-0.6380854	0.6322285	-0.6726265	0.67290556	0.675741	-0.5360078	0.64640045	-0.65511215
-0.674498	-0.6912721	-0.62617064	0.68853307	-0.6302127	-0.6279844	0.58814514	0.58091974	0.6533813	0.59464264	-0.6635683	-0.6756468	-0.63681185	0.5902384	-0.6643774	-0.5853191	0.6582286	0.6796677	-0.6591838	-0.6006725	-0.6527181	-0.5927545	0.6386746	0.58337194	0.67023546	0.69223636	-0.62879324	-0.6115944	0.61119705	0.6124129	-0.6553036	0.59690434	-0.6265342	-0.5952857	0.5994351	-0.59628576	-0.6172705	0.60497636	-0.62641156	0.64222914	0.68306196	-0.5718913	-0.6045008	-0.66768044	-0.6234928	0.6519522	-0.60570407	-0.5982749	0.6579259	0.6096693	-0.64234567	-0.5877172	-0.6814349	-0.67323846	-0.6302485	-0.59253716	0.61875004	-0.61773604	-0.6615984	-0.6024836	-0.5995371	0.6014323	0.6045343	-0.59432405	0.6042472	0.632233	-0.59185004	0.6320546	0.63283426	-0.63414305	0.6536015	0.60838413	-0.65684795	-0.6400898	0.6572566	0.6164822	0.62205	-0.6255761	-0.56942683	0.5534761	0.6685256	-0.58952546	0.66523486	0.60645694	0.66234136	0.6281812	0.59382385	0.68604684	-0.59606	-0.6313445	0.6111539	0.6202156	-0.6867073	0.69249046	-0.6271176	0.60631615	0.5991255	-0.6233258	0.65632206	-0.60359854
-0.44266447	-0.5404396	-0.57407975	0.56064785	-0.5742181	-0.5538534	0.52119917	0.46929714	0.5820621	0.57706916	-0.56839764	-0.56611836	-0.5889644	0.53285855	-0.5812755	-0.615676	0.57757664	0.5419307	-0.57172704	-0.58334154	-0.54772764	-0.5742531	0.50678396	0.58478606	0.5242107	0.5331354	-0.50215274	-0.56361914	0.5647584	0.56427234	-0.56187856	0.57865614	-0.54750794	-0.44086388	0.5448348	-0.53201574	-0.48214617	0.52634275	-0.5389687	0.5078762	0.58399	-0.59040856	-0.52849966	-0.55825555	-0.5542296	0.5936165	-0.47788945	-0.5114639	0.5966044	0.5885417	-0.48267496	-0.5191862	-0.5006197	-0.54002327	-0.5847598	-0.55768347	0.4958334	-0.62791157	-0.5288322	-0.46378466	-0.55508715	0.47691727	0.46664482	-0.5763419	0.53843135	0.5633755	-0.53931314	0.5103395	0.5366245	-0.5188579	0.56019837	0.5181851	-0.47550386	-0.5749061	0.5758	0.5532177	0.5755074	-0.51498044	-0.5477766	0.44892436	0.49364224	-0.4343982	0.57958925	0.54994655	0.4135582	0.5911825	0.5216153	0.5164328	-0.508102	-0.5589895	0.57018226	0.51542866	-0.59610665	0.55735123	-0.52074254	0.52813745	0.5620987	-0.39761636	0.49662	-0.56412363
-0.44924262	-0.4565948	-0.35607296	0.4584529	-0.3492419	-0.40026858	0.34047455	0.4184678	0.43242186	0.42501658	-0.3943918	-0.38356498	-0.40348026	0.43095335	-0.4304304	-0.42510194	0.43231335	0.43390843	-0.35653126	-0.36982813	-0.37666327	-0.46628276	0.40589154	0.4491552	0.41882956	0.4260166	-0.39767897	-0.43974262	0.39864403	0.4393525	-0.3605541	0.37696105	-0.40249065	-0.32728937	0.4394999	-0.39361435	-0.352076	0.3985498	-0.41723782	0.41752848	0.4670534	-0.44238818	-0.35614386	-0.41731405	-0.44803667	0.41294035	-0.35175458	-0.36471024	0.36982426	0.38540572	-0.3376194	-0.37686503	-0.363487	-0.3805609	-0.40851584	-0.4144989	0.4242298	-0.46319628	-0.44478637	-0.41220382	-0.3968531	0.39604113	0.4082276	-0.4183631	0.3720979	0.44770756	-0.37908518	0.395033	0.39492574	-0.42167187	0.37523636	0.4556956	-0.3946527	-0.3670726	0.4401043	0.35342333	0.3950476	-0.43542412	-0.39414707	0.34378946	0.4142582	-0.43658352	0.44123316	0.41435903	0.34219962	0.4470527	0.41736954	0.4376321	-0.36604512	-0.4443653	0.35908312	0.40914702	-0.4246416	0.41236317	-0.37338755	0.419728	0.45001268	-0.32566845	0.41683537	-0.3926555
-0.50954115	-0.593416	-0.568897	0.5725138	-0.5533928	-0.55091935	0.50927585	0.5126704	0.56315416	0.5567454	-0.56272423	-0.5711302	-0.5911602	0.5061627	-0.5504936	-0.55560935	0.5371993	0.58121365	-0.5897245	-0.5868841	-0.55832845	-0.5450878	0.5566876	0.5297144	0.5554414	0.610242	-0.57549566	-0.5157258	0.5568495	0.5954149	-0.6097823	0.58763015	-0.57764256	-0.5020041	0.58273697	-0.5638716	-0.52407	0.61024266	-0.5927411	0.58267295	0.54882795	-0.54667175	-0.54568374	-0.599336	-0.56051034	0.55499893	-0.47516686	-0.54995173	0.5475176	0.5882431	-0.5506672	-0.58911026	-0.56452197	-0.59570247	-0.5894882	-0.607335	0.58658797	-0.55329365	-0.5077448	-0.52291083	-0.5252017	0.5412723	0.5751192	-0.5290125	0.55629635	0.6106524	-0.6010537	0.59680754	0.5752503	-0.57344025	0.5559991	0.51794815	-0.5376248	-0.5557777	0.55165035	0.59064883	0.5329142	-0.6023022	-0.5334758	0.5168298	0.5820924	-0.5161089	0.5284912	0.5414344	0.5136349	0.5216294	0.5907019	0.520253	-0.50463444	-0.55157727	0.584046	0.59797716	-0.5978092	0.51735955	-0.57059574	0.5911125	0.5954883	-0.5729214	0.52612424	-0.5306602
-0.4031657	-0.32623774	-0.31738833	0.3988028	-0.33394998	-0.3710936	0.39257076	0.35579816	0.33390984	0.36478916	-0.38956064	-0.36944634	-0.35814768	0.31000873	-0.33342656	-0.37024206	0.33891493	0.40549195	-0.3871535	-0.32281044	-0.3600596	-0.38953015	0.339036	0.32251766	0.34471846	0.41455624	-0.36831674	-0.3589445	0.40981728	0.39257795	-0.3714568	0.40538433	-0.32860968	-0.3740194	0.38166648	-0.3586857	-0.4016465	0.38429716	-0.39705527	0.37395176	0.33334854	-0.32276464	-0.32938212	-0.39273196	-0.3275095	0.4040806	-0.32497063	-0.3310105	0.32209098	0.3314578	-0.34904528	-0.33427128	-0.40391955	-0.39610216	-0.33018315	-0.36448207	0.39169824	-0.33523145	-0.35901713	-0.34108555	-0.3752753	0.38461974	0.35395384	-0.36709434	0.32391426	0.34645393	-0.38965037	0.34884402	0.34292492	-0.3941738	0.34512758	0.35233265	-0.38350138	-0.403642	0.38782886	0.33098218	0.36627868	-0.32180533	-0.3327335	0.360551	0.37392467	-0.3409263	0.3413066	0.39551818	0.3775204	0.371761	0.3874958	0.32461554	-0.3978814	-0.32020104	0.39409027	0.37419403	-0.34640327	0.35400718	-0.36466312	0.4087142	0.36703992	-0.3280353	0.3330774	-0.33075726
-0.4562759	-0.50921506	-0.49260676	0.4478359	-0.4907671	-0.50656575	0.4242649	0.45114407	0.4509575	0.5260027	-0.4298458	-0.5204039	-0.4944688	0.45994908	-0.45276368	-0.508742	0.4530352	0.45863906	-0.50920105	-0.48505232	-0.47284618	-0.46212488	0.45949975	0.49292946	0.4899218	0.4657466	-0.47228295	-0.4901787	0.46094677	0.53489923	-0.5312104	0.48412898	-0.5124969	-0.4793112	0.45592842	-0.48090208	-0.4824962	0.49741164	-0.52141017	0.4372587	0.4507	-0.46862596	-0.46058562	-0.44587457	-0.4988859	0.48000556	-0.48324785	-0.45058548	0.46152252	0.4667333	-0.44874617	-0.47601604	-0.52229553	-0.50374925	-0.5193337	-0.50352776	0.4879615	-0.45349893	-0.46523795	-0.5228521	-0.47573572	0.49675554	0.44623744	-0.46274313	0.4433967	0.45162395	-0.45663947	0.47071674	0.522562	-0.43043122	0.43735018	0.5014253	-0.46983624	-0.4371933	0.4563366	0.52298963	0.43680656	-0.47007984	-0.47282338	0.3872259	0.47006947	-0.4247129	0.4431078	0.51039934	0.5110747	0.49591416	0.50711614	0.4849297	-0.47949186	-0.4490028	0.4868826	0.51066166	-0.47550136	0.44641817	-0.5247271	0.51734984	0.48234335	-0.46261114	0.44615725	-0.46784806
-0.5051505	-0.5271602	-0.51936823	0.52592003	-0.50150156	-0.46664998	0.4978784	0.48593363	0.5384535	0.5188015	-0.5504115	-0.58477604	-0.5436643	0.5543129	-0.5447387	-0.5849636	0.56860274	0.5750181	-0.5384611	-0.5282963	-0.6130091	-0.59392446	0.5951138	0.5530115	0.5312086	0.55321956	-0.50040066	-0.5634493	0.593114	0.5768566	-0.51097155	0.6112207	-0.5553078	-0.53636134	0.5000941	-0.501019	-0.5408475	0.549853	-0.5628453	0.5812307	0.50204194	-0.5751176	-0.52852565	-0.55263263	-0.5206176	0.5102127	-0.57794935	-0.5883141	0.51211095	0.51258683	-0.5189345	-0.5174251	-0.55980027	-0.5317151	-0.58188945	-0.52020997	0.5725642	-0.50129265	-0.5438232	-0.51336443	-0.54237217	0.5235407	0.55360854	-0.5983417	0.52747107	0.5605324	-0.48288503	0.5620705	0.5343768	-0.603239	0.5532773	0.5160272	-0.6091927	-0.587136	0.5795859	0.5176283	0.57967234	-0.5662769	-0.5618106	0.47534668	0.51983315	-0.5058225	0.53921926	0.5180024	0.5076873	0.52240855	0.51984876	0.52339554	-0.53243655	-0.58735234	0.5685358	0.55128837	-0.53549224	0.48304942	-0.5303141	0.5386037	0.58236283	-0.4972632	0.51393855	-0.60435426
-0.2939667	-0.30729586	-0.33393216	0.2725711	-0.25149265	-0.3286639	0.29167306	0.29211652	0.32072595	0.34261832	-0.3659474	-0.32744625	-0.32420295	0.3134051	-0.276192	-0.3623988	0.31086227	0.2691262	-0.3432574	-0.28590894	-0.33631977	-0.28683177	0.31598046	0.35443142	0.2920411	0.30753148	-0.34830102	-0.28431016	0.33334076	0.27585387	-0.33790866	0.28002688	-0.3635933	-0.26560837	0.2923313	-0.27856156	-0.26245505	0.31545535	-0.33348137	0.30628577	0.31867692	-0.32993788	-0.33879846	-0.31037837	-0.32631797	0.3412386	-0.3145761	-0.2744153	0.31792122	0.3172946	-0.30113965	-0.34785587	-0.26284552	-0.27346656	-0.29750875	-0.27863017	0.28298804	-0.32419735	-0.3475341	-0.2667014	-0.2889085	0.2940646	0.25794387	-0.2834116	0.34369624	0.2910331	-0.25092837	0.33872107	0.3267012	-0.28166264	0.2610664	0.31052402	-0.3174704	-0.2896759	0.3367066	0.29666713	0.28228116	-0.3539381	-0.30289266	0.26388884	0.29269543	-0.25127208	0.26776296	0.27095857	0.33449575	0.3429549	0.31269813	0.34030658	-0.3526532	-0.2846978	0.3112542	0.34701785	-0.27798748	0.3158777	-0.31444904	0.26558232	0.3666548	-0.315543	0.3217843	-0.30005914
-0.49108982	-0.5453044	-0.52887636	0.55442065	-0.4994613	-0.45880726	0.5494011	0.49884558	0.50659287	0.53501934	-0.5187552	-0.5536415	-0.44222823	0.5037526	-0.5248271	-0.5328555	0.54262686	0.5133595	-0.5752927	-0.515829	-0.5780616	-0.5302702	0.5174649	0.5530145	0.5523127	0.5957441	-0.52799433	-0.5210787	0.50082666	0.526982	-0.5493993	0.49556014	-0.4993931	-0.522998	0.5803611	-0.5275438	-0.42617428	0.5312788	-0.49836096	0.4802413	0.49746507	-0.5669051	-0.50211245	-0.49640527	-0.5385767	0.5319953	-0.47959512	-0.4947677	0.54517627	0.5310002	-0.4587857	-0.55065626	-0.47323275	-0.50641215	-0.5452634	-0.5085969	0.56079465	-0.5157082	-0.5235629	-0.52162546	-0.5858528	0.5522249	0.49835253	-0.5358627	0.49484444	0.5256798	-0.47465822	0.5254541	0.54586583	-0.5817142	0.5324097	0.55336106	-0.57916266	-0.5495438	0.5626279	0.52842045	0.4894588	-0.52051467	-0.49356416	0.43025482	0.49456444	-0.539798	0.5926579	0.50736773	0.4511017	0.5157786	0.5699598	0.49068817	-0.49338803	-0.46130347	0.50011027	0.4806409	-0.5305661	0.33055142	-0.57218903	0.57094157	0.58314574	-0.43375316	0.48659268	-0.5258375
-0.33756977	-0.35839033	-0.33168614	0.32038903	-0.33970028	-0.3198796	0.3615641	0.36065874	0.4176942	0.3637401	-0.40354598	-0.40707445	-0.38541195	0.3764832	-0.36865783	-0.33557528	0.34289008	0.33937338	-0.3245114	-0.32388347	-0.3473337	-0.39139363	0.40420213	0.34672838	0.36361843	0.32925424	-0.39894208	-0.3399568	0.3887596	0.39264143	-0.32848692	0.3343675	-0.34692475	-0.35858828	0.41061285	-0.3529227	-0.3594988	0.37349758	-0.38766477	0.36935264	0.35179216	-0.3709056	-0.41085225	-0.35085276	-0.37197196	0.38487896	-0.30728978	-0.41110986	0.39187947	0.39102137	-0.33198887	-0.3536271	-0.40087873	-0.3958937	-0.40519655	-0.39520717	0.33146486	-0.32171273	-0.3474137	-0.32008326	-0.32123595	0.32049996	0.38458496	-0.3532394	0.40583658	0.3382071	-0.36660656	0.39795226	0.327277	-0.3742667	0.3163413	0.39355612	-0.3256689	-0.34052125	0.40141386	0.34495077	0.31484625	-0.35221657	-0.3607149	0.34970394	0.36261037	-0.36294433	0.33479095	0.38263953	0.3051503	0.32085428	0.4072673	0.34587047	-0.3289546	-0.3910945	0.3310265	0.39672598	-0.33149615	0.33368617	-0.39897057	0.38820475	0.3364437	-0.33505055	0.3156398	-0.3365987
-0.35805106	-0.38835117	-0.38568115	0.38491485	-0.33610648	-0.31609046	0.3426594	0.36475074	0.33318058	0.31759384	-0.32709342	-0.30622214	-0.32198602	0.38156733	-0.28501204	-0.36530745	0.33517087	0.33545464	-0.34044015	-0.28629616	-0.34952545	-0.32000557	0.36388412	0.30893096	0.2959542	0.34541163	-0.31253573	-0.32939026	0.30126956	0.30452135	-0.36768496	0.3753156	-0.32837388	-0.31321886	0.3349178	-0.27159217	-0.3552869	0.32315567	-0.30003563	0.2924839	0.26968688	-0.33671665	-0.28288922	-0.31090707	-0.30498448	0.27726513	-0.2670119	-0.37218502	0.35268945	0.34814048	-0.3692752	-0.35868177	-0.3140095	-0.3637951	-0.28972656	-0.32153878	0.3120256	-0.33556473	-0.31431755	-0.37636098	-0.34347802	0.31423163	0.38041395	-0.30662158	0.33535528	0.37971026	-0.36008784	0.30358377	0.33395916	-0.3196387	0.3390313	0.37607476	-0.33782732	-0.30551562	0.30278748	0.36749896	0.36620557	-0.36761597	-0.35789576	0.36224812	0.31001016	-0.33976388	0.35884458	0.33403605	0.37716252	0.32524982	0.3126127	0.35025483	-0.3430169	-0.35112473	0.35497203	0.3039221	-0.38683236	0.34333926	-0.33601186	0.33675635	0.37063742	-0.29998276	0.3404311	-0.32960546
-0.435649	-0.40063795	-0.47194272	0.40892252	-0.42684853	-0.36769903	0.42603764	0.39639923	0.41273797	0.47452247	-0.45475444	-0.3946083	-0.4841702	0.4210371	-0.45544407	-0.3944585	0.4503885	0.4481162	-0.45551506	-0.44922113	-0.4094094	-0.43720886	0.4608565	0.44172546	0.40548143	0.41807422	-0.49057052	-0.4553551	0.40580732	0.4622079	-0.42683232	0.3884704	-0.43664056	-0.41095307	0.44249654	-0.4033216	-0.38361022	0.40037936	-0.41559154	0.44159207	0.42237806	-0.44679394	-0.40687755	-0.41252977	-0.40798467	0.411629	-0.39312798	-0.4318425	0.4124607	0.37131095	-0.48052955	-0.49258637	-0.429161	-0.47433478	-0.3975662	-0.43842205	0.39298013	-0.41542065	-0.37448287	-0.4223611	-0.4636469	0.41490093	0.4811647	-0.463331	0.41813242	0.45367932	-0.40115568	0.41542864	0.40055418	-0.4683065	0.4060455	0.41172028	-0.43709743	-0.4005557	0.4637412	0.39751464	0.43793947	-0.39544892	-0.38755214	0.38436732	0.43241856	-0.44172192	0.39601108	0.39810595	0.40400434	0.5045908	0.4139976	0.485048	-0.3828981	-0.4135978	0.4557659	0.3989756	-0.4322574	0.4161661	-0.4422073	0.4135751	0.47609094	-0.41584972	0.44148543	-0.4665378
-0.0519797	-0.06346276	-0.079317145	-0.009144682	0.005855364	-0.03683395	-0.0039955657	0.01926781	0.0070749396	0.0811295	-0.07795364	-0.06487122	-0.021691417	0.04359476	-0.04293865	0.002610101	0.08483943	0.04979381	-0.03702016	0.0071906853	-0.0547256	-0.0013266454	0.026426315	0.009775524	0.042251803	-0.0012885969	-0.016956668	-0.074658714	0.070723474	0.06074757	-0.0385129	0.0155679695	-0.00048265693	-0.069996536	0.018273314	-0.06316634	-0.02276223	0.08994084	-0.019408844	0.08473782	0.04770773	-0.08364247	-0.04229818	-0.003503779	-0.088365994	-0.002787887	-0.059999667	-0.075193785	0.021715252	0.03340843	-0.032298297	-0.07838227	-0.0571623	-0.012918231	-0.071572304	-0.04560295	0.030753704	-0.068299495	-0.067919426	-0.0023069477	-5.2727704e-05	0.041897766	0.016256964	-0.0234217	0.079401426	0.063606404	-0.039118946	0.018185027	0.025532959	-0.0638105	-0.0009539558	0.02696017	-0.052193467	-0.0054745465	0.08933088	0.049924392	0.02194195	-0.055367433	-0.06757142	0.0023217849	0.07830675	-0.027186658	0.017650768	-0.0030563956	0.06901639	0.029386844	0.04235136	0.06474212	0.009194572	-0.0117595205	0.0046015447	0.010377901	-0.058935925	0.027028205	-0.02142615	0.0027505648	0.026394138	-0.033491794	0.017552916	0.009660982
-0.45591286	-0.46267408	-0.44690967	0.42509297	-0.42639935	-0.4592953	0.4267408	0.43909952	0.50502557	0.46429625	-0.50987405	-0.50955653	-0.42967308	0.4571775	-0.47130138	-0.50870126	0.5030154	0.50689155	-0.43447712	-0.47095552	-0.5112433	-0.50201565	0.44642636	0.44059324	0.4203823	0.52240497	-0.46462694	-0.46276915	0.4595663	0.45405152	-0.43947035	0.46947762	-0.44120157	-0.48811427	0.4526511	-0.44575804	-0.46429935	0.4768329	-0.48903403	0.45486397	0.5089511	-0.44290304	-0.44742644	-0.45414147	-0.4874368	0.50410175	-0.4726423	-0.50705403	0.5121614	0.47389278	-0.45969632	-0.5131216	-0.4233089	-0.5176047	-0.43066964	-0.5245598	0.41947016	-0.49015275	-0.50288206	-0.43012583	-0.47719213	0.50398785	0.49214545	-0.47394854	0.40983784	0.4834037	-0.42998075	0.48888493	0.43724555	-0.45762947	0.45409828	0.45872414	-0.43804488	-0.42759937	0.4798945	0.4793435	0.47697055	-0.5165748	-0.39966732	0.46534127	0.44829738	-0.46507865	0.5123701	0.4781857	0.43670663	0.5124513	0.48209113	0.5201303	-0.4591252	-0.45481706	0.5043809	0.47173643	-0.4912641	0.4295981	-0.4578629	0.49916607	0.50917804	-0.46434465	0.47728947	-0.43393174
-0.6628504	-0.6966833	-0.6844873	0.6487121	-0.66141605	-0.59137696	0.6262481	0.6503424	0.7062981	0.6693977	-0.5996958	-0.6401024	-0.6025564	0.61990917	-0.68215364	-0.6683161	0.5986723	0.71888053	-0.68996644	-0.6630624	-0.64551115	-0.63511384	0.66770464	0.6510715	0.649342	0.6594679	-0.6511538	-0.6502555	0.6556985	0.70410585	-0.71611494	0.6259138	-0.63873965	-0.6655176	0.7017744	-0.6894311	-0.58594143	0.7041466	-0.68600047	0.6631972	0.64921784	-0.601391	-0.64977205	-0.6190101	-0.6598984	0.6288739	-0.5960412	-0.6599639	0.6017866	0.5979176	-0.64993846	-0.61637056	-0.7176005	-0.65212137	-0.67581624	-0.6406093	0.70195174	-0.6654201	-0.6267527	-0.6378644	-0.70672286	0.6059423	0.66932714	-0.6729283	0.61905634	0.6407716	-0.72123784	0.728349	0.70483613	-0.6272636	0.64225984	0.6616649	-0.59680605	-0.6152794	0.6173853	0.680865	0.612067	-0.69604707	-0.5768868	0.60522157	0.6800512	-0.6370593	0.62273043	0.6382737	0.73292494	0.64775723	0.6628175	0.6755972	-0.5930788	-0.5598968	0.705934	0.6092687	-0.67328393	0.6603663	-0.6584414	0.6918127	0.68801385	-0.602929	0.6873201	-0.6201658
-0.56040674	-0.62699586	-0.5870806	0.57912844	-0.65314305	-0.5742224	0.5642596	0.5524999	0.6055164	0.6653485	-0.64803725	-0.61200905	-0.57296586	0.5729882	-0.6088269	-0.6259371	0.6069532	0.5504511	-0.65164983	-0.66996485	-0.6314122	-0.6118624	0.6496563	0.60269064	0.57617426	0.5808594	-0.6291553	-0.61273295	0.6299893	0.64590067	-0.6509134	0.63698953	-0.6026525	-0.5717083	0.57081866	-0.6422271	-0.5206975	0.5967467	-0.62844366	0.61458623	0.64773154	-0.64623255	-0.6032903	-0.66524357	-0.6280919	0.55604786	-0.5782148	-0.604998	0.61839	0.64668834	-0.56185776	-0.680017	-0.56950986	-0.64462733	-0.6117334	-0.6029129	0.6645836	-0.6473171	-0.63947076	-0.62083757	-0.6153695	0.5912627	0.56367844	-0.66042835	0.6124595	0.6596934	-0.5996861	0.5665892	0.61296123	-0.6798086	0.61010337	0.6574947	-0.68139297	-0.6131002	0.65906984	0.608989	0.6378428	-0.5863687	-0.6183495	0.5641833	0.54170597	-0.51627547	0.6313959	0.59796965	0.51568115	0.5476408	0.64308476	0.58458483	-0.63157064	-0.6034853	0.57445896	0.61146253	-0.61739975	0.6269627	-0.6243856	0.5764878	0.60558635	-0.50239515	0.60858846	-0.6831567
-0.62446517	-0.7606927	-0.65442926	0.67243624	-0.7404643	-0.6959042	0.7199441	0.6679174	0.68250775	0.69412285	-0.6735551	-0.75182676	-0.69690967	0.74195004	-0.74687624	-0.7412552	0.7505787	0.64273864	-0.6774386	-0.69846016	-0.74348485	-0.73615146	0.6901246	0.76462036	0.67954373	0.6441056	-0.6602187	-0.677935	0.720151	0.6740651	-0.73640317	0.7381099	-0.76425946	-0.6909165	0.7166705	-0.7005012	-0.6395026	0.70286554	-0.6703905	0.7136016	0.7738309	-0.7404515	-0.6876648	-0.66088146	-0.7453233	0.7159457	-0.67313683	-0.729967	0.68964094	0.6802102	-0.6203195	-0.7453969	-0.68893725	-0.69312	-0.68966126	-0.6884949	0.7604114	-0.73431605	-0.7392878	-0.68023527	-0.7544248	0.7063742	0.63098514	-0.75108933	0.71932673	0.6924408	-0.67359275	0.63567233	0.71248406	-0.6940935	0.66161835	0.6728187	-0.72250897	-0.68985987	0.66971487	0.72065747	0.7125923	-0.76655966	-0.7116789	0.6416038	0.6549536	-0.65805614	0.6982207	0.7229076	0.6466098	0.6013482	0.733844	0.58373886	-0.7075202	-0.7316539	0.680143	0.7118424	-0.6511537	0.74591976	-0.6585824	0.6776157	0.7424917	-0.67674243	0.70611936	-0.7140382
-0.55053705	-0.61301327	-0.6676541	0.62798864	-0.5926714	-0.6690645	0.6023903	0.6015111	0.68068206	0.59595627	-0.6157068	-0.6552438	-0.72032887	0.59015095	-0.6597218	-0.7063027	0.68383294	0.6515651	-0.6876035	-0.6917715	-0.7098806	-0.6294882	0.6522884	0.69586545	0.64552194	0.688895	-0.64856344	-0.64078444	0.62784106	0.6406222	-0.65237963	0.6569601	-0.6243064	-0.598168	0.6669082	-0.6880207	-0.6163309	0.62643963	-0.60744035	0.60729885	0.66634244	-0.6352138	-0.63902926	-0.6095916	-0.6697597	0.6850317	-0.5827442	-0.67064685	0.697469	0.6778613	-0.6177387	-0.6890079	-0.6643696	-0.63012195	-0.60130394	-0.63214123	0.66090137	-0.67168236	-0.6365866	-0.6100869	-0.6851965	0.6080583	0.6577328	-0.6877256	0.66880876	0.6529759	-0.6315833	0.59031	0.69535923	-0.6732465	0.67979646	0.6861889	-0.63743824	-0.64370215	0.6873827	0.58583874	0.6355198	-0.68710697	-0.6308796	0.5274302	0.60436165	-0.62281805	0.64731824	0.67844844	0.5862596	0.6527711	0.62917256	0.5996687	-0.5937583	-0.6565754	0.65697235	0.6022803	-0.6374485	0.6346629	-0.6740344	0.61531144	0.6283657	-0.5999975	0.6624433	-0.6503244
-0.52337736	-0.6555214	-0.6414437	0.59123796	-0.5710634	-0.679327	0.6460465	0.5878854	0.5842304	0.62720823	-0.65900415	-0.6967203	-0.6760268	0.6103007	-0.6537377	-0.6575071	0.6619929	0.57075584	-0.629757	-0.632051	-0.6605437	-0.6782599	0.6167294	0.62645507	0.6212981	0.6411489	-0.6638904	-0.65976584	0.69309914	0.6657982	-0.63903135	0.64763725	-0.5938166	-0.56040204	0.5948663	-0.68313164	-0.5457896	0.65977365	-0.6259855	0.6179438	0.6240911	-0.6524959	-0.60604274	-0.6428491	-0.61919826	0.64963114	-0.5940407	-0.64994615	0.6701757	0.6503846	-0.53977317	-0.65404296	-0.57513726	-0.6575082	-0.613093	-0.65443385	0.60284513	-0.6413247	-0.6237054	-0.6292942	-0.585642	0.60807437	0.55457824	-0.6503198	0.6896098	0.66968566	-0.58434534	0.5431331	0.6790776	-0.6559073	0.58945423	0.6522934	-0.61517614	-0.6145106	0.6286513	0.59342396	0.6778055	-0.6539249	-0.63565123	0.51524264	0.61537397	-0.5143256	0.57922214	0.6398795	0.5309905	0.5863782	0.5869231	0.6223971	-0.61425275	-0.60233843	0.6048598	0.64834994	-0.6308139	0.64733946	-0.6365477	0.6462935	0.6785584	-0.5410575	0.59869057	-0.65633684
-0.19373156	-0.17077349	-0.15409933	0.14170747	-0.15287931	-0.22142074	0.21710116	0.14217384	0.22317939	0.14112082	-0.22505246	-0.16822699	-0.1971252	0.21804336	-0.18996085	-0.17061242	0.18718943	0.21651062	-0.21979524	-0.18326303	-0.16872644	-0.23472877	0.20315813	0.17885359	0.20596138	0.14081554	-0.17128679	-0.17518313	0.18364915	0.17899095	-0.2205405	0.21539764	-0.21485312	-0.19898179	0.21531749	-0.16260844	-0.21662016	0.1414069	-0.1869723	0.2328699	0.21785615	-0.2176958	-0.17545816	-0.21300691	-0.15135579	0.17376879	-0.15559973	-0.21121153	0.2283703	0.20246665	-0.16889484	-0.14576532	-0.19065174	-0.1713419	-0.17503375	-0.16073741	0.22998098	-0.16385417	-0.1473476	-0.18035081	-0.20299399	0.17092116	0.22915016	-0.20710273	0.21033312	0.2257777	-0.17990297	0.2067428	0.21307994	-0.22072117	0.1647111	0.19806276	-0.22068465	-0.18816821	0.16789633	0.23473188	0.21424337	-0.22471604	-0.18473876	0.20297253	0.19243202	-0.18547249	0.22556204	0.21865903	0.14580348	0.18947133	0.21169856	0.20238322	-0.1417662	-0.18025653	0.17193365	0.1747971	-0.23337737	0.14184497	-0.18738534	0.22107871	0.15920603	-0.22045714	0.1614544	-0.16295889
-0.2256445	-0.22604242	-0.278171	0.2710494	-0.22816862	-0.3199231	0.31976286	0.22850513	0.225241	0.2959716	-0.32516643	-0.3017096	-0.2770957	0.30496028	-0.25869605	-0.23562965	0.23047146	0.23008692	-0.30821726	-0.25750712	-0.27061117	-0.29051545	0.30467504	0.28175187	0.2526524	0.2655095	-0.2455983	-0.26707917	0.2990968	0.24168073	-0.22912757	0.26528773	-0.2486393	-0.27352664	0.31521693	-0.30126116	-0.27837193	0.32018688	-0.24119364	0.28250834	0.30806756	-0.24876174	-0.28071845	-0.25759304	-0.22737475	0.31835225	-0.29268095	-0.2902274	0.2634864	0.26009429	-0.26432985	-0.22704403	-0.22774673	-0.26619458	-0.26826733	-0.24111316	0.2943844	-0.2722344	-0.27662972	-0.2725776	-0.25129738	0.2606805	0.26209196	-0.28952986	0.28083423	0.23165509	-0.28276116	0.24371861	0.2377996	-0.2605154	0.23304723	0.257847	-0.2898395	-0.26451328	0.23297545	0.31070003	0.25475803	-0.2613007	-0.3292203	0.28443426	0.26508272	-0.25676322	0.23662812	0.32074493	0.22172959	0.25761554	0.28403717	0.2861726	-0.24013628	-0.2944189	0.2697256	0.28501105	-0.30407113	0.2823548	-0.27325648	0.22929074	0.251879	-0.2218951	0.25755483	-0.2710217
-0.5739472	-0.5746477	-0.55993587	0.57227606	-0.5466328	-0.47730422	0.5341885	0.5299002	0.55160636	0.5554615	-0.5385391	-0.51828814	-0.58263385	0.52970445	-0.56825995	-0.52451235	0.57418835	0.55706966	-0.5104738	-0.584449	-0.5422064	-0.5003867	0.49654898	0.55278015	0.5290697	0.5633768	-0.52792495	-0.57170236	0.5181486	0.51007885	-0.5575275	0.57286036	-0.57394016	-0.5101	0.5579711	-0.5438812	-0.5789403	0.5426608	-0.51530665	0.58434236	0.53203094	-0.53858453	-0.48804277	-0.5124543	-0.5097837	0.5605675	-0.51024246	-0.57442856	0.4945262	0.5039116	-0.5962933	-0.5584649	-0.5427296	-0.59441715	-0.53050154	-0.5387236	0.48556596	-0.5512638	-0.49334416	-0.50796014	-0.5274697	0.5600148	0.5104522	-0.5122742	0.5466734	0.53432894	-0.5166268	0.5317754	0.513993	-0.55804956	0.5598761	0.553294	-0.5463124	-0.5778503	0.52284557	0.5664583	0.5497446	-0.5603159	-0.48075774	0.50642115	0.59268594	-0.53838515	0.5094502	0.5988273	0.53718734	0.52970266	0.5749896	0.52804273	-0.49058032	-0.53197676	0.5058861	0.5539999	-0.54470575	0.55620986	-0.52448297	0.56472945	0.4916381	-0.5029818	0.5566438	-0.49015826
-0.036541205	-0.013398967	-0.024783537	0.0038388877	-0.013275017	0.034876313	0.06153998	0.04012769	-0.013703536	-0.026974354	0.017928116	0.008545051	0.01602767	-0.031264663	-0.03982039	0.037151214	0.007996375	-0.02108437	-0.05631946	0.01971004	-0.058078937	-0.009747114	-0.026889978	-0.011572856	-0.027428905	0.021950066	0.017582377	-0.024118096	0.047531936	0.022712337	-0.042241063	0.039078232	0.028366698	0.0037840912	0.005570166	-0.0013952791	-0.046680525	0.056989785	-0.056984868	-0.009663317	0.05715494	-0.0009823889	0.005285726	0.027388683	-0.026922626	-0.014908697	-0.052525666	-0.051282726	-0.004769213	0.053329155	-0.016787296	0.0094894925	0.02803761	0.037192263	0.02857947	-0.003740782	0.04754716	-0.0034326923	0.01789145	-0.042259116	0.03401043	0.01005174	0.03647932	-0.0163543	0.029036924	-0.015400763	-0.006410763	0.031275783	-0.029974017	-0.0024818892	0.03392509	0.05628549	-0.040191785	0.030173741	-0.028256556	0.049249843	0.012780615	-0.022294331	0.018718837	-0.005300925	0.04577946	-0.022962548	0.004502499	-0.027323063	-0.013663022	0.03629285	0.04606899	0.012290415	0.034476057	-0.008670892	0.010365695	0.0077319415	-0.032888565	0.01977914	-0.054967735	0.05394862	0.024542972	-0.063459694	-0.026693031	0.012413142
-0.6159132	-0.5876792	-0.59932995	0.55526036	-0.53618824	-0.5791735	0.58729845	0.5512921	0.5921757	0.5805186	-0.605627	-0.5751818	-0.6182864	0.55332685	-0.5804209	-0.56754446	0.5479405	0.551197	-0.6016796	-0.54912496	-0.5444354	-0.5688579	0.6148233	0.59257144	0.61466575	0.5244496	-0.61671317	-0.531193	0.61324227	0.5974988	-0.6052703	0.6052294	-0.5385217	-0.5704375	0.6055634	-0.6185996	-0.51632786	0.53652585	-0.5792152	0.5495324	0.5587662	-0.6091224	-0.58321345	-0.5896607	-0.5304417	0.59025776	-0.51707613	-0.5379045	0.59940207	0.54768294	-0.5075765	-0.608746	-0.6008126	-0.55566996	-0.6167951	-0.58462626	0.55388385	-0.5878978	-0.55872023	-0.6179205	-0.54072416	0.5481206	0.5856631	-0.5892091	0.6166259	0.60267055	-0.60687846	0.5304252	0.61994356	-0.53857374	0.57430077	0.5730311	-0.55932695	-0.5721261	0.578806	0.5909428	0.57236636	-0.56598204	-0.54400396	0.50550413	0.52492386	-0.58701193	0.5743752	0.5171409	0.5000849	0.6089362	0.60722756	0.54885876	-0.5326898	-0.62199676	0.5678547	0.5793841	-0.5335043	0.58277833	-0.53886884	0.6058954	0.58186245	-0.51469857	0.6175321	-0.6133376
-0.75949913	-0.77618706	-0.7938868	0.84276265	-0.7885732	-0.68432903	0.76230216	0.7870576	0.8479024	0.7722906	-0.7828053	-0.8281956	-0.822522	0.7742697	-0.74741215	-0.80708647	0.82188743	0.7422065	-0.7869313	-0.8064695	-0.85187	-0.8065022	0.7421041	0.78164244	0.759276	0.81043607	-0.77797663	-0.79494387	0.8208412	0.84213686	-0.76896673	0.76745856	-0.7984535	-0.73794913	0.85377675	-0.7617869	-0.7595665	0.79231167	-0.7389102	0.77830064	0.83612835	-0.7377126	-0.81400627	-0.84651273	-0.82342166	0.7647096	-0.72272635	-0.80872434	0.8061908	0.7095456	-0.7936859	-0.87254745	-0.7652775	-0.8515489	-0.83967334	-0.83997124	0.8196797	-0.7590329	-0.7624375	-0.77309376	-0.80072534	0.81555957	0.73508996	-0.76237893	0.7597756	0.8655549	-0.76189804	0.7684896	0.7965517	-0.8507311	0.8368694	0.81354564	-0.8302739	-0.76472956	0.8200373	0.7835732	0.74173665	-0.78524977	-0.75761306	0.6473604	0.78374416	-0.7539946	0.85425246	0.74433064	0.70555884	0.78429997	0.8427403	0.8219729	-0.7658066	-0.75875413	0.83193094	0.81198204	-0.80359805	0.7902089	-0.84074557	0.8585564	0.7903237	-0.68145365	0.819937	-0.8223263
-0.37129816	-0.46268594	-0.42265895	0.42082682	-0.43299812	-0.44320947	0.3766058	0.41198936	0.45103988	0.37667316	-0.39605147	-0.41600314	-0.41112122	0.44813862	-0.38113463	-0.4207471	0.420277	0.3597693	-0.3817894	-0.43819934	-0.43342808	-0.415131	0.45793208	0.36269575	0.38567653	0.41591954	-0.44217953	-0.3872978	0.4429299	0.38867542	-0.45661837	0.39129046	-0.41922152	-0.38821733	0.39546883	-0.3864417	-0.44894186	0.40493295	-0.40768993	0.3868846	0.3948176	-0.39202943	-0.42588353	-0.42496088	-0.42407814	0.41283947	-0.39189693	-0.36385006	0.43763128	0.44281498	-0.4266457	-0.3753193	-0.42291078	-0.44768873	-0.38806584	-0.45719272	0.42647135	-0.4518272	-0.36401692	-0.405159	-0.447273	0.39597648	0.44946802	-0.45487174	0.38392654	0.38777822	-0.37851623	0.38013574	0.36678585	-0.41875166	0.4019683	0.36667916	-0.41154146	-0.44785163	0.41084743	0.36386043	0.3739461	-0.4135594	-0.4088935	0.435178	0.40514576	-0.36368552	0.4588013	0.37827918	0.42260885	0.4102397	0.40516433	0.35817564	-0.4553287	-0.3913508	0.41845658	0.38737187	-0.4015405	0.4417116	-0.4297767	0.42922747	0.37014988	-0.4326486	0.3861256	-0.4023811
-0.44694468	-0.5508415	-0.49931744	0.51937646	-0.52208567	-0.50879985	0.54278594	0.47817212	0.5435638	0.5094709	-0.566701	-0.5748219	-0.50083953	0.52729017	-0.5640556	-0.5162763	0.5168437	0.53266466	-0.5297946	-0.5260147	-0.55765563	-0.52544737	0.5321751	0.5540308	0.5533189	0.4975126	-0.49361026	-0.53521836	0.5768506	0.5400425	-0.54383403	0.5807067	-0.55527335	-0.4457677	0.5038459	-0.5413053	-0.40372637	0.5387625	-0.53172857	0.50969213	0.51866513	-0.50886035	-0.5045943	-0.50443375	-0.5511887	0.5288452	-0.45544067	-0.48483887	0.53372383	0.54723525	-0.490655	-0.53510404	-0.44058365	-0.53959274	-0.4889268	-0.5337939	0.5453388	-0.5626589	-0.54759085	-0.55656016	-0.5176634	0.5264632	0.5215692	-0.53723454	0.4935265	0.5125154	-0.49689528	0.53430355	0.55228376	-0.5791294	0.49611714	0.56437653	-0.5474942	-0.50694	0.51065713	0.5043603	0.4686227	-0.5077949	-0.48450232	0.43965814	0.48955572	-0.45779467	0.544093	0.4957549	0.4349493	0.56458974	0.47529063	0.5041857	-0.46462944	-0.47041428	0.548065	0.5073487	-0.5470382	0.5658695	-0.5656988	0.54737276	0.5600634	-0.4468222	0.5466201	-0.5987681
0.055197243	0.038168143	0.014093797	-0.0005938021	0.029086128	0.09099168	-0.08281973	-0.01015297	-0.048319202	-0.014871509	0.017592298	0.00014088076	0.0071261353	-0.06442698	0.029980337	-0.0031327032	-0.010901221	-0.05021403	0.005001337	0.06461907	0.043961722	-0.005546625	-0.060772985	-0.019508205	-0.054016497	-0.05326616	0.05880442	0.000615519	-0.07429931	-0.09197717	0.049531464	-0.06491364	0.0019576566	0.017781353	-0.0061215777	0.080538794	0.001516542	-0.0712032	0.030252412	-0.05084621	-0.045619525	0.05233622	0.063317135	0.06982533	0.06513508	-0.071769424	0.09386654	0.008399473	-0.06267207	-0.08068382	0.06403334	0.060931623	0.032554813	0.026278555	0.024777854	0.00052981416	-0.07840054	0.09277508	0.06599727	0.05477136	0.08296769	-0.01324687	-0.07674541	0.062139202	-0.09132834	-0.056724176	0.017412458	-0.042728256	-0.03871473	0.016729511	-0.02376186	-0.054232012	0.07741791	0.07448501	-0.046191435	-0.009226496	-0.07807642	0.05457033	0.08841741	-0.07965628	-0.013215237	0.036808062	-0.059947696	-0.013273404	-0.04879343	-0.06784691	-0.0912349	-0.058695063	0.064214766	0.0035221865	-0.040675383	-0.04019968	0.050816804	-0.09176881	0.045545254	-0.0042809113	-0.08359547	0.07747683	-0.024903843	0.018187407
-0.30556563	-0.33205038	-0.26045257	0.28460243	-0.35081616	-0.27038413	0.35781538	0.3463106	0.27366492	0.3310573	-0.35744926	-0.27013782	-0.24994633	0.28639674	-0.3572012	-0.2887563	0.3443703	0.26175353	-0.27974507	-0.32908383	-0.27036893	-0.35300905	0.3513817	0.28232354	0.2967894	0.3458954	-0.26298988	-0.30945516	0.2941619	0.30478474	-0.32256225	0.27820554	-0.3067862	-0.33449972	0.31405294	-0.31625515	-0.3075225	0.303754	-0.3301835	0.3407156	0.3165866	-0.2794085	-0.30087054	-0.29618496	-0.28573874	0.34639832	-0.27745762	-0.32498428	0.29923847	0.32543403	-0.27710214	-0.27716988	-0.29440004	-0.30588248	-0.29099292	-0.35530496	0.30368423	-0.29830968	-0.3666219	-0.29432213	-0.35156333	0.3034176	0.35093063	-0.29180023	0.30598956	0.29510128	-0.30069584	0.25975963	0.2695443	-0.3192455	0.33050665	0.35614	-0.34591332	-0.294473	0.36210015	0.27590814	0.2814065	-0.29426065	-0.33337104	0.24484982	0.3505924	-0.31382504	0.26140797	0.3235833	0.25888458	0.25620592	0.35377353	0.31647086	-0.3208612	-0.32362592	0.32819661	0.34088096	-0.3035436	0.2825025	-0.2624857	0.31653562	0.32397482	-0.21853708	0.27920666	-0.31328696
-0.4199245	-0.40670073	-0.48229334	0.43251497	-0.4729487	-0.3530726	0.4341164	0.45372894	0.41014525	0.41174275	-0.46410647	-0.39399704	-0.46019915	0.39105302	-0.41420823	-0.47001928	0.4749109	0.4685655	-0.43637368	-0.48218536	-0.40498334	-0.43544874	0.41461793	0.48977363	0.40108153	0.45049232	-0.4608367	-0.48053512	0.40315837	0.45962775	-0.395592	0.39599755	-0.41413343	-0.42201206	0.47522885	-0.40837836	-0.44552895	0.40002385	-0.46022847	0.38536707	0.3935684	-0.45653108	-0.48486823	-0.4911952	-0.478203	0.44403306	-0.38884884	-0.39490762	0.462383	0.4056651	-0.38672456	-0.44769865	-0.41927978	-0.40568694	-0.40015125	-0.4375555	0.45968574	-0.46715972	-0.45298606	-0.41520423	-0.3975032	0.46998143	0.46850052	-0.39539367	0.39493683	0.4872228	-0.4198464	0.47379938	0.4525483	-0.45605138	0.47382045	0.39405742	-0.4336293	-0.473347	0.4428198	0.4483112	0.46571094	-0.46390834	-0.38510147	0.38853163	0.45484883	-0.46981925	0.47987226	0.40356296	0.47439066	0.4795023	0.44946948	0.4492665	-0.41167438	-0.4288443	0.47415096	0.41437027	-0.42093572	0.3439394	-0.4367014	0.418075	0.47761115	-0.37937498	0.44432238	-0.4645521
-0.5861315	-0.59855527	-0.61359465	0.5592416	-0.56161916	-0.5691175	0.5426886	0.5041863	0.6260186	0.6124795	-0.62497586	-0.58447266	-0.5778843	0.569853	-0.614562	-0.664521	0.5984539	0.5357315	-0.6035291	-0.61159277	-0.61400837	-0.5862791	0.5384019	0.6077765	0.6351491	0.6172893	-0.58707863	-0.59535694	0.63425934	0.62449306	-0.5852507	0.6683992	-0.64193803	-0.5461148	0.63396686	-0.65255684	-0.51499355	0.5902612	-0.5427149	0.56844914	0.6174588	-0.56362027	-0.65318924	-0.6567826	-0.5619991	0.55498695	-0.52506346	-0.61225945	0.5962503	0.6152889	-0.46672255	-0.6427405	-0.58431274	-0.5605993	-0.57624024	-0.6172242	0.6503349	-0.6379158	-0.62961525	-0.54253054	-0.588553	0.5713837	0.5089028	-0.6342746	0.6142704	0.63379395	-0.58846	0.5643039	0.5996692	-0.6686433	0.54783034	0.65330106	-0.60872686	-0.55293506	0.61770654	0.5682041	0.54287374	-0.642294	-0.5690807	0.51450884	0.6001041	-0.55279416	0.5556229	0.56253916	0.4857651	0.55918825	0.6305666	0.6116033	-0.5929233	-0.56478375	0.60935646	0.574325	-0.64288497	0.6488604	-0.61838835	0.601399	0.65689516	-0.5247974	0.6059415	-0.57665694
-0.55606055	-0.7247063	-0.69428927	0.7465459	-0.64300084	-0.7462113	0.639119	0.57848513	0.6429791	0.6793275	-0.7121689	-0.7530911	-0.7150909	0.66739327	-0.7245849	-0.7683965	0.7080976	0.6223109	-0.74817216	-0.6722913	-0.7101824	-0.66195923	0.73018515	0.6690261	0.75519556	0.59372485	-0.6450762	-0.64425385	0.71855575	0.71548307	-0.6636204	0.7090528	-0.6953527	-0.607597	0.7133703	-0.73119944	-0.5789068	0.62304866	-0.6782916	0.6285635	0.7415302	-0.67330426	-0.769376	-0.7083691	-0.66566306	0.6882552	-0.6105614	-0.6421101	0.775907	0.7492464	-0.49704063	-0.71412456	-0.5774769	-0.6872937	-0.7572317	-0.7553605	0.690845	-0.7513899	-0.7692147	-0.59146696	-0.7144602	0.6682926	0.6116567	-0.74254847	0.7099193	0.6891903	-0.5416282	0.5859989	0.7157893	-0.7251512	0.6775095	0.723831	-0.69138503	-0.6548669	0.6771781	0.65809464	0.69124	-0.6850948	-0.66984874	0.5513043	0.6071049	-0.52031964	0.7034651	0.64335036	0.51969355	0.57575583	0.6987747	0.58278596	-0.74924034	-0.6738127	0.73138416	0.664015	-0.64207214	0.6958724	-0.7057694	0.66738737	0.75391954	-0.5737206	0.6701059	-0.7384345
-0.4785025	-0.5817907	-0.5900891	0.62785095	-0.6267317	-0.55894035	0.6240083	0.5518135	0.5432246	0.5618026	-0.58335	-0.5508026	-0.6416066	0.5677272	-0.5805809	-0.58095616	0.58567744	0.5384943	-0.60782325	-0.5761798	-0.63899016	-0.5795518	0.5710901	0.59509254	0.5980737	0.5074254	-0.5924327	-0.60340893	0.5583315	0.58858013	-0.5804833	0.5979612	-0.6149984	-0.61580724	0.56414694	-0.552011	-0.5551115	0.5604482	-0.5982903	0.58234066	0.6346366	-0.5621851	-0.6280302	-0.5470239	-0.5717454	0.5486488	-0.57743937	-0.59508294	0.6318614	0.55558646	-0.47493726	-0.60390925	-0.5464504	-0.6211201	-0.626025	-0.62432194	0.5745275	-0.6138726	-0.54225034	-0.51616454	-0.6175433	0.6341184	0.5280957	-0.5767292	0.5917464	0.6205753	-0.51767844	0.5500175	0.5434032	-0.63040316	0.61512744	0.59966785	-0.54100555	-0.63008785	0.623579	0.6244415	0.60884744	-0.63788295	-0.5710357	0.58543783	0.5017279	-0.5880535	0.62252635	0.5815188	0.53549474	0.47697553	0.5841981	0.4989846	-0.53701067	-0.5545895	0.6238358	0.6364272	-0.5745592	0.59988266	-0.63251317	0.54107374	0.6321054	-0.53710794	0.54408705	-0.59824145
-0.46507323	-0.40405688	-0.4208995	0.47557414	-0.40859902	-0.44939297	0.4302791	0.46397325	0.4454364	0.46773586	-0.44273263	-0.48415673	-0.42344344	0.46910608	-0.4164136	-0.43267858	0.42708236	0.44648844	-0.468657	-0.4212057	-0.40644065	-0.45754915	0.4079676	0.42496574	0.48910406	0.43640405	-0.43550876	-0.45022166	0.44112614	0.39657483	-0.42322537	0.43190524	-0.3918481	-0.4220396	0.44713914	-0.4076486	-0.4230798	0.4575086	-0.40490702	0.4225155	0.41612443	-0.48398256	-0.39434332	-0.41751292	-0.42355496	0.44763625	-0.40769967	-0.3965149	0.46079132	0.44189665	-0.38505822	-0.45586795	-0.42915213	-0.41408408	-0.45377347	-0.41241503	0.47038063	-0.41644254	-0.43220216	-0.3873556	-0.45796815	0.46491367	0.3936906	-0.40869364	0.4155069	0.39098436	-0.43040416	0.47029242	0.41220644	-0.45908713	0.42282912	0.41040114	-0.4337334	-0.4007638	0.3886246	0.40007836	0.43720135	-0.39234343	-0.41162488	0.3413904	0.45833865	-0.4360687	0.45267662	0.39174283	0.43149725	0.4182985	0.40669906	0.40307587	-0.41512972	-0.4581836	0.42616132	0.40209982	-0.49060413	0.40335354	-0.41791898	0.44038498	0.411417	-0.3287028	0.40579313	-0.4336674
-0.505273	-0.4784886	-0.4625407	0.47450632	-0.5511273	-0.4066487	0.5164534	0.52610517	0.53165084	0.5299077	-0.5209925	-0.4955748	-0.4405967	0.45308617	-0.5189954	-0.44794706	0.5272682	0.53442055	-0.50373995	-0.5087385	-0.4977238	-0.46824658	0.5386219	0.48031935	0.45988807	0.52539325	-0.49762875	-0.541872	0.49163586	0.46206582	-0.5209121	0.4408045	-0.5220371	-0.51262057	0.5564276	-0.42988902	-0.4640281	0.547692	-0.544051	0.54471314	0.43125436	-0.45569965	-0.44659838	-0.54159254	-0.45187622	0.44661793	-0.42951134	-0.48697454	0.4285105	0.50940794	-0.46766406	-0.5117153	-0.46915478	-0.5398938	-0.43979326	-0.45474723	0.44445992	-0.48638505	-0.43516678	-0.5097672	-0.5020486	0.52754295	0.49645877	-0.4513644	0.4893871	0.5530883	-0.55677176	0.54808754	0.44842955	-0.53102076	0.51140654	0.5247151	-0.53164095	-0.4424224	0.52279323	0.5127742	0.48032963	-0.49857253	-0.4596629	0.49802372	0.5021236	-0.5003408	0.49498108	0.54636675	0.51120627	0.48614553	0.5371993	0.5409199	-0.4284374	-0.43188077	0.5220608	0.5069233	-0.5029517	0.4446569	-0.4877432	0.5325936	0.535361	-0.47972372	0.5152171	-0.41698068
-0.5814125	-0.4985028	-0.5040738	0.54332757	-0.4672111	-0.37027422	0.50556755	0.55083543	0.5235379	0.48947373	-0.5212692	-0.4753789	-0.46605596	0.532662	-0.52429837	-0.48919606	0.46407083	0.51254696	-0.50622314	-0.49444094	-0.46542126	-0.5230452	0.48320124	0.5229801	0.4756806	0.48722938	-0.47387958	-0.5417493	0.49761602	0.4960106	-0.52824974	0.4511198	-0.44688898	-0.5234904	0.47855994	-0.4794446	-0.5130874	0.51355445	-0.4728385	0.48972568	0.4761607	-0.49996632	-0.5235428	-0.47905907	-0.47907454	0.4896764	-0.44576052	-0.513512	0.44077605	0.44440976	-0.49761024	-0.5421128	-0.52316254	-0.52676857	-0.46488646	-0.49028894	0.47994506	-0.48752823	-0.43114868	-0.48058334	-0.54079175	0.47463793	0.56792486	-0.44966742	0.48495743	0.49670422	-0.5237291	0.4957579	0.4934088	-0.48381302	0.52099353	0.5366457	-0.4794905	-0.46605864	0.45942572	0.50436	0.48158967	-0.5200161	-0.455882	0.48404464	0.48436642	-0.5559667	0.4679595	0.5333194	0.54946125	0.5245951	0.52948135	0.48474154	-0.46150172	-0.45658398	0.51533383	0.487637	-0.50834256	0.47105968	-0.5470096	0.53021395	0.47715852	-0.50062364	0.492168	-0.51017827
-0.7023785	-0.6908819	-0.73535156	0.71456033	-0.69343853	-0.6924011	0.67647266	0.6985657	0.77956164	0.75228024	-0.75736105	-0.70784545	-0.71349764	0.7077174	-0.7475386	-0.78322375	0.6920358	0.7076102	-0.7673233	-0.7667155	-0.7702125	-0.7697368	0.68992	0.69185054	0.77164555	0.7597717	-0.7896382	-0.70647246	0.7527881	0.7031143	-0.73050374	0.7204711	-0.73678166	-0.6554502	0.7300361	-0.6761702	-0.60616726	0.7542968	-0.745611	0.747486	0.7773969	-0.7082344	-0.7599728	-0.70748293	-0.67950225	0.7197955	-0.6766096	-0.69914687	0.77535784	0.67985284	-0.66034067	-0.76303256	-0.67148924	-0.68939567	-0.76575136	-0.7145514	0.73247474	-0.76450783	-0.7054	-0.77624077	-0.70006955	0.7365167	0.6946898	-0.6778879	0.6604555	0.6980907	-0.6755048	0.7321787	0.7822889	-0.712263	0.74618804	0.67861867	-0.75297976	-0.75234395	0.7149416	0.70965666	0.708643	-0.75764817	-0.63368195	0.58444875	0.68120503	-0.72142935	0.6893052	0.69580865	0.6874235	0.74068254	0.7674534	0.7751808	-0.65990186	-0.68133825	0.7392876	0.7032123	-0.70631665	0.7669524	-0.67499036	0.7231352	0.732221	-0.6324383	0.72520435	-0.7720885
-0.638933	-0.770937	-0.6890654	0.70646584	-0.6563276	-0.70638615	0.672266	0.63248885	0.6684977	0.6620887	-0.73613596	-0.7047681	-0.70466506	0.63997287	-0.7057866	-0.74405307	0.71682024	0.67961866	-0.73620373	-0.71276724	-0.72715133	-0.7012865	0.6800193	0.6885259	0.71518713	0.6866685	-0.77660084	-0.6505013	0.75501525	0.6830458	-0.7413431	0.6952324	-0.68807703	-0.60193944	0.71687454	-0.6553589	-0.6213195	0.7232996	-0.6197936	0.6068842	0.716587	-0.65372	-0.7263235	-0.7283593	-0.6761498	0.7020658	-0.6523997	-0.7357749	0.6872869	0.72133404	-0.6033123	-0.67917615	-0.63407224	-0.69157064	-0.6866664	-0.762584	0.6731753	-0.7268424	-0.7265624	-0.73249716	-0.6861554	0.6995528	0.61939645	-0.75980633	0.6723746	0.747131	-0.66731846	0.652581	0.69288975	-0.7103677	0.6674818	0.6521584	-0.7385426	-0.6700132	0.71008825	0.63657564	0.6350715	-0.672017	-0.6818837	0.53618926	0.652272	-0.63518536	0.6839795	0.6741674	0.5574616	0.741451	0.7085638	0.6652073	-0.64334863	-0.68574977	0.6729041	0.6896797	-0.6725391	0.7263427	-0.740867	0.72838855	0.7136744	-0.6105213	0.6666812	-0.7260873
-0.18794397	-0.16459842	-0.21426453	0.25783858	-0.25446126	-0.19659321	0.21641342	0.21947977	0.21737814	0.2252893	-0.17975561	-0.21403992	-0.19630736	0.23493598	-0.24998623	-0.24399342	0.1714177	0.23799694	-0.24482106	-0.24178647	-0.1786211	-0.2623284	0.25947836	0.1621113	0.19648196	0.2380315	-0.22445053	-0.17668334	0.25895295	0.24895477	-0.23480669	0.26190457	-0.18317929	-0.1666207	0.17825447	-0.2263053	-0.20845519	0.21086985	-0.24136321	0.23003444	0.20924525	-0.25791144	-0.2259507	-0.21641415	-0.21558955	0.21516615	-0.26576716	-0.2400437	0.2137207	0.25377354	-0.1411852	-0.20763452	-0.17690887	-0.20907252	-0.17903501	-0.25829443	0.25293568	-0.24306019	-0.19739671	-0.20976663	-0.2508475	0.22053711	0.18110052	-0.27119923	0.25963306	0.23127425	-0.19613193	0.24138756	0.18356913	-0.24763042	0.2529596	0.21553406	-0.25045532	-0.20003629	0.19364949	0.22088252	0.2299601	-0.17823336	-0.26969063	0.18759239	0.1680312	-0.21787804	0.21766557	0.21222217	0.22225843	0.24248022	0.24520919	0.18194763	-0.2092001	-0.2160927	0.18803418	0.2162405	-0.20786266	0.24399918	-0.21110842	0.2402673	0.23948364	-0.18194336	0.21504867	-0.2684778
-0.31350604	-0.50626796	-0.5287604	0.47075513	-0.5444854	-0.5538018	0.5612693	0.42943972	0.42368641	0.50174904	-0.581776	-0.569101	-0.5161615	0.5566615	-0.5056819	-0.52652895	0.52846956	0.44919074	-0.54566705	-0.560076	-0.6011689	-0.49699157	0.5402708	0.5478642	0.56159824	0.48040062	-0.45918408	-0.5527483	0.57197833	0.5424871	-0.50546795	0.60535467	-0.5096268	-0.45395863	0.5225563	-0.6031362	-0.5018085	0.4850417	-0.5021665	0.4676769	0.620136	-0.51605487	-0.6045862	-0.5536101	-0.4915637	0.5353613	-0.56754416	-0.52796733	0.5501939	0.5433127	-0.32308996	-0.5306342	-0.45517027	-0.48213866	-0.53020525	-0.5740359	0.5666811	-0.55216944	-0.578508	-0.4383951	-0.48273805	0.4682427	0.40947244	-0.5685587	0.60567063	0.5254375	-0.42721692	0.44679415	0.5273894	-0.50381875	0.42728007	0.49299344	-0.52082795	-0.53913385	0.5592537	0.5594614	0.5351586	-0.5314666	-0.5446135	0.43574238	0.3961616	-0.42346585	0.52675647	0.4278422	0.35601243	0.40156254	0.5073563	0.4091619	-0.57922655	-0.5308721	0.5391675	0.48491302	-0.5243553	0.6072205	-0.52999854	0.4442744	0.576989	-0.4354258	0.47326303	-0.57581216
-0.10017224	-0.18602553	-0.25156423	0.24920802	-0.18446569	-0.2442996	0.20638095	0.1427151	0.22482055	0.21513447	-0.18993552	-0.21583429	-0.20645505	0.18011135	-0.23494019	-0.24188492	0.24248672	0.22076498	-0.22507024	-0.2244083	-0.182866	-0.25729915	0.25810486	0.20051251	0.2273639	0.16933036	-0.15638977	-0.23570211	0.16870011	0.27970254	-0.19076891	0.24784471	-0.22210246	-0.14232107	0.20888835	-0.19337788	-0.23759525	0.1840049	-0.21995504	0.14592294	0.20111975	-0.20894165	-0.23509617	-0.18423985	-0.18417297	0.24864975	-0.25444108	-0.27495867	0.21048325	0.20535298	-0.12129991	-0.23359439	-0.21866523	-0.24742003	-0.21675651	-0.2645286	0.24852334	-0.27512878	-0.21892607	-0.2239827	-0.19753715	0.22378302	0.20393656	-0.181673	0.19311103	0.24878277	-0.10546857	0.18193768	0.2638243	-0.17955802	0.2033928	0.20274873	-0.23095798	-0.286371	0.2670993	0.16396856	0.21273796	-0.20486455	-0.18624659	0.14237572	0.15387185	-0.09404023	0.2481779	0.21459319	0.046129312	0.19859363	0.21565004	0.24446082	-0.20487207	-0.20690866	0.16939163	0.21923712	-0.1520071	0.28650847	-0.1962308	0.16669911	0.25729263	-0.16089374	0.26991257	-0.20886108
-0.22973005	-0.2939659	-0.29898235	0.35321152	-0.2973051	-0.3258645	0.35887247	0.31395045	0.3114397	0.30777332	-0.2972925	-0.36233065	-0.27455077	0.31785294	-0.27368855	-0.35574627	0.33743083	0.3358322	-0.26816222	-0.33660054	-0.32225826	-0.3328564	0.34458938	0.26266667	0.33939135	0.29535186	-0.25359112	-0.28858384	0.3320469	0.33223772	-0.2946351	0.2781273	-0.3100945	-0.2956684	0.33429012	-0.28995425	-0.25191903	0.2852953	-0.33833796	0.28777978	0.3043132	-0.3080954	-0.32408378	-0.29964814	-0.34810594	0.34817693	-0.28888988	-0.3148605	0.31288326	0.2865447	-0.26915807	-0.29492086	-0.29768607	-0.27606717	-0.36005107	-0.29606754	0.2796448	-0.31015736	-0.32613757	-0.33033627	-0.32326853	0.26576027	0.23173569	-0.3591492	0.2773505	0.29457214	-0.31500185	0.24988273	0.2904653	-0.29708916	0.2623888	0.30041948	-0.29517415	-0.3449664	0.25817487	0.34704354	0.31500703	-0.27801025	-0.28862277	0.29160237	0.2958438	-0.24311563	0.28294381	0.33874875	0.29611182	0.2525295	0.31640667	0.32639614	-0.30447412	-0.32732615	0.26570642	0.26961115	-0.27842543	0.30717254	-0.30255872	0.2810176	0.34095317	-0.27593222	0.3435778	-0.36328703
-0.47685584	-0.66440034	-0.55816984	0.5843528	-0.53289765	-0.57741666	0.57297677	0.5611114	0.56419146	0.6340277	-0.5669678	-0.63840127	-0.68160945	0.5403362	-0.65246016	-0.6323054	0.5854908	0.52603215	-0.6130662	-0.65987366	-0.61635995	-0.5795224	0.6222867	0.61057335	0.5755759	0.52350116	-0.59619564	-0.5641613	0.66334033	0.5845334	-0.5741481	0.6554	-0.6050332	-0.49455526	0.55369115	-0.6467818	-0.5212612	0.5575378	-0.6062198	0.5993619	0.60944307	-0.6044761	-0.6361098	-0.5960308	-0.56058687	0.65868455	-0.54260445	-0.551634	0.666742	0.635681	-0.47426248	-0.65983135	-0.5275791	-0.5950813	-0.56207573	-0.6446334	0.65756434	-0.62833375	-0.6147865	-0.554226	-0.58667374	0.5882993	0.56093943	-0.6006365	0.6542014	0.57298404	-0.48485422	0.50955003	0.679061	-0.60016465	0.5413823	0.5885153	-0.5842842	-0.5528733	0.5714307	0.6050003	0.5501336	-0.58381224	-0.6421841	0.5534473	0.51331055	-0.54414433	0.5900399	0.59125686	0.50768054	0.56640947	0.62363696	0.5568743	-0.5602534	-0.63707846	0.5766215	0.6452655	-0.5377852	0.6276827	-0.58394736	0.51198846	0.6077761	-0.48669216	0.5846021	-0.66861564
-0.09879085	-0.1435385	-0.1242455	0.11758532	-0.18693751	-0.16539821	0.12060662	0.11528476	0.12532742	0.111941196	-0.13312173	-0.1082938	-0.14754398	0.18372174	-0.12261727	-0.17604727	0.19299312	0.11726167	-0.1309311	-0.18461414	-0.15570968	-0.17193933	0.13509752	0.12459981	0.15159564	0.15041807	-0.17962624	-0.14342263	0.1728436	0.17943336	-0.17911139	0.13096152	-0.10704992	-0.17340103	0.16007759	-0.12969242	-0.11971571	0.120127834	-0.13351159	0.18116574	0.19026302	-0.15646578	-0.16132097	-0.15234688	-0.12112718	0.19186316	-0.12791285	-0.14443357	0.1509214	0.19896258	-0.093777835	-0.15991054	-0.106403045	-0.11260839	-0.14132515	-0.10242983	0.13734902	-0.12618832	-0.16202945	-0.14766555	-0.15376642	0.10084347	0.12211849	-0.14498293	0.12521443	0.103154235	-0.10894302	0.14393212	0.18074335	-0.10507559	0.10156406	0.1799555	-0.13549744	-0.113925986	0.1149337	0.18072492	0.14050154	-0.099963516	-0.12079642	0.18556863	0.16630436	-0.15373044	0.12586613	0.090702	0.144387	0.01875767	0.102593906	0.14858118	-0.13219646	-0.12008661	0.13638164	0.15244702	-0.14582005	0.13656648	-0.1297849	0.11128225	0.13956605	-0.16363144	0.10117157	-0.15869458
-0.33454484	-0.28071755	-0.3353624	0.28714246	-0.2660663	-0.35429034	0.36245796	0.3275163	0.3396615	0.29009086	-0.34232494	-0.33993196	-0.34961504	0.29881716	-0.26639095	-0.31909785	0.3303842	0.24532713	-0.2891428	-0.30054232	-0.32681793	-0.30872273	0.3007731	0.3509337	0.29871708	0.27883387	-0.3004655	-0.32813376	0.37705177	0.27171817	-0.3222494	0.3141086	-0.28877804	-0.33968687	0.33576134	-0.3594523	-0.29487416	0.24366094	-0.29742453	0.28897396	0.31691116	-0.27390468	-0.31128812	-0.2770406	-0.37247646	0.35748535	-0.32192305	-0.2953192	0.31058946	0.31910288	-0.267441	-0.3135774	-0.25256854	-0.28670797	-0.3399419	-0.34351143	0.31478256	-0.35386765	-0.34783083	-0.33581376	-0.2984892	0.30444798	0.24617885	-0.29397884	0.27706575	0.2972492	-0.28088337	0.23934348	0.3232207	-0.35269448	0.24396716	0.294072	-0.31586435	-0.31749102	0.31480822	0.35116896	0.3417272	-0.32479152	-0.31283757	0.29423556	0.27865052	-0.28745866	0.290585	0.29766005	0.30045494	0.30898115	0.2993556	0.30232072	-0.3626561	-0.32925624	0.27033448	0.34541985	-0.2575354	0.27607995	-0.28474846	0.3272156	0.36066496	-0.2803477	0.29093277	-0.29088295
-0.25786105	-0.30903175	-0.36502963	0.30899507	-0.34654707	-0.36340055	0.3712451	0.36251262	0.3309289	0.3631719	-0.34393516	-0.30503884	-0.36274377	0.3090268	-0.3726016	-0.35964105	0.35114557	0.3686733	-0.31141767	-0.39531088	-0.30950695	-0.33911502	0.39080322	0.31994173	0.32898673	0.29776856	-0.33732718	-0.30164385	0.4001116	0.3003529	-0.29751202	0.35448277	-0.301311	-0.30424383	0.2896452	-0.38192457	-0.30457768	0.26292184	-0.33206886	0.32788587	0.36937195	-0.32071438	-0.35761642	-0.3349543	-0.34554926	0.31752217	-0.35798582	-0.37282595	0.4037672	0.3750715	-0.28037307	-0.31399456	-0.3677683	-0.35476887	-0.3801377	-0.3508257	0.33273667	-0.33122385	-0.40098625	-0.27402908	-0.298795	0.36954993	0.33069098	-0.40131497	0.3879446	0.3508333	-0.31137815	0.3019852	0.31909364	-0.33231676	0.27834883	0.33592176	-0.39557663	-0.3172135	0.3540827	0.31495303	0.39355102	-0.36970058	-0.36577156	0.29915428	0.2851931	-0.32013676	0.35087425	0.27623197	0.26779377	0.24396463	0.37890217	0.28223303	-0.38398322	-0.3657971	0.3206347	0.30619153	-0.3212026	0.31118873	-0.32511127	0.35852417	0.36271775	-0.37837923	0.38123846	-0.3347084
-0.2724159	-0.29209664	-0.26087517	0.26754948	-0.24683781	-0.29623076	0.27166206	0.20339553	0.2031653	0.2916989	-0.26437584	-0.29642317	-0.27564567	0.26810187	-0.27156103	-0.19911602	0.27038544	0.2516245	-0.28530753	-0.28185135	-0.27167138	-0.19532736	0.22939752	0.25991964	0.2732284	0.24727538	-0.20395166	-0.27774203	0.27426794	0.26428857	-0.21792614	0.28090551	-0.27238026	-0.2445783	0.2390724	-0.22480038	-0.28118902	0.27575186	-0.24025825	0.2215977	0.21114464	-0.20026161	-0.21965703	-0.23714146	-0.28885055	0.24227507	-0.2139933	-0.21693678	0.2823235	0.21144167	-0.2703074	-0.23627073	-0.28315875	-0.25986502	-0.2945501	-0.21696362	0.28204387	-0.24387772	-0.20852916	-0.26713258	-0.27503613	0.23241435	0.26570565	-0.25421032	0.22834764	0.20682974	-0.23002689	0.23772025	0.28419855	-0.19266722	0.27789858	0.2641707	-0.21581529	-0.28146616	0.19680409	0.21354485	0.24201772	-0.2673848	-0.29672185	0.25115806	0.26373538	-0.24680918	0.23704499	0.25872272	0.24351554	0.2817799	0.2574861	0.1937355	-0.20718479	-0.27897006	0.27758077	0.21045628	-0.25371	0.27681628	-0.21750571	0.28309134	0.2684499	-0.23444703	0.23389943	-0.26488158
-0.17597158	-0.10677816	-0.15514712	0.18637867	-0.19289234	-0.15535456	0.14711235	0.18356426	0.18500021	0.16294457	-0.12990324	-0.11804052	-0.15045944	0.15837114	-0.14199325	-0.09585451	0.12211178	0.17024817	-0.13385133	-0.11503327	-0.18098602	-0.20534056	0.12717381	0.11058031	0.121946074	0.19230577	-0.18707721	-0.14094326	0.11798309	0.1863182	-0.16256604	0.10142375	-0.20691788	-0.11898593	0.1464306	-0.18196955	-0.1517905	0.10546453	-0.11867417	0.19720589	0.18569988	-0.1997313	-0.14838731	-0.16083229	-0.19375159	0.2025781	-0.14100584	-0.18828091	0.14982527	0.11331956	-0.19341572	-0.1268331	-0.17197397	-0.15891986	-0.11973784	-0.17930725	0.1260334	-0.10363318	-0.1393467	-0.18234155	-0.17457773	0.17011975	0.18111879	-0.18029654	0.12380723	0.17026077	-0.17006956	0.17777108	0.13752568	-0.09604443	0.19699879	0.09645158	-0.15922537	-0.11955079	0.12283767	0.119955905	0.12180078	-0.17202084	-0.13140774	0.1611676	0.14525819	-0.11878421	0.13915159	0.14273646	0.13187389	0.19024853	0.1481143	0.11117057	-0.18262306	-0.14443181	0.11350744	0.10072677	-0.14023134	0.1681543	-0.111551605	0.17896855	0.18488528	-0.17832468	0.18020114	-0.12565815
-0.2516998	-0.2465692	-0.23069043	0.21818355	-0.2664247	-0.28964406	0.28314662	0.19342783	0.219472	0.224407	-0.2048753	-0.21228576	-0.21345687	0.19132918	-0.26804385	-0.23575011	0.27917257	0.24828994	-0.25943807	-0.2285767	-0.29455757	-0.19355603	0.257165	0.21368788	0.23861456	0.21871494	-0.23560345	-0.27160576	0.2843353	0.22420159	-0.27845454	0.26610568	-0.27344182	-0.24226423	0.25041634	-0.25701794	-0.19366986	0.21793336	-0.2066552	0.19268364	0.29508197	-0.27944	-0.25057524	-0.20384578	-0.21421197	0.22501	-0.2698403	-0.21213345	0.24807268	0.23014696	-0.18615758	-0.2298479	-0.24779448	-0.22496055	-0.23664717	-0.28042728	0.23976009	-0.24768968	-0.24018961	-0.20760477	-0.26382715	0.213797	0.19554117	-0.2174449	0.22950026	0.22259183	-0.20633624	0.22611526	0.26663738	-0.26967064	0.22210886	0.21183711	-0.22147515	-0.20970373	0.18756492	0.23911427	0.23015824	-0.24889025	-0.19769841	0.20964445	0.24702162	-0.23135515	0.2363821	0.23455027	0.19167532	0.22245923	0.26149753	0.23668815	-0.28936648	-0.25715	0.19436014	0.2313796	-0.24015497	0.2127189	-0.25097936	0.28487846	0.26329935	-0.21288048	0.24139248	-0.21729682
-0.5655264	-0.62313163	-0.62464696	0.5802109	-0.56326705	-0.55600566	0.5536675	0.5793132	0.561154	0.5673078	-0.6292807	-0.63534826	-0.57470953	0.59953403	-0.6514081	-0.6370301	0.574612	0.6149487	-0.5651709	-0.5819769	-0.62459445	-0.62438494	0.57206994	0.59319776	0.57398057	0.6151405	-0.60948515	-0.5928631	0.5813835	0.5717713	-0.56049424	0.57748914	-0.61885834	-0.5092639	0.5987277	-0.65165424	-0.5252033	0.6195149	-0.6212054	0.57613033	0.6145628	-0.6186947	-0.6436584	-0.60059226	-0.5820202	0.61442757	-0.55525076	-0.5512868	0.644598	0.6319277	-0.59217423	-0.6294082	-0.5239568	-0.5835283	-0.6301808	-0.5979626	0.6171774	-0.63202906	-0.6029529	-0.5523803	-0.5725392	0.5821372	0.59457576	-0.61313903	0.63900924	0.5941461	-0.56961584	0.6043931	0.592292	-0.55454195	0.579847	0.5967918	-0.55669206	-0.57385355	0.6295273	0.5348698	0.6121071	-0.61848474	-0.63460743	0.5539906	0.6144834	-0.54473364	0.63093156	0.5560179	0.56783897	0.56690913	0.6343042	0.6162255	-0.5862454	-0.63997513	0.63026124	0.5440204	-0.5515845	0.6154912	-0.624757	0.56374836	0.5982945	-0.52902573	0.57482165	-0.6315035
-0.6016839	-0.55967665	-0.54130197	0.625396	-0.5715648	-0.5290413	0.57101	0.5413628	0.6335023	0.5327366	-0.52895486	-0.604892	-0.65093786	0.533409	-0.5657789	-0.60509366	0.5367185	0.56729543	-0.5296872	-0.5284265	-0.5905201	-0.61175716	0.5928774	0.58912194	0.5900859	0.5445516	-0.5787056	-0.5457486	0.60108525	0.56185305	-0.5976675	0.6404712	-0.5512871	-0.50290936	0.5507676	-0.5693449	-0.50217456	0.6027141	-0.5222535	0.5733414	0.64733034	-0.5345172	-0.5486954	-0.57005507	-0.54217106	0.6058228	-0.53008336	-0.54387444	0.58478326	0.5503739	-0.47769058	-0.6178399	-0.52363014	-0.58819336	-0.58059126	-0.6053267	0.5533614	-0.60187256	-0.5970685	-0.6318948	-0.59582496	0.56139565	0.5203969	-0.6162388	0.62242776	0.6595122	-0.5794812	0.5891085	0.5730271	-0.58466893	0.60047877	0.6278935	-0.6304087	-0.6106217	0.57777154	0.51496184	0.59882414	-0.5859673	-0.5615706	0.51637286	0.55986995	-0.5654142	0.60295093	0.54445064	0.5497045	0.55711496	0.5475708	0.6226905	-0.58191717	-0.5888038	0.5767597	0.5391903	-0.6470984	0.5499911	-0.55284107	0.5993775	0.5575837	-0.47086436	0.55528337	-0.5754642
-0.7718791	-0.78992796	-0.7794903	0.8413563	-0.73792255	-0.78750813	0.7674119	0.7076017	0.8221235	0.77633095	-0.80555147	-0.84982926	-0.7783187	0.78169656	-0.74405104	-0.8326725	0.77959883	0.7582772	-0.8215897	-0.81336045	-0.79511744	-0.76950604	0.8026318	0.8443716	0.7509374	0.7914149	-0.79420745	-0.7588545	0.8316894	0.8330725	-0.73641604	0.784315	-0.791899	-0.69233674	0.81911224	-0.8279657	-0.6314481	0.7709902	-0.73700947	0.77861536	0.7805038	-0.84985167	-0.777555	-0.79380643	-0.80857736	0.7521741	-0.73700815	-0.8302221	0.8164384	0.7902586	-0.7179062	-0.88492954	-0.71960765	-0.825472	-0.81979513	-0.79350245	0.8426412	-0.81146187	-0.8294228	-0.79330134	-0.7759288	0.76526815	0.7198678	-0.80353254	0.8449828	0.78075814	-0.779832	0.7820194	0.8082045	-0.79905885	0.7159362	0.8189438	-0.82610935	-0.80202526	0.75602907	0.77616394	0.7307829	-0.830118	-0.7010289	0.6115112	0.7704215	-0.67035764	0.8362427	0.7339803	0.6244489	0.83391327	0.8134403	0.8248311	-0.73130476	-0.778012	0.79373693	0.7521945	-0.8635663	0.75901884	-0.8099031	0.75234556	0.8459309	-0.6110808	0.8193823	-0.8143511
-0.3160617	-0.38662267	-0.38349324	0.33083573	-0.33036196	-0.3339081	0.4038435	0.32093194	0.3411849	0.34820616	-0.3856451	-0.39549604	-0.37633544	0.39655027	-0.35625258	-0.39726204	0.3817762	0.32966223	-0.3408573	-0.38801387	-0.38306496	-0.33515245	0.3617946	0.33400106	0.32078224	0.39083797	-0.33954462	-0.40785035	0.33878133	0.38054338	-0.3240623	0.3973392	-0.410267	-0.3336984	0.4098942	-0.40679464	-0.37270766	0.36863506	-0.36771664	0.39317155	0.34495932	-0.40223172	-0.3488489	-0.36196792	-0.39395773	0.3940651	-0.3826732	-0.32912225	0.3596098	0.381087	-0.3320433	-0.4051138	-0.33650917	-0.3546379	-0.31602284	-0.35254893	0.38076437	-0.32891357	-0.38107714	-0.36156014	-0.34812254	0.33309704	0.3594568	-0.34151408	0.3503044	0.36087936	-0.33242598	0.38121122	0.4043779	-0.39398864	0.39281946	0.34237063	-0.3337734	-0.41228828	0.4037928	0.4094775	0.38465127	-0.39320213	-0.33199883	0.3077749	0.38184255	-0.2833184	0.41169778	0.3578166	0.30409685	0.39119262	0.40701327	0.34467044	-0.29250264	-0.36267012	0.3598583	0.36066982	-0.3847919	0.38223287	-0.33698258	0.3485627	0.40429702	-0.34225956	0.333102	-0.38637137
-0.49557564	-0.4913298	-0.51466227	0.52520335	-0.46428943	-0.3884764	0.49557838	0.5606101	0.50063354	0.5335795	-0.47800177	-0.5198743	-0.38356572	0.456862	-0.49751046	-0.49410632	0.44361526	0.55079114	-0.43200257	-0.5246211	-0.49342403	-0.5077704	0.5249489	0.50475806	0.52571905	0.5279201	-0.48236895	-0.46350864	0.38138726	0.52428275	-0.4915809	0.51940095	-0.45388383	-0.4671886	0.549094	-0.43825716	-0.49221566	0.54436195	-0.47306156	0.550721	0.429263	-0.45234916	-0.506022	-0.47979587	-0.51793206	0.44885677	-0.48347518	-0.53299844	0.4686516	0.4360463	-0.526339	-0.49617356	-0.48384154	-0.5232296	-0.503197	-0.4849589	0.49894065	-0.46482962	-0.48394048	-0.50429165	-0.4603591	0.45391798	0.46473277	-0.46288636	0.52585495	0.4612658	-0.53107136	0.51940346	0.46486458	-0.4447139	0.51072896	0.5124362	-0.4864534	-0.5182101	0.44985184	0.47582307	0.50345206	-0.52543116	-0.47083706	0.51538247	0.5446488	-0.50146216	0.48273334	0.47810158	0.46628666	0.5267604	0.47995353	0.4802026	-0.43061033	-0.50623053	0.4972999	0.462272	-0.5607528	0.35607326	-0.48584896	0.5633762	0.50985646	-0.45739347	0.4686996	-0.4386356
-0.4131598	-0.31607524	-0.36605397	0.40635297	-0.32569605	-0.34993583	0.3643494	0.4130974	0.36392805	0.36991823	-0.31978813	-0.40221402	-0.30677474	0.36867875	-0.34123245	-0.37718308	0.3969807	0.33651823	-0.3992555	-0.34973818	-0.37566736	-0.3892903	0.36241037	0.36885926	0.3729894	0.3830171	-0.37362912	-0.38504958	0.3292151	0.39872316	-0.33852008	0.3905626	-0.35029188	-0.3734432	0.34410718	-0.32665887	-0.32562515	0.3908661	-0.32935923	0.34558022	0.32934937	-0.3779141	-0.33361983	-0.40010116	-0.32542992	0.3890575	-0.33287698	-0.40072015	0.3294371	0.41293305	-0.33562556	-0.3717528	-0.4113034	-0.36306977	-0.34207267	-0.32545	0.3300164	-0.32398072	-0.3740368	-0.35006225	-0.31649715	0.36297426	0.329707	-0.37944165	0.37726003	0.32427254	-0.41997877	0.3762061	0.35859308	-0.33433175	0.41300383	0.35897356	-0.41664243	-0.32232693	0.34935647	0.40361425	0.36938408	-0.3437855	-0.32958564	0.35519445	0.33979028	-0.41041175	0.40131634	0.34027818	0.35823628	0.37217203	0.33855662	0.3544233	-0.34786385	-0.34107223	0.3537489	0.37336922	-0.40898684	0.18223663	-0.3747172	0.38953692	0.37306026	-0.400811	0.41648626	-0.32017645
0.060158774	0.089650296	0.15568762	-0.15035714	0.119076975	0.09697653	-0.12237408	-0.13382694	-0.14027295	-0.109685704	0.09748984	0.11213146	0.091132976	-0.09413879	0.06658467	0.11919206	-0.06416964	-0.13905117	0.15649016	0.12701623	0.06948814	0.060505044	-0.12467401	-0.116506875	-0.14408426	-0.14665815	0.10898291	0.080874555	-0.13933744	-0.08745828	0.143132	-0.087907895	0.13192028	0.07154942	-0.1548619	0.06268324	0.06403387	-0.09000207	0.1404568	-0.124377705	-0.1209115	0.11025712	0.06400211	0.0822565	0.06417103	-0.07270988	0.08351637	0.09229621	-0.091274984	-0.15027419	0.07141964	0.073690645	0.13090587	0.10033664	0.10095067	0.09681937	-0.14243226	0.10913945	0.13862626	0.079509236	0.06165587	-0.08269652	-0.10169139	0.07913845	-0.08465372	-0.11846274	0.10084714	-0.09477728	-0.100181185	0.09718385	-0.08727526	-0.070138715	0.08222634	0.089554474	-0.09168611	-0.085534185	-0.13935204	0.058204565	0.14180198	-0.120195895	-0.118890546	0.120059066	-0.12233718	-0.12025584	-0.14690389	-0.07060705	-0.12484069	-0.13664822	0.10194515	0.113401964	-0.114902064	-0.075007446	0.058284413	-0.054343045	0.13010587	-0.107011296	-0.09606572	0.15479362	-0.11512287	0.14774962
-0.26803127	-0.29617068	-0.30886242	0.37914598	-0.35040388	-0.37574482	0.30293542	0.28001747	0.3092599	0.32622576	-0.30051965	-0.33629444	-0.30570644	0.302943	-0.3040118	-0.34066513	0.3198976	0.32945964	-0.35932583	-0.33795652	-0.33359414	-0.28271526	0.3124114	0.36696595	0.28745714	0.29037225	-0.35813394	-0.34801203	0.3639977	0.28933996	-0.3341199	0.29918697	-0.346915	-0.28702286	0.31441784	-0.33173513	-0.30287138	0.3282973	-0.31973857	0.32334688	0.29377893	-0.3509816	-0.33079433	-0.27281708	-0.33574304	0.3480946	-0.37341797	-0.3003326	0.3237093	0.3533278	-0.32770544	-0.37306866	-0.3149753	-0.37805057	-0.31303227	-0.36414412	0.32252985	-0.2820603	-0.36643526	-0.35376778	-0.36258605	0.30356893	0.3480097	-0.29943833	0.3205198	0.37568602	-0.33251187	0.34172592	0.37805784	-0.28646162	0.2844185	0.379316	-0.32478926	-0.37608942	0.29973555	0.2980905	0.3461583	-0.29750067	-0.35102066	0.30631694	0.29242262	-0.32455686	0.31773695	0.29902273	0.32467607	0.33175504	0.3276343	0.3533012	-0.32839528	-0.3065844	0.32247546	0.3670505	-0.30367061	0.29287583	-0.37704694	0.36858895	0.28580254	-0.3503591	0.33174348	-0.3765375
-0.72346926	-0.75049865	-0.65039665	0.7165015	-0.71954495	-0.71990496	0.6379062	0.6357072	0.695756	0.68875515	-0.75244117	-0.6853504	-0.707249	0.6552371	-0.68432254	-0.7506156	0.7256926	0.73017985	-0.7173141	-0.7130512	-0.71738243	-0.70212317	0.70844156	0.6890928	0.74730825	0.6767569	-0.72076607	-0.7071034	0.70816594	0.7475413	-0.70463586	0.69721144	-0.7071492	-0.6413155	0.6832722	-0.70463073	-0.6351348	0.7472865	-0.71203095	0.63512415	0.7601386	-0.6815254	-0.7607907	-0.7049751	-0.74605167	0.77276117	-0.62086284	-0.7247426	0.73108476	0.70102656	-0.68127763	-0.7569278	-0.66411525	-0.697355	-0.70703864	-0.7371881	0.68105817	-0.7100103	-0.72629833	-0.672107	-0.714688	0.6998266	0.7067461	-0.7317273	0.7086901	0.6948066	-0.6718429	0.7182379	0.69807863	-0.6944275	0.7282844	0.7005072	-0.68121207	-0.7058262	0.72578764	0.68780094	0.63499343	-0.7046797	-0.6474888	0.583792	0.7346569	-0.64945203	0.73980355	0.7573799	0.69043314	0.7056054	0.7008283	0.72265124	-0.6987921	-0.7149568	0.7007326	0.7425078	-0.7641766	0.7683801	-0.72320926	0.6645871	0.7320831	-0.62961024	0.6879693	-0.740473
-0.59048927	-0.56451935	-0.53209704	0.62333345	-0.6174411	-0.6276181	0.54345113	0.5907384	0.65194595	0.54667366	-0.6040595	-0.5713531	-0.6081984	0.61300945	-0.5997416	-0.5915391	0.60884553	0.557408	-0.6144566	-0.5837456	-0.5817916	-0.5413876	0.58983797	0.5566655	0.556264	0.55379045	-0.6421752	-0.5651655	0.63021255	0.6221723	-0.595304	0.5921178	-0.6622387	-0.50827587	0.5607864	-0.58788735	-0.51599115	0.62017447	-0.6132839	0.5933368	0.6213967	-0.55462664	-0.61776197	-0.5923289	-0.57143855	0.63907814	-0.49144727	-0.5900074	0.6395239	0.5756045	-0.5544993	-0.5611098	-0.5363658	-0.5479283	-0.6311553	-0.6112236	0.5622532	-0.6016323	-0.5916635	-0.5382974	-0.6195047	0.6215929	0.54908264	-0.64153564	0.5775184	0.614893	-0.62106055	0.5587357	0.5896514	-0.60375357	0.5369226	0.62370056	-0.5483284	-0.5702769	0.6185896	0.6003832	0.58516747	-0.56101763	-0.57198215	0.5215814	0.58094835	-0.5018741	0.6349742	0.6039449	0.5489423	0.63663965	0.6001465	0.54221797	-0.56931245	-0.53801364	0.57899296	0.53944224	-0.6407744	0.6209251	-0.5779876	0.62990963	0.6299658	-0.49123776	0.62410194	-0.5756758
-0.44549817	-0.5166261	-0.48768684	0.48177263	-0.5379782	-0.4784092	0.5202777	0.51209676	0.53406316	0.4844443	-0.49424276	-0.48168987	-0.5026064	0.49001026	-0.52907634	-0.54696053	0.47846195	0.5103528	-0.5451045	-0.5214052	-0.5665765	-0.45697102	0.47198805	0.54151136	0.50256306	0.51332307	-0.5086622	-0.47917	0.54345727	0.5282857	-0.48015183	0.5099694	-0.47215366	-0.442325	0.4941317	-0.55819154	-0.5099301	0.51444614	-0.4670897	0.49635798	0.56989735	-0.48595142	-0.47230187	-0.52471346	-0.46134397	0.47842836	-0.5222001	-0.53067064	0.48314074	0.5236108	-0.47690025	-0.51729953	-0.45226794	-0.54544866	-0.5427323	-0.5316039	0.47907296	-0.4882316	-0.47144264	-0.51586586	-0.537967	0.48078653	0.49626496	-0.5474048	0.55212235	0.46225762	-0.4675685	0.51202995	0.5540697	-0.55409175	0.5288991	0.54702944	-0.562471	-0.4672487	0.52052116	0.50481266	0.53932	-0.540143	-0.49091256	0.43566197	0.5119203	-0.5195757	0.48584294	0.4755652	0.49916682	0.48588163	0.5377725	0.536481	-0.49777934	-0.55000746	0.55801046	0.54721165	-0.48687145	0.51414144	-0.48612118	0.48740923	0.48625585	-0.45203683	0.4880175	-0.5360831
-0.66605586	-0.6900021	-0.6160955	0.6348043	-0.63264996	-0.6575608	0.62415695	0.60269874	0.65054667	0.70729995	-0.72293204	-0.6929529	-0.6975122	0.6440335	-0.706037	-0.6648776	0.64064795	0.61718583	-0.6483502	-0.6557521	-0.6676093	-0.63764423	0.6332683	0.6213493	0.6818747	0.62539357	-0.6711094	-0.67148656	0.6725395	0.64706177	-0.6591746	0.6825523	-0.63802344	-0.5984305	0.6870764	-0.71740735	-0.5871568	0.6186622	-0.61524427	0.64096653	0.6938666	-0.67571706	-0.68306005	-0.66807175	-0.6418581	0.67850167	-0.61332315	-0.69701535	0.6853161	0.67705446	-0.60157603	-0.6363212	-0.59781307	-0.64454	-0.64632165	-0.6707174	0.67430955	-0.6778593	-0.64144903	-0.6854753	-0.67402077	0.67729986	0.6151522	-0.7019099	0.5926436	0.7152297	-0.6233803	0.6078158	0.6763281	-0.7113964	0.6502382	0.7150055	-0.6986909	-0.6319078	0.6490593	0.6449831	0.6299552	-0.6589971	-0.5757419	0.5738478	0.5919329	-0.5816233	0.69399315	0.69706273	0.60962033	0.64927167	0.66734684	0.6184742	-0.6657896	-0.6963886	0.61979365	0.64883065	-0.61498076	0.70187247	-0.64340866	0.6477439	0.639053	-0.576519	0.6606707	-0.6746534
-0.66349685	-0.6793412	-0.692392	0.6707714	-0.7085165	-0.71129256	0.61526513	0.6391825	0.7226808	0.6686574	-0.7041372	-0.6810763	-0.6888048	0.60269773	-0.6552608	-0.7257213	0.7339374	0.6517153	-0.6623318	-0.67571115	-0.710413	-0.6929723	0.71498615	0.6307049	0.68968254	0.67117894	-0.6451074	-0.58410555	0.67466235	0.648996	-0.6608481	0.7028323	-0.70798707	-0.61092985	0.70444906	-0.67598766	-0.64921165	0.6463279	-0.6822379	0.6566824	0.71835566	-0.6268594	-0.71133584	-0.61530983	-0.708269	0.6903958	-0.5704388	-0.6100607	0.7280392	0.7184534	-0.5895684	-0.63217264	-0.5861634	-0.6450361	-0.7059677	-0.7261486	0.6859499	-0.7313785	-0.7169647	-0.6751614	-0.69255525	0.60149175	0.607815	-0.6613899	0.69765395	0.66495	-0.5705449	0.65780294	0.660134	-0.66344726	0.61222863	0.63767284	-0.6408977	-0.66937745	0.5891882	0.6647222	0.66053027	-0.70465845	-0.63753146	0.55473256	0.6124468	-0.60217065	0.66836804	0.70543903	0.61039174	0.71307033	0.69464713	0.6885556	-0.6544535	-0.70174074	0.6925772	0.6851455	-0.69853127	0.6541589	-0.64612234	0.68983805	0.6838079	-0.61034775	0.6104274	-0.6610525
-0.6021605	-0.6486948	-0.60578907	0.5982746	-0.56898874	-0.5702404	0.64076155	0.618732	0.59099185	0.64447343	-0.62957966	-0.58652455	-0.6036323	0.57395685	-0.65042216	-0.59468126	0.675474	0.64684856	-0.576327	-0.60416347	-0.6564641	-0.65439767	0.6546327	0.64863783	0.67830074	0.61411357	-0.673043	-0.6307232	0.6059753	0.6809179	-0.5876566	0.66399246	-0.6313121	-0.6075996	0.5950823	-0.605098	-0.5851983	0.64589554	-0.623332	0.6288654	0.5883338	-0.61154485	-0.6185675	-0.6712801	-0.6412341	0.63496214	-0.5333394	-0.6382065	0.6195676	0.59891826	-0.5560767	-0.6938839	-0.58565813	-0.6597064	-0.6703444	-0.59461904	0.622299	-0.6342604	-0.6116743	-0.6429994	-0.59237105	0.55841404	0.58401626	-0.5924519	0.6429173	0.63440233	-0.62491465	0.62123895	0.60608083	-0.64059925	0.6453689	0.67317724	-0.64019805	-0.6193454	0.6055005	0.59625477	0.6438763	-0.62332565	-0.4975907	0.58344156	0.6123155	-0.607444	0.62525445	0.6408942	0.62466735	0.6073573	0.6526805	0.65545654	-0.6118995	-0.6114144	0.65130866	0.6127218	-0.6530661	0.6353696	-0.6752738	0.59665745	0.62618464	-0.63670826	0.6709726	-0.62576365
-0.5174635	-0.6047442	-0.5538328	0.6526673	-0.5423606	-0.61568516	0.54669917	0.4908086	0.5640055	0.61859643	-0.56934285	-0.6441206	-0.6557686	0.5499941	-0.5756233	-0.60287255	0.60223585	0.5611877	-0.62955326	-0.6139641	-0.6499068	-0.6339693	0.5929137	0.5659061	0.6607187	0.5437338	-0.6004089	-0.5592932	0.629239	0.6649559	-0.642856	0.5997118	-0.58834475	-0.5044628	0.6115089	-0.57883394	-0.4955758	0.59987897	-0.574996	0.5419829	0.6042905	-0.56279737	-0.6405764	-0.5924103	-0.5484675	0.61900115	-0.5192379	-0.5957004	0.6679186	0.5963567	-0.508656	-0.63051367	-0.47737896	-0.60976845	-0.6142595	-0.5887633	0.59539807	-0.5825484	-0.58951795	-0.6322774	-0.59663564	0.56785166	0.54059607	-0.65652156	0.6403683	0.6123611	-0.5206497	0.56148946	0.6222208	-0.6554977	0.621315	0.6449929	-0.62368244	-0.64717454	0.5715223	0.6205755	0.5751934	-0.5818901	-0.5707063	0.497548	0.5715404	-0.54771817	0.6028148	0.6094633	0.47172993	0.5748503	0.58703065	0.5482401	-0.61813223	-0.62469983	0.63150036	0.64191294	-0.5710334	0.6622201	-0.5963752	0.5518258	0.635554	-0.47234094	0.59617245	-0.6029822
-0.5856207	-0.67508084	-0.6390536	0.65734726	-0.6756541	-0.6609205	0.5996004	0.6151936	0.68873763	0.66864717	-0.6379905	-0.7392929	-0.7282215	0.6309163	-0.69950885	-0.698195	0.7417259	0.7015628	-0.64992964	-0.6675848	-0.708083	-0.7059633	0.7258567	0.70828867	0.7195491	0.66695374	-0.687255	-0.62002504	0.74936205	0.6547442	-0.6770246	0.7523006	-0.6581585	-0.61583155	0.7128504	-0.70398736	-0.57416296	0.72595644	-0.70228344	0.68563676	0.7328002	-0.6868895	-0.7357584	-0.7299633	-0.62583405	0.69495475	-0.652179	-0.6402054	0.72556394	0.66397405	-0.5726414	-0.68807834	-0.6136042	-0.6632291	-0.73636836	-0.7011774	0.7135035	-0.67924005	-0.65582633	-0.62606037	-0.7194588	0.6614959	0.58859825	-0.74705493	0.7210411	0.7567498	-0.5883407	0.61160785	0.66046846	-0.6897629	0.6743056	0.7306532	-0.64950025	-0.64705336	0.6699947	0.6123243	0.6632094	-0.7436852	-0.6177084	0.5767303	0.67171806	-0.65563565	0.7181066	0.6736731	0.60460895	0.68170255	0.6757242	0.68848395	-0.65509796	-0.6291135	0.71386534	0.66487205	-0.70668226	0.73342973	-0.6906169	0.6964674	0.67291087	-0.5530517	0.6535262	-0.7144208
-0.50252354	-0.675031	-0.70312536	0.7295308	-0.6352189	-0.69946843	0.68229926	0.6111369	0.6427318	0.7515736	-0.6511462	-0.710676	-0.7113592	0.659965	-0.73858047	-0.7624144	0.73204637	0.67816174	-0.7335761	-0.6882835	-0.7680888	-0.7350625	0.71367985	0.6806321	0.73989546	0.6171243	-0.6333428	-0.7058758	0.7039898	0.7429556	-0.6372158	0.7395271	-0.7370322	-0.6273884	0.64627486	-0.74190724	-0.6564788	0.6549649	-0.6223263	0.6092255	0.7067545	-0.7885632	-0.7108751	-0.6724287	-0.69315207	0.74157387	-0.7024426	-0.7115254	0.71938556	0.7402536	-0.5790261	-0.69693935	-0.6662289	-0.6629152	-0.76045877	-0.718711	0.7288254	-0.70671326	-0.75949407	-0.5287292	-0.76445735	0.65531135	0.6392675	-0.75410837	0.797078	0.7145995	-0.5472369	0.6157095	0.7476147	-0.72044766	0.65180856	0.7516799	-0.749277	-0.68730026	0.7367089	0.6739216	0.7035139	-0.70403594	-0.6521915	0.6639833	0.6420563	-0.5858502	0.6837278	0.59958535	0.57367796	0.5222793	0.6729706	0.6021655	-0.6665267	-0.72098166	0.71159434	0.6640663	-0.7191076	0.73814803	-0.717719	0.6396713	0.73057526	-0.67149633	0.679023	-0.7807069
-0.43013072	-0.46123847	-0.4207723	0.4681206	-0.47830018	-0.39284036	0.42471334	0.45394552	0.50093627	0.49981728	-0.454543	-0.51468366	-0.43084744	0.44567695	-0.4640966	-0.5041646	0.47805268	0.4297583	-0.45154566	-0.47352186	-0.4549289	-0.43860665	0.48218763	0.48228678	0.50606	0.50352204	-0.49988794	-0.4000661	0.477027	0.45224983	-0.50900704	0.495437	-0.5104598	-0.43779743	0.47940207	-0.44713846	-0.37927687	0.42416295	-0.45685968	0.4935801	0.44102782	-0.42375693	-0.48778698	-0.4892547	-0.41898993	0.453896	-0.461538	-0.4284885	0.41325912	0.46481726	-0.43316975	-0.5089731	-0.4250567	-0.4248709	-0.46884492	-0.46275702	0.50905514	-0.50718623	-0.43538076	-0.42796743	-0.46203884	0.45920455	0.45430082	-0.46252942	0.47497457	0.4907852	-0.3916382	0.46849844	0.45300332	-0.4666479	0.47531363	0.46687862	-0.5018441	-0.44525564	0.43606353	0.4406569	0.4475522	-0.4250315	-0.4387953	0.43198234	0.45805493	-0.42294025	0.44556046	0.42331332	0.46332714	0.46724594	0.47951937	0.47486264	-0.425534	-0.42013597	0.46502364	0.49345306	-0.4733463	0.39613312	-0.45823914	0.46544835	0.4323565	-0.43837228	0.45252013	-0.5001425
-0.42497274	-0.39891133	-0.42511564	0.37010244	-0.4472128	-0.41101685	0.45445475	0.46770304	0.39774728	0.40651542	-0.38092187	-0.38062322	-0.3178756	0.41169372	-0.36963183	-0.37913513	0.43893257	0.45462072	-0.41079816	-0.44628802	-0.4302746	-0.3993724	0.39602482	0.47456056	0.42761943	0.46644115	-0.44937748	-0.41238835	0.42037132	0.4656061	-0.41161776	0.38645977	-0.39464876	-0.45010704	0.41625786	-0.40898782	-0.4417419	0.39259896	-0.39060232	0.45767173	0.35414013	-0.4544828	-0.45600888	-0.48742652	-0.48100138	0.38139373	-0.36720535	-0.44385466	0.37006268	0.37330353	-0.39310333	-0.43989095	-0.42216268	-0.47220072	-0.39730194	-0.4514231	0.4381271	-0.37340796	-0.43843174	-0.4262565	-0.38123903	0.47995904	0.40877753	-0.43552992	0.4044587	0.3810877	-0.4489611	0.48671168	0.4102185	-0.43091372	0.43503958	0.4405681	-0.47914463	-0.40378496	0.4812912	0.46000686	0.4269377	-0.43136862	-0.40588295	0.38131705	0.48023364	-0.4323267	0.42488673	0.46491167	0.40398774	0.3927965	0.44155985	0.47783363	-0.4564219	-0.38681394	0.4433661	0.47989857	-0.42741525	0.29369873	-0.421177	0.40810058	0.43518746	-0.41048074	0.40981784	-0.4284248
-0.3109704	-0.4188472	-0.32917583	0.35884085	-0.371007	-0.4062924	0.31621602	0.37608328	0.4158402	0.35887453	-0.36677334	-0.33780754	-0.37475997	0.40545383	-0.3295342	-0.38495645	0.3374132	0.31870362	-0.36232498	-0.3362466	-0.4020122	-0.36203858	0.3213387	0.35810006	0.3593956	0.33139858	-0.3606232	-0.3307718	0.37601227	0.33976296	-0.35189494	0.3353603	-0.34372357	-0.39481205	0.3748435	-0.32608575	-0.29993927	0.41715634	-0.39656362	0.3968731	0.4108124	-0.38763374	-0.3390669	-0.33213222	-0.37615645	0.34315568	-0.29744682	-0.37019232	0.3177015	0.34020668	-0.37302107	-0.3596091	-0.3312641	-0.34112146	-0.3726171	-0.36009145	0.32121754	-0.3640108	-0.3097948	-0.3957016	-0.34277272	0.3633799	0.36542144	-0.3560299	0.3600509	0.34172034	-0.3483661	0.3772105	0.36654902	-0.31247774	0.3910619	0.34359175	-0.40307182	-0.35267532	0.36452922	0.36769408	0.33863878	-0.3843875	-0.3101183	0.32010314	0.37543467	-0.3433284	0.39002252	0.35308677	0.31465194	0.34531432	0.38914064	0.3677702	-0.30556524	-0.31271878	0.35988596	0.37899405	-0.32528114	0.32500246	-0.3584917	0.32997897	0.31955314	-0.36270815	0.34195715	-0.37864742
-0.53373945	-0.57426506	-0.5790877	0.59100634	-0.58848983	-0.59660786	0.5620955	0.61436427	0.6415584	0.60324746	-0.6254742	-0.56660295	-0.53856426	0.55026317	-0.5713513	-0.60217744	0.63870525	0.5482125	-0.57991344	-0.5921688	-0.58300996	-0.609906	0.6101681	0.5661262	0.6201014	0.6306107	-0.62512875	-0.5627865	0.6446594	0.5675084	-0.5950606	0.5992553	-0.59602445	-0.5691992	0.6066748	-0.63868904	-0.5467803	0.6130528	-0.5379057	0.57429177	0.58990914	-0.5749695	-0.57750857	-0.6244759	-0.6144964	0.58780044	-0.5943376	-0.54453546	0.5956472	0.5735417	-0.5901044	-0.6383962	-0.58992976	-0.5645975	-0.5638734	-0.6001295	0.59908116	-0.6480783	-0.61232865	-0.6020483	-0.605183	0.57109827	0.5918896	-0.59760875	0.587547	0.5839654	-0.6067755	0.59084845	0.61832	-0.58584195	0.5703698	0.6467552	-0.5544837	-0.5758346	0.56742316	0.53416026	0.55404997	-0.5625076	-0.5595304	0.531789	0.5615015	-0.5352941	0.61026794	0.6095273	0.53471386	0.5754887	0.5837593	0.5654753	-0.5782972	-0.567242	0.6100555	0.6050142	-0.61500955	0.5589916	-0.58878624	0.6036902	0.5601885	-0.55227154	0.58890146	-0.55979496
-0.24109232	-0.30477148	-0.30530652	0.2432888	-0.32490277	-0.26585704	0.28798822	0.32304972	0.29434744	0.24845979	-0.25617167	-0.24624048	-0.24062282	0.32831675	-0.3177255	-0.2934193	0.25319573	0.24460803	-0.3081033	-0.30784288	-0.32298237	-0.2581352	0.2821255	0.2691253	0.30816552	0.2889519	-0.25135097	-0.24733882	0.26187924	0.2886837	-0.2864014	0.31015506	-0.2823177	-0.2555391	0.2756306	-0.28146031	-0.28359094	0.31830513	-0.2744913	0.30988306	0.26304457	-0.25195703	-0.29921746	-0.24262756	-0.2692337	0.28491327	-0.26627356	-0.29849052	0.306677	0.3184176	-0.27935433	-0.31530946	-0.23996902	-0.28115305	-0.25867525	-0.26127744	0.2728136	-0.32114983	-0.2666781	-0.27348655	-0.28371587	0.29706022	0.3175438	-0.33405405	0.3422373	0.3052575	-0.30834097	0.2953147	0.34010136	-0.258669	0.29879063	0.28310984	-0.28619695	-0.32238874	0.30358988	0.31896865	0.27631727	-0.2589023	-0.32349455	0.29660606	0.2817389	-0.29716054	0.2982678	0.26162753	0.26123527	0.24021623	0.29858583	0.31010374	-0.30444935	-0.24832685	0.24216232	0.26380846	-0.31947574	0.24866949	-0.3313938	0.28632802	0.33787507	-0.31057373	0.31576493	-0.32526588
-0.2227881	-0.21881671	-0.2090241	0.19830419	-0.22480586	-0.14311638	0.18211116	0.2048845	0.15455665	0.14447185	-0.22750345	-0.14813073	-0.22278933	0.16700564	-0.20885193	-0.21824963	0.18744524	0.21577306	-0.23275645	-0.21005137	-0.20038027	-0.23402072	0.20728716	0.13867146	0.1989677	0.22781438	-0.21515846	-0.21868967	0.20416915	0.19030069	-0.1820821	0.19131905	-0.17879097	-0.17172337	0.22890225	-0.1925264	-0.17497523	0.14777273	-0.15734544	0.22685455	0.17851354	-0.19797547	-0.18544127	-0.21950783	-0.18433577	0.23388493	-0.20901786	-0.20827211	0.21286255	0.22323419	-0.22998191	-0.22715023	-0.19732867	-0.1980112	-0.20478687	-0.22101463	0.1741917	-0.17441933	-0.17499919	-0.14956221	-0.14390853	0.23427562	0.17387359	-0.15453006	0.23468184	0.20178075	-0.23439021	0.20077564	0.13996665	-0.13895386	0.20210274	0.14517601	-0.19750533	-0.21691902	0.23119022	0.14531976	0.229876	-0.21526441	-0.19328876	0.2138134	0.14857396	-0.18540438	0.20543988	0.17800473	0.22449154	0.20716567	0.16909912	0.13830885	-0.18851481	-0.20518824	0.15872236	0.1970797	-0.16347863	0.17582294	-0.15953703	0.14394745	0.22445135	-0.14282338	0.22690134	-0.1468375
-0.24162011	-0.2698615	-0.27726763	0.24061528	-0.23111697	-0.21979423	0.26000023	0.25036874	0.2451229	0.2328289	-0.18681134	-0.26116428	-0.23493145	0.22855604	-0.24128081	-0.23832762	0.17808247	0.19132766	-0.23665708	-0.27058363	-0.19106258	-0.24788518	0.20342934	0.1974538	0.2482378	0.23840635	-0.17013022	-0.18819961	0.21975249	0.20891164	-0.26157087	0.2302954	-0.2599267	-0.29275933	0.2020668	-0.21452276	-0.27603617	0.2073049	-0.2477426	0.24738166	0.23368305	-0.2048533	-0.22099102	-0.18045288	-0.22829524	0.20043403	-0.26179063	-0.20566161	0.24390347	0.19467539	-0.26035443	-0.2602373	-0.1963755	-0.20123878	-0.20096469	-0.2398472	0.27461234	-0.21469998	-0.20721665	-0.23748833	-0.22936347	0.25079212	0.2790141	-0.2242287	0.19949917	0.2686128	-0.2215168	0.21477565	0.19953734	-0.23815954	0.18610734	0.2595186	-0.1859026	-0.24815825	0.20642884	0.25972173	0.19153616	-0.20174894	-0.22290349	0.21214198	0.217541	-0.25971416	0.22643894	0.19191954	0.257538	0.24116524	0.22128753	0.19390674	-0.23412299	-0.27195412	0.2552379	0.21145417	-0.21201202	0.18616161	-0.25305152	0.17535	0.2125784	-0.2951713	0.24056603	-0.2180029
-0.5267705	-0.51880723	-0.562763	0.5297732	-0.5107554	-0.51206803	0.53220093	0.47194657	0.52991927	0.53232807	-0.580295	-0.5208195	-0.5832073	0.5753649	-0.550512	-0.5258542	0.60474837	0.48540017	-0.59254247	-0.57289183	-0.57110864	-0.5960396	0.5661141	0.52272105	0.52576196	0.5556126	-0.59575343	-0.56509304	0.5801788	0.53563565	-0.54635394	0.53607094	-0.5610442	-0.49113616	0.59071106	-0.5932378	-0.54689634	0.57293	-0.55505437	0.523409	0.5730301	-0.5693173	-0.57607305	-0.5569953	-0.55746806	0.54153955	-0.56506455	-0.5325582	0.5050757	0.5044649	-0.5030621	-0.5909689	-0.5623892	-0.52084655	-0.5979126	-0.5373517	0.6117873	-0.57596666	-0.5399991	-0.5726579	-0.5484246	0.5086084	0.55142146	-0.60437995	0.6148511	0.59553397	-0.5106645	0.47418353	0.51747924	-0.5553475	0.51691467	0.5791222	-0.5245586	-0.5571105	0.6051624	0.59499085	0.558681	-0.52107215	-0.5741615	0.46133506	0.52261	-0.50921124	0.57378906	0.50997394	0.4531182	0.4936687	0.5657976	0.5291689	-0.5646031	-0.59133106	0.5511182	0.5394817	-0.57238203	0.5198419	-0.6146968	0.5263039	0.5366736	-0.47731754	0.5722033	-0.52135277
-0.19940658	-0.24657255	-0.2300984	0.23221286	-0.20511955	-0.23006463	0.14782505	0.15711874	0.19660974	0.25504708	-0.23869921	-0.19534811	-0.2357311	0.14904514	-0.23675588	-0.19858514	0.18581484	0.2144578	-0.20826858	-0.23223011	-0.18564625	-0.17610241	0.17527762	0.2033171	0.16948617	0.24434458	-0.19551489	-0.18324949	0.24613513	0.18757996	-0.23202315	0.1719776	-0.21643363	-0.17580064	0.16272552	-0.2456542	-0.16114329	0.22006026	-0.21527408	0.21457349	0.24248898	-0.1814107	-0.25768661	-0.24388938	-0.21655476	0.20654562	-0.22581455	-0.19309548	0.23571555	0.17084953	-0.14204815	-0.17627063	-0.15640277	-0.21909243	-0.21146016	-0.2472818	0.16484971	-0.1886707	-0.21667014	-0.24279565	-0.22574615	0.22349991	0.15728693	-0.17013814	0.17587802	0.22593075	-0.22592933	0.17325984	0.19849758	-0.2552437	0.2177513	0.16148002	-0.23876528	-0.2004392	0.21791567	0.14924145	0.24641445	-0.18562752	-0.20905158	0.1332652	0.21235606	-0.21918242	0.21751785	0.15465987	0.12964247	0.21424806	0.22482473	0.23755692	-0.25414377	-0.17035182	0.21391061	0.1712478	-0.17231052	0.19414872	-0.2056734	0.1648008	0.24581698	-0.19549985	0.25048795	-0.24861653
-0.47234964	-0.49745786	-0.51550174	0.53658855	-0.53001136	-0.42842364	0.5135767	0.47541264	0.547763	0.49464682	-0.49610257	-0.4502126	-0.49179837	0.47982162	-0.50607616	-0.5224764	0.44307977	0.53387314	-0.5164465	-0.4946471	-0.4509174	-0.4614879	0.5105275	0.47074145	0.5196916	0.45976478	-0.47471246	-0.48619777	0.4981721	0.52241904	-0.45527947	0.5187277	-0.550588	-0.50864935	0.47895202	-0.45953226	-0.4236386	0.5400533	-0.49211138	0.44565025	0.48313284	-0.5239991	-0.42416084	-0.49272344	-0.45680472	0.49815515	-0.42122564	-0.46491584	0.42893082	0.42500582	-0.47400773	-0.533214	-0.5465219	-0.49742943	-0.44643915	-0.4640097	0.505126	-0.46234253	-0.44829985	-0.50119126	-0.48815158	0.49727383	0.52382165	-0.52892673	0.522771	0.5345556	-0.53792125	0.48209414	0.4742038	-0.5059629	0.49113342	0.53801835	-0.48497695	-0.5011654	0.52269924	0.49671417	0.4588881	-0.51329577	-0.49165112	0.41475374	0.47475347	-0.5241889	0.4870811	0.5404645	0.4330895	0.48786145	0.5124164	0.45767686	-0.516199	-0.4255964	0.45395464	0.531895	-0.4642485	0.43244767	-0.51526845	0.53931546	0.46428746	-0.42553392	0.48358986	-0.44375932
-0.4596275	-0.48670176	-0.4741196	0.48204535	-0.42151827	-0.442259	0.41133094	0.48589256	0.4550912	0.45844707	-0.54594725	-0.5275831	-0.52369833	0.4412141	-0.42622453	-0.48053643	0.48716006	0.46391326	-0.46808183	-0.53050524	-0.5304363	-0.46934143	0.522868	0.5152179	0.45985463	0.49194038	-0.47828883	-0.5023149	0.5016289	0.48871967	-0.46616587	0.4916425	-0.49877268	-0.45737082	0.4727964	-0.49525636	-0.4585029	0.50989074	-0.4672657	0.4645906	0.45983306	-0.48554507	-0.4556532	-0.46850592	-0.4958958	0.49994603	-0.41910446	-0.49260637	0.54057556	0.5340281	-0.43857545	-0.52726364	-0.43060392	-0.45683607	-0.51756406	-0.47202387	0.5323928	-0.4401409	-0.46284592	-0.48959348	-0.47970626	0.4873748	0.40172967	-0.51109844	0.4171921	0.49152508	-0.458845	0.5029561	0.50511855	-0.46505484	0.45896897	0.4865809	-0.5086608	-0.51725394	0.43622282	0.4851267	0.5095297	-0.5071296	-0.4867241	0.44278014	0.44863892	-0.42404875	0.44510776	0.45686984	0.4615188	0.5001613	0.46421015	0.52682704	-0.4094256	-0.47310334	0.45826888	0.4790783	-0.50305265	0.48836944	-0.51888037	0.52170354	0.47676402	-0.393909	0.47213653	-0.50958335
-0.3704387	-0.3029885	-0.2567771	0.34175903	-0.36175662	-0.3245242	0.2833137	0.34389737	0.34716576	0.31008598	-0.25985166	-0.26736158	-0.2864676	0.31098887	-0.29009122	-0.31626937	0.29745477	0.336787	-0.34997362	-0.27042413	-0.25923005	-0.34223998	0.280124	0.27159065	0.3127797	0.33682585	-0.3217573	-0.29588	0.32223386	0.30270195	-0.32757756	0.3100036	-0.27006665	-0.35296455	0.2680803	-0.33495623	-0.34592098	0.316363	-0.3441303	0.36164442	0.31151596	-0.3292605	-0.27010393	-0.33823884	-0.28374285	0.3499054	-0.299704	-0.31569293	0.3066505	0.3322449	-0.34422645	-0.2596865	-0.29359773	-0.3582093	-0.27474394	-0.28785098	0.250651	-0.267694	-0.29675	-0.3022012	-0.28200424	0.2893384	0.34438163	-0.29994786	0.29950643	0.3287908	-0.2901404	0.35574716	0.27613866	-0.33355287	0.31695846	0.25990352	-0.28049457	-0.28235865	0.3462926	0.2796524	0.32250977	-0.3230053	-0.32093313	0.27524135	0.27220726	-0.26400557	0.27834624	0.33293238	0.32675585	0.29935887	0.3301705	0.3194848	-0.26857895	-0.3052251	0.35365388	0.35256463	-0.31340882	0.24289292	-0.32147118	0.3577531	0.2994257	-0.30058324	0.29275084	-0.30532894
-0.51021075	-0.56503546	-0.5754866	0.54678965	-0.58611107	-0.6103439	0.5639711	0.536681	0.53657943	0.5702565	-0.6287162	-0.6025989	-0.58291155	0.5827349	-0.616418	-0.6186207	0.6004199	0.5320576	-0.5584391	-0.6236338	-0.56949854	-0.593195	0.5776063	0.5911052	0.6205862	0.587263	-0.5700823	-0.5795207	0.6610995	0.618356	-0.5408607	0.5686729	-0.55798954	-0.5107055	0.5415632	-0.6497502	-0.5514295	0.5216524	-0.57732284	0.52653736	0.62620527	-0.6224124	-0.5854418	-0.58417076	-0.5833284	0.61160684	-0.58492744	-0.6250811	0.590749	0.5720918	-0.5144218	-0.57415825	-0.5402629	-0.5381215	-0.6116352	-0.55814356	0.63917315	-0.57938445	-0.6322891	-0.51889724	-0.59761393	0.6028275	0.48795235	-0.6394635	0.60455114	0.6052853	-0.49043408	0.5777292	0.65143883	-0.6216105	0.51069707	0.61178166	-0.63981503	-0.61724555	0.5324214	0.60432905	0.62737125	-0.54418975	-0.62443405	0.47563812	0.4868376	-0.50210077	0.59838367	0.504409	0.46162933	0.592096	0.62454045	0.5550649	-0.5862935	-0.5525434	0.55142516	0.58151495	-0.5303403	0.5942388	-0.55569065	0.5828057	0.6496163	-0.51154375	0.52604204	-0.6465312
-0.5489529	-0.64841276	-0.62111276	0.62724286	-0.631264	-0.6150198	0.5970579	0.5208084	0.6271292	0.5741849	-0.6161972	-0.6081604	-0.63245165	0.5989986	-0.61661786	-0.5591354	0.6302537	0.51975805	-0.608703	-0.5916391	-0.6390386	-0.55324566	0.58670205	0.61604005	0.6409717	0.6213543	-0.5713113	-0.53745896	0.57546085	0.60674095	-0.5585366	0.576349	-0.63458943	-0.48730803	0.56235373	-0.622645	-0.60250723	0.553284	-0.56226385	0.53306067	0.54117435	-0.629981	-0.5673165	-0.5825292	-0.5952889	0.6054004	-0.5507798	-0.5916822	0.60955834	0.6096571	-0.48801216	-0.57490313	-0.5772149	-0.61468995	-0.6421822	-0.58997875	0.61354685	-0.52863055	-0.60932565	-0.55134666	-0.61019456	0.63526964	0.5315825	-0.62393653	0.5895872	0.58111095	-0.52721643	0.52375984	0.58897156	-0.631291	0.52861017	0.5865289	-0.5652406	-0.57268566	0.57618785	0.56220126	0.5728344	-0.62523127	-0.5385469	0.5699953	0.5393356	-0.5627394	0.634691	0.56717193	0.5927856	0.63762575	0.60335946	0.620504	-0.53589565	-0.5462614	0.59412056	0.61224437	-0.5696075	0.5284085	-0.59536123	0.62126064	0.5808249	-0.559142	0.52820486	-0.5801306
-0.6200106	-0.65974915	-0.6173218	0.6115077	-0.6552574	-0.50462794	0.6266807	0.6262901	0.61817396	0.598212	-0.5709079	-0.5942062	-0.6172853	0.6369547	-0.6008184	-0.6111957	0.6120159	0.56592834	-0.6019189	-0.65290105	-0.6243923	-0.64205045	0.5602961	0.6518671	0.5996826	0.66287297	-0.6065075	-0.6191012	0.6237267	0.6080767	-0.55914617	0.6198075	-0.59877646	-0.5693422	0.6005061	-0.6196331	-0.58076835	0.62933797	-0.56693935	0.5985538	0.577858	-0.5624248	-0.61322325	-0.60326177	-0.61254376	0.5702056	-0.5359053	-0.63345647	0.5997321	0.604108	-0.64597654	-0.6588726	-0.6459469	-0.5937059	-0.61365956	-0.60404086	0.61499715	-0.5847455	-0.61491627	-0.6689014	-0.65859735	0.56003284	0.5721167	-0.65532756	0.5939981	0.59050655	-0.60085905	0.563355	0.5774987	-0.6218901	0.5575098	0.6301589	-0.5803519	-0.6000504	0.5808908	0.5739293	0.5533515	-0.6452388	-0.52342665	0.55007434	0.6493667	-0.5631723	0.60870296	0.6190755	0.58848965	0.63246727	0.6512753	0.60025144	-0.6325732	-0.56622154	0.57716984	0.59155166	-0.671068	0.60686296	-0.65108573	0.6628046	0.63369244	-0.60034	0.56018686	-0.61622876
-0.1179587	-0.07417425	-0.08446268	0.1276567	-0.081785165	-0.0484826	0.10484216	0.13275851	0.11300379	0.057392158	-0.038918365	-0.0987377	-0.12554389	0.106763475	-0.11325798	-0.10476628	0.12370987	0.08221329	-0.06579823	-0.03984726	-0.051272087	-0.09942299	0.12904248	0.092122704	0.046335064	0.12768213	-0.052488316	-0.07622118	0.08453944	0.071208455	-0.09299613	0.10801751	-0.08959194	-0.052600887	0.04979361	-0.07217355	-0.097973645	0.116157874	-0.12639943	0.11186878	0.04355341	-0.065308735	-0.072988845	-0.066717155	-0.048873093	0.070968285	-0.05937292	-0.105384424	0.04705482	0.037338324	-0.13691263	-0.1326019	-0.08319981	-0.062156558	-0.038182117	-0.07578737	0.04526698	-0.12675323	-0.06889529	-0.06948622	-0.04361695	0.034372117	0.09939271	-0.1151208	0.13532282	0.067542106	-0.12632784	0.052685615	0.13396235	-0.104823954	0.13962935	0.13555399	-0.06855666	-0.12679942	0.04328247	0.07772264	0.04172909	-0.06826541	-0.07230987	0.057659626	0.06414025	-0.11053499	0.12334849	0.11053938	0.115285724	0.14411268	0.13719028	0.05535241	-0.050147705	-0.029707722	0.05624147	0.056330968	-0.1108303	0.10534881	-0.083156615	0.059020877	0.119448945	-0.07054842	0.115489066	-0.040859874
-0.42328408	-0.39072925	-0.39098695	0.35778317	-0.39828143	-0.3725087	0.3670163	0.44021404	0.36999473	0.3849568	-0.42434746	-0.3820295	-0.3827319	0.42873463	-0.4461264	-0.43751028	0.4353164	0.37270966	-0.39511892	-0.38463378	-0.3768371	-0.3640889	0.39732108	0.3772111	0.3633689	0.37477455	-0.43261683	-0.42659706	0.35789824	0.3647719	-0.36102334	0.42996764	-0.3650897	-0.3655844	0.40840307	-0.40825585	-0.42077366	0.42070547	-0.40946582	0.35053512	0.43781465	-0.4196396	-0.3700166	-0.4242264	-0.3899494	0.37967533	-0.34111354	-0.4347701	0.3957208	0.40251338	-0.40013623	-0.37475812	-0.4446944	-0.3865033	-0.35352904	-0.3668217	0.38758332	-0.3725758	-0.35222217	-0.39866894	-0.3685743	0.36636236	0.43653092	-0.38975903	0.35948214	0.42574576	-0.4177444	0.364138	0.35935542	-0.34483537	0.34467092	0.3811872	-0.3734588	-0.44180205	0.41503373	0.3868013	0.4031171	-0.37233168	-0.4089202	0.38121676	0.4070463	-0.34599063	0.3783389	0.37589455	0.38645044	0.44012952	0.3557467	0.4051916	-0.37812573	-0.40312746	0.4136399	0.37263554	-0.41383326	0.32744727	-0.39259726	0.43433666	0.42074528	-0.33552685	0.43044934	-0.36463943
-0.5200042	-0.47618297	-0.5181403	0.52804595	-0.4445899	-0.3998834	0.4727249	0.48726737	0.4652251	0.5057823	-0.4200175	-0.5122781	-0.501148	0.52623975	-0.42623302	-0.4615327	0.46002907	0.44844362	-0.4890123	-0.4416668	-0.4727405	-0.5339639	0.51812375	0.5217259	0.46934527	0.46435985	-0.47513965	-0.48379233	0.45315257	0.4447704	-0.48128933	0.4616282	-0.51981604	-0.45230073	0.48540643	-0.4668923	-0.45815647	0.44947645	-0.47778895	0.44487482	0.47640595	-0.5015877	-0.44797564	-0.47916928	-0.49313426	0.48483348	-0.4328643	-0.5338922	0.49855345	0.487578	-0.4993928	-0.47612163	-0.43635142	-0.46950537	-0.47421938	-0.50834405	0.50976634	-0.5154366	-0.42716342	-0.4521861	-0.47864714	0.46823087	0.48986027	-0.53271806	0.4620252	0.5043285	-0.48287973	0.45439142	0.497168	-0.5217326	0.49508113	0.4427126	-0.49202827	-0.4563204	0.4926041	0.4476798	0.45934284	-0.53451777	-0.41410968	0.4067167	0.51158184	-0.5067871	0.49804646	0.47042704	0.4968486	0.4651337	0.49359968	0.49250928	-0.46284825	-0.42917448	0.49491975	0.48953068	-0.5429111	0.42677733	-0.44310552	0.51710016	0.43929586	-0.3646358	0.5109201	-0.47533107
-0.624515	-0.64850694	-0.6716199	0.6587546	-0.61693776	-0.6185556	0.68309534	0.66360456	0.66854995	0.69858867	-0.6331265	-0.7229232	-0.70505995	0.65392077	-0.6774025	-0.72807765	0.63445777	0.6358266	-0.691013	-0.7035594	-0.65998775	-0.65994763	0.6419135	0.7124552	0.707833	0.66977656	-0.61801654	-0.6676611	0.646991	0.6804188	-0.6193068	0.654987	-0.6933952	-0.62026817	0.62797886	-0.6835894	-0.6076242	0.64027786	-0.67511266	0.6778886	0.67024297	-0.68987423	-0.6258133	-0.6983634	-0.6964001	0.67996824	-0.631412	-0.6846465	0.70595515	0.6528899	-0.62899035	-0.73280406	-0.67561257	-0.6910733	-0.7144264	-0.6508905	0.7135148	-0.716302	-0.65110934	-0.6695933	-0.6413111	0.6470471	0.60698724	-0.6351777	0.6419912	0.7179528	-0.58253354	0.5750724	0.6367566	-0.6622077	0.69887656	0.72930783	-0.635872	-0.68880576	0.6338159	0.6236352	0.6657135	-0.65687835	-0.5936994	0.51846707	0.6345708	-0.65391684	0.6411743	0.69285715	0.5898751	0.661565	0.688259	0.6465765	-0.60037917	-0.6738302	0.65710634	0.6290536	-0.632097	0.6358042	-0.6255613	0.65136	0.71047086	-0.56161535	0.68999326	-0.71053433
-0.60697716	-0.6589287	-0.6259398	0.6305269	-0.6389871	-0.64850104	0.6753824	0.5483829	0.6165741	0.64922154	-0.69732726	-0.6687133	-0.68778104	0.64830565	-0.6131748	-0.71490353	0.61857957	0.62793916	-0.6807133	-0.63794434	-0.66119343	-0.6474007	0.63340086	0.65993464	0.65606403	0.6342072	-0.6094393	-0.67213786	0.68471617	0.6633587	-0.6331849	0.6541743	-0.60111934	-0.56685954	0.6294519	-0.7167756	-0.5481104	0.64040744	-0.6361205	0.65699047	0.7211561	-0.6917664	-0.63435537	-0.633791	-0.6550652	0.6631302	-0.6552813	-0.62088835	0.63635755	0.6327876	-0.5423424	-0.65458703	-0.5561311	-0.69806105	-0.69425815	-0.63784736	0.6596985	-0.7159563	-0.63593316	-0.59017557	-0.6737923	0.6558729	0.58432865	-0.6365048	0.66948926	0.6915323	-0.61226296	0.5946867	0.6777293	-0.7110059	0.6265546	0.66582674	-0.66106415	-0.61751187	0.64059967	0.60418487	0.68569326	-0.67881286	-0.5765654	0.5715432	0.5814261	-0.616043	0.6687094	0.6126438	0.51555485	0.6469712	0.60271543	0.62579304	-0.65984756	-0.62852544	0.64493877	0.61317235	-0.5969102	0.6358668	-0.6395544	0.6600041	0.7064019	-0.5970362	0.61605555	-0.66356015
-0.49165064	-0.58494407	-0.5328642	0.53662455	-0.5088291	-0.4439054	0.5809025	0.52264065	0.6074526	0.56679463	-0.48523578	-0.5368704	-0.5500062	0.56529385	-0.5707515	-0.48429486	0.5658628	0.55034256	-0.5598822	-0.54861003	-0.59603477	-0.5637442	0.5320395	0.5593123	0.5211807	0.55938214	-0.5831814	-0.59510386	0.4877489	0.5263531	-0.5258424	0.49300796	-0.5396186	-0.58710986	0.5615535	-0.5380606	-0.54549116	0.5469411	-0.54661226	0.5808753	0.5637457	-0.5130756	-0.54202664	-0.5021881	-0.5921066	0.55962557	-0.5335081	-0.5340791	0.46607116	0.5559733	-0.5166576	-0.5716764	-0.551618	-0.5558001	-0.55340433	-0.54067326	0.52553207	-0.46001247	-0.47532043	-0.59820265	-0.58572716	0.5766194	0.58551943	-0.50675887	0.5473759	0.5146367	-0.56762844	0.54704374	0.582005	-0.5365284	0.5590933	0.53867	-0.49506414	-0.5018169	0.52442646	0.53612494	0.5442539	-0.5737241	-0.53461516	0.5186821	0.5287052	-0.55415463	0.5873221	0.5479703	0.5636588	0.5389565	0.5227935	0.5027148	-0.5707691	-0.50276154	0.53072524	0.49829382	-0.5594605	0.4636968	-0.5868137	0.5918335	0.50717974	-0.5559672	0.55485964	-0.5472153
-0.44132853	-0.5048377	-0.44807562	0.48100653	-0.5028972	-0.45578796	0.48920912	0.48566383	0.40310693	0.5106727	-0.5002626	-0.46769187	-0.44550157	0.44199955	-0.4832139	-0.4943562	0.49652892	0.5179049	-0.4908925	-0.47517183	-0.5047601	-0.5040699	0.45355308	0.47256336	0.49449885	0.5106029	-0.4322888	-0.52474505	0.41999787	0.43827254	-0.5007159	0.49429768	-0.45395625	-0.462774	0.44280455	-0.46291545	-0.44390643	0.4792351	-0.5289939	0.45488986	0.38894373	-0.4638458	-0.43858707	-0.49154174	-0.47425878	0.4312048	-0.44741583	-0.46966916	0.43589953	0.5003732	-0.5138872	-0.48270592	-0.4703497	-0.44263434	-0.42763388	-0.50583756	0.4930159	-0.4062857	-0.48497117	-0.42727676	-0.5185794	0.5119059	0.4878609	-0.44467983	0.4613341	0.4883198	-0.4904136	0.45274338	0.45781928	-0.50683475	0.42676014	0.42481047	-0.4239328	-0.45877445	0.49155536	0.46819764	0.4406188	-0.52118635	-0.426989	0.4530938	0.44083926	-0.42808455	0.50372493	0.43344495	0.45414785	0.5023042	0.48852497	0.43314612	-0.5248583	-0.47091135	0.4846252	0.45139727	-0.44813764	0.33460894	-0.5231955	0.4911236	0.45872015	-0.4804945	0.48250562	-0.39864695
-0.18752858	-0.23413882	-0.23627341	0.19928186	-0.20500164	-0.19979374	0.2583001	0.23349564	0.22967695	0.1845208	-0.25919986	-0.24033351	-0.23002201	0.21735151	-0.17979127	-0.22753803	0.2729251	0.25992182	-0.21610692	-0.25542223	-0.21413401	-0.20078301	0.25653344	0.26765603	0.23368666	0.19902281	-0.2466945	-0.21804926	0.24466531	0.20234683	-0.2541201	0.22433151	-0.24095552	-0.19889018	0.20090048	-0.24221192	-0.24322063	0.18808605	-0.20408261	0.23157343	0.23173384	-0.18795082	-0.2641689	-0.21710512	-0.26609603	0.2805559	-0.2528598	-0.24768871	0.24103385	0.2182447	-0.26143235	-0.2803757	-0.22906828	-0.24082522	-0.21137042	-0.28275618	0.26549998	-0.24056229	-0.18638156	-0.2682298	-0.28178722	0.26610854	0.20992188	-0.23223889	0.17817575	0.22135665	-0.2329699	0.2176269	0.27533904	-0.19556122	0.24996781	0.260351	-0.26682147	-0.19162895	0.2741872	0.25538373	0.25929126	-0.2678364	-0.1925724	0.2083859	0.27888632	-0.23725109	0.1962303	0.26793525	0.26053727	0.21965243	0.26932532	0.2334209	-0.19852546	-0.18572971	0.21593785	0.189333	-0.21366328	0.15768965	-0.22777525	0.19168408	0.25956056	-0.18280406	0.22298568	-0.24093732
-0.24783616	-0.25787762	-0.20767142	0.26015007	-0.23002017	-0.16708301	0.28594065	0.2664085	0.26700807	0.21298473	-0.24986382	-0.22581057	-0.22514696	0.25598672	-0.22948506	-0.23978886	0.17359294	0.21760735	-0.18929678	-0.2103923	-0.20614265	-0.26029912	0.21519287	0.21686979	0.22670454	0.2423017	-0.23572348	-0.20042816	0.22200108	0.23784271	-0.27627432	0.2306564	-0.24203655	-0.2499984	0.22166602	-0.19635563	-0.18898632	0.20324938	-0.26345924	0.26377544	0.21832445	-0.26153266	-0.20923679	-0.22491772	-0.2277413	0.23194294	-0.29525656	-0.1946516	0.21583314	0.23652527	-0.18630065	-0.25488877	-0.23169987	-0.26024032	-0.21056005	-0.27265942	0.25846735	-0.19923742	-0.27248898	-0.28785977	-0.22799015	0.27245638	0.21129899	-0.21643078	0.2575712	0.2661122	-0.26118338	0.27849194	0.24502483	-0.22802989	0.18814012	0.2055933	-0.21924864	-0.2103719	0.24858688	0.2371727	0.21352133	-0.25015464	-0.21697897	0.1944696	0.24182771	-0.2154384	0.25488386	0.24051012	0.27100888	0.27889112	0.22566733	0.22053485	-0.24660468	-0.27068034	0.19785808	0.26289073	-0.20369802	0.21822584	-0.23914592	0.26998058	0.18627419	-0.19059013	0.20454456	-0.26590547
-0.4170005	-0.48607764	-0.4751935	0.5105068	-0.5285942	-0.43960652	0.5212749	0.4713611	0.46834537	0.5368977	-0.5472033	-0.5015552	-0.48387334	0.46947467	-0.4739699	-0.5162478	0.4650266	0.45917466	-0.50163925	-0.5283406	-0.50486046	-0.45051727	0.45038974	0.4705201	0.5513116	0.44528094	-0.5358549	-0.52760845	0.46324354	0.5148135	-0.5196352	0.5448193	-0.47668803	-0.43976927	0.45831016	-0.50296545	-0.4969487	0.52247894	-0.50914115	0.52184886	0.52954674	-0.5396477	-0.49909726	-0.51642174	-0.4873517	0.498658	-0.54447854	-0.47970405	0.5197751	0.5112854	-0.40578994	-0.49274465	-0.5104571	-0.477518	-0.47314474	-0.50731033	0.52013	-0.462414	-0.5116833	-0.4934073	-0.47358736	0.49989307	0.43890965	-0.49055168	0.4562301	0.5025131	-0.41340277	0.48476553	0.54623985	-0.51653045	0.4906156	0.529264	-0.46424428	-0.52416337	0.5216171	0.4639971	0.5500684	-0.47792166	-0.4653581	0.42635423	0.46984887	-0.4238266	0.5476856	0.5157996	0.4290333	0.5036032	0.47080752	0.50567245	-0.5187867	-0.48433483	0.50878286	0.5426936	-0.4602166	0.37069407	-0.5245482	0.49654102	0.46065888	-0.45722243	0.4919788	-0.48800135
-0.1315077	-0.21037415	-0.18878026	0.20440638	-0.1776175	-0.13764282	0.13732366	0.18192697	0.22512735	0.21889645	-0.15398471	-0.12999997	-0.17855649	0.16126525	-0.187675	-0.17914516	0.1399288	0.20140554	-0.14770778	-0.1605987	-0.20915547	-0.17142428	0.16041577	0.15328318	0.17470014	0.22205298	-0.2007932	-0.19733642	0.15018937	0.18290001	-0.15763827	0.17669886	-0.14527403	-0.13170491	0.13020465	-0.17566271	-0.1489788	0.14763151	-0.19839306	0.22167297	0.23387384	-0.145359	-0.17982185	-0.14278165	-0.22395132	0.19428103	-0.14793509	-0.15112662	0.22110377	0.18265906	-0.19786581	-0.16071035	-0.14359426	-0.13100576	-0.19201633	-0.18948762	0.17688452	-0.14649743	-0.15094249	-0.2157464	-0.19821154	0.15878832	0.1821997	-0.17652366	0.2249863	0.14918818	-0.15768525	0.14152096	0.20608674	-0.147765	0.1472055	0.20036349	-0.21781494	-0.22418511	0.21182872	0.17022909	0.18124233	-0.21056165	-0.14274351	0.19461177	0.2146638	-0.1776581	0.1793841	0.21820629	0.13181365	0.1998507	0.21848072	0.1500104	-0.14114314	-0.22410434	0.18992458	0.1451237	-0.1507435	0.1375403	-0.20349324	0.17605127	0.15365864	-0.19595169	0.12727404	-0.18972962
-0.29830408	-0.47767714	-0.5031693	0.45891386	-0.47737214	-0.50784856	0.5117687	0.41891208	0.43800798	0.507677	-0.5537114	-0.47328094	-0.48423758	0.5317977	-0.5048269	-0.56137276	0.48758772	0.43566194	-0.5539106	-0.45735615	-0.5495236	-0.4686919	0.47307044	0.5484768	0.5099298	0.4384112	-0.4857712	-0.43861687	0.55670106	0.46935913	-0.50060284	0.5795977	-0.5212845	-0.4439925	0.4569198	-0.50057125	-0.4915112	0.40559953	-0.44877744	0.47302303	0.47157633	-0.5596034	-0.49809858	-0.43003738	-0.5158901	0.5396122	-0.48108816	-0.5200428	0.50623995	0.5470301	-0.30293465	-0.4638717	-0.42364335	-0.47167903	-0.5365462	-0.48192275	0.5392763	-0.54673326	-0.5746745	-0.43098155	-0.4550088	0.4647483	0.39210653	-0.50478977	0.5229236	0.5260304	-0.35094473	0.36004007	0.53111035	-0.53561944	0.39297825	0.53328425	-0.475059	-0.56069595	0.48911032	0.47551265	0.56976986	-0.5085886	-0.50372	0.48585662	0.33934057	-0.35143992	0.48005596	0.45797256	0.31795993	0.3711497	0.52801096	0.3455583	-0.48284173	-0.54070026	0.49195388	0.48821005	-0.47474977	0.4910772	-0.44368756	0.39716277	0.5570332	-0.46137276	0.4899383	-0.48602295
-0.53048676	-0.66845495	-0.6755253	0.68907064	-0.65481246	-0.6361332	0.66132736	0.54823554	0.655751	0.6477016	-0.7136424	-0.6765159	-0.65791684	0.67586505	-0.7027317	-0.7121866	0.66693676	0.5960546	-0.72232157	-0.6676727	-0.7175823	-0.6567834	0.71531606	0.68899566	0.6583217	0.59697074	-0.58668125	-0.60658467	0.67210716	0.6489651	-0.67060834	0.7423794	-0.7156081	-0.55058175	0.6269666	-0.70956415	-0.56451654	0.637684	-0.62649745	0.61814743	0.7222664	-0.72789025	-0.7380779	-0.67260706	-0.6915927	0.7042172	-0.6372006	-0.6728808	0.7401182	0.68618953	-0.49108535	-0.6570535	-0.5888604	-0.6633493	-0.6642559	-0.72957313	0.64448935	-0.6988937	-0.7348998	-0.61184824	-0.68898976	0.6771196	0.6053095	-0.6954706	0.736669	0.73782754	-0.53577435	0.6084391	0.70091724	-0.69827527	0.57483965	0.64441556	-0.6618226	-0.6813821	0.6945619	0.6817075	0.6778454	-0.68626153	-0.6796611	0.60862267	0.5919376	-0.49137008	0.61093795	0.64620024	0.5036101	0.5519994	0.69855833	0.61213154	-0.7174332	-0.69682103	0.6190683	0.6479782	-0.64243233	0.6295603	-0.6199147	0.60751957	0.74201596	-0.54848385	0.68028927	-0.6998605
-0.1765643	-0.14445268	-0.19797245	0.13718033	-0.14693446	-0.19520248	0.16561268	0.16403003	0.15410055	0.21538739	-0.21663615	-0.15960445	-0.18317242	0.16774419	-0.16455022	-0.16618627	0.21318184	0.16095853	-0.19332907	-0.14208807	-0.14064674	-0.22938974	0.23328808	0.1738652	0.14303833	0.21763188	-0.21926403	-0.22059327	0.21836722	0.21723817	-0.13539769	0.1700534	-0.21751669	-0.20347059	0.21797296	-0.13867478	-0.21026316	0.16112216	-0.17844209	0.19757564	0.13817173	-0.17723663	-0.13903435	-0.20546901	-0.21139285	0.13746251	-0.18493472	-0.16746663	0.2214319	0.17299198	-0.22117391	-0.21270828	-0.18712375	-0.1918478	-0.19016525	-0.13731398	0.16259223	-0.18323953	-0.2139815	-0.1982928	-0.19495285	0.23030387	0.20534962	-0.1851223	0.13799576	0.16221422	-0.15653378	0.1369457	0.18994625	-0.15539682	0.18748027	0.1592429	-0.13529614	-0.18261772	0.2085933	0.1803879	0.19998647	-0.17428997	-0.13717234	0.22659227	0.23197651	-0.19336112	0.1505257	0.18002847	0.14021389	0.136343	0.18560253	0.1887787	-0.1732889	-0.13677551	0.18970965	0.19935197	-0.15551184	0.201526	-0.23124528	0.14998186	0.18970098	-0.16939257	0.17820115	-0.22952741
-0.47041923	-0.44100684	-0.46851182	0.4332282	-0.4574733	-0.389139	0.4231463	0.46388853	0.4866702	0.4664556	-0.47473618	-0.4438732	-0.46119148	0.43517953	-0.43698126	-0.46220556	0.48553213	0.4301345	-0.41909704	-0.47088686	-0.48896444	-0.50733405	0.50765127	0.46769312	0.42387685	0.4508729	-0.43755805	-0.5101733	0.45257926	0.4536245	-0.4452842	0.50152636	-0.45534	-0.48999044	0.42336002	-0.41888252	-0.44541267	0.5245859	-0.4635386	0.4378013	0.42988586	-0.46097133	-0.4276218	-0.44251004	-0.49594	0.45562991	-0.38449836	-0.5238867	0.43780246	0.48802	-0.46953362	-0.43604702	-0.45971403	-0.4714137	-0.4229761	-0.44282413	0.46411976	-0.45569292	-0.4866144	-0.49426937	-0.5082453	0.48819935	0.44409698	-0.44758776	0.47699568	0.4580817	-0.44921505	0.43516824	0.5068874	-0.4654728	0.5250934	0.44674653	-0.49104756	-0.5056118	0.49014485	0.40885574	0.43163994	-0.48882532	-0.3967093	0.4435076	0.4718531	-0.5061217	0.46282333	0.5053461	0.47414315	0.39039758	0.43966648	0.43322	-0.44504046	-0.441254	0.47361434	0.43268764	-0.5232116	0.38449073	-0.4984997	0.45851445	0.43308622	-0.49565777	0.5161136	-0.4750283
-0.60461986	-0.6480523	-0.6535838	0.71402526	-0.62821203	-0.5715273	0.62609935	0.60876393	0.65727836	0.64884126	-0.6135019	-0.65151757	-0.6689391	0.642077	-0.6697761	-0.70448595	0.62854046	0.6220888	-0.64864624	-0.6786855	-0.735481	-0.6478544	0.6395421	0.7221842	0.6819402	0.61461216	-0.6373399	-0.69885784	0.70375437	0.7126317	-0.6923507	0.6535285	-0.6926265	-0.6578527	0.6387205	-0.6837656	-0.6304123	0.703673	-0.62786627	0.6439906	0.6386825	-0.65911084	-0.6717725	-0.69762194	-0.6430289	0.6036238	-0.60635066	-0.7161659	0.6121149	0.6507432	-0.6607631	-0.6617959	-0.63292646	-0.68434304	-0.6975735	-0.68570423	0.6541898	-0.63396055	-0.6904261	-0.671904	-0.65968734	0.6309666	0.67163944	-0.6913387	0.69833595	0.69210213	-0.6378777	0.6100783	0.67572844	-0.6977113	0.6326078	0.71809834	-0.7257546	-0.6455044	0.6856186	0.6327146	0.6689491	-0.65291405	-0.61098355	0.64384955	0.6750132	-0.65117013	0.6608255	0.68779844	0.5781662	0.6063681	0.6641938	0.63317955	-0.6234426	-0.6745609	0.63394356	0.6347271	-0.6172874	0.6061461	-0.7243402	0.67178625	0.713367	-0.6592887	0.689292	-0.68336856
-0.14161739	-0.16445832	-0.18982632	0.18493758	-0.14052902	-0.13478526	0.2086894	0.14309601	0.16911085	0.1558122	-0.14171967	-0.22318459	-0.14250979	0.16643505	-0.18089919	-0.15307856	0.15099874	0.17363542	-0.1595374	-0.14673275	-0.12999155	-0.19451354	0.1341105	0.17035839	0.13157763	0.19604523	-0.19258213	-0.16409706	0.1998117	0.20989709	-0.13626099	0.15134384	-0.16755922	-0.18807597	0.17271289	-0.15210031	-0.13066255	0.21365377	-0.21181528	0.18440382	0.20076168	-0.14613591	-0.1622071	-0.15038994	-0.15998092	0.21409029	-0.18041326	-0.15340881	0.19535409	0.1931979	-0.22509636	-0.16536869	-0.15542203	-0.18520749	-0.17274371	-0.18601426	0.14860532	-0.20565213	-0.21605495	-0.17811024	-0.16698156	0.20483701	0.20950052	-0.1595614	0.21461019	0.19808075	-0.18002543	0.1847155	0.20520112	-0.22221415	0.1435185	0.20468271	-0.1773258	-0.18624698	0.14392534	0.2127806	0.19542758	-0.20341675	-0.21392728	0.13647023	0.22157416	-0.13368712	0.1764594	0.16615157	0.2153667	0.12783305	0.21673766	0.17195924	-0.14186165	-0.18846822	0.15300898	0.19744362	-0.17598915	0.22487934	-0.15822789	0.2088447	0.16726428	-0.14462107	0.17275089	-0.18340543
-0.277098	-0.32215697	-0.30484512	0.28299782	-0.21402803	-0.22501092	0.25455874	0.16780674	0.22571337	0.2736948	-0.25992477	-0.27054736	-0.27950388	0.2874412	-0.19791387	-0.26212445	0.2583572	0.30188486	-0.2955469	-0.25986108	-0.28231505	-0.24847342	0.264838	0.21808133	0.25899047	0.2974354	-0.30071074	-0.2812148	0.25674707	0.23710723	-0.29187736	0.24681626	-0.28250757	-0.2355949	0.22569558	-0.21185838	-0.17777361	0.20205784	-0.27756083	0.20940967	0.23960999	-0.22626042	-0.300589	-0.25781438	-0.28511396	0.23002361	-0.23708348	-0.2759667	0.24245612	0.30976033	-0.2405243	-0.24248749	-0.22058333	-0.29317522	-0.2785776	-0.27085662	0.27426723	-0.25586167	-0.28528762	-0.2138956	-0.24635668	0.3009064	0.20540558	-0.2642355	0.26583764	0.25320715	-0.28028768	0.26172194	0.20001598	-0.2160608	0.2523536	0.2621204	-0.2361086	-0.22914545	0.21372655	0.18783209	0.2218608	-0.23543857	-0.23606913	0.10659944	0.23656304	-0.2639513	0.24102211	0.298668	0.25193575	0.31528884	0.24848267	0.3153127	-0.28029376	-0.24709365	0.24795648	0.25539014	-0.21344042	0.29284805	-0.2830339	0.19572495	0.22801544	-0.20887594	0.22191493	-0.23793341
-0.45165616	-0.6586039	-0.6614237	0.6041598	-0.6689133	-0.6120917	0.60008633	0.6031248	0.609587	0.6930324	-0.62146586	-0.62730086	-0.63045627	0.6392747	-0.61219007	-0.63641137	0.69381803	0.60462105	-0.7011058	-0.6685593	-0.64680845	-0.6027647	0.7027647	0.6587636	0.6816321	0.5930341	-0.63233626	-0.6058156	0.716871	0.7007401	-0.6461901	0.72331434	-0.66140306	-0.56885624	0.5817638	-0.62847406	-0.62532926	0.5869144	-0.6439157	0.61232066	0.6158987	-0.68265146	-0.70786023	-0.59915084	-0.6090162	0.66812766	-0.58808094	-0.6406187	0.6618994	0.66571367	-0.46857402	-0.6513082	-0.54701334	-0.6761481	-0.66456896	-0.63118434	0.6775432	-0.65334326	-0.62702996	-0.6058827	-0.65143466	0.6737218	0.5493873	-0.6798644	0.7176042	0.67619777	-0.52052945	0.51721597	0.6320092	-0.6201025	0.5511855	0.70164496	-0.6865233	-0.69944054	0.67016584	0.61846095	0.6571332	-0.6768711	-0.59954834	0.54725844	0.54330325	-0.4851479	0.61405754	0.58776367	0.55125433	0.570577	0.63086814	0.559548	-0.65214634	-0.712018	0.6557419	0.63309455	-0.58300716	0.6713476	-0.6576171	0.5670327	0.7128416	-0.57507956	0.6386059	-0.6530193
-0.2259477	-0.12688918	-0.21415368	0.13299257	-0.18397602	-0.19164173	0.14096972	0.19992892	0.19708987	0.21548621	-0.14721696	-0.15488763	-0.13440163	0.19958322	-0.21025911	-0.15504867	0.20779294	0.1402871	-0.22533196	-0.2000523	-0.14767374	-0.16259965	0.13554089	0.21807614	0.122001976	0.17302124	-0.12656614	-0.23296055	0.18121721	0.1805127	-0.21808805	0.19700749	-0.1862893	-0.15715109	0.18858658	-0.1496205	-0.13115245	0.13783607	-0.13169308	0.14182171	0.21013315	-0.22583501	-0.19153397	-0.14464317	-0.19082084	0.16637139	-0.15025277	-0.21587496	0.13929616	0.16899168	-0.2329083	-0.17512111	-0.21148989	-0.20706554	-0.22460878	-0.19939859	0.16936652	-0.15543702	-0.18975943	-0.1513241	-0.15225287	0.20887075	0.23078533	-0.1891696	0.15784156	0.16332284	-0.1908344	0.22789581	0.12657742	-0.16499072	0.17409259	0.14345382	-0.22242337	-0.19618277	0.1923417	0.22865354	0.14119253	-0.19634683	-0.15828517	0.1479673	0.2037455	-0.20954691	0.15429755	0.19961013	0.20957386	0.20902775	0.19345833	0.1517458	-0.20839594	-0.20865117	0.1644004	0.19672577	-0.15016116	0.09552376	-0.20161094	0.17460504	0.12916143	-0.23380168	0.19118318	-0.16923408
-0.30574188	-0.32422313	-0.23661238	0.26507652	-0.316941	-0.3083873	0.23277798	0.2537612	0.3108962	0.2533002	-0.2540371	-0.31889457	-0.29798564	0.27220193	-0.29345793	-0.26397914	0.33057687	0.24163742	-0.2547513	-0.31471616	-0.25323084	-0.24810168	0.3009058	0.2828851	0.23126657	0.22263046	-0.22377925	-0.27802387	0.32584727	0.24283533	-0.25624636	0.2516193	-0.23795407	-0.25782955	0.27667317	-0.320827	-0.29072672	0.21787424	-0.22184701	0.2871327	0.2819797	-0.26531824	-0.249622	-0.20814073	-0.27563524	0.31090546	-0.2869985	-0.31307125	0.3213186	0.27115628	-0.29352543	-0.31465864	-0.25898248	-0.24128756	-0.2580301	-0.24785388	0.31811848	-0.31756428	-0.23049936	-0.28961372	-0.25188196	0.30383977	0.27266473	-0.2624623	0.3293796	0.33420187	-0.22750196	0.24392974	0.23491499	-0.2458028	0.24040164	0.27191606	-0.30679703	-0.28389895	0.26015237	0.30409688	0.2942431	-0.28193057	-0.31675878	0.30700302	0.22584924	-0.22162513	0.24102724	0.3052375	0.29560828	0.24321654	0.2923541	0.24034818	-0.23027422	-0.31843516	0.28786755	0.2449963	-0.30219638	0.22295712	-0.27644706	0.21660066	0.24296841	-0.25740498	0.24726321	-0.3095493
-0.3132214	-0.2660119	-0.25768456	0.34333307	-0.33631665	-0.2565027	0.2564198	0.3031015	0.2912288	0.27376857	-0.28862104	-0.32815447	-0.2933031	0.27221256	-0.25879222	-0.30837473	0.31920096	0.29741237	-0.25970167	-0.3002211	-0.29169494	-0.27129304	0.31964797	0.3322232	0.34676105	0.25135705	-0.2677286	-0.29017317	0.28028738	0.26487288	-0.33139035	0.32192028	-0.28467306	-0.3140734	0.31947467	-0.27905312	-0.31138095	0.27174166	-0.25452435	0.2518293	0.32722163	-0.29450068	-0.26409927	-0.27175027	-0.30674636	0.3259807	-0.2758731	-0.35278633	0.29542384	0.34079087	-0.23324461	-0.33645543	-0.29477903	-0.29864052	-0.30145946	-0.26686534	0.3354772	-0.31984127	-0.3351372	-0.252333	-0.25048426	0.267027	0.2825853	-0.32387087	0.30831203	0.31375813	-0.31388295	0.23823507	0.33861893	-0.28713703	0.24189843	0.320365	-0.3155233	-0.25451484	0.3243836	0.35115033	0.32485345	-0.31655243	-0.2812081	0.26651448	0.31556025	-0.32472128	0.27853733	0.24285477	0.25561452	0.24345207	0.25747168	0.31005186	-0.34321982	-0.2597164	0.30853778	0.30690134	-0.34898192	0.2938651	-0.35180053	0.30682543	0.29369536	-0.2621852	0.32870454	-0.2560664
-0.16687079	-0.15347376	-0.15946974	0.166702	-0.084795006	-0.17017998	0.09859931	0.08348638	0.16095652	0.14486763	-0.12790357	-0.12878913	-0.19575472	0.17774507	-0.16347197	-0.19562995	0.13913205	0.13375679	-0.18422422	-0.11709962	-0.16851382	-0.1672224	0.14477801	0.1283155	0.1283685	0.10219434	-0.14027141	-0.14863767	0.16682553	0.10897543	-0.12870526	0.15834838	-0.15783682	-0.10980381	0.10260175	-0.09415112	-0.1565741	0.1522319	-0.16206177	0.12284578	0.1839436	-0.15883382	-0.14717087	-0.11183128	-0.10308815	0.11213265	-0.12340921	-0.1269546	0.18388245	0.11291059	-0.088642955	-0.17380814	-0.115807824	-0.16437206	-0.11408235	-0.12495484	0.11561379	-0.1682358	-0.16647649	-0.09862628	-0.11718358	0.102182776	0.07531389	-0.11726884	0.15431915	0.10706745	-0.13211179	0.15991683	0.108223535	-0.113287605	0.112299964	0.15011345	-0.15575887	-0.13723592	0.1269576	0.1306125	0.16239505	-0.18482766	-0.1438334	0.08677958	0.09009859	-0.09073369	0.10715313	0.16986403	0.14198731	0.17909792	0.13073441	0.10539153	-0.105088584	-0.10307441	0.15530719	0.1777149	-0.14105572	0.13120556	-0.16120604	0.18892467	0.14625944	-0.07040065	0.15375549	-0.1886001
-0.4885509	-0.55994564	-0.5172486	0.5892189	-0.474183	-0.5274221	0.5161511	0.48640847	0.5039152	0.46909297	-0.57425123	-0.50219685	-0.507996	0.53588647	-0.519718	-0.54634464	0.51181763	0.49466306	-0.48065022	-0.52520823	-0.53471494	-0.53687316	0.52331835	0.48467454	0.4818652	0.502096	-0.55015093	-0.49033827	0.5478338	0.5342935	-0.5124522	0.49406925	-0.49373385	-0.47484103	0.56263715	-0.5091277	-0.46110007	0.4852163	-0.4952484	0.44699314	0.59424466	-0.5228441	-0.538169	-0.55240047	-0.48328203	0.568476	-0.4526364	-0.52583295	0.5545821	0.505893	-0.43179023	-0.5138944	-0.43402818	-0.5182023	-0.47866285	-0.5430152	0.5489173	-0.55740255	-0.58044237	-0.51126516	-0.50373363	0.5026571	0.4200176	-0.51354337	0.5279076	0.49350354	-0.47229072	0.48123777	0.53702295	-0.51488864	0.52340907	0.5265575	-0.5290127	-0.532249	0.5091512	0.457857	0.45752177	-0.54925686	-0.49154547	0.48183876	0.50112706	-0.47058547	0.5558514	0.48861185	0.48231694	0.48556247	0.518487	0.52636564	-0.52497315	-0.47407347	0.50663674	0.516149	-0.49956238	0.45612592	-0.4752277	0.48023653	0.5347452	-0.3993382	0.4917694	-0.5438733
-0.17824185	-0.19776525	-0.21583271	0.18842661	-0.14451806	-0.21763435	0.22006695	0.15575348	0.15921895	0.15333691	-0.14960262	-0.18834509	-0.22310704	0.14095303	-0.20732303	-0.1472233	0.19809777	0.20710947	-0.14319621	-0.155393	-0.21823156	-0.16449341	0.19113767	0.14003009	0.19159582	0.20152573	-0.15650027	-0.21133584	0.19449699	0.22137605	-0.15745331	0.14966437	-0.17855892	-0.14493589	0.124396995	-0.15565008	-0.20199706	0.19585632	-0.17208551	0.20318216	0.16206342	-0.1462945	-0.12830818	-0.17060786	-0.1539591	0.21158257	-0.1278297	-0.12504205	0.21106629	0.17450361	-0.15978003	-0.17779158	-0.14224166	-0.15544692	-0.14277884	-0.13773176	0.18319012	-0.1738215	-0.20638476	-0.14515221	-0.13839304	0.14158987	0.1330988	-0.1949789	0.126083	0.21595506	-0.20634052	0.187124	0.18718679	-0.22108358	0.13368313	0.12410606	-0.13034697	-0.12812532	0.19415094	0.15023305	0.16094004	-0.16593789	-0.2122273	0.12730537	0.19389187	-0.1245548	0.17851354	0.18743694	0.2183592	0.19488657	0.20656809	0.20231166	-0.12635356	-0.17414635	0.14099284	0.15112829	-0.17739934	0.15364285	-0.12427106	0.14864086	0.12964922	-0.20922393	0.20803796	-0.1987874
-0.28621873	-0.31299147	-0.28650832	0.284423	-0.28999403	-0.30331835	0.30072644	0.2595476	0.353037	0.31202084	-0.29871112	-0.3017624	-0.30816406	0.28061593	-0.26226428	-0.27775514	0.30498958	0.3455706	-0.27747062	-0.26951468	-0.3302568	-0.34603155	0.2756504	0.32635978	0.3558089	0.34067392	-0.25690967	-0.25771934	0.26697814	0.29203448	-0.3139193	0.28350493	-0.31376272	-0.25559643	0.33356315	-0.2693156	-0.3117668	0.28139058	-0.2963931	0.26818296	0.34709466	-0.2736526	-0.25821236	-0.303937	-0.30601522	0.2743488	-0.2803793	-0.3044635	0.35427386	0.29229954	-0.30904064	-0.31850305	-0.31916746	-0.29213336	-0.3363412	-0.31678003	0.29632857	-0.34443742	-0.26002067	-0.3204815	-0.32406226	0.3286941	0.30656233	-0.2823192	0.31277826	0.31812733	-0.31051597	0.2725732	0.292274	-0.32347906	0.30498567	0.25621873	-0.31043792	-0.3269299	0.33797136	0.30303174	0.2882552	-0.34460372	-0.27684373	0.26141506	0.28942633	-0.29285288	0.26069072	0.27636185	0.34039173	0.29054028	0.35122982	0.3333405	-0.311223	-0.30147743	0.3114532	0.2867273	-0.32213333	0.26168215	-0.33271545	0.256489	0.34374195	-0.25088894	0.318889	-0.28027594
-0.4014106	-0.40658543	-0.406809	0.46255985	-0.4368202	-0.40805846	0.42444602	0.3795149	0.46420106	0.45013425	-0.41352606	-0.38223472	-0.39470005	0.41808268	-0.39547548	-0.42977604	0.36296642	0.46770415	-0.45238835	-0.4088114	-0.37032434	-0.43621755	0.41689098	0.40629974	0.41091627	0.40089378	-0.42159173	-0.3898553	0.45026252	0.36815235	-0.44765598	0.40187383	-0.3993785	-0.43617246	0.44924083	-0.44744116	-0.4074076	0.37415832	-0.42946488	0.37383804	0.43669972	-0.44818482	-0.3944446	-0.37573445	-0.41818586	0.36859155	-0.39546597	-0.46285173	0.4381325	0.42878482	-0.38050878	-0.38839164	-0.47082528	-0.45167336	-0.41599318	-0.40386197	0.4043832	-0.4473162	-0.36346883	-0.43112662	-0.4643689	0.37901407	0.38716894	-0.37408343	0.36690393	0.4446797	-0.46510124	0.3859961	0.3882733	-0.3958049	0.40447876	0.41631138	-0.4409654	-0.43677694	0.42389512	0.4372561	0.3922271	-0.40411612	-0.39269415	0.4470997	0.4075504	-0.42530826	0.43907195	0.38720667	0.42268482	0.45211047	0.41011554	0.45310518	-0.403508	-0.38768554	0.36846116	0.3619949	-0.38685295	0.39197525	-0.41419953	0.45458072	0.4528498	-0.38915926	0.3953627	-0.44044477
-0.14367624	-0.16713686	-0.19018742	0.12630057	-0.15082827	-0.14653783	0.16612282	0.12744652	0.19628105	0.12673658	-0.16168757	-0.18878074	-0.1881132	0.1319908	-0.10900146	-0.19261475	0.15781929	0.17142954	-0.2023827	-0.16077448	-0.18724357	-0.18011765	0.17044298	0.19740467	0.13411506	0.10923059	-0.16381782	-0.20407799	0.1145663	0.1938343	-0.18222377	0.13691275	-0.19666095	-0.13851151	0.13346004	-0.17961793	-0.14587882	0.18496986	-0.18244857	0.17210208	0.13974175	-0.111940004	-0.1288838	-0.16656643	-0.18552184	0.20644538	-0.19094627	-0.17064492	0.13846034	0.15582928	-0.11478306	-0.13379528	-0.16526616	-0.12065241	-0.17284225	-0.18343835	0.19471636	-0.18500488	-0.17261522	-0.19088945	-0.124462746	0.18229005	0.15189882	-0.114457525	0.20425317	0.1335408	-0.1316357	0.15700163	0.19339283	-0.15237997	0.14662965	0.19567648	-0.1307205	-0.20691778	0.17593373	0.15398541	0.18799734	-0.13976976	-0.20116666	0.14385043	0.11788611	-0.1385381	0.11191005	0.12080241	0.1631762	0.19324113	0.1456681	0.17883265	-0.15961674	-0.12763104	0.18169086	0.11917046	-0.12165833	0.19089554	-0.13688755	0.17937551	0.12251993	-0.20006594	0.125979	-0.16530357
-0.11426455	-0.12457117	-0.044852976	0.07039758	-0.1277834	-0.07914033	0.08915516	0.07142392	0.119956344	0.076234594	-0.042115767	-0.067753196	-0.04892637	0.07074752	-0.056408994	-0.050766	0.09690862	0.120201804	-0.06544094	-0.13143949	-0.07100637	-0.10059857	0.06956533	0.05107397	0.10717842	0.048832525	-0.06473074	-0.12513413	0.07608581	0.12889682	-0.09549036	0.1080764	-0.051049113	-0.12038372	0.040065926	-0.07726909	-0.062609136	0.088071994	-0.10297996	0.13337824	0.12526625	-0.08791843	-0.06215577	-0.13010208	-0.10245011	0.0862901	-0.03880939	-0.089259066	0.091939	0.05311586	-0.11724953	-0.102210745	-0.08047366	-0.04569794	-0.12622601	-0.09910487	0.044946603	-0.09165161	-0.07160055	-0.112561	-0.07722241	0.035131373	0.060645007	-0.085596256	0.0795415	0.08810408	-0.10462047	0.11415264	0.054888275	-0.059041563	0.05100015	0.041578308	-0.105338484	-0.09117781	0.11602018	0.090516545	0.045229744	-0.08096857	-0.0639927	0.06529929	0.05773547	-0.08605056	0.04553266	0.07079317	0.041666158	0.032569777	0.105973214	0.05278174	-0.1134159	-0.09485416	0.089446135	0.076903254	-0.08343718	0.08203143	-0.054372247	0.06692344	0.08425379	-0.051916447	0.049436424	-0.117621616
-0.43742725	-0.39761052	-0.41015288	0.41402665	-0.41609186	-0.42903438	0.47595254	0.40336493	0.4357794	0.48646805	-0.42130214	-0.4105343	-0.4679815	0.43644378	-0.4509656	-0.3912794	0.3917893	0.48545766	-0.45031258	-0.4505645	-0.41042405	-0.45828223	0.48706877	0.45455584	0.46241468	0.42150956	-0.5072203	-0.40498844	0.39506537	0.42238146	-0.47781354	0.459698	-0.46205744	-0.4038059	0.47620344	-0.4755791	-0.45261002	0.47058836	-0.4460685	0.48324856	0.47392356	-0.46033487	-0.45036182	-0.40301692	-0.4670784	0.41518372	-0.4447939	-0.4235554	0.46723452	0.44227606	-0.39747104	-0.4167509	-0.42044726	-0.3983689	-0.50115347	-0.47409347	0.4568605	-0.3943465	-0.4239306	-0.4420265	-0.43443245	0.46139076	0.43779027	-0.43205124	0.4156863	0.48300576	-0.46628705	0.4698387	0.4344819	-0.4720763	0.42257133	0.39999422	-0.44826669	-0.46127418	0.46734658	0.477741	0.46051115	-0.48701626	-0.40646192	0.3682474	0.4580797	-0.39157495	0.47762075	0.46303585	0.3898999	0.45775226	0.48469192	0.4808303	-0.45547786	-0.4720696	0.39415967	0.44096258	-0.49001935	0.39344367	-0.5037153	0.48279846	0.47134626	-0.36043015	0.4453088	-0.43040273
-0.4234946	-0.49150848	-0.42351842	0.4409455	-0.41288954	-0.48806357	0.48474896	0.4205544	0.44119978	0.43258446	-0.42570448	-0.51028496	-0.44284138	0.44769275	-0.5032621	-0.4778362	0.5113834	0.4695581	-0.462156	-0.45760095	-0.4810649	-0.50445485	0.49434677	0.42023075	0.47269982	0.46441498	-0.4359894	-0.4306273	0.50861305	0.47522888	-0.49385282	0.46774662	-0.49406475	-0.426313	0.476487	-0.4927338	-0.38043052	0.47660208	-0.4485311	0.41658786	0.4924648	-0.48967886	-0.42512354	-0.4345187	-0.5088918	0.46964678	-0.46896148	-0.49650052	0.49206606	0.48631427	-0.40476403	-0.42136693	-0.4700433	-0.46544552	-0.47840405	-0.50856656	0.43719858	-0.46762127	-0.4210006	-0.49425417	-0.43858966	0.43958715	0.47658548	-0.44963387	0.4547152	0.43333355	-0.49200866	0.47432554	0.51861984	-0.47197592	0.47950175	0.50294083	-0.44757596	-0.41538796	0.5077448	0.4463922	0.49956542	-0.514447	-0.4478834	0.37072936	0.49738473	-0.4638607	0.4421799	0.42541918	0.43838388	0.44691387	0.51181537	0.4501241	-0.44303277	-0.49972552	0.47255865	0.4165708	-0.4560389	0.46300688	-0.44847348	0.4674566	0.5113783	-0.40569723	0.48758647	-0.49753302
-0.13211782	-0.17797853	-0.17304787	0.12832442	-0.16065939	-0.15400684	0.20775007	0.20894718	0.21433197	0.1252005	-0.1672581	-0.15511148	-0.13696262	0.19743584	-0.19677396	-0.17568989	0.19402938	0.19322167	-0.14992477	-0.12632181	-0.20173521	-0.18461275	0.13493462	0.15378614	0.21786065	0.21713637	-0.20555487	-0.19158505	0.18755005	0.21222237	-0.15657698	0.18496038	-0.17719358	-0.2046962	0.13581471	-0.17563717	-0.1474636	0.21344171	-0.14313564	0.2007326	0.20564479	-0.19370733	-0.16195762	-0.13750002	-0.20045581	0.16855672	-0.1330004	-0.20602733	0.15124723	0.15012503	-0.21045583	-0.15873821	-0.15728511	-0.18759061	-0.21887617	-0.1687274	0.21598366	-0.16596928	-0.16412579	-0.15996662	-0.15708345	0.18155047	0.21920672	-0.16230191	0.1497291	0.1309538	-0.17718856	0.16717039	0.13560522	-0.13637373	0.2071859	0.14502831	-0.12506169	-0.12985939	0.13822673	0.17969052	0.2042055	-0.14610465	-0.15810935	0.12302245	0.12624753	-0.12137932	0.1709815	0.16769539	0.13963638	0.16348657	0.18370084	0.21445386	-0.16518526	-0.18174249	0.14877498	0.15276928	-0.15838625	0.16304053	-0.20322296	0.20873949	0.15712349	-0.12473015	0.14617196	-0.20777252
-0.5855473	-0.5370542	-0.5406513	0.52714765	-0.5608854	-0.47023848	0.5999148	0.596602	0.54358107	0.54644036	-0.5446839	-0.59271973	-0.5334079	0.54492974	-0.6157047	-0.55172247	0.52880317	0.52991915	-0.5504911	-0.62586015	-0.582087	-0.60901314	0.5311337	0.5838191	0.558477	0.6263814	-0.5657172	-0.60914886	0.49843404	0.5742866	-0.57314146	0.53688556	-0.59825367	-0.51244015	0.59151155	-0.5455309	-0.5555276	0.5701776	-0.5874501	0.6032585	0.59743637	-0.52262396	-0.52346355	-0.60952896	-0.5804006	0.52992266	-0.59265745	-0.5450292	0.59141433	0.5771611	-0.5586184	-0.53284395	-0.55200464	-0.5815947	-0.5540292	-0.5384331	0.57962006	-0.5286403	-0.5602234	-0.59537923	-0.54100525	0.54250234	0.5815271	-0.59802437	0.53360194	0.5770235	-0.56737375	0.5808303	0.5771104	-0.54669553	0.6245557	0.5726716	-0.5515263	-0.5333543	0.55637467	0.5782248	0.5143883	-0.6273336	-0.5180699	0.5271515	0.6074067	-0.5657505	0.5799026	0.5941034	0.5920548	0.5723	0.6008839	0.62466127	-0.5405589	-0.58106613	0.56534505	0.5933414	-0.5857698	0.49944624	-0.5693788	0.5985578	0.5708732	-0.5225535	0.62177837	-0.5880296
-0.47873506	-0.4933687	-0.4051597	0.4760131	-0.4918828	-0.46226317	0.4252059	0.4786973	0.50402933	0.48835576	-0.44744456	-0.42199	-0.46109098	0.39518538	-0.49734023	-0.45875907	0.45294032	0.4340072	-0.46334127	-0.4217354	-0.50670946	-0.4373609	0.42193043	0.43750715	0.4608501	0.42109597	-0.41057923	-0.47177732	0.44081372	0.4382486	-0.48116618	0.4504259	-0.4664776	-0.43140534	0.49137488	-0.48177102	-0.4547329	0.41352108	-0.45050097	0.49252817	0.42112103	-0.45983464	-0.46667853	-0.44168296	-0.46922764	0.4843577	-0.43741965	-0.4609867	0.40347746	0.47706962	-0.43276823	-0.41317204	-0.41087058	-0.41585982	-0.426503	-0.41165578	0.43541554	-0.460079	-0.40530148	-0.45306098	-0.44933832	0.44492632	0.40987703	-0.49971983	0.41186142	0.4769283	-0.48354483	0.43758324	0.500278	-0.42042932	0.46499	0.41421038	-0.44682527	-0.46672314	0.45284286	0.4750071	0.4751695	-0.44194278	-0.38935965	0.4049175	0.44041017	-0.3955868	0.46019977	0.4247992	0.38354412	0.47491634	0.44096166	0.42600918	-0.4232668	-0.47773105	0.4414435	0.43318874	-0.5018179	0.39961365	-0.4495332	0.42067006	0.424463	-0.40238175	0.41456217	-0.50121355
-0.6230492	-0.6405314	-0.59731823	0.59328	-0.57133055	-0.5711017	0.5522257	0.5772078	0.66425467	0.6230553	-0.5897218	-0.58601487	-0.59204084	0.6520661	-0.6262526	-0.62617904	0.6072658	0.6169621	-0.6760662	-0.654435	-0.61520106	-0.6209994	0.5773955	0.62413895	0.5920846	0.62778383	-0.6206241	-0.599461	0.5758522	0.5971357	-0.6434279	0.5761191	-0.6269921	-0.5487279	0.6248646	-0.63494766	-0.53108674	0.6268865	-0.6303016	0.5942888	0.6502703	-0.59109086	-0.6014981	-0.66083455	-0.6146078	0.6512222	-0.5705702	-0.61971575	0.6264968	0.59635997	-0.57997286	-0.585145	-0.6006077	-0.5772642	-0.6150881	-0.6390893	0.5831763	-0.59946537	-0.57480764	-0.61843455	-0.625568	0.5932181	0.58917385	-0.6611113	0.59958595	0.5886885	-0.5536285	0.52436775	0.6596822	-0.6425289	0.6556562	0.6376998	-0.66755825	-0.6159631	0.6348509	0.59190464	0.6067064	-0.67470366	-0.58505964	0.5850917	0.62028116	-0.55611306	0.66082716	0.5555274	0.50833267	0.6440074	0.5835487	0.5829591	-0.5630309	-0.6326488	0.5890864	0.5858972	-0.6330358	0.571795	-0.58573157	0.59823686	0.569127	-0.577292	0.64613754	-0.587267
-0.4566153	-0.4805445	-0.4141993	0.4467685	-0.4085876	-0.462173	0.46892652	0.4338069	0.4443181	0.41630656	-0.41338316	-0.46724823	-0.44815144	0.46386394	-0.46196634	-0.49770778	0.4850087	0.47847947	-0.43755463	-0.4751388	-0.4909783	-0.43841588	0.47338116	0.4265364	0.46435946	0.44985864	-0.5014312	-0.4218563	0.41879663	0.43233263	-0.45142764	0.49458805	-0.4533739	-0.37135923	0.45668548	-0.46700266	-0.40030748	0.4663557	-0.46993518	0.4099446	0.39922425	-0.42316806	-0.4613153	-0.43706617	-0.48222384	0.465146	-0.43365407	-0.4143304	0.46830374	0.46205658	-0.4190811	-0.43310902	-0.44148958	-0.4604678	-0.46686485	-0.4010804	0.48502728	-0.47593883	-0.46535873	-0.4590576	-0.4860033	0.43759277	0.42626092	-0.44418246	0.40582827	0.4295461	-0.4863792	0.43301284	0.46874246	-0.49513382	0.4503882	0.49589646	-0.44519106	-0.42641467	0.5002171	0.446458	0.43034244	-0.4350614	-0.41094586	0.39892748	0.49242112	-0.46348467	0.43430942	0.43170205	0.39844096	0.44474995	0.4062431	0.45138478	-0.4217718	-0.44124466	0.41859606	0.39919966	-0.48708808	0.42230582	-0.4826299	0.41636762	0.48160872	-0.38412222	0.48275512	-0.4139389
-0.6830845	-0.7610038	-0.69676894	0.7297032	-0.70486337	-0.722564	0.70248973	0.6543242	0.77168155	0.77422976	-0.75925255	-0.80761784	-0.8129263	0.67947906	-0.79413503	-0.7452013	0.7256451	0.71823317	-0.75038755	-0.7480082	-0.7388319	-0.7249775	0.72441536	0.7869009	0.69935405	0.6977193	-0.7752604	-0.7130929	0.76973295	0.7452863	-0.7595673	0.73517555	-0.7710368	-0.6389935	0.7710609	-0.7613448	-0.61939996	0.7647503	-0.72735643	0.6913494	0.74002117	-0.783662	-0.75382394	-0.7618379	-0.6915904	0.72681314	-0.64241284	-0.75334126	0.81601024	0.6837848	-0.62338436	-0.78840244	-0.7448553	-0.715583	-0.7120256	-0.7257912	0.7942617	-0.7475888	-0.71110994	-0.7662197	-0.7988545	0.7189468	0.71772873	-0.7358688	0.79240376	0.7510162	-0.73864025	0.74674493	0.75246215	-0.7717221	0.6996872	0.7643815	-0.7334375	-0.69109863	0.7587875	0.7214076	0.731274	-0.76826113	-0.68295795	0.6146318	0.6757028	-0.67065024	0.7108702	0.73736024	0.66038465	0.7186621	0.74284554	0.75136364	-0.6869228	-0.68841696	0.69827354	0.6930561	-0.80160314	0.7528671	-0.6910515	0.7216947	0.74943393	-0.6678542	0.76412797	-0.7536535
-0.29880986	-0.3029721	-0.308339	0.35275176	-0.34924993	-0.29141912	0.26980886	0.27012083	0.32993552	0.33591932	-0.31864595	-0.2914678	-0.26454616	0.3035737	-0.29613274	-0.28288037	0.28799236	0.2515539	-0.30975902	-0.31784517	-0.28543362	-0.25569117	0.32965887	0.31173617	0.30144984	0.34388843	-0.29184783	-0.26904023	0.30930945	0.3388602	-0.34105456	0.30506968	-0.27471069	-0.2571834	0.28385487	-0.32928053	-0.30510196	0.27070677	-0.2600821	0.2848608	0.28442234	-0.32256758	-0.30013338	-0.25770015	-0.32281905	0.35574573	-0.28914317	-0.30035216	0.31884944	0.35536864	-0.24303503	-0.31358194	-0.28971565	-0.2595108	-0.3024129	-0.2948743	0.32389992	-0.27406856	-0.29017177	-0.31285283	-0.26728556	0.33594906	0.31314832	-0.33315194	0.26907864	0.31594577	-0.31949037	0.29459617	0.32192847	-0.34410176	0.24783236	0.34273326	-0.3554653	-0.32769984	0.2746879	0.25978225	0.35380155	-0.353246	-0.3312688	0.27683935	0.28678828	-0.33154145	0.3321253	0.2673818	0.31406796	0.2851943	0.26734152	0.34049946	-0.35029915	-0.29902697	0.29431546	0.28266293	-0.26503435	0.26374918	-0.27280805	0.27789047	0.35339603	-0.30829307	0.27420467	-0.2976902
-0.29500547	-0.33671647	-0.3316566	0.38221282	-0.38589096	-0.40626705	0.35032752	0.30042866	0.3796312	0.33028775	-0.33477306	-0.36128852	-0.3777552	0.307691	-0.40127543	-0.34522307	0.3950301	0.38421178	-0.40465143	-0.33719307	-0.40259624	-0.38198915	0.3314784	0.40370613	0.3842028	0.31058678	-0.31525528	-0.38427708	0.33404484	0.34089002	-0.3055878	0.37710357	-0.36664763	-0.37577337	0.38379818	-0.35013846	-0.3870499	0.38146567	-0.36609963	0.38095063	0.3528909	-0.37272695	-0.3596696	-0.3884137	-0.33954015	0.3346478	-0.3008829	-0.3391898	0.38172692	0.36803144	-0.3108674	-0.31745917	-0.38602853	-0.33599445	-0.3479846	-0.36773098	0.37156883	-0.39283812	-0.38747314	-0.33298847	-0.37362015	0.3845248	0.35177082	-0.32364917	0.36094716	0.3287295	-0.28520402	0.34613907	0.38119483	-0.37980628	0.29973924	0.32085833	-0.37990564	-0.38455492	0.35806686	0.3719983	0.3658867	-0.3938791	-0.31580466	0.3650127	0.33033478	-0.3024062	0.39437032	0.3007712	0.29284337	0.2714854	0.36291534	0.28645074	-0.3942447	-0.4043725	0.33515057	0.38536745	-0.325563	0.32312772	-0.40056187	0.366137	0.3568083	-0.29760528	0.3439141	-0.37241635
-0.18435755	-0.38589713	-0.3250586	0.34094852	-0.37109682	-0.33971828	0.40466285	0.3454303	0.33211657	0.33923233	-0.3977309	-0.31993306	-0.3180968	0.39134732	-0.36728248	-0.4006882	0.37199575	0.3044301	-0.38005432	-0.34758043	-0.3230064	-0.308017	0.3361764	0.34732673	0.41743767	0.29066306	-0.2905417	-0.3568965	0.40622005	0.31462198	-0.36011735	0.34361145	-0.3220094	-0.3419413	0.3129477	-0.34125367	-0.36397845	0.31607404	-0.37226474	0.3043495	0.41078994	-0.38448367	-0.4186805	-0.34491068	-0.4121937	0.35774478	-0.4070936	-0.33146822	0.41059244	0.3592729	-0.2773519	-0.38052	-0.36182666	-0.40531844	-0.3174491	-0.40746173	0.39651635	-0.36980098	-0.4131583	-0.24377419	-0.4088641	0.3347354	0.3140009	-0.36225823	0.4030586	0.34989908	-0.25340992	0.27973711	0.39046738	-0.38600317	0.29695743	0.32102117	-0.37927693	-0.3644637	0.38166144	0.35584956	0.3243277	-0.33787692	-0.37550503	0.33605644	0.28906372	-0.3441678	0.3041841	0.28472713	0.18808979	0.1260359	0.3108835	0.2650829	-0.4129587	-0.39618203	0.35969427	0.32050493	-0.3295988	0.35146913	-0.34535325	0.32188028	0.405014	-0.34040904	0.34445944	-0.39821762
-0.41332373	-0.67889893	-0.6552883	0.66175175	-0.6606965	-0.6983449	0.6474928	0.53796184	0.5138969	0.6776056	-0.6594088	-0.7107646	-0.72724766	0.6713365	-0.6533374	-0.7163047	0.7037955	0.5485471	-0.6558781	-0.69804615	-0.70495147	-0.6100661	0.64811146	0.65930325	0.68727106	0.6084132	-0.5935803	-0.6204504	0.7207533	0.6356258	-0.6204058	0.6476199	-0.6869407	-0.656706	0.59492224	-0.6740714	-0.65157187	0.5742768	-0.5880793	0.60123235	0.69174445	-0.72058904	-0.7032634	-0.65724456	-0.6598328	0.7284047	-0.67776394	-0.6740612	0.73189545	0.64873505	-0.5048357	-0.6416186	-0.6129284	-0.6767878	-0.64662987	-0.67662907	0.69031054	-0.7597034	-0.70312357	-0.4868183	-0.65907335	0.6363345	0.5311492	-0.7250437	0.7194576	0.69869024	-0.43715566	0.5496398	0.709677	-0.7255666	0.58674103	0.65286666	-0.6534334	-0.6542226	0.72047836	0.6205572	0.6393676	-0.6333069	-0.6277757	0.6200123	0.4992733	-0.4787715	0.6243805	0.64328873	0.4840884	0.47168896	0.65071344	0.4758599	-0.6949378	-0.6599158	0.6927911	0.70527583	-0.581543	0.7040593	-0.6544603	0.5995754	0.6448154	-0.613465	0.61883163	-0.7177327
-0.6148336	-0.64911	-0.6592502	0.6954357	-0.6494443	-0.70040345	0.63468033	0.61185354	0.6538516	0.6674101	-0.6319115	-0.6917259	-0.65481347	0.63632625	-0.65398216	-0.6366743	0.63203794	0.57625264	-0.6346479	-0.6146763	-0.70558745	-0.686651	0.61878264	0.6409095	0.6877559	0.66547275	-0.6103731	-0.5907672	0.6310978	0.69939244	-0.60866535	0.6954872	-0.62274766	-0.5459484	0.63395023	-0.6784954	-0.62445235	0.61844194	-0.66322654	0.61795163	0.64991474	-0.69833004	-0.69359994	-0.6165903	-0.6236717	0.7156119	-0.61693805	-0.661148	0.70033765	0.6536087	-0.48093262	-0.6260483	-0.5571867	-0.614484	-0.64209515	-0.6649449	0.7057821	-0.6954194	-0.6991486	-0.6052124	-0.6401447	0.6213011	0.55900204	-0.65329546	0.6690931	0.65186405	-0.5957148	0.649488	0.710737	-0.68566984	0.6520915	0.62776154	-0.63736236	-0.65024203	0.6274229	0.5836576	0.65306824	-0.66576195	-0.6336236	0.5894771	0.64958453	-0.601902	0.6884372	0.6739165	0.5303001	0.6303604	0.66890776	0.6192456	-0.6832601	-0.7049843	0.66845185	0.62652814	-0.63387454	0.6560271	-0.6712003	0.6693501	0.6695351	-0.55970764	0.6632747	-0.70368403
-0.2943657	-0.43992746	-0.4651565	0.5229802	-0.49598625	-0.47832006	0.49527076	0.39677814	0.5067601	0.4634784	-0.4754418	-0.50077665	-0.43790743	0.47847223	-0.41404715	-0.4666989	0.5131281	0.4639685	-0.43404868	-0.45306283	-0.48936224	-0.51810795	0.45881507	0.48091957	0.5140573	0.51357114	-0.45903754	-0.4240837	0.4504557	0.49474153	-0.44813716	0.46456328	-0.48185787	-0.41755083	0.47642025	-0.441523	-0.4314453	0.47130144	-0.47793803	0.47528028	0.442933	-0.4885619	-0.47013283	-0.42332	-0.437153	0.49004364	-0.46966377	-0.48934075	0.4616251	0.43282804	-0.4100948	-0.4758161	-0.4309996	-0.47325942	-0.43513623	-0.52239484	0.4612677	-0.47524643	-0.48922274	-0.43469855	-0.47044963	0.43983302	0.4144102	-0.44674662	0.49644777	0.46610427	-0.39542642	0.4529627	0.45102906	-0.49134848	0.48282328	0.4475369	-0.46013874	-0.5052952	0.5227733	0.41854474	0.460845	-0.46350068	-0.50050026	0.37662125	0.42986456	-0.35959795	0.4830289	0.43490076	0.34379342	0.38821125	0.4474573	0.38858002	-0.41915506	-0.47481543	0.5045163	0.42775282	-0.47901854	0.46519375	-0.475354	0.42164573	0.50547236	-0.35315448	0.42472273	-0.44405296
-0.24162237	-0.24309218	-0.22254463	0.24072374	-0.2545336	-0.23397504	0.25135493	0.23202461	0.23588935	0.19068326	-0.18698244	-0.22383472	-0.2431623	0.19509166	-0.25038666	-0.18547697	0.27349016	0.21707138	-0.25751033	-0.18623324	-0.2205798	-0.2684658	0.2747088	0.18496042	0.22965577	0.22239815	-0.27540165	-0.27979618	0.24952298	0.26484388	-0.20524919	0.21723798	-0.21542768	-0.22544576	0.26061732	-0.27102157	-0.2608251	0.23983243	-0.20251472	0.2202801	0.252206	-0.22104715	-0.27424043	-0.26627538	-0.20240599	0.18720882	-0.26622853	-0.21324433	0.2599049	0.22876033	-0.2511268	-0.25792003	-0.27335066	-0.23898908	-0.24125576	-0.21610643	0.2681991	-0.25568888	-0.22420585	-0.25204754	-0.22671868	0.19513553	0.22954634	-0.23168159	0.19034235	0.18424581	-0.22925812	0.25247768	0.2043348	-0.28176212	0.19080631	0.22982647	-0.22841898	-0.27835	0.2633302	0.19109458	0.25343788	-0.19091456	-0.26088348	0.2233728	0.23189594	-0.19314864	0.2762802	0.2416411	0.25587562	0.21026504	0.22831959	0.18744224	-0.21063851	-0.2031646	0.23983906	0.22353058	-0.22346202	0.20363212	-0.19931224	0.1911718	0.28398308	-0.2610728	0.26237833	-0.25141284
-0.5110131	-0.5962952	-0.63660586	0.62935	-0.5996719	-0.5693166	0.6007869	0.59813315	0.57877576	0.6637609	-0.6196976	-0.5801914	-0.56594896	0.63087726	-0.6585528	-0.6174554	0.6216474	0.61735815	-0.64300716	-0.61074007	-0.6393896	-0.646249	0.67437196	0.6693794	0.6077302	0.582297	-0.6420587	-0.5639021	0.5618951	0.60397863	-0.63388187	0.65345097	-0.5819744	-0.59814274	0.57669216	-0.5946111	-0.6044957	0.565845	-0.6252875	0.6232928	0.5914239	-0.59228134	-0.6056849	-0.6239631	-0.60708463	0.6345466	-0.631362	-0.67125493	0.629727	0.6418544	-0.5147921	-0.65954995	-0.6470876	-0.6200089	-0.6088783	-0.64042616	0.61479235	-0.5842431	-0.67828953	-0.5475011	-0.6186075	0.6525701	0.61284244	-0.67072767	0.63938725	0.62269723	-0.5931756	0.615397	0.58951247	-0.6822117	0.57396847	0.6603258	-0.65875214	-0.6543424	0.6527743	0.625358	0.6392624	-0.65025735	-0.6456928	0.5860437	0.5665661	-0.60644096	0.5602291	0.61752975	0.5276196	0.50429857	0.65536046	0.51527196	-0.6829319	-0.6684592	0.5916759	0.5989452	-0.62874544	0.55614555	-0.6645606	0.5641374	0.6388245	-0.60212064	0.6362148	-0.60540944
-0.62618506	-0.7525953	-0.70428354	0.7338	-0.66001284	-0.7155867	0.7289204	0.6682359	0.71526796	0.69098324	-0.7466662	-0.7895056	-0.7980829	0.72577524	-0.7398389	-0.7282173	0.73176897	0.75267476	-0.71033174	-0.73713356	-0.75052977	-0.6810222	0.7412871	0.7675223	0.76431555	0.70620805	-0.7125536	-0.7687191	0.7606152	0.7992826	-0.7139715	0.7359233	-0.71565485	-0.6804019	0.7618136	-0.735384	-0.6364927	0.72275287	-0.6733262	0.6497902	0.7851567	-0.7199972	-0.7669503	-0.7574444	-0.78983176	0.7323601	-0.6377934	-0.79127103	0.7353226	0.7248715	-0.59831643	-0.794077	-0.7124255	-0.7201674	-0.7154327	-0.7694142	0.7320629	-0.7060783	-0.71443206	-0.71641874	-0.7696065	0.73649496	0.6612131	-0.7531718	0.7019225	0.82126105	-0.60770684	0.6628734	0.7986998	-0.7810212	0.75083244	0.7381584	-0.81379026	-0.73767614	0.7162514	0.7542265	0.75925565	-0.78135353	-0.64138633	0.5747716	0.70080006	-0.62410796	0.7013038	0.72710645	0.5898458	0.6201651	0.7532162	0.6219087	-0.6716344	-0.73293495	0.6978031	0.75463516	-0.7164967	0.6790017	-0.78656805	0.67751414	0.7971357	-0.6227079	0.67988604	-0.74911875
-0.6529564	-0.7952266	-0.7858877	0.7523444	-0.78512114	-0.78150076	0.72097003	0.65190536	0.7697851	0.8152661	-0.7452285	-0.8252065	-0.84323233	0.77841645	-0.75035375	-0.799483	0.78451914	0.674609	-0.7471212	-0.7642544	-0.8317976	-0.78415	0.7482254	0.7701371	0.7612635	0.7519171	-0.7665911	-0.73104185	0.7925068	0.8393531	-0.76488787	0.7923842	-0.76075363	-0.6209655	0.77896965	-0.8607492	-0.64202183	0.77820754	-0.6910602	0.6994926	0.8306749	-0.82495296	-0.79454297	-0.79688877	-0.75733286	0.7808296	-0.7432987	-0.73354113	0.8100814	0.76482046	-0.61036813	-0.8413455	-0.6759682	-0.748501	-0.75504553	-0.8298934	0.80613166	-0.8400541	-0.7370334	-0.757401	-0.83140135	0.7564501	0.64580905	-0.8542992	0.7980908	0.8048263	-0.64139396	0.6552685	0.80722857	-0.8188266	0.7504209	0.8346304	-0.75397515	-0.7490155	0.7609664	0.7309276	0.7886706	-0.780194	-0.78908926	0.62826574	0.66760075	-0.6135162	0.75251126	0.7510455	0.61167204	0.73003334	0.8044949	0.67512625	-0.7835742	-0.7424668	0.7837866	0.79805493	-0.8271769	0.7708614	-0.73201674	0.73084956	0.78095716	-0.59240544	0.7610317	-0.7785678
-0.5417716	-0.6570451	-0.5993673	0.6509882	-0.63474685	-0.69888103	0.6215486	0.48643342	0.66260624	0.653035	-0.61080724	-0.65592694	-0.7306961	0.6408721	-0.6924975	-0.6671908	0.6203684	0.5512146	-0.6730247	-0.6601936	-0.6762248	-0.59191275	0.5965336	0.68709314	0.66246957	0.5944803	-0.5933925	-0.59204036	0.7381456	0.65643054	-0.63897717	0.64816785	-0.71030146	-0.5196259	0.62344813	-0.6531787	-0.5401965	0.6142362	-0.6460004	0.5627014	0.72463804	-0.62084436	-0.6597281	-0.61097836	-0.64968455	0.7158483	-0.5511151	-0.6480234	0.6929032	0.6276069	-0.5182457	-0.687924	-0.602218	-0.679288	-0.71641064	-0.66084546	0.6858364	-0.7305619	-0.69008785	-0.55917346	-0.69936883	0.63484967	0.53927207	-0.6606164	0.6779316	0.681971	-0.5470978	0.51680696	0.6517386	-0.66731757	0.6465887	0.6636615	-0.6290057	-0.67352456	0.60747695	0.60992527	0.5857838	-0.629415	-0.55259466	0.5519468	0.5732858	-0.53344333	0.6250722	0.58942294	0.5143102	0.5436335	0.60291827	0.60686296	-0.655392	-0.6762562	0.6422709	0.67047995	-0.6663469	0.715635	-0.6106264	0.5800467	0.69949156	-0.5398992	0.64348525	-0.73270977
-0.34132135	-0.3238913	-0.35061127	0.3698129	-0.38327047	-0.32253656	0.28582793	0.29646605	0.35684037	0.38962457	-0.32524037	-0.37516257	-0.37774885	0.38317773	-0.3698513	-0.3932147	0.39570275	0.29249153	-0.3865769	-0.30961007	-0.39070645	-0.33258918	0.29443735	0.3742669	0.35914186	0.29052776	-0.3074531	-0.33955598	0.40181366	0.35963935	-0.37423635	0.3535882	-0.3809302	-0.32003006	0.34785044	-0.3230568	-0.3247194	0.3188918	-0.34975854	0.3085244	0.33232206	-0.32374713	-0.3954531	-0.31647423	-0.29236025	0.36308965	-0.3778436	-0.33339426	0.36265612	0.312208	-0.277653	-0.38152072	-0.3158451	-0.36276484	-0.316947	-0.35829887	0.31164932	-0.31996787	-0.33355954	-0.308859	-0.3965328	0.38187593	0.30548757	-0.32582033	0.3123606	0.3612484	-0.3545839	0.3318292	0.38451687	-0.36599666	0.3090123	0.32767472	-0.33945924	-0.34454527	0.33588678	0.3505267	0.32144	-0.39054134	-0.3715304	0.28129584	0.34184888	-0.33268642	0.36361873	0.3166648	0.26540327	0.38536674	0.38890883	0.38491505	-0.360369	-0.31939507	0.2947013	0.31959394	-0.30908412	0.33565405	-0.36234236	0.3903824	0.3507966	-0.25492334	0.30794796	-0.38544002
-0.43438515	-0.47975785	-0.4348569	0.38586813	-0.4010912	-0.43408898	0.46742302	0.36988488	0.43668	0.41050574	-0.44371307	-0.43348077	-0.43837583	0.45660755	-0.39391717	-0.43257484	0.4327627	0.41456792	-0.39017326	-0.4173204	-0.46400243	-0.3938234	0.44788602	0.4556756	0.44453678	0.46124345	-0.46154475	-0.44483688	0.45052335	0.43713057	-0.38382268	0.42766234	-0.4444541	-0.4142368	0.43259445	-0.47005224	-0.34575304	0.42465615	-0.4705807	0.43338713	0.4608879	-0.43285432	-0.48414898	-0.45515007	-0.4221158	0.47169548	-0.45052454	-0.47019666	0.40909255	0.4467602	-0.38434651	-0.45745355	-0.36502683	-0.46193144	-0.46861795	-0.48428747	0.395197	-0.427028	-0.43327108	-0.44842988	-0.4328059	0.460017	0.42073745	-0.41433704	0.43339178	0.39930108	-0.4580971	0.37559327	0.38925833	-0.4705388	0.45732614	0.47309053	-0.4797547	-0.4360725	0.44933814	0.37444258	0.40791318	-0.48344558	-0.4320934	0.31530237	0.41625383	-0.40376842	0.38667724	0.44293737	0.31262097	0.38137838	0.46870512	0.39487743	-0.4448261	-0.4426385	0.48082724	0.41855192	-0.3996956	0.45707646	-0.39429095	0.45630324	0.42059636	-0.35582593	0.4379046	-0.4646418
-0.59291124	-0.6008622	-0.59169865	0.60683155	-0.56425714	-0.63387513	0.5655848	0.52075446	0.6532023	0.6034019	-0.5663077	-0.61074	-0.59632593	0.5533244	-0.6461944	-0.59539074	0.600236	0.61562335	-0.5904319	-0.58919275	-0.6240359	-0.6264024	0.601778	0.6126427	0.59409964	0.5876161	-0.6163294	-0.6137378	0.6548065	0.61822975	-0.5637051	0.59457535	-0.5806866	-0.53119326	0.60141695	-0.6086709	-0.57595724	0.6195813	-0.5508062	0.5922838	0.62900084	-0.654585	-0.6623662	-0.6300407	-0.61937994	0.65285575	-0.53854877	-0.6243885	0.6540874	0.6590646	-0.5935004	-0.6194992	-0.5864052	-0.6208875	-0.60504055	-0.5887981	0.6594758	-0.6797857	-0.63674027	-0.5792517	-0.62539285	0.572254	0.57127196	-0.5928395	0.5729152	0.6241074	-0.6233031	0.61203176	0.6197509	-0.6441011	0.57587475	0.58014184	-0.5784507	-0.6026543	0.61153847	0.60317504	0.5543573	-0.6132376	-0.5719765	0.52225834	0.5466059	-0.5456406	0.62162554	0.6213177	0.55011547	0.646809	0.64086074	0.58765215	-0.55657846	-0.6012708	0.59822434	0.5510733	-0.61530167	0.61688197	-0.56646943	0.6232009	0.6692282	-0.5549454	0.55344903	-0.62595266
-0.34820342	-0.44877824	-0.39486364	0.36908635	-0.3494712	-0.45165512	0.3914604	0.3673892	0.33677885	0.37456775	-0.46605378	-0.45740232	-0.4655873	0.43480343	-0.4234887	-0.3891469	0.4672021	0.35102478	-0.47261813	-0.42701632	-0.43840325	-0.40973788	0.36416852	0.4550003	0.42239404	0.39656952	-0.34629047	-0.36599714	0.4176625	0.40284735	-0.37976617	0.40191156	-0.42495278	-0.4066335	0.44273037	-0.39038765	-0.39554763	0.37128437	-0.41439822	0.3608203	0.40502542	-0.47734106	-0.4716795	-0.4395447	-0.36188102	0.41368797	-0.41993102	-0.45592174	0.43599957	0.4578171	-0.38048133	-0.4433938	-0.34109005	-0.45615888	-0.40443364	-0.36961716	0.37037766	-0.49579602	-0.4263075	-0.36270192	-0.40411627	0.41686663	0.37368336	-0.48626184	0.4591404	0.45072937	-0.38125288	0.31628844	0.39121658	-0.43144608	0.41747618	0.41480437	-0.42415053	-0.4433746	0.42881697	0.3628682	0.39176303	-0.40496916	-0.39061362	0.34741893	0.34397092	-0.32812345	0.41217783	0.33854467	0.37382326	0.33231977	0.42162234	0.32820952	-0.39609745	-0.4480647	0.42559314	0.40038943	-0.36033657	0.4584641	-0.39818868	0.3529623	0.37477636	-0.38082665	0.44580165	-0.4314061
-0.27256054	-0.367823	-0.3401053	0.300019	-0.32579732	-0.3507131	0.3085528	0.33509424	0.31931618	0.34801066	-0.38013667	-0.30067372	-0.34181282	0.33664262	-0.3136064	-0.29857138	0.37934968	0.31225455	-0.32246873	-0.3545197	-0.31314188	-0.31443468	0.34898663	0.28445116	0.37317923	0.32633716	-0.31035393	-0.28301388	0.37688586	0.3527731	-0.3659332	0.3775329	-0.3514644	-0.2939016	0.35536382	-0.34651354	-0.29347923	0.28334892	-0.3157608	0.33079964	0.3145325	-0.28090668	-0.29469648	-0.36806884	-0.3590393	0.35116556	-0.36669806	-0.27471876	0.3102051	0.30498052	-0.24346733	-0.33216342	-0.34044698	-0.2923492	-0.2984864	-0.317692	0.3191352	-0.37194106	-0.29747826	-0.31172392	-0.35860386	0.34720334	0.33396912	-0.2986968	0.2811104	0.35847247	-0.30322665	0.25963375	0.3228493	-0.30001873	0.30876338	0.347681	-0.3489575	-0.34198385	0.30500802	0.33427754	0.33351696	-0.29867983	-0.31094137	0.2653712	0.3353661	-0.31911394	0.31405562	0.34214312	0.2731398	0.33887354	0.30142134	0.34354663	-0.30260417	-0.36526367	0.29526794	0.3607083	-0.28283846	0.36662242	-0.29567567	0.31307346	0.36122617	-0.34470576	0.3081883	-0.36460155
-0.46828935	-0.6994223	-0.60610783	0.67029566	-0.7064797	-0.609611	0.6342593	0.61342925	0.51930356	0.6986126	-0.6455361	-0.64277345	-0.6314288	0.6247404	-0.634572	-0.71026045	0.6478593	0.575123	-0.6747671	-0.70783925	-0.67204106	-0.6698631	0.70945823	0.66315573	0.7106938	0.5840383	-0.6517093	-0.6583971	0.6191223	0.70349056	-0.6440507	0.6254896	-0.6315835	-0.632369	0.68099076	-0.69318527	-0.6608408	0.6174008	-0.62423366	0.61769664	0.67033106	-0.63704133	-0.68360776	-0.6985699	-0.67860407	0.6514116	-0.6593744	-0.6710546	0.63030475	0.6622926	-0.54436874	-0.6824835	-0.58141536	-0.64705664	-0.71221083	-0.6430061	0.6376411	-0.69462454	-0.6401565	-0.5292932	-0.6812758	0.6500727	0.66643506	-0.6691762	0.644269	0.64554226	-0.5306704	0.5456317	0.63874996	-0.6586864	0.59445405	0.7203896	-0.664152	-0.65486574	0.64067346	0.7143933	0.6548982	-0.7112017	-0.6106116	0.6625152	0.5233555	-0.5718348	0.6915114	0.65773135	0.5916243	0.49219352	0.6891279	0.56240493	-0.6899412	-0.71390635	0.66952777	0.6214774	-0.6459869	0.6585895	-0.63103247	0.6525067	0.7155204	-0.63040626	0.64505506	-0.70368284
-0.4522073	-0.6940562	-0.618488	0.6424371	-0.6611417	-0.6589769	0.6260705	0.56890476	0.59695065	0.70397234	-0.645456	-0.6664088	-0.70907843	0.60548896	-0.6378587	-0.72410226	0.6723074	0.5287447	-0.6964474	-0.63691074	-0.67489684	-0.6430304	0.64836764	0.67922026	0.71055704	0.52994305	-0.59987724	-0.5705631	0.6908278	0.71600014	-0.61575276	0.729891	-0.65396065	-0.600196	0.6337146	-0.72316587	-0.5905538	0.57022536	-0.6523721	0.5703542	0.6870218	-0.6819948	-0.7024882	-0.6291753	-0.70269746	0.7058851	-0.623359	-0.6083509	0.6552288	0.6773377	-0.489566	-0.71221846	-0.5991092	-0.63074976	-0.6873682	-0.6560947	0.6951759	-0.6988995	-0.62868494	-0.4978757	-0.6253697	0.67365843	0.5813069	-0.7455944	0.72637737	0.64405733	-0.45250726	0.46574146	0.7052381	-0.7124517	0.5490357	0.71758765	-0.63657016	-0.70625997	0.618019	0.6294912	0.67630607	-0.678814	-0.68633664	0.63559616	0.45151407	-0.5046103	0.5938789	0.5810959	0.44917992	0.4450409	0.67103195	0.4388683	-0.70038646	-0.68704236	0.61815274	0.71161675	-0.56336117	0.6706055	-0.61231554	0.5753489	0.68935144	-0.60426193	0.68366086	-0.68464655
-0.4208898	-0.51830614	-0.47427958	0.4783558	-0.46880135	-0.5591868	0.5098106	0.45213714	0.46842292	0.5224471	-0.5413616	-0.5319604	-0.5339523	0.4459363	-0.47743678	-0.5098099	0.4886656	0.44366634	-0.48918805	-0.4612266	-0.4696636	-0.42793623	0.5427471	0.47610143	0.47378817	0.41203105	-0.47399035	-0.4265825	0.5431219	0.49723235	-0.4169091	0.53248477	-0.48690414	-0.5015338	0.5058845	-0.5675073	-0.42973578	0.42289403	-0.4679236	0.42826232	0.4812505	-0.543643	-0.5460502	-0.43973696	-0.4562402	0.510665	-0.5392555	-0.511396	0.48115227	0.4882079	-0.40750578	-0.5081387	-0.4469171	-0.47912788	-0.5008966	-0.4484652	0.47266808	-0.4900857	-0.57109624	-0.4656495	-0.4960601	0.4509214	0.47887802	-0.54049	0.4806066	0.44299042	-0.3955771	0.4604411	0.5426669	-0.46324685	0.43801454	0.46331862	-0.47132552	-0.48791954	0.46727112	0.49233943	0.53905815	-0.5259788	-0.47649828	0.4979138	0.37617418	-0.46532735	0.45600045	0.43525353	0.39406317	0.46344578	0.44994685	0.37511414	-0.46102786	-0.5518071	0.5055689	0.49655494	-0.48601964	0.54168147	-0.4393031	0.4524925	0.4704743	-0.47496974	0.4650578	-0.48157886
-0.31914166	-0.42694908	-0.40556836	0.34443015	-0.33594278	-0.4587646	0.4316558	0.34990633	0.332748	0.35847783	-0.4007935	-0.39663532	-0.38385555	0.3411953	-0.37594193	-0.44274926	0.40976852	0.3442988	-0.42307392	-0.3888673	-0.39399284	-0.33655113	0.43318042	0.38439697	0.4052347	0.37434083	-0.40492147	-0.37346917	0.43981802	0.41016793	-0.36012757	0.39658648	-0.39390075	-0.3822378	0.42820442	-0.44391543	-0.34173578	0.41807422	-0.42939165	0.38245222	0.38713226	-0.38016573	-0.45140284	-0.3534611	-0.40210974	0.38226214	-0.40493035	-0.3382787	0.40234396	0.4052788	-0.37710413	-0.4400179	-0.3291088	-0.37973794	-0.3538444	-0.3739205	0.3901415	-0.3830809	-0.4037992	-0.40490487	-0.35363862	0.36320546	0.34876987	-0.41773042	0.41910526	0.35025272	-0.4029218	0.32998133	0.39016965	-0.43668455	0.41756693	0.411569	-0.43061808	-0.36515623	0.43638623	0.36839807	0.40832397	-0.43932277	-0.43861967	0.3866335	0.37209597	-0.35592693	0.39318395	0.37422848	0.30269265	0.33392656	0.3884016	0.3792603	-0.4052325	-0.3600813	0.42900962	0.42038354	-0.35121304	0.41126126	-0.3767695	0.33679122	0.40546873	-0.37257445	0.3804984	-0.43205634
-0.20806046	-0.22645628	-0.2165866	0.22722013	-0.13747136	-0.20597996	0.14172286	0.19532777	0.19209984	0.23522277	-0.15060002	-0.1837326	-0.2173068	0.22011398	-0.22053643	-0.1708701	0.15583636	0.22043575	-0.1497289	-0.16199647	-0.20466517	-0.18046115	0.15686741	0.17357458	0.18647467	0.22098745	-0.19362131	-0.15819395	0.19359097	0.21234354	-0.2045874	0.1434908	-0.17562972	-0.13587177	0.19072351	-0.22853513	-0.16516489	0.15528944	-0.14470708	0.2241669	0.19282402	-0.21629359	-0.17015088	-0.1394039	-0.1961999	0.2182959	-0.16841047	-0.23388311	0.18662809	0.20075598	-0.16045296	-0.18863681	-0.13719304	-0.16745397	-0.23366545	-0.20696728	0.18267506	-0.20146005	-0.20525943	-0.21713665	-0.15645808	0.20192571	0.16699761	-0.1610423	0.18073848	0.21248718	-0.17486463	0.16546366	0.21834688	-0.17130022	0.20835651	0.15540737	-0.16322374	-0.20697029	0.18235958	0.14422105	0.15725672	-0.20598349	-0.19456449	0.2107528	0.19035509	-0.15127312	0.23422179	0.13780148	0.16941553	0.2111387	0.20197192	0.22558942	-0.1660835	-0.22604083	0.22292595	0.1630181	-0.16190632	0.15561962	-0.15221964	0.19634952	0.16720091	-0.2147488	0.2341059	-0.21658236
-0.51195014	-0.60712636	-0.57388073	0.62269837	-0.59877	-0.48158777	0.5609639	0.5569878	0.6326859	0.51748186	-0.48376465	-0.583838	-0.54309005	0.57967484	-0.50749993	-0.58277583	0.5413173	0.58805794	-0.52703613	-0.5462864	-0.5987236	-0.59671056	0.49196473	0.5709876	0.49445525	0.5789361	-0.5512912	-0.56608015	0.588823	0.5547442	-0.6336333	0.56511205	-0.5474921	-0.4427278	0.63063276	-0.5751714	-0.4973297	0.56574327	-0.58693725	0.5230735	0.5094958	-0.56483316	-0.49110344	-0.63461465	-0.5309517	0.49261525	-0.45304006	-0.6021116	0.53801554	0.5425021	-0.530945	-0.56512225	-0.57417715	-0.5544683	-0.5115169	-0.5797882	0.55720806	-0.5210047	-0.5014464	-0.57708174	-0.5940524	0.56305635	0.5162751	-0.59196806	0.57069975	0.5490178	-0.5854656	0.5606106	0.5188857	-0.57781166	0.62363	0.62248975	-0.61113536	-0.5178016	0.5392554	0.5668148	0.44679335	-0.6153783	-0.48370838	0.44849423	0.5690168	-0.54092723	0.565099	0.6161486	0.48259	0.54866344	0.5999314	0.59440184	-0.46008635	-0.472551	0.5967487	0.54880714	-0.6146778	0.524482	-0.5628673	0.59420115	0.6076607	-0.4868731	0.6032826	-0.60588413
-0.520544	-0.5498528	-0.58090866	0.58956385	-0.55180323	-0.4946299	0.5441801	0.48950648	0.5812636	0.59313184	-0.53781945	-0.56394047	-0.56530875	0.49393836	-0.57794493	-0.56099826	0.5699429	0.58310026	-0.59422714	-0.53041977	-0.5763415	-0.5525723	0.58851564	0.5834156	0.56901515	0.58288693	-0.5004829	-0.5142657	0.5713146	0.50376546	-0.54591787	0.52652466	-0.51299435	-0.48821384	0.5230242	-0.5138861	-0.5864515	0.55572367	-0.5263425	0.5396692	0.539709	-0.5891161	-0.5422114	-0.5157949	-0.55293196	0.50534153	-0.52975005	-0.56660414	0.5068975	0.5368493	-0.49755925	-0.57167506	-0.5292139	-0.5050921	-0.54962105	-0.5248457	0.5355993	-0.51284826	-0.5465639	-0.5370875	-0.5739486	0.5107729	0.52454174	-0.5681332	0.58059925	0.59389323	-0.5163304	0.49376905	0.58518606	-0.574237	0.5558663	0.5604304	-0.5369219	-0.5802326	0.502794	0.5566156	0.5418665	-0.56417656	-0.5591278	0.53986835	0.50964844	-0.5304272	0.59733826	0.6022623	0.49017447	0.50594693	0.5708448	0.5697479	-0.56249017	-0.5754887	0.5101402	0.5259059	-0.5885283	0.557282	-0.53411156	0.5417629	0.58588785	-0.51767284	0.52084166	-0.526953
-0.3373829	-0.40296918	-0.36940357	0.36517394	-0.38234136	-0.37283465	0.30042633	0.34381995	0.36056858	0.33748817	-0.39825937	-0.36315256	-0.35331595	0.35657945	-0.39986163	-0.41620818	0.34725487	0.40147018	-0.37464193	-0.39116186	-0.34177572	-0.36446813	0.32071647	0.34182227	0.36887094	0.40171874	-0.3432435	-0.31826133	0.39663085	0.34312144	-0.3474699	0.4169558	-0.3649411	-0.31273097	0.38721162	-0.34752288	-0.28279886	0.37495852	-0.4104506	0.39163572	0.31953248	-0.38858554	-0.34870613	-0.33710876	-0.39406192	0.33634797	-0.34517846	-0.30704194	0.3549469	0.3043693	-0.3754101	-0.38735753	-0.38450536	-0.393028	-0.3709934	-0.36145195	0.37683207	-0.3556785	-0.3630006	-0.31733212	-0.41591263	0.35851917	0.326999	-0.34668073	0.36872563	0.4188619	-0.34377953	0.31070754	0.39949077	-0.39352983	0.40618062	0.33116522	-0.38185543	-0.3648055	0.4087636	0.30259117	0.33696347	-0.3411686	-0.3086483	0.36787337	0.386512	-0.3938272	0.34818044	0.38624385	0.29695517	0.3768359	0.37992126	0.4127077	-0.3269551	-0.3135093	0.40033203	0.36147705	-0.425428	0.3970959	-0.3655447	0.36107185	0.33982894	-0.3501139	0.3523643	-0.36583015
-0.5848131	-0.6625029	-0.61540306	0.6717582	-0.6158317	-0.63639396	0.67282057	0.600171	0.64212954	0.6618763	-0.6011984	-0.6773555	-0.6444633	0.6494509	-0.66685754	-0.61211365	0.61618185	0.59616	-0.6373131	-0.5823316	-0.6038287	-0.607576	0.6635781	0.6277759	0.61989355	0.631973	-0.6350964	-0.6817024	0.6786291	0.6438873	-0.67632747	0.61107117	-0.6004136	-0.65008855	0.6370674	-0.5948166	-0.6053926	0.6647387	-0.6328253	0.62165034	0.6097959	-0.637037	-0.61418575	-0.66528845	-0.6584275	0.5816999	-0.6135812	-0.6747923	0.6243027	0.6264666	-0.6482491	-0.62172455	-0.6812954	-0.61979276	-0.63729346	-0.59534055	0.67434734	-0.66346604	-0.5984327	-0.6404567	-0.590978	0.6804334	0.60524267	-0.6176032	0.6779844	0.62300014	-0.6232517	0.5997894	0.59855795	-0.59357774	0.6394469	0.67898035	-0.60853136	-0.61824507	0.68380725	0.61955696	0.63973707	-0.6700391	-0.5704524	0.63471997	0.5715212	-0.65422916	0.6525746	0.60441995	0.62219155	0.56466883	0.6646692	0.6293977	-0.59754205	-0.58199567	0.64891297	0.5951375	-0.6403834	0.6538085	-0.6872912	0.65945303	0.6255532	-0.59759927	0.6358851	-0.6939564
-0.15634961	-0.18316235	-0.12436111	0.15456456	-0.13819864	-0.20528087	0.15959154	0.19602732	0.15018791	0.17444678	-0.12293042	-0.13980967	-0.17446356	0.14471373	-0.16882941	-0.19556023	0.16186324	0.1267802	-0.15808825	-0.16321675	-0.16439782	-0.19661255	0.19777882	0.19945052	0.21492617	0.13826889	-0.20015825	-0.17598215	0.2059421	0.18753456	-0.14153634	0.15453888	-0.12500054	-0.18704702	0.11546389	-0.17419448	-0.14514007	0.20440847	-0.18946855	0.18007651	0.14564426	-0.14115341	-0.13410145	-0.13606565	-0.12188242	0.20713201	-0.17558017	-0.14679402	0.18130422	0.17140126	-0.20564902	-0.1974038	-0.16871707	-0.14353563	-0.21559606	-0.202574	0.14190197	-0.19896634	-0.16224328	-0.18985423	-0.18727112	0.14200693	0.17956918	-0.18186557	0.119969346	0.13275458	-0.15752277	0.18434677	0.17936383	-0.20314965	0.19322857	0.1463554	-0.2156044	-0.17265998	0.20420687	0.18405369	0.14379641	-0.14083184	-0.20026375	0.12823161	0.1762185	-0.19448824	0.17298155	0.20242728	0.18835276	0.20125484	0.12830092	0.13393329	-0.19401953	-0.14055188	0.18935305	0.15763405	-0.14429678	0.16808195	-0.15564182	0.13269372	0.11985823	-0.13953295	0.12906763	-0.14943454
-0.25017655	-0.31937036	-0.31300145	0.3453348	-0.31712365	-0.33659735	0.28061128	0.27531335	0.27639318	0.2949941	-0.32025778	-0.26739922	-0.33250087	0.2824896	-0.35979337	-0.35011384	0.29029235	0.2726173	-0.3151514	-0.27932328	-0.3020297	-0.31401128	0.25962278	0.34837475	0.28120583	0.25399202	-0.28449878	-0.32517055	0.29127425	0.3527302	-0.34152424	0.27341187	-0.3489488	-0.32476613	0.3457297	-0.3001215	-0.32349005	0.27345878	-0.29478866	0.3407575	0.2969793	-0.27063847	-0.30091733	-0.25955886	-0.26521352	0.34664443	-0.34564385	-0.29083437	0.33666953	0.26717186	-0.28671682	-0.30787987	-0.26406196	-0.30638126	-0.29178855	-0.2652394	0.3495839	-0.29457974	-0.30003792	-0.2703266	-0.33095863	0.3243282	0.3250396	-0.3400374	0.26413232	0.32908627	-0.29796177	0.27180237	0.32034165	-0.31798002	0.31749615	0.2705926	-0.30528045	-0.30482295	0.3007583	0.27607417	0.2731397	-0.32381552	-0.28851733	0.25223553	0.2862003	-0.2744583	0.27767882	0.27792656	0.3140461	0.256936	0.28364798	0.3277386	-0.321991	-0.35808054	0.25788984	0.34636468	-0.34955174	0.26864815	-0.27610564	0.3443848	0.26461303	-0.2752858	0.31814143	-0.35095385
-0.13603063	-0.1560224	-0.13014881	0.12321369	-0.091914944	-0.14097455	0.115295246	0.09568177	0.115999	0.1482943	-0.083317816	-0.13194694	-0.17991558	0.11320339	-0.0805155	-0.17797764	0.1127234	0.12088822	-0.15142679	-0.12174768	-0.16048646	-0.09602284	0.08522442	0.17237234	0.16829361	0.15846276	-0.15279268	-0.13578795	0.08193526	0.110384986	-0.12857449	0.09790115	-0.09052642	-0.08084627	0.17893542	-0.14043318	-0.14776874	0.12614287	-0.069254674	0.089581005	0.08255565	-0.15871437	-0.10664925	-0.12857953	-0.122479975	0.11757608	-0.086023994	-0.13596822	0.16063954	0.11042217	-0.06329447	-0.15935674	-0.08248102	-0.14744928	-0.115539685	-0.16798209	0.16787499	-0.15901822	-0.078991346	-0.1711201	-0.10659986	0.17135921	0.16249734	-0.18386967	0.10875836	0.17515206	-0.13792948	0.11006646	0.15941533	-0.11073154	0.16296029	0.18794322	-0.104185194	-0.14769046	0.18037754	0.11497703	0.17863816	-0.10395566	-0.063597165	0.063875265	0.15152621	-0.1507318	0.113434345	0.055667285	0.06787743	0.10867569	0.113643505	0.15947399	-0.11229044	-0.14198445	0.18666929	0.16539711	-0.063750535	0.05929149	-0.14551985	0.10636606	0.15907665	-0.05807615	0.16555376	-0.14206752
-0.23644757	-0.20596422	-0.15351479	0.23122616	-0.20342624	-0.22645621	0.15799385	0.17034994	0.18682945	0.14130242	-0.14001057	-0.14770563	-0.23565863	0.1471149	-0.15985002	-0.17297904	0.14571066	0.18070948	-0.20712562	-0.21484265	-0.15668704	-0.21200402	0.14638953	0.20998295	0.19755295	0.20714876	-0.20343171	-0.18738897	0.17443757	0.20031261	-0.16389433	0.17463392	-0.14819445	-0.17034738	0.2235435	-0.21608406	-0.17570852	0.18676813	-0.22637504	0.19397144	0.1971084	-0.19526507	-0.20295641	-0.17481339	-0.1533403	0.21197632	-0.14801313	-0.20471431	0.19641009	0.19993606	-0.16542959	-0.16468108	-0.19805308	-0.21649155	-0.17627461	-0.19460227	0.20574981	-0.2072546	-0.1373495	-0.19366612	-0.23454572	0.20337771	0.21543679	-0.22568117	0.16499427	0.22671196	-0.19047089	0.1485172	0.14979513	-0.1947962	0.18942659	0.20369396	-0.19790494	-0.15846053	0.22174078	0.2018173	0.22647695	-0.1855911	-0.22026323	0.14870489	0.17676736	-0.187211	0.2353876	0.1422426	0.21391024	0.16473074	0.23232518	0.18784925	-0.18314977	-0.16322215	0.14327028	0.21890815	-0.1985836	0.17960277	-0.15198009	0.19739461	0.1954274	-0.1994258	0.15444976	-0.14125763
-0.6777604	-0.70401454	-0.6557074	0.6916093	-0.67849517	-0.70805335	0.628531	0.6566775	0.69165295	0.68291587	-0.6763159	-0.708394	-0.735972	0.6103744	-0.67464626	-0.7111504	0.6985483	0.63378334	-0.63823456	-0.7232561	-0.6580283	-0.65932053	0.70153284	0.6845691	0.69411886	0.70225704	-0.7041259	-0.5942249	0.74966586	0.73313326	-0.7329949	0.73245627	-0.692317	-0.5274035	0.6520835	-0.6762226	-0.59859973	0.7073442	-0.6544007	0.65866756	0.66084594	-0.6183886	-0.6318116	-0.71150404	-0.67471194	0.65232766	-0.5853912	-0.6844584	0.65044826	0.6834551	-0.6128997	-0.7333365	-0.6103039	-0.7229922	-0.6594129	-0.7145182	0.67586213	-0.6379802	-0.70010424	-0.72102934	-0.7190954	0.6693593	0.60764945	-0.70976996	0.6813712	0.7309547	-0.6820588	0.6782316	0.68389416	-0.6820857	0.7216691	0.7065003	-0.6468173	-0.6620785	0.6687325	0.5760498	0.57723486	-0.6629197	-0.5874768	0.53583777	0.6930798	-0.64600885	0.6602376	0.70531714	0.5955289	0.74235004	0.6702411	0.6709074	-0.58669657	-0.64399564	0.6165131	0.65886307	-0.72825646	0.6557982	-0.70203716	0.6939789	0.68777704	-0.5518574	0.6559225	-0.66637546
-0.67175454	-0.6834619	-0.67719346	0.7371407	-0.6383165	-0.66987497	0.55735207	0.56379503	0.7771317	0.67014325	-0.63267887	-0.71341866	-0.70297253	0.6226289	-0.6694529	-0.75216615	0.6675228	0.62702256	-0.6722601	-0.6283644	-0.7489372	-0.6791218	0.67111945	0.71410257	0.6599487	0.6534717	-0.755714	-0.6477171	0.7216354	0.74178135	-0.64617246	0.73210824	-0.657269	-0.47549778	0.75257415	-0.7137317	-0.49726117	0.657303	-0.59761304	0.67669827	0.67635274	-0.6989979	-0.64412373	-0.70259696	-0.6200664	0.67249167	-0.5141135	-0.66682196	0.70727605	0.59660137	-0.5786221	-0.7484796	-0.6240448	-0.6316479	-0.6564247	-0.7616871	0.66972977	-0.64398074	-0.68183005	-0.67539513	-0.73546904	0.62056834	0.61401683	-0.71837497	0.6308823	0.66373694	-0.66353595	0.6859918	0.6814547	-0.7476558	0.62412596	0.6557842	-0.6430932	-0.69596845	0.6543784	0.6183032	0.5964162	-0.7213706	-0.4762818	0.49976563	0.6252811	-0.6148486	0.73854804	0.5967471	0.60502154	0.7462451	0.67985827	0.678438	-0.5800255	-0.61320573	0.6677617	0.671344	-0.6967883	0.6300539	-0.6572011	0.7310914	0.7133587	-0.4567638	0.6923369	-0.75109184
-0.23125587	-0.23940052	-0.2751902	0.23052956	-0.21350762	-0.18917872	0.21934824	0.27198452	0.21635723	0.25829083	-0.18933481	-0.26544157	-0.25503445	0.20235969	-0.26887837	-0.28608668	0.25493175	0.24303004	-0.24226828	-0.20211448	-0.2533182	-0.24321453	0.2210823	0.21816751	0.21892603	0.2050235	-0.26970595	-0.23430927	0.19175784	0.23564923	-0.19869162	0.25699404	-0.24137503	-0.18671212	0.22086115	-0.23299707	-0.21445745	0.26487935	-0.18584332	0.19981278	0.23575777	-0.26344207	-0.19607083	-0.20546103	-0.22223805	0.24881998	-0.20259379	-0.2784923	0.20670517	0.20505029	-0.21852541	-0.25120604	-0.18644564	-0.23973548	-0.20837516	-0.23366024	0.20815419	-0.28922784	-0.23978293	-0.2688305	-0.23399125	0.20967044	0.1776347	-0.27190846	0.2870981	0.2911565	-0.21022317	0.26529583	0.24436897	-0.22964858	0.2724243	0.19700831	-0.2750571	-0.19678809	0.24909256	0.18659888	0.20889771	-0.26595715	-0.15457258	0.18730386	0.20649523	-0.22532661	0.25895885	0.26137736	0.21229815	0.2747659	0.2729058	0.20946819	-0.1874412	-0.18073368	0.24073222	0.21503496	-0.24818754	0.2715658	-0.18904775	0.28665227	0.25502926	-0.17387924	0.22464658	-0.24029037
-0.16193688	-0.14813586	-0.13951479	0.20274146	-0.19324186	-0.17386	0.13542387	0.1487108	0.19607593	0.14071763	-0.17456841	-0.19834986	-0.14109105	0.21370263	-0.2121377	-0.21692456	0.1714711	0.22684373	-0.15735355	-0.16377361	-0.13666284	-0.19845194	0.18955904	0.14101171	0.14455186	0.21655974	-0.22481315	-0.16787554	0.1481966	0.15444836	-0.2137145	0.17049	-0.16250208	-0.16517761	0.17016093	-0.18300198	-0.18959936	0.13695052	-0.16538692	0.16450565	0.20782907	-0.14981374	-0.16929041	-0.17842163	-0.16079451	0.178288	-0.19371313	-0.14859596	0.17657351	0.17115608	-0.14333983	-0.1911621	-0.17639038	-0.16577679	-0.16624554	-0.18200304	0.17539941	-0.21469598	-0.19450611	-0.19022983	-0.2269234	0.19652298	0.2284525	-0.18739393	0.1959547	0.20741405	-0.1627447	0.1544389	0.17102316	-0.19923222	0.14312828	0.14861073	-0.17284833	-0.13415855	0.2059791	0.14359578	0.1589823	-0.15122628	-0.17012338	0.17792898	0.13402827	-0.17525712	0.1544531	0.15447088	0.19055626	0.21274611	0.20434128	0.154462	-0.163708	-0.18713984	0.14017805	0.16433038	-0.1349305	0.14174034	-0.14212304	0.22874254	0.16429274	-0.13323678	0.20364256	-0.18839088
-0.50904447	-0.7216334	-0.75162154	0.77870846	-0.7027626	-0.81790805	0.77290434	0.578802	0.70438313	0.80409414	-0.76574874	-0.8348453	-0.7697229	0.69415575	-0.77738434	-0.8060109	0.78359425	0.65939504	-0.8424918	-0.8205282	-0.80414385	-0.7415088	0.77871233	0.8014288	0.8223414	0.68550044	-0.7430831	-0.7200852	0.8733936	0.81150675	-0.7132578	0.8211544	-0.74056804	-0.68320274	0.7088888	-0.8332024	-0.6484639	0.68775403	-0.6956275	0.6918469	0.7980994	-0.7999712	-0.80171597	-0.6866986	-0.70373434	0.7466485	-0.76607865	-0.7217978	0.8177353	0.8201545	-0.52695775	-0.8420637	-0.71362996	-0.8108	-0.8373624	-0.78543735	0.80336285	-0.8894584	-0.7999904	-0.6884563	-0.72554535	0.7103742	0.6481228	-0.7985336	0.8131998	0.7470229	-0.5608349	0.61885226	0.7743953	-0.8403059	0.6516512	0.7353507	-0.7900192	-0.8212096	0.7994885	0.72001314	0.7737728	-0.7603776	-0.73509645	0.65117264	0.57931584	-0.53927016	0.70688635	0.72222364	0.49917528	0.6271782	0.75620496	0.6780422	-0.742125	-0.83471346	0.7627355	0.76625997	-0.68400013	0.79087466	-0.7765105	0.67290086	0.8323725	-0.5967592	0.69348395	-0.86035794
-0.46787483	-0.42299202	-0.41472384	0.4716131	-0.39554203	-0.3879537	0.46081188	0.39670485	0.47851095	0.4627298	-0.42013326	-0.43587178	-0.4861325	0.46701124	-0.4921948	-0.47688314	0.39870337	0.4064359	-0.3883962	-0.46755233	-0.50743634	-0.43286994	0.44386685	0.3937747	0.4568058	0.45003885	-0.47807223	-0.42892197	0.49639648	0.4804913	-0.45659903	0.50198275	-0.45202336	-0.3889548	0.445468	-0.42601085	-0.37798384	0.4955915	-0.46436602	0.3756393	0.5059946	-0.39288864	-0.4749729	-0.4415708	-0.4487644	0.43051094	-0.34206071	-0.39505637	0.49961653	0.41985708	-0.40485004	-0.4497189	-0.39636818	-0.43443912	-0.45046824	-0.48913014	0.47969574	-0.44041225	-0.47126594	-0.44437703	-0.44988978	0.40147442	0.4516154	-0.4552436	0.41917425	0.48698202	-0.42674756	0.45010853	0.43556857	-0.39554727	0.47427416	0.41397518	-0.409646	-0.42850682	0.44939286	0.3764829	0.41696912	-0.49643153	-0.44142044	0.4187094	0.38657296	-0.42687777	0.4920111	0.43716142	0.40747234	0.46896532	0.48671645	0.45655745	-0.38498488	-0.4545303	0.45733154	0.43296742	-0.44419432	0.4027804	-0.47171533	0.45156056	0.4550576	-0.3630201	0.4696334	-0.4250855
-0.62358373	-0.63156855	-0.6192185	0.6388346	-0.6572914	-0.5246032	0.61865383	0.6229068	0.6979553	0.6085005	-0.540736	-0.6521872	-0.6101891	0.63702875	-0.61307853	-0.69219804	0.68839157	0.6616247	-0.5788746	-0.6015481	-0.62349516	-0.63136935	0.66088843	0.6612935	0.58195186	0.6994972	-0.607366	-0.63864005	0.63482183	0.6649067	-0.6379414	0.6249406	-0.6814547	-0.5767125	0.62622786	-0.5916022	-0.5221905	0.63317764	-0.58243066	0.53500885	0.6507157	-0.53904396	-0.66135454	-0.5894886	-0.5968809	0.6540786	-0.5131384	-0.6862825	0.5842708	0.61175907	-0.63468623	-0.61236894	-0.62348104	-0.7029885	-0.60764647	-0.60948247	0.6036705	-0.60978043	-0.5892705	-0.5756252	-0.67278755	0.6353176	0.6316114	-0.64917153	0.66138643	0.579314	-0.5844998	0.6478064	0.59342116	-0.6013621	0.5995822	0.63210845	-0.6129911	-0.58273345	0.6349922	0.5999587	0.5866606	-0.64334035	-0.5627562	0.55998355	0.61977345	-0.5565095	0.6446029	0.5585641	0.5324265	0.68920577	0.6674074	0.6031459	-0.5290716	-0.5801368	0.565819	0.60563236	-0.70421517	0.60212004	-0.59996045	0.68943226	0.6701288	-0.4728627	0.6379518	-0.6761253
-0.60445577	-0.6178264	-0.58904946	0.6415678	-0.5723628	-0.51789594	0.54153043	0.54431665	0.6390413	0.59587365	-0.5652257	-0.54041564	-0.5595962	0.576248	-0.59253335	-0.577266	0.54867625	0.57017773	-0.52477926	-0.5807528	-0.5524679	-0.54843146	0.5567642	0.5485987	0.54583377	0.55262953	-0.62741375	-0.5994381	0.613133	0.6014766	-0.6225417	0.6104309	-0.5639023	-0.48381558	0.5658468	-0.58160347	-0.5510927	0.54038614	-0.6071165	0.55388725	0.6393824	-0.54641837	-0.58032054	-0.5448081	-0.58640575	0.5906445	-0.5027669	-0.6041818	0.53240734	0.59024376	-0.49975696	-0.6287272	-0.57863533	-0.62027806	-0.5222272	-0.5765426	0.52818793	-0.5527015	-0.6046786	-0.58234495	-0.57936454	0.57645774	0.5323516	-0.5624736	0.60879904	0.5883497	-0.57018715	0.58239853	0.5947439	-0.5333008	0.59336853	0.5996071	-0.5671255	-0.5664104	0.561305	0.60289973	0.5400313	-0.6180468	-0.52613455	0.4489491	0.5596756	-0.5357908	0.5708825	0.5781977	0.5528848	0.5889077	0.5910364	0.6012006	-0.4918233	-0.5740726	0.53723615	0.52842253	-0.6009127	0.58763546	-0.59253204	0.5537901	0.6271791	-0.5007474	0.5857808	-0.5824088
-0.36064225	-0.3752214	-0.35775715	0.3602028	-0.41845196	-0.3904097	0.364906	0.3849161	0.39177695	0.37758765	-0.3588961	-0.42821103	-0.4388959	0.37269083	-0.38598225	-0.41240457	0.3933084	0.4044135	-0.37209946	-0.37554502	-0.45913208	-0.3708866	0.44904593	0.39525303	0.391464	0.43930224	-0.3745738	-0.42447	0.444274	0.40358528	-0.36887878	0.38298646	-0.41056204	-0.40502283	0.4206541	-0.45761365	-0.3437559	0.44604543	-0.41382232	0.40004745	0.4427494	-0.42964023	-0.40020388	-0.42099103	-0.43859482	0.42255962	-0.3697079	-0.4014855	0.38173	0.37402612	-0.39066502	-0.44465515	-0.4309757	-0.3674635	-0.39207748	-0.39190647	0.43727234	-0.40947437	-0.39148027	-0.37883097	-0.38402194	0.44165087	0.3413291	-0.46423918	0.40969586	0.4260604	-0.436728	0.40345445	0.39453053	-0.36592063	0.36986673	0.39249757	-0.40073645	-0.4153085	0.37231967	0.39531603	0.36302963	-0.41489527	-0.4018164	0.3831443	0.4229622	-0.37775058	0.44550294	0.37746665	0.3366249	0.40783513	0.38221818	0.4397833	-0.44513643	-0.36382806	0.40824294	0.43157014	-0.39139444	0.3773787	-0.40220705	0.36077383	0.372586	-0.32840505	0.43597946	-0.46212575
-0.5453199	-0.51521885	-0.5461011	0.5482753	-0.5022878	-0.4408085	0.56535834	0.5217364	0.6037362	0.6019956	-0.5262662	-0.5346182	-0.55996037	0.5957806	-0.49670464	-0.51829004	0.5737935	0.60016966	-0.5421659	-0.5756492	-0.50891817	-0.5248132	0.5466555	0.60712475	0.53609234	0.5599459	-0.5256527	-0.5554392	0.5722313	0.5908377	-0.5169786	0.4985406	-0.53989595	-0.48112854	0.5180683	-0.562658	-0.5125217	0.60526997	-0.57555705	0.5239537	0.5494497	-0.55072653	-0.53750783	-0.5245643	-0.5753675	0.559731	-0.4917404	-0.521565	0.48806432	0.5578018	-0.5268003	-0.5424149	-0.51693493	-0.53353536	-0.5520901	-0.51002556	0.5914326	-0.5023022	-0.50719535	-0.61130565	-0.5585739	0.5121742	0.5415213	-0.57329625	0.5631995	0.56682384	-0.5793176	0.5898595	0.52849317	-0.55132896	0.5172024	0.5307276	-0.5117765	-0.52270377	0.530029	0.5485512	0.5556621	-0.53572696	-0.4739024	0.4770807	0.60915303	-0.4958045	0.5820967	0.59344697	0.5488504	0.54514986	0.53704685	0.53762674	-0.49628544	-0.5750335	0.5277628	0.5033314	-0.5894104	0.49771374	-0.5109962	0.6092149	0.54280055	-0.45614186	0.5721097	-0.52263045
-0.14935224	-0.10987064	-0.16894719	0.16498767	-0.1529673	-0.18012793	0.17386054	0.110564366	0.09448904	0.08622368	-0.13278395	-0.14790581	-0.17640223	0.08303033	-0.13907963	-0.16372891	0.121894605	0.15670362	-0.1296318	-0.096429445	-0.18870966	-0.16457506	0.099863105	0.17820096	0.15556008	0.09414459	-0.14614135	-0.16043076	0.19117485	0.16402526	-0.12296941	0.12745622	-0.128252	-0.14963996	0.10146968	-0.16557902	-0.119726	0.079707295	-0.17003068	0.11864124	0.16839586	-0.1627029	-0.13625303	-0.13937412	-0.12803674	0.1167627	-0.08624668	-0.08832443	0.11244081	0.13904205	-0.10604071	-0.09865118	-0.14960806	-0.11685625	-0.12252806	-0.1645725	0.10261351	-0.16865905	-0.11100785	-0.11977379	-0.08277938	0.080394916	0.10729104	-0.13967304	0.18210381	0.1135529	-0.1435619	0.06433452	0.116070665	-0.14938731	0.1078151	0.13258854	-0.17624399	-0.13740113	0.08679929	0.113129325	0.095621414	-0.12737137	-0.19155003	0.075084955	0.08149779	-0.12246586	0.16722494	0.14694656	0.07001068	0.1665086	0.1599401	0.104280904	-0.09940167	-0.10014179	0.09934199	0.1278643	-0.15411559	0.18655531	-0.107341364	0.1047025	0.15209132	-0.114644974	0.15260795	-0.15873352
-0.5876441	-0.6622402	-0.6342253	0.6591275	-0.6374768	-0.6159015	0.60254264	0.5613978	0.61690843	0.6133907	-0.6630496	-0.65041625	-0.6121387	0.6354747	-0.6603152	-0.7192495	0.7095207	0.6526694	-0.64612955	-0.6221312	-0.6936816	-0.60536194	0.625265	0.66220593	0.6285668	0.661549	-0.6893061	-0.64411634	0.619402	0.6414985	-0.65118796	0.67623234	-0.6980047	-0.5971321	0.6033903	-0.63930464	-0.530174	0.6943594	-0.649463	0.64015657	0.6824762	-0.6504076	-0.6138927	-0.6365212	-0.70392376	0.630085	-0.5992494	-0.62422913	0.635347	0.59701943	-0.5606438	-0.70637137	-0.6577038	-0.622501	-0.67778265	-0.61487395	0.67236704	-0.6628837	-0.7039119	-0.6171725	-0.61989886	0.65112317	0.63204837	-0.67193973	0.6580599	0.6880899	-0.6394265	0.6334473	0.6998353	-0.67128116	0.6338096	0.6261259	-0.669942	-0.66875166	0.6687474	0.60505736	0.59532964	-0.67100686	-0.6375019	0.5747675	0.6842191	-0.5577459	0.68045247	0.6876476	0.62014496	0.62314373	0.6615276	0.6644787	-0.5957223	-0.58497727	0.6373127	0.66194797	-0.64975387	0.54980963	-0.6155124	0.6284149	0.64941204	-0.4979547	0.6305658	-0.72042793
-0.6585567	-0.679075	-0.6460615	0.7087918	-0.6525772	-0.6528657	0.61523825	0.6783158	0.7666176	0.66058725	-0.6816502	-0.69948846	-0.7332809	0.61823523	-0.67193925	-0.7347722	0.7141536	0.7180296	-0.6482589	-0.6662566	-0.7569943	-0.7034728	0.70194495	0.70121247	0.7127989	0.6666362	-0.7187891	-0.6710896	0.70567864	0.67606	-0.6555146	0.67411274	-0.6514222	-0.5902982	0.693869	-0.6407116	-0.5970201	0.65743285	-0.70693356	0.669498	0.727496	-0.7195468	-0.6390926	-0.68368495	-0.6570641	0.6657663	-0.5357684	-0.7242629	0.67612076	0.65433306	-0.6336296	-0.6850505	-0.7040455	-0.7033647	-0.6543568	-0.6688994	0.7046261	-0.68505967	-0.68546295	-0.7155092	-0.67887145	0.6243667	0.6227085	-0.7278881	0.6931848	0.6718341	-0.66692036	0.68041825	0.66783243	-0.73269534	0.6615495	0.6471393	-0.6555909	-0.6728352	0.7042543	0.6494825	0.6254878	-0.6634678	-0.5389935	0.5692223	0.7290203	-0.6821116	0.6883344	0.6836321	0.628487	0.7183199	0.72717077	0.69059515	-0.6663766	-0.6069999	0.6935825	0.6382908	-0.6937483	0.7285902	-0.66068316	0.7241311	0.720189	-0.57698506	0.71204674	-0.7225204
-0.6005432	-0.54274976	-0.5952824	0.61488795	-0.5465547	-0.5216065	0.58998686	0.5403959	0.5420404	0.57116365	-0.5940754	-0.557861	-0.6035169	0.5734286	-0.6217549	-0.5684858	0.5289846	0.5727137	-0.5978358	-0.6150597	-0.58815384	-0.5509342	0.54280305	0.61169255	0.61497766	0.60206777	-0.5742375	-0.53276545	0.54380274	0.59830153	-0.6143143	0.5522929	-0.60833246	-0.53093666	0.6058926	-0.5806741	-0.563088	0.6292374	-0.5890058	0.5440633	0.59083295	-0.6053647	-0.5538712	-0.5463269	-0.54745376	0.5511698	-0.5259495	-0.6279635	0.59930944	0.53924024	-0.5833857	-0.62864673	-0.54343176	-0.5313845	-0.53094244	-0.571201	0.6012636	-0.5425484	-0.61105424	-0.62553656	-0.53676724	0.6178772	0.60464543	-0.62116694	0.5443849	0.573913	-0.6196751	0.5763708	0.5285526	-0.6010101	0.55247813	0.547414	-0.6013068	-0.59221375	0.5726401	0.6248726	0.5882635	-0.5807724	-0.5086388	0.5186832	0.59642464	-0.5875758	0.5859759	0.57246995	0.57772017	0.53993607	0.57100594	0.5636093	-0.58636105	-0.54966176	0.5909717	0.5631668	-0.61164266	0.59119666	-0.55611044	0.5652846	0.53802836	-0.52544177	0.6154002	-0.6178572
-0.61855835	-0.63961875	-0.6130017	0.67976594	-0.6161078	-0.6279192	0.57975745	0.64279294	0.640995	0.59669274	-0.62050724	-0.6895182	-0.6690421	0.56728894	-0.6216598	-0.62904394	0.68646806	0.6332147	-0.592972	-0.67817616	-0.64200264	-0.6075576	0.59336114	0.63775	0.6637627	0.63899	-0.67839825	-0.5884167	0.595229	0.673644	-0.6480192	0.6282159	-0.65131354	-0.5851966	0.65646863	-0.5905672	-0.6140635	0.66752636	-0.66525304	0.65278673	0.5913755	-0.62890315	-0.66839	-0.6056919	-0.6047512	0.61940205	-0.57019365	-0.6311533	0.6260274	0.5735804	-0.58866644	-0.6674714	-0.6585383	-0.6470343	-0.61305475	-0.6210636	0.65706825	-0.6182395	-0.64304173	-0.65442127	-0.606005	0.61075354	0.585285	-0.62342983	0.589634	0.6320458	-0.62064767	0.6787566	0.6846156	-0.69050854	0.67734313	0.6726004	-0.60069656	-0.60375184	0.5910385	0.5776233	0.5998604	-0.6081961	-0.5394405	0.5158564	0.68415225	-0.6134207	0.6630675	0.6148917	0.61524385	0.6383958	0.6465519	0.7071064	-0.564411	-0.6239265	0.61621183	0.60679924	-0.6637421	0.65299785	-0.59898865	0.6918393	0.6711761	-0.5160868	0.639085	-0.6411221
-0.5281302	-0.5901625	-0.6208168	0.5740882	-0.5245177	-0.48034573	0.57919186	0.5582045	0.59512967	0.56970686	-0.55226564	-0.56268126	-0.59823716	0.57787126	-0.58575404	-0.57775927	0.5477848	0.5775855	-0.5996974	-0.5216097	-0.5825718	-0.5481218	0.5747094	0.52745277	0.6215568	0.5987143	-0.5616267	-0.5461989	0.5551004	0.6082632	-0.5574545	0.60256714	-0.5606555	-0.53279525	0.60469973	-0.5611585	-0.58887523	0.6124619	-0.5422829	0.57033944	0.53994316	-0.5983645	-0.56951	-0.5753119	-0.6233684	0.53024036	-0.5577373	-0.5553369	0.56354135	0.59825754	-0.5147907	-0.61883086	-0.610737	-0.57571614	-0.5381884	-0.5610274	0.5898774	-0.54397553	-0.6096586	-0.538577	-0.5533472	0.56794286	0.54907817	-0.53832996	0.603728	0.60988796	-0.52616185	0.5802092	0.58988005	-0.53414845	0.6019752	0.6159818	-0.563979	-0.5496678	0.6016737	0.5438656	0.5266221	-0.5403742	-0.5983248	0.5715591	0.55824685	-0.5112739	0.5467486	0.516951	0.56075066	0.5822916	0.587472	0.52354974	-0.60678875	-0.5220191	0.5546305	0.5926374	-0.5822594	0.5861648	-0.5372357	0.5456301	0.5409108	-0.5505137	0.5571881	-0.56668806
-0.452913	-0.42963964	-0.4915761	0.43041408	-0.43835303	-0.4629258	0.4000451	0.3982109	0.4726794	0.45643902	-0.4315378	-0.4406991	-0.45955998	0.46182692	-0.46285012	-0.4964255	0.4733248	0.41703933	-0.44803968	-0.43469712	-0.47315994	-0.42657694	0.5154909	0.43756685	0.4593081	0.46647415	-0.46374035	-0.44333133	0.4431198	0.4894751	-0.47948095	0.45635167	-0.43353024	-0.46146035	0.48593572	-0.4965469	-0.39231896	0.46173975	-0.41037005	0.41491067	0.44352448	-0.46045482	-0.47886425	-0.41432506	-0.48764324	0.42966923	-0.40819207	-0.47063297	0.47739363	0.44472623	-0.4176794	-0.4771589	-0.45894632	-0.4443048	-0.47292987	-0.424954	0.4226581	-0.48007822	-0.50440085	-0.5024331	-0.45356512	0.42590025	0.46581507	-0.49830207	0.48370898	0.48232397	-0.45010844	0.46256998	0.47558925	-0.4231097	0.428977	0.48456502	-0.44714427	-0.50866944	0.4676989	0.44389737	0.48302752	-0.45638654	-0.40639636	0.40451646	0.48380077	-0.3768921	0.4698363	0.4276055	0.43823007	0.4318859	0.43970084	0.44482607	-0.43338364	-0.45581967	0.44433025	0.47219983	-0.47983778	0.4578106	-0.472111	0.45457166	0.47749373	-0.4525959	0.4577685	-0.42654234
-0.3068782	-0.32850435	-0.36160886	0.33952397	-0.29293147	-0.2924475	0.29924926	0.332982	0.323818	0.35323176	-0.30759546	-0.29947925	-0.30745828	0.29401645	-0.2693305	-0.3040595	0.29029295	0.35494298	-0.3669076	-0.35310924	-0.3450313	-0.37645134	0.29902226	0.32114872	0.2845259	0.34983888	-0.28796223	-0.37233663	0.31399408	0.30363613	-0.32491598	0.31751558	-0.3207185	-0.30664605	0.34497106	-0.29926378	-0.29933125	0.28776938	-0.3262885	0.3113412	0.3201281	-0.2771339	-0.34871274	-0.3349681	-0.27688426	0.32063916	-0.27448386	-0.31288582	0.3810355	0.35534468	-0.3017413	-0.31176147	-0.30152664	-0.34666893	-0.2922844	-0.36018372	0.37149498	-0.30171174	-0.34658578	-0.335637	-0.38230664	0.3774241	0.30974796	-0.33508775	0.2984487	0.3731862	-0.32343867	0.29906783	0.38071898	-0.30749825	0.30727315	0.29014865	-0.36554298	-0.32356083	0.28774866	0.29679492	0.32031938	-0.33142635	-0.337678	0.27874652	0.32622537	-0.27137643	0.29223767	0.34315488	0.17242692	0.28571418	0.32113498	0.24976574	-0.27459013	-0.35986304	0.31394774	0.33596405	-0.35610446	0.3798204	-0.38020137	0.35103738	0.34638223	-0.24388772	0.33279234	-0.3597198
-0.0985075	-0.17425427	-0.15825497	0.20318618	-0.11158192	-0.1677163	0.12147636	0.13245466	0.1850402	0.12697312	-0.17586124	-0.20134163	-0.111609235	0.14315549	-0.10727312	-0.106634706	0.15725456	0.14290605	-0.17592229	-0.17871803	-0.18430811	-0.17731863	0.20163055	0.11159175	0.14103346	0.11123765	-0.1352934	-0.1981002	0.13265228	0.1914603	-0.18732545	0.19374351	-0.11326361	-0.20212407	0.18508011	-0.12582073	-0.11489781	0.18342692	-0.19726199	0.1517667	0.1567959	-0.12624644	-0.16464698	-0.15287805	-0.16129367	0.16394942	-0.15493539	-0.1612021	0.11636837	0.19754282	-0.17740883	-0.1659951	-0.18631846	-0.19255847	-0.16888978	-0.17342064	0.19436458	-0.14565337	-0.13176362	-0.20290497	-0.16372022	0.19864523	0.19078338	-0.16650704	0.18542314	0.17170097	-0.18798874	0.20580287	0.15168732	-0.19860227	0.16246018	0.17107333	-0.17652452	-0.15345034	0.163851	0.19160338	0.10627831	-0.19493702	-0.16185994	0.19345824	0.14534897	-0.15421325	0.20212902	0.17049183	0.16076276	0.11552507	0.20214419	0.11324684	-0.110269316	-0.20151821	0.17475937	0.1588095	-0.1403133	0.19903807	-0.1336523	0.199612	0.13764487	-0.19987972	0.20059276	-0.113583736
-0.6969397	-0.6887462	-0.6485903	0.71102846	-0.64828914	-0.6782741	0.5977152	0.5840686	0.7564819	0.6030251	-0.68943703	-0.6823473	-0.73745745	0.6299171	-0.7373208	-0.7013048	0.67919934	0.63912904	-0.6122173	-0.70270735	-0.6684319	-0.67729443	0.64771074	0.6095295	0.69878376	0.6675572	-0.68645936	-0.68752503	0.707873	0.75039804	-0.73617524	0.7502805	-0.7013324	-0.53838897	0.66203725	-0.66742307	-0.58315355	0.64494807	-0.62027544	0.6004941	0.6668057	-0.6851019	-0.6920856	-0.7035516	-0.6997533	0.68752027	-0.5287876	-0.63044745	0.72164327	0.6515875	-0.60334367	-0.68833536	-0.6256221	-0.6496807	-0.6693507	-0.73560137	0.6336299	-0.70421386	-0.6372834	-0.71058375	-0.67861044	0.6811132	0.56778914	-0.73303264	0.604303	0.7045218	-0.6985683	0.6165762	0.66728514	-0.7085304	0.63534594	0.64915437	-0.6826098	-0.6618467	0.68398327	0.6102659	0.532982	-0.7367236	-0.5721778	0.55254996	0.666688	-0.60973006	0.6662946	0.73363507	0.65024954	0.7473769	0.6353362	0.70804775	-0.5916117	-0.57664704	0.63829535	0.70377153	-0.69485044	0.645523	-0.64487284	0.6515355	0.73140544	-0.5689152	0.6317454	-0.683101
-0.5916935	-0.56156594	-0.53941137	0.552857	-0.5411328	-0.53510785	0.50802344	0.5009625	0.6258414	0.5095982	-0.53917193	-0.5386373	-0.56793827	0.49632198	-0.5489487	-0.58819956	0.57629925	0.57336456	-0.5614839	-0.60105217	-0.5655076	-0.5687486	0.5249035	0.5334536	0.5402363	0.55569214	-0.55942774	-0.5235991	0.54957384	0.5782241	-0.60439306	0.54895055	-0.54024327	-0.4456073	0.5507937	-0.57942826	-0.45345098	0.60768193	-0.5673046	0.5661864	0.60946226	-0.5384582	-0.5138961	-0.5686345	-0.5237886	0.59991676	-0.4391606	-0.60677284	0.53312564	0.4808717	-0.5631581	-0.55913466	-0.57196975	-0.59349895	-0.5511324	-0.5730293	0.5260149	-0.589972	-0.5145401	-0.6276143	-0.61708504	0.5197145	0.583454	-0.5659448	0.5222774	0.62117946	-0.5578555	0.5604078	0.61918133	-0.56762344	0.56472236	0.5682031	-0.60444754	-0.59183407	0.55719113	0.5258531	0.4989522	-0.5892138	-0.51614726	0.46752372	0.5391806	-0.566524	0.563625	0.5819277	0.53379035	0.57494366	0.5854682	0.61667854	-0.49053627	-0.49354872	0.55774796	0.5724094	-0.55833215	0.5197468	-0.56857866	0.55600893	0.6099161	-0.4337824	0.56407523	-0.611502
-0.10018763	-0.16734251	-0.2074358	0.2051012	-0.17587239	-0.16717663	0.12281631	0.13794872	0.11322328	0.1446005	-0.18115236	-0.20964609	-0.12973166	0.1390042	-0.132838	-0.1701343	0.13600881	0.13196838	-0.16763003	-0.15045804	-0.13800092	-0.15471242	0.20091185	0.20089044	0.12206898	0.16543126	-0.12560305	-0.11516685	0.15979049	0.13920374	-0.14187118	0.11762867	-0.11785663	-0.12629151	0.20317735	-0.21437985	-0.115189925	0.1364762	-0.14457904	0.15286171	0.094423704	-0.12490947	-0.20750014	-0.20163064	-0.16297008	0.12289862	-0.1707098	-0.1947743	0.15099733	0.20248209	-0.12517014	-0.12172468	-0.19954884	-0.17458029	-0.13364147	-0.19351096	0.16022076	-0.15555984	-0.12280021	-0.19346254	-0.16743265	0.12929152	0.111775234	-0.16505606	0.1279279	0.17985713	-0.16661471	0.13068461	0.19525062	-0.21579275	0.17850317	0.19597101	-0.10692498	-0.18174118	0.15241832	0.13758858	0.20380919	-0.13256633	-0.1918677	0.21374789	0.19001234	-0.12342352	0.18250388	0.18956207	0.12737025	0.16824482	0.13678692	0.19210643	-0.14717223	-0.17738368	0.18395795	0.13425367	-0.20549092	0.093921565	-0.12564407	0.18232623	0.1888173	-0.12748094	0.16618167	-0.15817977
-0.3998099	-0.3773884	-0.417111	0.3986737	-0.38442555	-0.42708147	0.41732195	0.3688387	0.4365534	0.42489547	-0.4395699	-0.4588645	-0.3907484	0.3812791	-0.42571655	-0.39220625	0.41250402	0.43809015	-0.4205814	-0.41458115	-0.4553392	-0.45172027	0.38954073	0.44892526	0.45399815	0.3916928	-0.3902446	-0.4107026	0.39921832	0.43241757	-0.40617406	0.4253497	-0.47284624	-0.4241016	0.43571967	-0.39422736	-0.35700047	0.4791152	-0.395421	0.4347599	0.43142614	-0.4271874	-0.4209996	-0.42656913	-0.40408477	0.44764185	-0.40615898	-0.43148103	0.3910997	0.38114756	-0.4171103	-0.47885022	-0.45241356	-0.4610829	-0.47202867	-0.39130655	0.40619257	-0.4265006	-0.43341118	-0.37655032	-0.44842136	0.40412256	0.40704098	-0.38700476	0.46245107	0.46560636	-0.4210953	0.42196956	0.44915873	-0.47636324	0.4069031	0.46632364	-0.41870287	-0.42428353	0.44880697	0.45962256	0.4029122	-0.4402298	-0.34776583	0.3884907	0.4228615	-0.39827117	0.4016515	0.38605353	0.35644624	0.4433713	0.44865537	0.38958985	-0.42097488	-0.41386548	0.45069063	0.41386402	-0.4155744	0.42463082	-0.41966414	0.47598508	0.38463816	-0.3303367	0.4032419	-0.3811147
-0.38517275	-0.43321842	-0.4702209	0.46271047	-0.43841076	-0.43768218	0.37897614	0.42072448	0.43788436	0.40870717	-0.41660744	-0.44279474	-0.40578207	0.43186364	-0.4599112	-0.44045296	0.42141008	0.39931265	-0.39330262	-0.4157825	-0.43673518	-0.4730395	0.4082275	0.48518163	0.4284623	0.4505395	-0.4339401	-0.38294226	0.4753496	0.49349746	-0.42869538	0.46063694	-0.4630282	-0.3872048	0.43398678	-0.4613476	-0.4212598	0.42059165	-0.42840537	0.42019626	0.40418208	-0.42460036	-0.4296109	-0.46217388	-0.4155746	0.3989539	-0.3740314	-0.3997086	0.42844704	0.47440454	-0.39949915	-0.46370894	-0.40783972	-0.45401856	-0.4913361	-0.4550284	0.45133695	-0.40844375	-0.4220289	-0.46749318	-0.4281552	0.4055719	0.42068282	-0.49404037	0.47949126	0.4226117	-0.3828402	0.40135834	0.43338728	-0.4430617	0.44613993	0.41511434	-0.46444142	-0.41939342	0.44160962	0.4254595	0.3916888	-0.42319947	-0.42433506	0.41771173	0.44404805	-0.392927	0.46447182	0.4082836	0.41094962	0.4783249	0.42177415	0.39747605	-0.36837912	-0.45140418	0.47651187	0.4457625	-0.490623	0.36063555	-0.43061012	0.4437777	0.4752298	-0.38712212	0.48028293	-0.4554809
-0.5107182	-0.5568809	-0.5388014	0.5785155	-0.5337148	-0.5462329	0.548137	0.5486051	0.51977205	0.5079193	-0.52070755	-0.49448213	-0.5714432	0.5587057	-0.47143924	-0.5227367	0.49290925	0.4997845	-0.5171446	-0.5417832	-0.5562051	-0.5705628	0.5574296	0.5572715	0.5353248	0.5375475	-0.51796156	-0.5010876	0.54937285	0.4841657	-0.49117723	0.5600734	-0.541689	-0.44472384	0.48727944	-0.515305	-0.46233612	0.50894225	-0.5575249	0.5250666	0.5478469	-0.54282236	-0.5705007	-0.58968145	-0.5227323	0.4765841	-0.5017945	-0.49411607	0.5225982	0.5195479	-0.48950076	-0.5012487	-0.46363124	-0.5251309	-0.5256678	-0.57840365	0.5864055	-0.5247913	-0.55012596	-0.48330724	-0.49218166	0.5413576	0.51215315	-0.5570589	0.51467395	0.5622805	-0.4884405	0.47008544	0.55442435	-0.48634514	0.55302197	0.5105586	-0.57275385	-0.54514337	0.51800776	0.50033194	0.54006654	-0.5313306	-0.5016464	0.4455762	0.47720778	-0.530927	0.5495146	0.4976199	0.52646303	0.53677005	0.54449934	0.57084656	-0.50171983	-0.48304173	0.5435096	0.51371074	-0.52747875	0.54984653	-0.56032753	0.53727394	0.56104124	-0.393302	0.5116806	-0.5799228
-0.47352657	-0.55373013	-0.5319959	0.5063634	-0.52299947	-0.50052524	0.4842861	0.46144292	0.5134953	0.55229974	-0.45802772	-0.5987835	-0.5230856	0.43912214	-0.59029984	-0.5469814	0.5043337	0.5085413	-0.45072955	-0.5440243	-0.5370191	-0.47383684	0.5108784	0.51640296	0.45253837	0.486313	-0.5605394	-0.4666771	0.5585512	0.6002595	-0.5106745	0.50975895	-0.5271899	-0.43298236	0.49267256	-0.5595015	-0.39915147	0.48032883	-0.50897473	0.53443825	0.5132103	-0.53403527	-0.50064635	-0.528039	-0.5473302	0.46748295	-0.48482406	-0.54576826	0.49521765	0.5258049	-0.55343515	-0.48846415	-0.53448856	-0.48521194	-0.53820527	-0.5240239	0.5276438	-0.54574394	-0.484538	-0.5385486	-0.5905071	0.49457192	0.5646099	-0.50305253	0.56546634	0.55135775	-0.57248193	0.46914086	0.60499936	-0.5076157	0.54501575	0.56798965	-0.5096877	-0.54014075	0.4964259	0.4797227	0.4919459	-0.48106354	-0.40567595	0.4473106	0.5666547	-0.49456745	0.5123295	0.56057245	0.49554247	0.58381426	0.49740052	0.48489255	-0.49305382	-0.5409725	0.5605103	0.49348754	-0.5194464	0.50420815	-0.5190118	0.5731561	0.5352711	-0.4163889	0.5753026	-0.53971547
-0.63519895	-0.68016577	-0.6112821	0.6110147	-0.6825314	-0.6297202	0.6178417	0.598474	0.63259685	0.6038553	-0.6000919	-0.70359814	-0.71234894	0.66094977	-0.6943497	-0.606102	0.69337815	0.6896398	-0.59489733	-0.6759982	-0.65476763	-0.6680592	0.66615295	0.63589543	0.68484366	0.68417513	-0.686433	-0.6658633	0.6568385	0.6354042	-0.6682536	0.66321605	-0.6909169	-0.6383708	0.6329432	-0.61279225	-0.57644486	0.6721619	-0.64539057	0.5909068	0.67503566	-0.654894	-0.6027482	-0.61857384	-0.6427485	0.6291871	-0.6219037	-0.61610526	0.6519034	0.60493577	-0.57094276	-0.6876353	-0.5849517	-0.67814124	-0.6521671	-0.65985936	0.5999478	-0.6543091	-0.60771894	-0.6676116	-0.62277746	0.6734198	0.6455895	-0.6966801	0.637863	0.6534132	-0.6582987	0.6924905	0.6985104	-0.6704	0.69302064	0.6495212	-0.63970727	-0.66738695	0.65407956	0.6121748	0.6042339	-0.61970365	-0.57487303	0.5316	0.6792755	-0.56119007	0.68154675	0.6730518	0.6623045	0.6585801	0.6856709	0.6096437	-0.60849214	-0.6611828	0.68287855	0.6104884	-0.63077426	0.63474077	-0.64139885	0.66016144	0.61149895	-0.5775015	0.62994766	-0.69101304
-0.24132782	-0.23038259	-0.15165563	0.21587995	-0.18770927	-0.23488969	0.24774018	0.1815856	0.19796446	0.22426571	-0.17629227	-0.23867323	-0.24629028	0.21286848	-0.20197468	-0.2016626	0.24670178	0.18678963	-0.22837666	-0.23084025	-0.2027218	-0.21811537	0.23899859	0.18008508	0.16780818	0.19971822	-0.19706322	-0.21587358	0.18770176	0.16499338	-0.15873542	0.16343857	-0.20257863	-0.19677141	0.21964402	-0.19516599	-0.2020822	0.24419525	-0.19339554	0.20151244	0.19067201	-0.18025798	-0.25269467	-0.17379431	-0.18122283	0.19761212	-0.24580139	-0.23069514	0.20231397	0.21954691	-0.22528046	-0.24420595	-0.1805824	-0.21050818	-0.22638443	-0.2476424	0.21109466	-0.23031066	-0.23775813	-0.24917728	-0.24867323	0.1942481	0.16443531	-0.18776782	0.2257594	0.19426653	-0.1925793	0.18927649	0.20149483	-0.25092122	0.21803766	0.17198087	-0.19409807	-0.25311446	0.24351166	0.21705116	0.24384731	-0.2520132	-0.18399125	0.15585169	0.15101948	-0.20071468	0.17346115	0.17600392	0.24640252	0.21583237	0.21225546	0.194825	-0.21667539	-0.1596865	0.20683025	0.25050035	-0.21177886	0.24139063	-0.19486345	0.19294101	0.1850633	-0.1816099	0.17292482	-0.2455399
-0.38619986	-0.5211341	-0.46051672	0.4950013	-0.4779358	-0.4246566	0.45877403	0.42081425	0.43028787	0.46502846	-0.44913992	-0.528909	-0.4818815	0.49142843	-0.42243844	-0.45680094	0.47362193	0.49130064	-0.47089428	-0.43765742	-0.50681883	-0.5041534	0.4746147	0.50351727	0.44813865	0.4654546	-0.5015633	-0.50625783	0.46371505	0.51948375	-0.44059724	0.47205225	-0.45704165	-0.4417628	0.4774741	-0.42629328	-0.47911507	0.50950384	-0.49790645	0.50162697	0.5062569	-0.47169918	-0.48718736	-0.43157303	-0.5034505	0.49285573	-0.39805433	-0.48164713	0.45493558	0.4533333	-0.39871982	-0.47439417	-0.40052477	-0.46651608	-0.46059337	-0.46109304	0.5109928	-0.50689214	-0.43191972	-0.4646935	-0.45492095	0.5069678	0.43103766	-0.5160855	0.45999137	0.53612626	-0.45347625	0.47034708	0.43659797	-0.47504193	0.45074773	0.5118526	-0.49868482	-0.41604418	0.42433813	0.48318917	0.44450992	-0.53171873	-0.4286375	0.37255508	0.47825438	-0.41834	0.45228803	0.4594634	0.41525578	0.4459034	0.49826148	0.4585452	-0.43076336	-0.46983278	0.46297032	0.5079101	-0.5104482	0.51945114	-0.5202239	0.50506276	0.5227464	-0.42921984	0.52361363	-0.50106835
-0.4162695	-0.6163497	-0.59739643	0.56153727	-0.5981502	-0.60832655	0.5612815	0.49296436	0.57960874	0.578514	-0.63761246	-0.6454733	-0.65709335	0.49599954	-0.61310273	-0.5813933	0.5985242	0.49893546	-0.5598311	-0.6214856	-0.6313282	-0.5511301	0.55268663	0.5791111	0.58666235	0.5433782	-0.53553545	-0.5976273	0.6837679	0.6377134	-0.56371135	0.57520825	-0.6279695	-0.50805616	0.57823014	-0.66260654	-0.45594573	0.489123	-0.5407478	0.5010164	0.59908754	-0.63656944	-0.6417366	-0.54142934	-0.5524838	0.60789883	-0.5535144	-0.5754367	0.60044813	0.6457131	-0.47037622	-0.6026935	-0.5352162	-0.6022373	-0.5654007	-0.5292705	0.5768678	-0.6614519	-0.59744006	-0.5556637	-0.61291426	0.58557516	0.4706828	-0.58942753	0.63371485	0.64249533	-0.43817753	0.4997578	0.64057004	-0.64969337	0.50982547	0.6048452	-0.5308793	-0.5544917	0.6070547	0.5257657	0.5666725	-0.5566256	-0.5987641	0.43119437	0.45603123	-0.3938885	0.5877221	0.5875843	0.41257882	0.46074212	0.54011124	0.5281006	-0.62596947	-0.60581577	0.59621453	0.5789109	-0.59617954	0.59621704	-0.5288693	0.5411802	0.6526172	-0.4295673	0.55034447	-0.6471807
-0.017098775	-0.003474429	-0.0013055594	0.04398655	-0.015339119	-0.061002288	0.021495037	-0.041107755	0.054862622	0.037069436	0.0006301252	-0.040882953	0.00081254577	0.061786104	-0.054889474	-0.0128145795	0.043897472	0.01625398	-0.012361486	-0.014531963	-0.046078946	-0.014033924	0.033294354	0.022355124	-0.0020489718	0.00634583	0.019766843	0.02695946	0.050647873	0.018614698	0.038162395	-0.014138961	-0.0028118065	0.08017538	-0.023790944	-0.047908995	0.0025622891	-0.025828993	-0.026703756	0.036516152	0.05237107	-0.046925314	-0.004401076	-0.0014885805	-0.036581945	0.020894509	0.016352355	0.027191978	-0.009175627	0.01663704	0.06251467	-0.04780096	-0.0053519653	0.014306762	-0.05940453	-0.053458758	0.04872052	-0.029176405	-0.045965824	0.029148115	0.015279139	0.048611093	-0.043746747	-0.06534768	0.06881214	0.04454456	-0.0059572766	-0.013857626	-0.027621785	-0.047538605	-0.034745734	-0.00731155	-0.05101926	0.021351594	-0.0020836685	-0.0036332216	0.05981378	-0.02001526	-0.03820969	-0.08473354	0.010329955	0.036435477	-0.003477982	0.014538055	-0.052390773	0.0029131048	-0.0009789327	-0.01522429	0.0058025904	0.03202642	0.0407981	0.036308937	-0.0006089356	0.05754429	-0.017243793	0.015084883	-0.009593592	0.023085283	0.048719697	-0.07031962
-0.5510235	-0.5681461	-0.58698404	0.5867693	-0.6027169	-0.5666867	0.5904732	0.5457028	0.6237056	0.6373774	-0.6415824	-0.619074	-0.62471294	0.5837482	-0.55363494	-0.6362767	0.5803014	0.6370607	-0.64457756	-0.5638451	-0.5790838	-0.59842545	0.643943	0.58152705	0.5640286	0.6147861	-0.5652486	-0.616575	0.64563984	0.627059	-0.58083606	0.60561424	-0.62287503	-0.5835598	0.64004904	-0.5994068	-0.5947052	0.61570036	-0.6561836	0.6074419	0.5940973	-0.6557231	-0.6115405	-0.61115485	-0.62708676	0.61441886	-0.60948694	-0.6130322	0.56960547	0.5592076	-0.54195887	-0.5808663	-0.62625355	-0.60264343	-0.60371417	-0.61876184	0.6133692	-0.5883049	-0.6246198	-0.6324974	-0.5608254	0.5521357	0.5485291	-0.6038348	0.6549384	0.57465327	-0.55571675	0.61908835	0.6293414	-0.610582	0.5831967	0.6222859	-0.6435973	-0.6082105	0.6284473	0.599415	0.63274884	-0.5925622	-0.5778414	0.58814245	0.6378172	-0.59643257	0.63043106	0.59406555	0.56912977	0.58301455	0.6236281	0.6138639	-0.5757261	-0.6299	0.57468987	0.5597009	-0.62324226	0.62737083	-0.62448394	0.60481495	0.6270369	-0.59117603	0.57175595	-0.6225358
-0.40444747	-0.669832	-0.6572592	0.6903233	-0.6839693	-0.691754	0.70151144	0.6069856	0.6577279	0.66415286	-0.7174394	-0.67457396	-0.6691891	0.695307	-0.69873685	-0.74590486	0.6948282	0.6208281	-0.64188653	-0.6986564	-0.6764315	-0.6783803	0.73819685	0.6962889	0.6854611	0.61970407	-0.70857215	-0.70258915	0.72589713	0.7238983	-0.639787	0.72216994	-0.69658315	-0.6376368	0.6254099	-0.7363478	-0.667793	0.68462104	-0.662695	0.6753746	0.6695888	-0.7323689	-0.6660359	-0.7198955	-0.65406257	0.70491296	-0.68697023	-0.664057	0.7481191	0.7136797	-0.5192238	-0.7066361	-0.6618464	-0.6838418	-0.6983859	-0.7026378	0.6887764	-0.6587641	-0.7092734	-0.55045885	-0.6492664	0.62849814	0.6327277	-0.74015856	0.7194222	0.70796645	-0.50588673	0.589067	0.7389059	-0.67296755	0.68434405	0.64168906	-0.689143	-0.6390153	0.6282927	0.7069113	0.644988	-0.6782151	-0.6161049	0.5991691	0.6280475	-0.586792	0.72019356	0.6682937	0.53712577	0.49258912	0.6788637	0.5169138	-0.6652757	-0.6529215	0.6717463	0.7157995	-0.65728205	0.6709474	-0.703659	0.62173843	0.72992676	-0.6286571	0.6462615	-0.64970785
-0.58755195	-0.55365175	-0.5404575	0.6035023	-0.5302941	-0.52977526	0.5815798	0.49187103	0.6105385	0.53247917	-0.5891313	-0.5502388	-0.52446204	0.5355634	-0.60839957	-0.61133707	0.5176155	0.54125756	-0.53760654	-0.5475424	-0.5902617	-0.6113329	0.60319126	0.57324034	0.5366926	0.5448891	-0.53034705	-0.52662164	0.5858599	0.54605794	-0.58749044	0.61319673	-0.58587503	-0.5568325	0.5289597	-0.6013383	-0.510188	0.58041877	-0.5730104	0.54840976	0.53313786	-0.5394546	-0.6021853	-0.56732464	-0.5792408	0.55849653	-0.5706182	-0.5445858	0.5999557	0.5039048	-0.55102926	-0.51938725	-0.5425693	-0.6007768	-0.52565664	-0.61034065	0.5483458	-0.56325984	-0.51533	-0.5431424	-0.59965175	0.5210721	0.5083103	-0.5765042	0.54082096	0.5663629	-0.5068592	0.53290665	0.5368195	-0.60237956	0.547423	0.58007926	-0.5450061	-0.5616805	0.5788618	0.50592005	0.49859446	-0.54161173	-0.54032457	0.5457624	0.5289289	-0.5001842	0.58820176	0.58721757	0.5518519	0.5759373	0.57754076	0.55698395	-0.5914296	-0.5182404	0.5946029	0.54528725	-0.6156925	0.54995555	-0.5673625	0.52396166	0.5542113	-0.49197984	0.56476283	-0.56801367
-0.18668298	-0.19799075	-0.14748567	0.164731	-0.12901889	-0.12242036	0.19395326	0.14488782	0.12293838	0.123273425	-0.15358244	-0.20466904	-0.19260946	0.11367777	-0.12899505	-0.13298889	0.20656535	0.16099524	-0.19342105	-0.17888978	-0.14335267	-0.14938472	0.18238904	0.14813848	0.15024549	0.21349443	-0.13936482	-0.18022364	0.20423876	0.16816418	-0.1456618	0.115802936	-0.16287608	-0.15737593	0.16900516	-0.19519217	-0.15316226	0.19655293	-0.16853158	0.16297145	0.2053127	-0.12703818	-0.16365866	-0.14878705	-0.1791218	0.13309437	-0.15861206	-0.1041039	0.2115674	0.18316756	-0.10370642	-0.14109963	-0.17459524	-0.118555285	-0.15965582	-0.19688958	0.11435548	-0.14802158	-0.18423194	-0.19877154	-0.17669654	0.1873474	0.18334109	-0.21316642	0.1733319	0.16102828	-0.1856096	0.15144062	0.19771208	-0.13612776	0.19146931	0.17582639	-0.16895777	-0.17218195	0.18820103	0.11132864	0.11162888	-0.15834354	-0.066763446	0.19633451	0.13899632	-0.15983872	0.1938059	0.096129954	0.1352788	0.12388754	0.17219296	0.12997489	-0.1292453	-0.12775895	0.13488716	0.17013045	-0.13247392	0.14589562	-0.14200908	0.11844381	0.14610666	-0.20792127	0.1632521	-0.189922
-0.20176764	-0.2717659	-0.2484221	0.27998525	-0.2555024	-0.19371054	0.22094351	0.26330832	0.22908089	0.28707248	-0.24834698	-0.23901375	-0.19604708	0.21830748	-0.26326576	-0.18677765	0.23419939	0.24674763	-0.25334674	-0.20524631	-0.27414647	-0.18621224	0.20570458	0.2621905	0.24576882	0.24034616	-0.22005008	-0.22397287	0.2583715	0.24991272	-0.19313149	0.28355092	-0.2313895	-0.19423755	0.22893533	-0.20926645	-0.23852481	0.22562891	-0.2642955	0.18940558	0.2743196	-0.22562888	-0.23533936	-0.27564448	-0.20583604	0.21718986	-0.2359509	-0.19711387	0.23302983	0.2018798	-0.2454405	-0.23541512	-0.18845156	-0.25653508	-0.26324436	-0.23385291	0.21671091	-0.25425833	-0.28691325	-0.23885553	-0.28426498	0.23990664	0.21201478	-0.26621282	0.22494309	0.21278617	-0.24648179	0.23156086	0.19214548	-0.22622737	0.22651298	0.27987143	-0.1987262	-0.23355806	0.26883695	0.21933281	0.23169838	-0.21737279	-0.24431014	0.23752566	0.20018286	-0.28098655	0.20464858	0.24848998	0.275651	0.21620458	0.28101638	0.27170333	-0.26025692	-0.21602009	0.21404375	0.28040385	-0.19763988	0.20953064	-0.26216066	0.2153356	0.19772069	-0.22484365	0.1900713	-0.23194268
-0.64457077	-0.66151756	-0.6487179	0.6579086	-0.65918374	-0.61345804	0.5811934	0.5667497	0.6218997	0.59160775	-0.6051086	-0.626356	-0.65554243	0.6021079	-0.65532786	-0.58298355	0.6631374	0.6001583	-0.60030216	-0.6405848	-0.6152813	-0.58720136	0.6181441	0.58517236	0.5919896	0.66953516	-0.58660823	-0.59870315	0.6635955	0.63370496	-0.6428271	0.6232861	-0.6493754	-0.63293463	0.6654963	-0.5935382	-0.54518825	0.6560449	-0.6270789	0.6677485	0.6315992	-0.64800316	-0.6663543	-0.6606621	-0.5809593	0.65337616	-0.6284687	-0.65131694	0.5877758	0.64690953	-0.5794346	-0.6403874	-0.6260608	-0.6553472	-0.6169548	-0.59087276	0.6729445	-0.6642487	-0.6566852	-0.64809763	-0.6543296	0.6391467	0.61535925	-0.5963596	0.6509267	0.59218925	-0.61781466	0.5823985	0.61297196	-0.61328495	0.6633778	0.66621506	-0.61207694	-0.6356091	0.6306648	0.5850717	0.58277977	-0.5904078	-0.60401845	0.54539543	0.6012186	-0.6538449	0.6223179	0.5876435	0.56360185	0.61386913	0.59654045	0.5794457	-0.6007384	-0.6195716	0.6506139	0.58812493	-0.6663413	0.6451348	-0.6473077	0.5859049	0.60731274	-0.5581118	0.6465377	-0.609114
-0.17936829	-0.19528124	-0.115094885	0.22135226	-0.13400993	-0.16459446	0.11481729	0.1086801	0.13282095	0.19881414	-0.17702833	-0.16340488	-0.23005386	0.1600412	-0.18765981	-0.14534025	0.21529125	0.18370113	-0.14157626	-0.1275001	-0.13822778	-0.1637238	0.12274715	0.14470634	0.13918766	0.14103705	-0.13441116	-0.115299426	0.2163993	0.16288173	-0.13038988	0.20914735	-0.14090243	-0.16418861	0.16599035	-0.17457442	-0.17330167	0.19727504	-0.17121911	0.15718693	0.22559227	-0.16674621	-0.19264884	-0.20744953	-0.18911006	0.22690228	-0.13776387	-0.20736668	0.22535795	0.13510713	-0.17931399	-0.14984703	-0.14742091	-0.19271189	-0.14984587	-0.2300484	0.13152812	-0.15699498	-0.21455936	-0.20516728	-0.156204	0.18963832	0.18571751	-0.16203797	0.19994733	0.21127024	-0.19493867	0.102985024	0.15472959	-0.13754871	0.19368373	0.12711959	-0.16020292	-0.13007316	0.12821198	0.119964555	0.16705982	-0.20770164	-0.11500864	0.13003935	0.11853416	-0.12324009	0.2161128	0.17514327	0.17990102	0.19088168	0.12878796	0.14778511	-0.19597495	-0.16799061	0.13466758	0.11545096	-0.21025513	0.14818683	-0.18339191	0.16084622	0.14380056	-0.1120178	0.12166533	-0.14942816
-0.4741237	-0.5345429	-0.54827756	0.5643172	-0.47618848	-0.5958153	0.51554996	0.51038176	0.5692316	0.5388025	-0.5110469	-0.57560647	-0.5833561	0.531421	-0.5092673	-0.543293	0.5396442	0.48026022	-0.58927727	-0.58465755	-0.58447987	-0.52322936	0.52654845	0.56975484	0.5437849	0.49511215	-0.5291259	-0.55055666	0.583234	0.5721829	-0.5781795	0.62513477	-0.58769286	-0.4850566	0.6022407	-0.6026953	-0.4445898	0.53307486	-0.54784113	0.4923315	0.6212077	-0.5610124	-0.5563911	-0.5808206	-0.55157745	0.6060175	-0.44206038	-0.5009789	0.5879813	0.51337945	-0.4531177	-0.5843991	-0.54269874	-0.5260047	-0.5638858	-0.5890559	0.56394494	-0.5363328	-0.54443717	-0.51580006	-0.57529235	0.5380335	0.53792834	-0.58245903	0.52796185	0.53182065	-0.5405468	0.5111968	0.61557996	-0.53915554	0.55711657	0.569421	-0.55519605	-0.50740534	0.5726262	0.5369911	0.5145638	-0.5841065	-0.47421512	0.44719324	0.5235707	-0.5100158	0.58540565	0.57553774	0.4189167	0.5359829	0.5306184	0.510502	-0.550581	-0.50638086	0.60086244	0.5475111	-0.6103717	0.5260374	-0.5552051	0.58787787	0.58692753	-0.41203964	0.5667064	-0.57926506
-0.26603186	-0.28365836	-0.31322426	0.30209446	-0.27346078	-0.28770754	0.3000151	0.30677113	0.27597392	0.30493936	-0.34220874	-0.2836224	-0.3410197	0.30644414	-0.32521802	-0.34130397	0.36161038	0.34817767	-0.34724346	-0.2848107	-0.3437941	-0.26428503	0.288286	0.28892604	0.34613043	0.34467104	-0.28834713	-0.30477482	0.3476591	0.29543316	-0.3058253	0.35484996	-0.35605448	-0.3461474	0.34470016	-0.3106987	-0.29580992	0.32327554	-0.3305135	0.30474994	0.35168287	-0.29778856	-0.27804446	-0.2808717	-0.34849775	0.35191774	-0.3219494	-0.27651855	0.36264518	0.3007594	-0.3504503	-0.33725005	-0.35297272	-0.27780527	-0.3097669	-0.27806583	0.3090359	-0.35695538	-0.2920095	-0.3159342	-0.2948888	0.3490283	0.29016036	-0.2699563	0.35844207	0.26398262	-0.27719226	0.32627663	0.32395536	-0.29645687	0.30214816	0.30304915	-0.31224957	-0.28563288	0.3159921	0.28221565	0.3380636	-0.2948754	-0.34631652	0.27985787	0.2923132	-0.3096342	0.3428311	0.27724412	0.3488045	0.31527588	0.26679915	0.3129685	-0.29622278	-0.33100984	0.28904516	0.36452007	-0.3296144	0.34586507	-0.31342033	0.34770852	0.2689556	-0.30594692	0.2966953	-0.33556938
-0.4482909	-0.48462355	-0.49496537	0.49565786	-0.5492525	-0.5234626	0.4440056	0.50009906	0.5462457	0.5015507	-0.51473165	-0.510968	-0.5310848	0.49989092	-0.50530607	-0.57025534	0.53648996	0.5169309	-0.5386682	-0.48179334	-0.50843143	-0.53332156	0.5521634	0.5565627	0.5523448	0.52182704	-0.49392298	-0.5097678	0.48801926	0.48749536	-0.49744412	0.51590306	-0.5004721	-0.43929335	0.49701288	-0.5021338	-0.5175033	0.5474536	-0.47689167	0.46529528	0.5714044	-0.5101565	-0.5656663	-0.52884346	-0.485255	0.5241129	-0.52364284	-0.48324162	0.5727345	0.55940026	-0.45254818	-0.56044525	-0.5266659	-0.5014494	-0.5107161	-0.504638	0.5249098	-0.5058701	-0.57353073	-0.5144255	-0.56309426	0.46217924	0.48934492	-0.518424	0.4859882	0.5482602	-0.53493273	0.5034184	0.57606006	-0.5383568	0.5002082	0.5725527	-0.51272535	-0.5098106	0.51770216	0.468259	0.54714924	-0.5215451	-0.5075335	0.41625127	0.5282689	-0.44944647	0.50596744	0.5515772	0.5065871	0.5492398	0.49241066	0.49341172	-0.51361156	-0.5306568	0.5133865	0.49670655	-0.48641196	0.5495337	-0.5388667	0.5275988	0.5614243	-0.49155527	0.53412175	-0.5654143
-0.61106175	-0.69492555	-0.6956652	0.75961816	-0.6352647	-0.7761433	0.6893743	0.58183086	0.7231123	0.7128434	-0.71323526	-0.76480645	-0.78809226	0.6921807	-0.7046712	-0.77633554	0.71008676	0.6030658	-0.72302794	-0.71342474	-0.7726071	-0.6495344	0.7119074	0.680138	0.7862408	0.69352937	-0.732293	-0.6532314	0.7917368	0.744147	-0.69557494	0.7248728	-0.6816492	-0.56805617	0.68688244	-0.7894155	-0.6124681	0.7104023	-0.6193671	0.6117933	0.7271084	-0.7398073	-0.7188267	-0.6783741	-0.7038168	0.72953063	-0.635718	-0.6540003	0.7271769	0.6904941	-0.52131337	-0.73208976	-0.59741014	-0.69644797	-0.6901842	-0.70973814	0.77074605	-0.7372535	-0.687482	-0.66925657	-0.69913083	0.66811186	0.5864613	-0.73105913	0.76084775	0.67591214	-0.56117356	0.5908476	0.7663872	-0.7655444	0.6962806	0.6808033	-0.69035846	-0.7433386	0.7049759	0.66658795	0.71825844	-0.7592506	-0.6456634	0.47225517	0.6565541	-0.5278239	0.67432237	0.68820333	0.54355854	0.60989773	0.7457944	0.63997185	-0.74443585	-0.7440992	0.7053202	0.73091096	-0.6760514	0.745097	-0.67848533	0.71667606	0.7079575	-0.49118698	0.69487107	-0.7183305
-0.6045313	-0.8679142	-0.79979694	0.8244704	-0.80728894	-0.75706834	0.77774817	0.69164276	0.72901005	0.7781183	-0.8334987	-0.8066255	-0.8743746	0.79000133	-0.77770525	-0.8925036	0.7795647	0.7957671	-0.7849418	-0.8644703	-0.83449155	-0.82429844	0.7935566	0.82346296	0.7436241	0.72061855	-0.754294	-0.7827203	0.84356636	0.86945504	-0.77442956	0.8607122	-0.8891919	-0.7176134	0.8204001	-0.80055225	-0.7540945	0.81580585	-0.73062843	0.78267366	0.83671063	-0.8212988	-0.8025207	-0.79579806	-0.816359	0.76325315	-0.7343562	-0.76491135	0.86030805	0.7952019	-0.6906085	-0.834643	-0.74077344	-0.78589857	-0.82187164	-0.89163536	0.775757	-0.8002036	-0.76969725	-0.7819139	-0.7922583	0.8428542	0.7180669	-0.7931097	0.7861842	0.86919373	-0.65343076	0.6660657	0.8095724	-0.85098374	0.7903486	0.79721355	-0.8217291	-0.7362617	0.7469565	0.7743992	0.7236007	-0.79159194	-0.7307544	0.64091176	0.7053356	-0.76561224	0.810652	0.73484594	0.74233526	0.74697256	0.8076994	0.7588069	-0.7923141	-0.82598984	0.765116	0.7494946	-0.8158256	0.8863799	-0.75818443	0.78146815	0.8693609	-0.6394576	0.8381922	-0.81737316
-0.43496495	-0.44641176	-0.4834546	0.49069172	-0.45014817	-0.5067305	0.4926295	0.40609625	0.44498536	0.43984422	-0.42615974	-0.46237725	-0.4995892	0.49379158	-0.48085356	-0.5180376	0.52109224	0.4355498	-0.49906498	-0.4869254	-0.42293438	-0.42904785	0.43488654	0.4514601	0.5009385	0.5040742	-0.47759885	-0.46906328	0.43281195	0.5009141	-0.44243526	0.46623337	-0.5090998	-0.3802122	0.4726459	-0.46876097	-0.4056789	0.4457832	-0.42475396	0.4484476	0.43069926	-0.43850812	-0.51380277	-0.48914534	-0.4242171	0.5063523	-0.43690002	-0.43529212	0.4745219	0.46498692	-0.42721397	-0.4669792	-0.37484318	-0.46245065	-0.48045787	-0.46454653	0.4174505	-0.51726466	-0.506811	-0.47944003	-0.5009624	0.49213564	0.42615792	-0.45455825	0.4552731	0.48323795	-0.39902374	0.41716382	0.46782774	-0.42044502	0.4925603	0.49138868	-0.49774963	-0.5121124	0.4321307	0.42649963	0.47112152	-0.41690007	-0.44540372	0.4039032	0.42412388	-0.45192412	0.42792642	0.43077844	0.39931548	0.4809873	0.4676419	0.46417987	-0.4327692	-0.48733357	0.49622864	0.4205666	-0.50241673	0.480573	-0.49886066	0.4569925	0.5051137	-0.35002106	0.4857537	-0.4946675
-0.53198963	-0.62176144	-0.5842264	0.6584128	-0.6808265	-0.7014289	0.5916734	0.58654004	0.6636602	0.66309094	-0.7049998	-0.6622555	-0.6449854	0.58997625	-0.7216947	-0.6421857	0.6642364	0.6273653	-0.6351523	-0.6879507	-0.63977116	-0.6216487	0.6944165	0.6759473	0.6747344	0.61753124	-0.6208937	-0.64587456	0.7158699	0.6546459	-0.68330115	0.7006709	-0.6228451	-0.51770574	0.6814846	-0.6745294	-0.5768437	0.6537421	-0.58122957	0.5973721	0.6533042	-0.6949141	-0.6605469	-0.6788441	-0.66070056	0.70255256	-0.57140785	-0.6621061	0.67058253	0.6554821	-0.543837	-0.64871514	-0.6176717	-0.6707474	-0.68587565	-0.661299	0.7009218	-0.65656793	-0.63507104	-0.6414567	-0.6458963	0.6423218	0.6030154	-0.69304067	0.67020726	0.6307311	-0.57590914	0.6052824	0.67623156	-0.71070284	0.56886053	0.651582	-0.65093017	-0.6255172	0.62344885	0.60047454	0.6427274	-0.61938983	-0.6899858	0.55576354	0.55920154	-0.5355636	0.6694	0.60313416	0.4866339	0.5888039	0.61230826	0.5710815	-0.6968129	-0.70760024	0.65554583	0.676492	-0.6518574	0.6876626	-0.63978475	0.6454118	0.68006784	-0.5333744	0.6935249	-0.67083585
-0.60181415	-0.72428703	-0.6314532	0.7068454	-0.6677023	-0.6824874	0.6227756	0.5990202	0.6560511	0.7118415	-0.6562842	-0.68316823	-0.686845	0.63090503	-0.71618396	-0.77622384	0.70237964	0.668379	-0.6824003	-0.66700125	-0.764792	-0.7233972	0.6821474	0.69538915	0.74813896	0.7294099	-0.705367	-0.63838077	0.771697	0.6769448	-0.7001664	0.7607899	-0.7416929	-0.6588611	0.71192104	-0.7029113	-0.5659151	0.67998177	-0.65381294	0.68224424	0.7777618	-0.66374165	-0.7458072	-0.68880016	-0.64962196	0.69127965	-0.64002275	-0.7136452	0.7434107	0.66392213	-0.5680851	-0.70650536	-0.66100127	-0.67542374	-0.71151066	-0.7197694	0.7269798	-0.7044118	-0.69337684	-0.67374974	-0.74069625	0.6786499	0.6018294	-0.7046465	0.67689115	0.7539391	-0.63784146	0.63381153	0.7155065	-0.68383837	0.64225954	0.668927	-0.70115757	-0.72124296	0.67618996	0.6742698	0.63580376	-0.71182346	-0.59460354	0.5400911	0.6287368	-0.6548309	0.67106414	0.65652716	0.629877	0.65112686	0.6767867	0.6751348	-0.66353416	-0.6413356	0.6592585	0.6943426	-0.72974646	0.668778	-0.66903245	0.6444582	0.76415735	-0.5208104	0.6794227	-0.77991444
-0.47268215	-0.53930163	-0.5027377	0.46603352	-0.49544984	-0.40736043	0.4966437	0.50647783	0.47995698	0.46633145	-0.52955073	-0.4495033	-0.51546603	0.5137644	-0.51932454	-0.5527238	0.5005397	0.52741003	-0.4774864	-0.49433917	-0.56310236	-0.5022443	0.5535914	0.51854855	0.53935707	0.50528336	-0.5091226	-0.47136322	0.51224536	0.53793055	-0.46615592	0.53780085	-0.5389093	-0.51099795	0.52351195	-0.49477908	-0.5282009	0.56603444	-0.45142874	0.5355431	0.4620098	-0.46547738	-0.5255951	-0.529057	-0.52095973	0.5410353	-0.45078406	-0.5673366	0.49887854	0.49015436	-0.4499369	-0.5131485	-0.515515	-0.54303086	-0.5304	-0.549488	0.5143709	-0.5036992	-0.48345435	-0.52175236	-0.5150148	0.54694974	0.4632588	-0.5526766	0.49369472	0.55670536	-0.47247115	0.56804544	0.47383645	-0.52915007	0.4536212	0.49486244	-0.542748	-0.53556335	0.52985907	0.49436313	0.4693389	-0.5484561	-0.4858256	0.4643329	0.50219965	-0.52038586	0.46964234	0.54795086	0.4739115	0.5686066	0.48679507	0.5401085	-0.45515853	-0.48765483	0.45833093	0.47115377	-0.52273816	0.48854452	-0.47378436	0.5270179	0.5502728	-0.5070049	0.53522354	-0.48007727
-0.5591771	-0.5290126	-0.5009329	0.4745574	-0.4916773	-0.47210753	0.515169	0.4728227	0.52556163	0.46944246	-0.4703166	-0.4587501	-0.453755	0.44944727	-0.48025012	-0.47193658	0.5071546	0.54431075	-0.5005526	-0.52506316	-0.5385702	-0.5355285	0.51913637	0.4591847	0.47678715	0.5391898	-0.49764007	-0.46806	0.4682583	0.49696705	-0.47566298	0.505687	-0.54592955	-0.5381715	0.4847647	-0.46617493	-0.49813375	0.5018044	-0.47183627	0.5163057	0.47197258	-0.46798715	-0.45996475	-0.52314556	-0.51391727	0.5351675	-0.4821743	-0.51425666	0.52595395	0.44696483	-0.47025397	-0.4707645	-0.49711072	-0.46163675	-0.48341483	-0.5273546	0.45645368	-0.48411113	-0.4945255	-0.47555852	-0.49167675	0.5262434	0.49356818	-0.4650469	0.4580633	0.52501	-0.5089005	0.48997894	0.5157219	-0.518254	0.52787656	0.46343005	-0.50879437	-0.52240455	0.5393982	0.49779624	0.47411197	-0.4720371	-0.50133806	0.50386304	0.5472826	-0.5275794	0.46186516	0.51486284	0.4520749	0.4929458	0.5023942	0.5119443	-0.45731413	-0.48223743	0.54421014	0.5112449	-0.4749889	0.4069051	-0.5157603	0.48027658	0.49772537	-0.44935545	0.48338538	-0.5415013
-0.18773511	-0.2001951	-0.18434234	0.2158577	-0.13327679	-0.21767181	0.15629236	0.16565846	0.14696364	0.20064723	-0.16911195	-0.13085765	-0.22862531	0.20019697	-0.22103022	-0.15135895	0.15873301	0.13300276	-0.1466898	-0.14064237	-0.13597226	-0.1492857	0.2069995	0.13592422	0.17140651	0.17315382	-0.20216858	-0.2008303	0.17867823	0.15577547	-0.21701248	0.14849804	-0.15476839	-0.13944617	0.16762473	-0.15678295	-0.17915	0.1509239	-0.197402	0.13875943	0.21135439	-0.21170734	-0.16781305	-0.19389503	-0.19867095	0.17793767	-0.16826202	-0.17408846	0.1803425	0.21602798	-0.21685232	-0.19370672	-0.17869201	-0.20362014	-0.20371519	-0.17942609	0.1949915	-0.1845087	-0.12824437	-0.16913153	-0.13320018	0.14874782	0.20288219	-0.15436307	0.20944074	0.14796036	-0.1741981	0.18250658	0.22499472	-0.21964052	0.1809482	0.22811322	-0.22617906	-0.195512	0.21487129	0.13250187	0.17348415	-0.19938159	-0.13434795	0.16243581	0.15136862	-0.2181115	0.15619113	0.18652418	0.12336889	0.13116844	0.18619306	0.15400286	-0.21457657	-0.1274517	0.17465729	0.17918698	-0.1815839	0.16305663	-0.13281634	0.14617895	0.15186106	-0.18511172	0.15223622	-0.14883828
-0.5586743	-0.62870234	-0.63915056	0.67955333	-0.60965526	-0.68833154	0.5856109	0.5860927	0.62611926	0.6122821	-0.6640874	-0.6248663	-0.6148114	0.5686684	-0.6102237	-0.6265239	0.61930734	0.59921247	-0.601118	-0.60925835	-0.6605993	-0.6583617	0.650026	0.6513593	0.65406746	0.60263777	-0.6085276	-0.56061727	0.6699721	0.60344404	-0.62792546	0.6355612	-0.64913756	-0.51890963	0.64114285	-0.68364483	-0.5459776	0.6384503	-0.57046705	0.5424923	0.631809	-0.58742017	-0.6695007	-0.6205591	-0.647211	0.69571286	-0.50715864	-0.60356474	0.7124764	0.64252514	-0.46261677	-0.6713922	-0.5866921	-0.6394404	-0.6576961	-0.62436235	0.64005756	-0.637159	-0.6010267	-0.57285863	-0.62555623	0.55658984	0.57308865	-0.6286672	0.6376722	0.6797794	-0.51350564	0.60902435	0.6160709	-0.6794605	0.61581725	0.65659285	-0.6312402	-0.61215633	0.65261704	0.55694807	0.63607174	-0.6628439	-0.6092295	0.47279587	0.62333447	-0.5659014	0.630846	0.6380564	0.4763804	0.5719626	0.65553176	0.63515645	-0.59194326	-0.5758455	0.6110275	0.5523443	-0.6420577	0.6155242	-0.6192014	0.581666	0.61481833	-0.48376885	0.6390412	-0.6768853
-0.38497958	-0.5455442	-0.5301329	0.5071835	-0.53609395	-0.4733059	0.47573936	0.5053277	0.45554638	0.49327302	-0.49915442	-0.48518863	-0.5452908	0.54207164	-0.50105804	-0.5444081	0.5256493	0.45771444	-0.50423414	-0.5020589	-0.535082	-0.5421244	0.5063964	0.4530564	0.49894884	0.4818695	-0.5225833	-0.45312566	0.5175404	0.5409301	-0.48455155	0.47214928	-0.4595947	-0.4466587	0.5317566	-0.5375263	-0.5075529	0.46682042	-0.44878972	0.53050035	0.46507943	-0.44231722	-0.5407513	-0.51725096	-0.4850944	0.44729924	-0.5209238	-0.53950655	0.5195181	0.43452573	-0.42553374	-0.47446218	-0.47401124	-0.50121146	-0.53974193	-0.49210763	0.53883266	-0.49220803	-0.48195627	-0.4201864	-0.48568448	0.5307758	0.48332196	-0.5003946	0.47760782	0.5509043	-0.4698449	0.4012941	0.4803215	-0.5059647	0.45385423	0.510783	-0.5129037	-0.4844584	0.47783718	0.54338026	0.5077635	-0.52340466	-0.502448	0.50264513	0.45673975	-0.4798265	0.46529257	0.4967592	0.4272466	0.43771195	0.45484018	0.43797037	-0.44999358	-0.46477523	0.48641333	0.5054772	-0.54555714	0.4718079	-0.49207112	0.49497733	0.48911703	-0.4392798	0.5283946	-0.47152454
-0.3343997	-0.4576276	-0.42130905	0.41160494	-0.42769483	-0.47026968	0.43492094	0.36479947	0.45661503	0.5220471	-0.521622	-0.48018563	-0.49856794	0.49003908	-0.46095324	-0.42652187	0.49268538	0.41002345	-0.52491724	-0.4798811	-0.4861352	-0.39682987	0.51181	0.4769828	0.53282785	0.36891332	-0.42478162	-0.4612132	0.46795535	0.50536484	-0.4150758	0.4774997	-0.41426042	-0.46478492	0.42477348	-0.45330837	-0.38733837	0.32682198	-0.40364695	0.39127412	0.45165965	-0.5150672	-0.5106671	-0.45159584	-0.48602346	0.5040861	-0.44752836	-0.41232833	0.5052048	0.47869435	-0.32023013	-0.45489743	-0.4555546	-0.42546123	-0.45362487	-0.446012	0.4715757	-0.46887723	-0.5334432	-0.4254671	-0.46041632	0.48438096	0.35304433	-0.4624943	0.47563824	0.49446905	-0.32490164	0.35341147	0.4855126	-0.51697063	0.40813234	0.42887017	-0.5058818	-0.48612198	0.44863644	0.42324942	0.4883109	-0.43090713	-0.5522627	0.4411861	0.38077667	-0.38152105	0.38904297	0.37573862	0.30551404	0.37285617	0.4166742	0.421735	-0.53188264	-0.5053379	0.47422135	0.51011944	-0.46997014	0.3998763	-0.43095803	0.4398715	0.47816023	-0.45760477	0.40647948	-0.49633193
-0.24789172	-0.24667196	-0.25577715	0.24044517	-0.18521205	-0.23547995	0.26012328	0.17103933	0.26430514	0.21843216	-0.213064	-0.26091257	-0.2662401	0.22834843	-0.23822354	-0.29170534	0.20630828	0.208934	-0.20479046	-0.19958235	-0.24114694	-0.21752161	0.25215775	0.2349029	0.19460471	0.22298206	-0.25354588	-0.19869903	0.22629112	0.19712977	-0.23350988	0.26975822	-0.21544968	-0.2687595	0.20764506	-0.27356568	-0.24166515	0.26173663	-0.2114178	0.2160674	0.2513969	-0.23041007	-0.21412618	-0.25036368	-0.27035984	0.25510997	-0.23925854	-0.19431974	0.25969622	0.23363543	-0.23222817	-0.28875864	-0.2583434	-0.22839755	-0.26335075	-0.20230155	0.23620257	-0.20388359	-0.21355514	-0.18546899	-0.23248442	0.24165525	0.25630873	-0.29323816	0.25779524	0.25388828	-0.21761149	0.26575282	0.2144	-0.26339126	0.27085298	0.2810512	-0.2730426	-0.24642956	0.27395955	0.28305057	0.24935089	-0.20533937	-0.22998933	0.22139874	0.20400086	-0.24397208	0.24475902	0.17579964	0.23446637	0.20656615	0.1904907	0.2510036	-0.23672198	-0.2797036	0.21830314	0.22158311	-0.23539765	0.27620834	-0.242796	0.23703822	0.25196636	-0.1798333	0.2586091	-0.2759593
-0.46730572	-0.70549977	-0.6579604	0.7247372	-0.7254175	-0.76322925	0.6819408	0.54432344	0.6368086	0.7286797	-0.742926	-0.8151349	-0.7984764	0.6806213	-0.7389521	-0.8273116	0.78989595	0.6378958	-0.77853686	-0.76050144	-0.7552251	-0.67393917	0.7181864	0.76426303	0.8145522	0.6674684	-0.6730759	-0.67934734	0.769056	0.7050833	-0.6904034	0.74436516	-0.701199	-0.6339722	0.7352789	-0.74684167	-0.59704226	0.6595585	-0.6852891	0.7024365	0.78928024	-0.7240151	-0.801279	-0.68557304	-0.7072181	0.7609543	-0.7002456	-0.70205706	0.77202994	0.7947384	-0.5364874	-0.7782005	-0.7042085	-0.7611974	-0.7559359	-0.7538056	0.7206614	-0.768333	-0.7732937	-0.58825266	-0.69221765	0.6870794	0.57104236	-0.8217241	0.755802	0.7738318	-0.53345174	0.56194484	0.80370545	-0.8074507	0.6859982	0.7887814	-0.7882874	-0.73143965	0.74478394	0.6859772	0.72347564	-0.7566582	-0.73088396	0.6767371	0.53679055	-0.5531048	0.7017154	0.734638	0.56438816	0.4809345	0.77294284	0.56268096	-0.80226827	-0.71862686	0.742025	0.7002299	-0.6940263	0.7579143	-0.71158695	0.607079	0.73935115	-0.61047554	0.7020756	-0.82739234
-0.21818914	-0.16539183	-0.1950191	0.21254016	-0.19709566	-0.19479729	0.19269328	0.1374819	0.18420614	0.17926699	-0.18262483	-0.22289799	-0.17411372	0.16465013	-0.21652155	-0.14414844	0.18628712	0.15473782	-0.2180688	-0.2209711	-0.14428681	-0.20903058	0.17347065	0.16333838	0.20992458	0.12995118	-0.16798228	-0.14922924	0.15972872	0.16718435	-0.20985655	0.20845445	-0.15394941	-0.12192435	0.19310762	-0.13831626	-0.15498787	0.15876804	-0.16456328	0.1632923	0.1391411	-0.18190517	-0.1912004	-0.22725429	-0.17946436	0.15290815	-0.20179684	-0.214758	0.19440457	0.15232337	-0.20402606	-0.22046351	-0.13632017	-0.21085171	-0.1825577	-0.22750635	0.15488636	-0.1362215	-0.16161339	-0.20176393	-0.15183531	0.17900807	0.18924835	-0.21497618	0.17681167	0.17695992	-0.13263302	0.22348328	0.19046423	-0.13101271	0.19260253	0.1624492	-0.18499316	-0.20198731	0.20850119	0.22660637	0.17100543	-0.22658902	-0.19308832	0.17801547	0.20038192	-0.16698387	0.1563978	0.1847613	0.16048092	0.1478977	0.22814198	0.13906561	-0.22481045	-0.20072219	0.16205274	0.14848074	-0.21641319	0.21722917	-0.14022036	0.15820584	0.14144497	-0.13034402	0.18819904	-0.18816632
-0.2733904	-0.28158364	-0.27965307	0.31210563	-0.2321923	-0.28800365	0.2752964	0.22596094	0.21259214	0.2824989	-0.23086548	-0.30751976	-0.2668053	0.27079272	-0.24010557	-0.26453	0.21397933	0.21522097	-0.27359328	-0.24862422	-0.23352864	-0.2902909	0.22001404	0.2708221	0.3069135	0.29885224	-0.21299815	-0.30161032	0.21165133	0.24388456	-0.28846022	0.22968093	-0.21484692	-0.23837513	0.22562407	-0.21375893	-0.27385932	0.22359177	-0.24891776	0.30101687	0.2836215	-0.22199452	-0.258598	-0.2098689	-0.24997686	0.30815744	-0.24938823	-0.29424483	0.24229291	0.26259243	-0.2744894	-0.29183468	-0.25607717	-0.24437594	-0.24494855	-0.29802492	0.2217533	-0.23383981	-0.22322719	-0.22314578	-0.293492	0.26846236	0.3128675	-0.26911277	0.22016086	0.27244982	-0.27015886	0.23679551	0.22031935	-0.2960736	0.26801026	0.21852557	-0.2941132	-0.27842838	0.2360785	0.25175497	0.2759631	-0.26248935	-0.25608572	0.29947123	0.29380816	-0.2951942	0.2899137	0.3077855	0.28752792	0.29677004	0.2731568	0.24628037	-0.26708877	-0.3066733	0.30857888	0.22387515	-0.23047061	0.27181372	-0.28583086	0.27545992	0.21933588	-0.29694712	0.22177602	-0.2616109
-0.49624258	-0.56663066	-0.54982406	0.49083233	-0.52532053	-0.5107107	0.48010114	0.46339646	0.5524502	0.5269903	-0.5511226	-0.4970187	-0.4863964	0.47269854	-0.498965	-0.529137	0.50164855	0.47398493	-0.54718053	-0.49350953	-0.5431727	-0.5350717	0.49771407	0.5058083	0.4929735	0.53579843	-0.53868484	-0.5502686	0.5575773	0.5741803	-0.4754638	0.5747517	-0.56077695	-0.49319848	0.51128983	-0.5458461	-0.49899003	0.47044358	-0.5038077	0.48023003	0.5287921	-0.5047227	-0.4843041	-0.48430932	-0.50407696	0.56145364	-0.5486029	-0.5228676	0.5067948	0.4978267	-0.50722486	-0.48953953	-0.5239404	-0.4902247	-0.49080405	-0.51482767	0.51060176	-0.49693537	-0.5493608	-0.46784562	-0.54436	0.49718046	0.48534375	-0.48565215	0.4889802	0.54097486	-0.44088683	0.45957762	0.548671	-0.48624524	0.5416716	0.5388344	-0.49637276	-0.5466198	0.4921235	0.53097767	0.46950844	-0.5394267	-0.55211186	0.4802607	0.53511333	-0.5124052	0.5547408	0.53988904	0.4656867	0.54298025	0.529676	0.45004043	-0.48488614	-0.5342907	0.5005843	0.47515336	-0.49800777	0.5395362	-0.5364461	0.5260977	0.578688	-0.4860991	0.4615201	-0.58298755
-0.43853915	-0.47918013	-0.48760834	0.49015784	-0.44410565	-0.37282318	0.40475026	0.4558925	0.45803177	0.40325403	-0.41988325	-0.47022608	-0.47141895	0.45852616	-0.44227216	-0.44493333	0.4602294	0.47998768	-0.43772823	-0.48433575	-0.48557392	-0.5017722	0.4681137	0.4524106	0.3821376	0.47783503	-0.4911206	-0.4864199	0.41769525	0.46017793	-0.43943995	0.45100254	-0.5043506	-0.3874075	0.42194647	-0.4185172	-0.36016074	0.5024245	-0.4249048	0.4061687	0.41326803	-0.48018223	-0.39596215	-0.48305604	-0.43717554	0.47933084	-0.44588315	-0.46462134	0.4361764	0.39487514	-0.4298041	-0.41092244	-0.37536716	-0.45764932	-0.41512445	-0.4946922	0.47711426	-0.40014845	-0.4342329	-0.42507368	-0.4960778	0.45597994	0.4607671	-0.47398555	0.49483198	0.46338862	-0.4885027	0.4495735	0.43179378	-0.46100998	0.41385537	0.50262654	-0.4131599	-0.4727738	0.43944162	0.4717333	0.47706822	-0.4491706	-0.39023805	0.3650861	0.46543467	-0.35502547	0.435109	0.4580695	0.3702409	0.44598186	0.42064974	0.41573244	-0.4562478	-0.47320664	0.4552417	0.42568702	-0.5059765	0.48322782	-0.47678506	0.43718216	0.49877334	-0.3649619	0.41443112	-0.41147417
-0.5011098	-0.53774506	-0.49780646	0.51948047	-0.51044893	-0.5063405	0.46582636	0.4974081	0.5525284	0.5658634	-0.49753824	-0.5276958	-0.57250595	0.57154423	-0.5227236	-0.51730597	0.4991153	0.5525373	-0.5304231	-0.54635906	-0.5157087	-0.5710257	0.5544802	0.52776915	0.54836446	0.4871879	-0.56493217	-0.5002239	0.5362323	0.51935595	-0.52324694	0.5344952	-0.55068827	-0.47122252	0.49540758	-0.48014843	-0.48640376	0.48487005	-0.5498138	0.5634275	0.5293854	-0.52992886	-0.48782814	-0.50713426	-0.5111944	0.5475384	-0.45687592	-0.5537092	0.51490355	0.46258712	-0.482219	-0.5452417	-0.55519366	-0.5038444	-0.52718985	-0.566243	0.56227744	-0.5566695	-0.54617333	-0.5330293	-0.54906607	0.494339	0.51925105	-0.5022261	0.55536157	0.5598323	-0.48098767	0.506655	0.5423657	-0.56366926	0.47539023	0.55193484	-0.5457506	-0.5002715	0.5346676	0.45652264	0.44349134	-0.55479044	-0.45729843	0.46173602	0.5280683	-0.5403654	0.51931506	0.4745096	0.47253814	0.39934254	0.5025097	0.54686886	-0.5512427	-0.541392	0.5039748	0.5307075	-0.5157765	0.49423823	-0.52761275	0.54247904	0.54614043	-0.5183956	0.53146964	-0.53877455
-0.5332306	-0.5983874	-0.54256904	0.5480828	-0.45854527	-0.55532086	0.5345882	0.54363495	0.53085613	0.56926644	-0.5416759	-0.5535823	-0.6259175	0.56256646	-0.5989745	-0.5449594	0.5542528	0.5428978	-0.5526471	-0.59678245	-0.567057	-0.58510256	0.50622046	0.5590532	0.51521146	0.49550593	-0.6094309	-0.51950973	0.56763595	0.5401653	-0.5134535	0.5737645	-0.5280007	-0.477001	0.6119394	-0.5435961	-0.46118104	0.5553849	-0.52476716	0.45556054	0.5752526	-0.61520946	-0.6011544	-0.53647506	-0.56900364	0.60563266	-0.4698697	-0.54427284	0.5660365	0.5780512	-0.40591893	-0.5541436	-0.5175515	-0.5894542	-0.58327365	-0.536407	0.609053	-0.628947	-0.5665314	-0.47114536	-0.5576157	0.514623	0.45097062	-0.5825442	0.6352472	0.5719524	-0.5386253	0.4995386	0.60312045	-0.6105619	0.5225394	0.6172236	-0.61180335	-0.5980878	0.562394	0.55351245	0.59409666	-0.5601876	-0.53016114	0.4563736	0.5495077	-0.45224428	0.57348114	0.49948922	0.468229	0.55855864	0.55371964	0.54227597	-0.54168016	-0.5395893	0.5166768	0.52348024	-0.61989164	0.6362542	-0.5852243	0.59239125	0.62178826	-0.46009004	0.5082772	-0.64445007
-0.5100346	-0.8000123	-0.6902127	0.770475	-0.67970926	-0.7967032	0.7327483	0.6414241	0.67992944	0.7465815	-0.7216634	-0.7478845	-0.7959394	0.6567974	-0.71857923	-0.74556375	0.76017034	0.6965237	-0.7345064	-0.70828736	-0.78913826	-0.6893353	0.7755604	0.756476	0.7840913	0.72560406	-0.76080376	-0.6540981	0.7744942	0.7941469	-0.7607303	0.7847259	-0.7594728	-0.56136566	0.712029	-0.79798144	-0.6574637	0.72689635	-0.64415646	0.6457536	0.82394826	-0.80452675	-0.8159849	-0.76822454	-0.7589739	0.8092862	-0.7098479	-0.7634835	0.82227266	0.7321379	-0.5800363	-0.78155833	-0.667882	-0.7373469	-0.7469018	-0.72576976	0.7610986	-0.82265645	-0.7811955	-0.6046796	-0.7651469	0.6618231	0.61835074	-0.82978415	0.76297194	0.7926036	-0.6155833	0.65039134	0.73919785	-0.7227214	0.7264799	0.71215	-0.76564074	-0.7015943	0.7628014	0.7653179	0.7054708	-0.7933892	-0.6957685	0.6024164	0.55749464	-0.59545255	0.7293248	0.72803706	0.5299942	0.59317684	0.7203766	0.55916965	-0.7382006	-0.71826774	0.6947429	0.7583929	-0.70997906	0.75345623	-0.7247659	0.6353325	0.7615313	-0.612195	0.67907965	-0.78796804
-0.3959722	-0.7089971	-0.6852589	0.707835	-0.6550818	-0.7194147	0.7359151	0.57987815	0.55258495	0.71981347	-0.69353634	-0.70151395	-0.80194885	0.65675676	-0.77116674	-0.7156783	0.72049373	0.6103976	-0.73733467	-0.7513296	-0.70664775	-0.66080725	0.7076086	0.7084249	0.78535444	0.568242	-0.6644997	-0.67926955	0.7592519	0.6827028	-0.61592394	0.7761274	-0.71421456	-0.6117194	0.6118607	-0.7656164	-0.59154785	0.5777892	-0.6870297	0.68402094	0.72056925	-0.7936529	-0.72798204	-0.64953256	-0.72103417	0.7978273	-0.66778946	-0.68858975	0.7804764	0.7506362	-0.43699276	-0.7807366	-0.65783197	-0.69195753	-0.738567	-0.7018048	0.71177375	-0.7431665	-0.7693041	-0.554957	-0.7030923	0.696669	0.53061396	-0.7545072	0.7381217	0.76651204	-0.53260934	0.5420372	0.79910797	-0.6965406	0.62609845	0.691982	-0.7058242	-0.7183154	0.6937277	0.6486064	0.72975737	-0.7645093	-0.70806384	0.6420192	0.5386136	-0.45798892	0.6885099	0.6772344	0.45612925	0.5146488	0.69507116	0.4708769	-0.7320286	-0.74633694	0.6693961	0.7277118	-0.6039809	0.80573046	-0.7210709	0.5371909	0.751294	-0.6088732	0.7015844	-0.77200156
-0.49003237	-0.5630529	-0.5497148	0.59284437	-0.50934774	-0.48819774	0.58126885	0.49258474	0.5681118	0.5679581	-0.5138018	-0.5892703	-0.5418735	0.6139501	-0.54877675	-0.59669894	0.606365	0.5242174	-0.5710073	-0.61047834	-0.5974762	-0.5665364	0.52483946	0.6164424	0.5547435	0.5947034	-0.582269	-0.5668512	0.56300837	0.5944118	-0.6213481	0.63413566	-0.5727074	-0.529811	0.6064598	-0.55349785	-0.5480959	0.52012616	-0.56124645	0.53412557	0.5555998	-0.59345645	-0.5434749	-0.6309975	-0.5845686	0.6108438	-0.52679014	-0.5517693	0.55238414	0.6035232	-0.48656577	-0.6406253	-0.49343842	-0.62507653	-0.6350407	-0.5876844	0.56936526	-0.61502033	-0.58685994	-0.5779061	-0.54866755	0.6007621	0.46511292	-0.5970657	0.6393269	0.5798644	-0.56727177	0.5330726	0.5760076	-0.61308724	0.5569836	0.62068594	-0.6166059	-0.5830868	0.55695194	0.5820406	0.61505085	-0.6294582	-0.5791747	0.43207407	0.5892155	-0.50547534	0.55425394	0.5150971	0.46968275	0.48752496	0.6004693	0.5086876	-0.5529744	-0.6181319	0.5673395	0.5798414	-0.5789333	0.5901995	-0.60354656	0.569505	0.6250202	-0.49780285	0.61208314	-0.636155
-0.525108	-0.686784	-0.6374013	0.67510575	-0.63871866	-0.59921163	0.5938164	0.6226974	0.6168808	0.66531444	-0.61344194	-0.646607	-0.6199636	0.6491762	-0.6124775	-0.66994536	0.64857846	0.5959551	-0.68398106	-0.6693595	-0.67505985	-0.61623234	0.6416449	0.64832276	0.70147175	0.63426256	-0.64174926	-0.6287373	0.60667175	0.681552	-0.58767736	0.6373993	-0.6698863	-0.61647034	0.6592549	-0.65833014	-0.6519885	0.62204486	-0.65348846	0.6497783	0.653869	-0.63950306	-0.620578	-0.6564755	-0.6208774	0.6171266	-0.58069134	-0.6331002	0.5893554	0.6256448	-0.5703843	-0.7055272	-0.6560679	-0.61432064	-0.64284325	-0.6680541	0.65878963	-0.6376038	-0.5907657	-0.63137764	-0.67480516	0.59564245	0.6080044	-0.67610395	0.6523768	0.7019638	-0.58490366	0.605358	0.6248551	-0.6659516	0.59515935	0.6283387	-0.61722827	-0.60699666	0.6480133	0.6770383	0.62321657	-0.63358265	-0.57130975	0.5811026	0.6350301	-0.6087287	0.61411774	0.64135224	0.5955943	0.5920924	0.68027735	0.6038719	-0.6070606	-0.66572225	0.69940364	0.68086237	-0.6643535	0.5720969	-0.644803	0.60715467	0.6165733	-0.6119135	0.6027831	-0.62282705
-0.30849612	-0.2641813	-0.25412458	0.23667894	-0.27210882	-0.25352022	0.25846073	0.2986251	0.28180492	0.29166073	-0.26488668	-0.25486925	-0.25068414	0.24018356	-0.2605326	-0.2326588	0.2857519	0.30021572	-0.2479775	-0.24375011	-0.2965545	-0.25798464	0.21321318	0.23744263	0.22055238	0.21595655	-0.222672	-0.25216907	0.23814869	0.28923488	-0.21925083	0.24401908	-0.25970766	-0.30311504	0.2747124	-0.23011287	-0.22483975	0.28049615	-0.24450614	0.29444188	0.240229	-0.23427288	-0.22762841	-0.23719373	-0.25912368	0.28370145	-0.2980286	-0.23940021	0.29180735	0.30268705	-0.2901271	-0.25193352	-0.30064136	-0.21827294	-0.22525893	-0.2645809	0.29454315	-0.2776231	-0.28657568	-0.28385606	-0.21488465	0.24126309	0.2725467	-0.2147673	0.30674654	0.22084284	-0.21823221	0.2896246	0.22090329	-0.30550912	0.28206095	0.30027354	-0.2607853	-0.22857594	0.29805636	0.2170153	0.22485794	-0.20459971	-0.27927977	0.27525982	0.25946155	-0.24524458	0.25948238	0.23875244	0.26061913	0.2864456	0.21476483	0.29917645	-0.26475975	-0.2640556	0.27477992	0.2998109	-0.21243745	0.21534961	-0.2242035	0.2749296	0.29670015	-0.2390632	0.25868955	-0.22023183
-0.33619446	-0.34580988	-0.40279445	0.37146056	-0.39250118	-0.41387922	0.33760965	0.34707054	0.3955555	0.35124627	-0.34859535	-0.42200872	-0.3833021	0.37955344	-0.36153236	-0.42002195	0.40621006	0.34193155	-0.37388375	-0.34039718	-0.40088356	-0.3342624	0.4310981	0.3502924	0.4198661	0.36745834	-0.37746614	-0.40686172	0.35730064	0.41114265	-0.3784617	0.41691133	-0.36220264	-0.39029065	0.36323932	-0.44048673	-0.4042831	0.36836958	-0.37932092	0.36544177	0.34832066	-0.34671023	-0.35241488	-0.36383125	-0.368859	0.41728425	-0.3694506	-0.41617647	0.38466376	0.35374087	-0.2990634	-0.38070202	-0.32252985	-0.40158334	-0.43836936	-0.33621237	0.34627658	-0.3749471	-0.39118403	-0.3582716	-0.43293914	0.4201465	0.40119183	-0.39306337	0.37060565	0.36324432	-0.32216385	0.32668424	0.42249176	-0.34732717	0.3788338	0.36267957	-0.42800182	-0.36004302	0.3838512	0.34483	0.38984415	-0.36730772	-0.38737717	0.3429147	0.3652427	-0.3978069	0.36459923	0.33912182	0.35842305	0.38766244	0.3858771	0.4095016	-0.4219307	-0.38117388	0.36269465	0.4328631	-0.3672517	0.31192547	-0.43041494	0.33738685	0.35231802	-0.3710699	0.36109886	-0.44648
-0.23260948	-0.28317443	-0.27978557	0.2770065	-0.26748958	-0.22826275	0.18757382	0.2751795	0.26721224	0.20942998	-0.2637396	-0.19495527	-0.2078592	0.21849088	-0.18895523	-0.21154252	0.2638917	0.24792933	-0.25626466	-0.26069131	-0.2535188	-0.21407652	0.28514633	0.1919741	0.27648264	0.20588417	-0.21050702	-0.22209024	0.21702954	0.22357817	-0.26900876	0.23745646	-0.24793187	-0.21871406	0.21976687	-0.24994674	-0.25316194	0.28953052	-0.24960521	0.1932605	0.2175986	-0.21262093	-0.20305869	-0.28582773	-0.211747	0.24147356	-0.23348902	-0.22124662	0.18914224	0.2787804	-0.2587755	-0.2760821	-0.27565575	-0.28051612	-0.27172434	-0.24000123	0.2649581	-0.25760216	-0.19531953	-0.21753803	-0.25186107	0.27564684	0.27237657	-0.28527108	0.27617458	0.2743756	-0.22951634	0.19174811	0.27306923	-0.19450141	0.20078105	0.20253281	-0.20289505	-0.23735036	0.2750775	0.20903514	0.23053578	-0.21095192	-0.26600268	0.2659931	0.23766552	-0.27548832	0.25952852	0.23957887	0.18430509	0.29502833	0.24170205	0.27059066	-0.24311832	-0.2465403	0.243106	0.24309516	-0.2278827	0.18235186	-0.265051	0.28341722	0.23343408	-0.25906023	0.2838274	-0.21132785
-0.08197195	-0.11318852	-0.11351144	0.13565351	-0.10893786	-0.082801014	0.07063597	0.15526152	0.1386348	0.09869915	-0.1021343	-0.10777887	-0.10445086	0.06387905	-0.14087936	-0.12897384	0.07814782	0.09312328	-0.14224946	-0.14969991	-0.08930886	-0.156599	0.1432766	0.07125919	0.12874438	0.12215151	-0.09241921	-0.11082942	0.113220565	0.06220483	-0.06560956	0.105647065	-0.07828716	-0.14763509	0.12815285	-0.15286858	-0.11716129	0.14874521	-0.1175597	0.10769892	0.117514856	-0.1251362	-0.0931953	-0.068143636	-0.15161636	0.075650826	-0.13326238	-0.09235748	0.11638128	0.08500731	-0.12383818	-0.11053531	-0.11007101	-0.0713857	-0.06221616	-0.12790693	0.11584118	-0.08604329	-0.08249141	-0.13971193	-0.100389995	0.13158977	0.09289622	-0.12783618	0.09697928	0.124958254	-0.16128519	0.093206145	0.13509582	-0.15156545	0.103468254	0.07671888	-0.11354596	-0.064536475	0.15105875	0.12964903	0.13457729	-0.13474512	-0.05194822	0.08198406	0.08209676	-0.090813436	0.07183592	0.06981639	0.13792093	0.15268317	0.09863101	0.14266504	-0.101981744	-0.089944735	0.11534016	0.13803236	-0.10031402	0.06711446	-0.14946122	0.13300537	0.059501726	-0.09651343	0.14479487	-0.14751348
-0.61271435	-0.7274143	-0.6468551	0.62574816	-0.6723552	-0.6721205	0.5803063	0.61004853	0.6598241	0.6379562	-0.60446507	-0.71416557	-0.62398	0.66406476	-0.614342	-0.658895	0.68450797	0.65913296	-0.6517666	-0.690082	-0.6300263	-0.633536	0.6180631	0.62626445	0.60446674	0.65741986	-0.6274702	-0.58331585	0.64259773	0.65494263	-0.722471	0.6472299	-0.66906834	-0.5872964	0.6956344	-0.65532875	-0.61156404	0.6917489	-0.6759286	0.6352819	0.63096416	-0.6741106	-0.66398257	-0.6114942	-0.67805076	0.6593126	-0.55932105	-0.6033565	0.63500005	0.6859722	-0.64044535	-0.6363628	-0.6515073	-0.7135143	-0.6428691	-0.71887255	0.6496538	-0.6209903	-0.6796447	-0.6124196	-0.6431632	0.6742387	0.57036006	-0.63466406	0.62386835	0.6288637	-0.61363	0.59509563	0.6526145	-0.64113826	0.6590136	0.65341043	-0.6340024	-0.65016645	0.6711466	0.6290023	0.58825696	-0.6649865	-0.57398975	0.6194624	0.60131544	-0.629995	0.6839309	0.62643266	0.5507641	0.6155465	0.67226166	0.700277	-0.57435274	-0.5910601	0.68757635	0.5855452	-0.6951657	0.70398235	-0.6640019	0.7113683	0.65888447	-0.5976582	0.6224763	-0.66573423
-0.7131228	-0.75599545	-0.7523403	0.7500626	-0.707483	-0.6789226	0.6741325	0.74728745	0.76362467	0.7014366	-0.70726186	-0.7453739	-0.8297225	0.73795575	-0.7823326	-0.7274428	0.7731302	0.70039403	-0.6909683	-0.7135672	-0.759165	-0.7779178	0.7816848	0.7629752	0.7343171	0.7224565	-0.73950076	-0.7370658	0.77993387	0.71581805	-0.73370475	0.72402847	-0.77784675	-0.6821939	0.7356564	-0.752108	-0.64043784	0.7797296	-0.67465436	0.69668907	0.8261019	-0.71561885	-0.7612842	-0.7075874	-0.7686313	0.7772463	-0.66341937	-0.73181653	0.74406064	0.7197638	-0.69561434	-0.7881733	-0.7207565	-0.70637196	-0.7316109	-0.7340553	0.729059	-0.8146672	-0.6762278	-0.7070296	-0.7353207	0.7071097	0.70353043	-0.7527564	0.7457321	0.77910364	-0.7457307	0.7426613	0.78440464	-0.7966121	0.71384054	0.76053643	-0.74003834	-0.6902226	0.70268977	0.74313325	0.65401644	-0.7484153	-0.64215076	0.62078154	0.7075474	-0.6543846	0.7665353	0.668404	0.66809326	0.79540384	0.80005026	0.73881066	-0.64366007	-0.71545887	0.7882381	0.6893033	-0.75254077	0.75467926	-0.7853984	0.7272171	0.71673745	-0.6286379	0.7880819	-0.74037784
-0.56295377	-0.52111673	-0.5722288	0.50364935	-0.5485379	-0.53570455	0.50582933	0.5282111	0.6029648	0.5730779	-0.5112124	-0.5191139	-0.5777061	0.48847175	-0.507251	-0.50319666	0.55603546	0.49093938	-0.5016709	-0.5751484	-0.54761493	-0.5612802	0.5237085	0.54740185	0.49146244	0.51009184	-0.5626845	-0.5559362	0.5739536	0.54510045	-0.58019006	0.5748848	-0.58939767	-0.4499275	0.50476885	-0.5025557	-0.5353917	0.49284253	-0.5764816	0.52699	0.52248657	-0.5079259	-0.5226215	-0.558117	-0.5581089	0.51991284	-0.5139092	-0.5514505	0.5414693	0.48199928	-0.5098277	-0.5311002	-0.57103646	-0.55040485	-0.56733185	-0.5148463	0.48868638	-0.5546101	-0.528142	-0.4971591	-0.54752237	0.5656067	0.5592415	-0.5839659	0.5470883	0.55399424	-0.54309285	0.56906873	0.5790275	-0.551586	0.49721202	0.55752957	-0.5234348	-0.5626405	0.5707145	0.50275946	0.538148	-0.53136754	-0.49848613	0.45129412	0.51740503	-0.54470813	0.5084924	0.53811496	0.49419427	0.5686639	0.52898407	0.53375906	-0.55718756	-0.4867748	0.5222467	0.5508182	-0.5375758	0.5184876	-0.5168962	0.59108096	0.56240565	-0.5156845	0.5813645	-0.5353959
-0.58118606	-0.53882056	-0.576398	0.54283863	-0.504027	-0.5714472	0.5798851	0.514911	0.60614955	0.5084776	-0.55966645	-0.5433498	-0.60664314	0.5472069	-0.5788918	-0.5791732	0.52393514	0.5405666	-0.5501064	-0.5724042	-0.6031868	-0.60405004	0.5949653	0.51905465	0.57036066	0.5985565	-0.5775219	-0.55246973	0.5870281	0.55484533	-0.57231534	0.55355316	-0.61168337	-0.47899836	0.5928421	-0.55743736	-0.53169775	0.56488794	-0.58683205	0.58971536	0.5650372	-0.51987976	-0.51286596	-0.6123637	-0.5934373	0.541783	-0.5009813	-0.550759	0.5385356	0.5236321	-0.53472626	-0.6193704	-0.54261255	-0.610257	-0.56160855	-0.6114094	0.5146998	-0.5298233	-0.53088945	-0.5715287	-0.6003253	0.5040061	0.54617786	-0.57036465	0.54808164	0.5507862	-0.5190418	0.54326946	0.5558319	-0.58189654	0.5714654	0.53814465	-0.51476914	-0.59393954	0.55772763	0.5046737	0.5520749	-0.5735096	-0.507172	0.50597495	0.55277216	-0.52926123	0.6039433	0.55303425	0.535356	0.54171485	0.53190964	0.60892475	-0.5702435	-0.54608727	0.5311767	0.5097633	-0.5820041	0.56873226	-0.51943064	0.6044934	0.6043022	-0.4856387	0.6016889	-0.57636374
-0.21482922	-0.14238627	-0.17689379	0.21686056	-0.16275285	-0.13311172	0.22581409	0.23064798	0.18114053	0.21652709	-0.1962974	-0.20237458	-0.19696215	0.17886685	-0.13591228	-0.20114943	0.14664356	0.15914832	-0.20632377	-0.14313155	-0.20330052	-0.15620273	0.14678232	0.17525633	0.169433	0.20176229	-0.22024027	-0.20509897	0.23061097	0.2078402	-0.2061234	0.16735172	-0.15515424	-0.1605235	0.14323144	-0.1496504	-0.18199438	0.15447399	-0.22170863	0.17394456	0.17445302	-0.1450059	-0.15600297	-0.13424255	-0.17386563	0.17769232	-0.22533122	-0.23101921	0.20843954	0.1653698	-0.1792847	-0.19270553	-0.2300624	-0.15256795	-0.20862243	-0.22532971	0.23117226	-0.18302369	-0.2036347	-0.15159936	-0.13554816	0.22630237	0.21212612	-0.22840303	0.15200998	0.18640067	-0.22100048	0.195773	0.22286968	-0.19900987	0.17239134	0.1348683	-0.17295949	-0.13498724	0.18728265	0.14257555	0.19079806	-0.19120707	-0.1924012	0.1911099	0.1504489	-0.13606746	0.21017863	0.20672539	0.13995072	0.16789377	0.15975232	0.16191797	-0.13852648	-0.21810147	0.137337	0.17601267	-0.13660985	0.22785345	-0.20534378	0.13635944	0.15114681	-0.1347543	0.15891492	-0.15232502
-0.7252319	-0.8061329	-0.733265	0.74554545	-0.7749163	-0.70244485	0.6529934	0.7139369	0.7908473	0.7454359	-0.70802724	-0.75862813	-0.74105066	0.72469527	-0.7552463	-0.80784607	0.8180295	0.78433764	-0.7924887	-0.7912298	-0.7207147	-0.73458856	0.79290277	0.78075945	0.7186973	0.78135043	-0.80775	-0.75288564	0.78778017	0.7799881	-0.77733654	0.7345611	-0.7760342	-0.71068084	0.7131339	-0.80554503	-0.6386874	0.72828174	-0.7316607	0.7150398	0.7782199	-0.7520367	-0.76877886	-0.74724585	-0.76567775	0.75205624	-0.7080011	-0.74942875	0.758804	0.6822209	-0.7387358	-0.7862816	-0.7147303	-0.75343287	-0.7483308	-0.75072545	0.7493903	-0.77423066	-0.77372044	-0.73871446	-0.7905254	0.777394	0.673975	-0.7242543	0.68957585	0.7172974	-0.7113052	0.7228828	0.7788174	-0.78710973	0.77781427	0.7473591	-0.7217881	-0.7072221	0.773556	0.68018043	0.6957309	-0.7381129	-0.6705925	0.5974072	0.7756566	-0.71966964	0.80635715	0.71799845	0.69402367	0.7282793	0.7620652	0.7450354	-0.68628204	-0.6881543	0.70328236	0.7177068	-0.8098837	0.76063764	-0.784433	0.753707	0.80101573	-0.5934026	0.7794171	-0.7252286
-0.64795494	-0.6584058	-0.6282341	0.6034392	-0.63311905	-0.64419717	0.61222535	0.5685792	0.61029106	0.5951082	-0.6087286	-0.6237592	-0.6711538	0.57401377	-0.6119303	-0.63817567	0.66854984	0.56467867	-0.5792046	-0.59566	-0.6767899	-0.6673754	0.6659566	0.5899701	0.5904798	0.6254535	-0.66060305	-0.5796996	0.65796846	0.61196554	-0.58936363	0.6066931	-0.6448566	-0.5706471	0.61740565	-0.6394408	-0.53416306	0.6086821	-0.6247136	0.56481504	0.66412264	-0.670488	-0.6100842	-0.6700458	-0.5954074	0.57026947	-0.5887404	-0.6647113	0.57657033	0.5839765	-0.57788044	-0.63572806	-0.60976696	-0.57422763	-0.5819855	-0.62450254	0.6112894	-0.6633155	-0.6603085	-0.5930604	-0.6365051	0.56126916	0.6388055	-0.5959416	0.5803942	0.63688374	-0.60079086	0.63734293	0.6628579	-0.61283326	0.6230753	0.60094553	-0.6502824	-0.5956623	0.65635175	0.60940236	0.61638916	-0.59442466	-0.54835254	0.55156535	0.6529825	-0.5711262	0.59593517	0.57397324	0.49473763	0.6051582	0.6189568	0.6278219	-0.6316017	-0.5853531	0.5976843	0.65975	-0.60659385	0.631125	-0.6492092	0.6403877	0.6180014	-0.54303825	0.592409	-0.63118637
-0.111450486	-0.08585215	-0.04635847	0.11305379	-0.1061528	-0.09023695	0.11744788	0.091130346	0.07231311	0.11716648	-0.051996775	-0.092325866	-0.06455408	0.04732289	-0.10948309	-0.09383045	0.13959114	0.13046998	-0.043895952	-0.04958043	-0.12848054	-0.06350234	0.06625385	0.099320255	0.048823606	0.11427302	-0.064211994	-0.05058716	0.115431525	0.048843578	-0.044895746	0.04570152	-0.043738555	-0.07834501	0.08620713	-0.07654716	-0.11996112	0.09231151	-0.075169496	0.06097562	0.052963898	-0.11865478	-0.13343792	-0.11298857	-0.0861753	0.09035637	-0.11884445	-0.041614477	0.05240357	0.11662649	-0.063420825	-0.10207937	-0.1197566	-0.06823214	-0.09176929	-0.06982663	0.042740297	-0.10948863	-0.064809576	-0.13545226	-0.11787717	0.124339186	0.10401455	-0.11366457	0.075324796	0.07787925	-0.039577104	0.04623521	0.085387334	-0.045385174	0.108879246	0.047762692	-0.05460095	-0.060455244	0.058847513	0.060537145	0.13094287	-0.11842706	-0.03673728	0.056163784	0.1013157	-0.05583882	0.105159245	0.108336866	0.032487344	0.12011899	0.102575116	0.11296991	-0.066132076	-0.13658358	0.043604948	0.04959659	-0.07673968	0.13157699	-0.03761916	0.1334442	0.12758332	-0.04419374	0.08486049	-0.122879416
-0.65508586	-0.66314965	-0.6531104	0.66318184	-0.6910367	-0.56929076	0.660303	0.65090215	0.76562154	0.6824601	-0.6784136	-0.70603627	-0.6432614	0.65518886	-0.6541014	-0.68925506	0.6565715	0.69620377	-0.64157665	-0.70005864	-0.6979387	-0.73701644	0.66325927	0.66992754	0.68661165	0.6508354	-0.721236	-0.630017	0.6577003	0.6946817	-0.6634685	0.65100473	-0.70648164	-0.6497617	0.7435413	-0.6884454	-0.61682636	0.69717014	-0.7049021	0.64998347	0.6530085	-0.68290395	-0.62159806	-0.72682095	-0.6502242	0.6721343	-0.61382854	-0.68531334	0.65873384	0.6185961	-0.7003872	-0.67861444	-0.6612073	-0.7149531	-0.6578143	-0.6517599	0.68674695	-0.60971713	-0.5966163	-0.68077475	-0.6508794	0.6856311	0.72070795	-0.6990472	0.6655524	0.6735819	-0.71492535	0.6980544	0.6941104	-0.6870835	0.6433325	0.6859718	-0.6838667	-0.65287745	0.64607096	0.6863857	0.6911832	-0.7385331	-0.55385613	0.5738663	0.6666201	-0.6597354	0.71691096	0.69254935	0.7116139	0.74822205	0.71233654	0.6811758	-0.6610234	-0.60013103	0.7321372	0.62004566	-0.73759925	0.6743565	-0.6954915	0.7416992	0.6928716	-0.6043517	0.7102222	-0.69986266
-0.60406053	-0.58419573	-0.6713677	0.668404	-0.65514714	-0.52820855	0.6642071	0.63460964	0.62398154	0.6277002	-0.6152517	-0.5886447	-0.5490292	0.66577506	-0.6173918	-0.6534625	0.57792854	0.590309	-0.5808068	-0.6731906	-0.605731	-0.65648186	0.59754175	0.6536059	0.577676	0.62856674	-0.5939682	-0.60941327	0.57816505	0.63750774	-0.6142516	0.5906394	-0.65956074	-0.5797699	0.6688913	-0.56976515	-0.6090229	0.6750289	-0.6056103	0.6021019	0.6218655	-0.6623466	-0.6381106	-0.64760053	-0.61964923	0.54762036	-0.5731925	-0.6864841	0.6392039	0.5961325	-0.60518545	-0.6460608	-0.57001024	-0.64213586	-0.645601	-0.6307518	0.6478098	-0.60461897	-0.58554983	-0.59321016	-0.6769343	0.6068926	0.6822717	-0.57386196	0.6722934	0.6752799	-0.6877665	0.5861694	0.66853946	-0.59594226	0.6512834	0.60647607	-0.65184313	-0.5798595	0.6684222	0.6608673	0.6469598	-0.6633468	-0.5482257	0.6103182	0.67088926	-0.5669301	0.6459676	0.6298154	0.61900544	0.68281174	0.6440902	0.6326766	-0.5743877	-0.62228143	0.67760944	0.6552644	-0.6130618	0.6201841	-0.63546556	0.6299632	0.6419423	-0.62804323	0.6503426	-0.5806766
-0.21494083	-0.22498153	-0.21688601	0.25024644	-0.2152271	-0.27213198	0.30172125	0.21101923	0.2834895	0.289793	-0.24650848	-0.23531117	-0.2840559	0.23996665	-0.30046535	-0.22445597	0.2238545	0.2599793	-0.29886776	-0.20245656	-0.24609418	-0.23808566	0.27254426	0.29470304	0.28810045	0.23497957	-0.20982447	-0.30655643	0.24057952	0.30103767	-0.2211754	0.2201628	-0.21401665	-0.2015649	0.2700584	-0.27280793	-0.25925806	0.21706761	-0.2669084	0.25595757	0.29053426	-0.22468647	-0.289511	-0.25300148	-0.2796572	0.25522217	-0.25531378	-0.25848332	0.259123	0.232017	-0.28056803	-0.26479867	-0.23132445	-0.2223136	-0.25845364	-0.301393	0.27726	-0.22493936	-0.24336475	-0.25388783	-0.2996081	0.24070778	0.19822976	-0.23137438	0.24322942	0.2604705	-0.2794861	0.21567406	0.2955877	-0.27799478	0.25636065	0.25834456	-0.23426367	-0.25287783	0.24402165	0.21648307	0.22320774	-0.20795399	-0.30386373	0.23951715	0.27322695	-0.2215924	0.2479879	0.27226025	0.24902189	0.2793914	0.30173087	0.24495038	-0.2925364	-0.3062315	0.23088154	0.26249018	-0.21982282	0.2823032	-0.2782187	0.26216254	0.2960767	-0.29030693	0.29999304	-0.28515828
-0.62408006	-0.6212091	-0.6742817	0.6282423	-0.6125681	-0.6002023	0.5880917	0.56083286	0.6949137	0.6585214	-0.66447604	-0.6340313	-0.650638	0.584369	-0.63271415	-0.6833033	0.6024035	0.6815524	-0.66270846	-0.62841326	-0.6456791	-0.5934208	0.5947721	0.61554193	0.61339647	0.6726985	-0.60750186	-0.6617258	0.68234247	0.5986614	-0.6521686	0.6688589	-0.6051932	-0.6124434	0.65615815	-0.6684184	-0.6061762	0.5923694	-0.6080043	0.6016524	0.67467844	-0.6013882	-0.66762793	-0.63174033	-0.6770014	0.6758428	-0.6165756	-0.6579262	0.66149694	0.5941857	-0.6238996	-0.647478	-0.64427954	-0.6287629	-0.60338604	-0.6048775	0.59112614	-0.61832845	-0.5800242	-0.6507831	-0.68445855	0.6754919	0.6212668	-0.68046844	0.627121	0.61379844	-0.6377873	0.67603785	0.6154704	-0.68630546	0.5866833	0.61598027	-0.6041921	-0.6794977	0.6570892	0.61123693	0.6265277	-0.65201896	-0.5662411	0.61864185	0.58529085	-0.60073346	0.6906042	0.58655953	0.56158143	0.6879473	0.65023226	0.6936274	-0.6121243	-0.65718395	0.5918705	0.63290066	-0.6234053	0.5788145	-0.63893473	0.66643935	0.63386774	-0.54786015	0.6537252	-0.6671087
-0.60436285	-0.59582496	-0.6064255	0.57533365	-0.53607213	-0.5555399	0.54531425	0.53005785	0.64440864	0.5087974	-0.54539025	-0.6265876	-0.6419666	0.5883055	-0.6175229	-0.5528241	0.54363555	0.6154556	-0.5783658	-0.5567227	-0.58114666	-0.6306036	0.57128835	0.54515964	0.5244736	0.57891613	-0.63035345	-0.5219347	0.6058721	0.6090593	-0.614974	0.5395917	-0.6432039	-0.5250052	0.5526516	-0.5593419	-0.5397639	0.6044619	-0.59411615	0.6068911	0.5941541	-0.56454504	-0.54152495	-0.5699357	-0.58211815	0.59402806	-0.51704717	-0.5643357	0.5866975	0.52160937	-0.5558973	-0.5620784	-0.61228824	-0.60055983	-0.5845691	-0.64713794	0.615263	-0.5723428	-0.55836785	-0.61224246	-0.5878073	0.60885286	0.5401786	-0.53019005	0.5813814	0.5736742	-0.61100066	0.61763096	0.6328641	-0.5441754	0.622878	0.60114187	-0.5548163	-0.5934989	0.5973057	0.6020532	0.5269312	-0.547967	-0.5039981	0.4803734	0.5950467	-0.59242684	0.6378565	0.55059063	0.5950122	0.5937449	0.5653352	0.56625074	-0.57782334	-0.5253611	0.59644073	0.52447474	-0.615184	0.5078091	-0.592483	0.589802	0.56400675	-0.50486535	0.603527	-0.5582366
-0.35937956	-0.34744874	-0.37143663	0.3508607	-0.32855594	-0.3443618	0.33058962	0.36126587	0.35374635	0.3198985	-0.29663244	-0.40509608	-0.33835503	0.3839247	-0.30921412	-0.37154108	0.33469123	0.3546525	-0.34071523	-0.34310147	-0.36334795	-0.35291177	0.32498002	0.37926283	0.39603713	0.37096506	-0.3654666	-0.3611285	0.3954304	0.3927033	-0.3713449	0.37988847	-0.36507514	-0.3270106	0.40140262	-0.30253637	-0.2846623	0.38368842	-0.33173382	0.31350523	0.38415268	-0.29700336	-0.31489244	-0.39198783	-0.3282177	0.36160386	-0.32218954	-0.3166551	0.35532528	0.3249597	-0.36709857	-0.4034608	-0.35015896	-0.30051193	-0.34850082	-0.3576741	0.33009544	-0.33944854	-0.38658747	-0.35136616	-0.31768778	0.33154273	0.3586247	-0.36752087	0.39285916	0.3242567	-0.3457628	0.3544938	0.37974033	-0.38272932	0.38398063	0.31210008	-0.36370912	-0.3455374	0.3106174	0.3791633	0.30394343	-0.3339096	-0.3499383	0.3453048	0.40020722	-0.32317048	0.3375601	0.38876134	0.30500057	0.3523386	0.39240772	0.34717697	-0.31074157	-0.31040367	0.33123815	0.29317006	-0.356085	0.32483962	-0.3272857	0.3917528	0.40000272	-0.27961236	0.31497124	-0.38571185
-0.26820108	-0.3395807	-0.35590765	0.34209177	-0.37795162	-0.3175974	0.37014338	0.31738392	0.3484916	0.31696594	-0.28653878	-0.33440807	-0.36813644	0.2812433	-0.31947228	-0.35745043	0.33347836	0.36354262	-0.29998833	-0.33224115	-0.31985417	-0.2941317	0.2918556	0.35516864	0.3345869	0.37611836	-0.37039715	-0.3578177	0.2988913	0.30796877	-0.32115105	0.30876842	-0.34038764	-0.35460192	0.33766526	-0.31532252	-0.36741844	0.36716917	-0.33349347	0.33672747	0.35834548	-0.31201294	-0.30988148	-0.3082196	-0.32576483	0.35188824	-0.30710757	-0.35282704	0.3625178	0.35000774	-0.32360277	-0.37857518	-0.33824754	-0.32053858	-0.34716657	-0.35181823	0.34160498	-0.28339973	-0.3353967	-0.3554775	-0.31081524	0.3184924	0.31889763	-0.3352902	0.32079792	0.37518933	-0.33885607	0.36783156	0.3669193	-0.31689283	0.3262716	0.34269455	-0.28535753	-0.33561397	0.32783124	0.27788532	0.3430715	-0.3547976	-0.26044405	0.2746753	0.31436864	-0.28419167	0.28932148	0.3219281	0.25560787	0.36143768	0.33332625	0.33265713	-0.28636712	-0.33685607	0.2925603	0.3073561	-0.35601625	0.3337016	-0.28465477	0.33104718	0.32286885	-0.23749678	0.34528002	-0.2726352
-0.48360366	-0.59530085	-0.5004771	0.52588165	-0.49614295	-0.49673638	0.54664725	0.51542217	0.55433404	0.4803064	-0.5047642	-0.5843413	-0.50994694	0.50494283	-0.5523109	-0.54789174	0.49499685	0.51102674	-0.5273948	-0.568838	-0.57805634	-0.52639526	0.4621855	0.5421188	0.5266717	0.5380755	-0.50997955	-0.5766139	0.5208637	0.57536435	-0.54097325	0.5457087	-0.47945967	-0.49396795	0.53171813	-0.55948174	-0.45398676	0.5604497	-0.45783138	0.49718305	0.56391096	-0.5001246	-0.52135193	-0.5181888	-0.47744554	0.5746239	-0.49442604	-0.5306048	0.5485202	0.5193073	-0.46404213	-0.5743879	-0.50220954	-0.48219857	-0.57082206	-0.5844793	0.5384051	-0.4903241	-0.4720448	-0.54904014	-0.5531183	0.50032	0.5416655	-0.49217147	0.46504277	0.5262312	-0.48591933	0.47767785	0.54540163	-0.5195429	0.51021665	0.5325279	-0.57903236	-0.52342445	0.50310224	0.5191766	0.49838287	-0.516447	-0.46143925	0.48229265	0.55891496	-0.46287316	0.54499865	0.4999368	0.49659792	0.54454154	0.5228434	0.54766524	-0.49329662	-0.54589915	0.48271748	0.49442098	-0.5449376	0.49732962	-0.48364386	0.5032764	0.46644884	-0.4946142	0.50859445	-0.5600423
-0.2814343	-0.3171238	-0.34105536	0.2965804	-0.26956376	-0.34228218	0.2634943	0.25978407	0.2968047	0.31619462	-0.3495544	-0.33394954	-0.29807642	0.31850082	-0.28637424	-0.33057785	0.34357342	0.27843022	-0.27191997	-0.2809753	-0.27452314	-0.32931685	0.35539275	0.32676804	0.32237455	0.28534755	-0.265572	-0.33433473	0.27392185	0.29655674	-0.2672009	0.33124605	-0.3405589	-0.31071123	0.33502817	-0.32218158	-0.33597413	0.3139905	-0.27187592	0.3120491	0.3205931	-0.3505792	-0.3229985	-0.29016033	-0.33933204	0.263642	-0.34423098	-0.26949313	0.28846198	0.2856484	-0.30467078	-0.2956875	-0.3079248	-0.2777557	-0.2972641	-0.29619747	0.31099334	-0.3468115	-0.30072802	-0.26830757	-0.28725103	0.2681534	0.34685314	-0.29124334	0.305958	0.29481688	-0.25471896	0.31264547	0.27640638	-0.26212347	0.29396215	0.28662983	-0.2785123	-0.30652362	0.27625668	0.3243107	0.347712	-0.3337411	-0.26873055	0.34858197	0.26783776	-0.33079478	0.28370288	0.31517917	0.28238752	0.31528205	0.2774644	0.31273738	-0.3281464	-0.26505876	0.32744783	0.34700108	-0.2581053	0.27615705	-0.31229866	0.2859645	0.30453625	-0.27196008	0.34912544	-0.28211132
-0.6759241	-0.6439646	-0.6035511	0.64418244	-0.6373056	-0.5443209	0.6086612	0.64667904	0.6392778	0.6025875	-0.63140553	-0.6439921	-0.5330561	0.5924165	-0.6195267	-0.57623667	0.5867974	0.59758276	-0.6654163	-0.6378149	-0.64752334	-0.6492482	0.62378037	0.6427507	0.5944502	0.67653465	-0.608976	-0.59183675	0.5911297	0.57434	-0.6594188	0.5673558	-0.57710147	-0.5720842	0.67496186	-0.5788371	-0.5818828	0.5933262	-0.6571678	0.6629029	0.5851676	-0.631093	-0.602321	-0.5934897	-0.66454875	0.5665866	-0.5959519	-0.6483016	0.53997976	0.6552009	-0.6625101	-0.6474108	-0.6030257	-0.62194055	-0.6621277	-0.61654055	0.61007506	-0.5763552	-0.5801259	-0.67664045	-0.6456792	0.61769533	0.59784406	-0.6108234	0.64400953	0.65394026	-0.65624756	0.6583901	0.6058487	-0.6487177	0.6225625	0.6305555	-0.66798115	-0.6117147	0.57813346	0.5833266	0.63155854	-0.6452017	-0.5723403	0.5729834	0.65465605	-0.5691546	0.584517	0.6350846	0.6530565	0.67995167	0.6518074	0.6824	-0.61104447	-0.6464251	0.6399876	0.5824693	-0.6764378	0.45471424	-0.5848742	0.6072366	0.6322232	-0.6123699	0.64168996	-0.5853965
-0.11046924	-0.10408253	-0.07623884	0.042029683	-0.053126514	-0.035037957	0.09313915	0.104907885	0.099359326	0.08506016	-0.102626756	-0.12732767	-0.048647795	0.13401423	-0.093631394	-0.073546045	0.119739324	0.12820284	-0.092140265	-0.118019015	-0.08927866	-0.05255982	0.11801274	0.076432	0.064531185	0.1053222	-0.11156395	-0.13665004	0.13076526	0.04139498	-0.06056467	0.099614054	-0.047353886	-0.032424536	0.046671253	-0.074465945	-0.108778566	0.107407525	-0.04108216	0.04371565	0.12508816	-0.065072015	-0.058619116	-0.0924192	-0.05167348	0.12700954	-0.08875708	-0.086824134	0.06474958	0.0781076	-0.10340957	-0.13340035	-0.08946368	-0.085416794	-0.07945325	-0.12646507	0.060081862	-0.051359814	-0.03480597	-0.06977353	-0.07792982	0.09366025	0.11067582	-0.09436678	0.13420783	0.056422915	-0.11889499	0.08885325	0.045888476	-0.038479883	0.045044698	0.03917941	-0.0525651	-0.08616874	0.085825734	0.076340124	0.04617915	-0.093180165	-0.10286375	0.035614133	0.062097933	-0.13731089	0.10332645	0.1068094	0.11591023	0.092909925	0.078002386	0.120304696	-0.06988145	-0.05867955	0.08992146	0.09654635	-0.08153007	0.08459107	-0.119110785	0.092221595	0.06688499	-0.1028616	0.080452606	-0.038006146
-0.42815056	-0.46212277	-0.4968212	0.4553517	-0.4810836	-0.46853027	0.49483588	0.4380963	0.52581745	0.5133355	-0.51271826	-0.517365	-0.5247686	0.41622967	-0.44815552	-0.49361622	0.44383392	0.45536765	-0.44581705	-0.46847093	-0.49301863	-0.4493425	0.48871323	0.47115767	0.4862533	0.4474782	-0.5083454	-0.4519596	0.46933708	0.4977404	-0.43562743	0.4938979	-0.48365325	-0.39366686	0.5221511	-0.47986206	-0.43017083	0.4385739	-0.49707896	0.47357044	0.4805369	-0.5049567	-0.4414533	-0.480086	-0.43957523	0.49301887	-0.43383244	-0.5149702	0.4912017	0.50028616	-0.44718507	-0.5297183	-0.45575866	-0.48852104	-0.46954286	-0.45582044	0.49817675	-0.53142965	-0.4595039	-0.46532035	-0.44428217	0.44516775	0.48212773	-0.49812457	0.51404107	0.48407242	-0.4808781	0.4732445	0.49108675	-0.49540034	0.49281594	0.4618142	-0.44929987	-0.46915275	0.52051103	0.5049824	0.50309575	-0.47301412	-0.4671305	0.39483708	0.48403856	-0.4829286	0.46407247	0.49445438	0.4551732	0.49282873	0.5028339	0.53211606	-0.4693966	-0.44547826	0.4296307	0.46595562	-0.44808304	0.45874834	-0.505348	0.5162039	0.43487695	-0.43421066	0.5075326	-0.5316441
-0.64901465	-0.7031498	-0.64440805	0.61698073	-0.6666957	-0.56692404	0.5842752	0.61345214	0.6526858	0.6620007	-0.6521654	-0.6719882	-0.6274738	0.6480438	-0.63817704	-0.65554184	0.6961431	0.6381837	-0.65623695	-0.67378306	-0.708328	-0.6411596	0.6814219	0.61994207	0.636878	0.665881	-0.69457936	-0.6884686	0.68868995	0.7015196	-0.6990069	0.62349856	-0.6204376	-0.6310833	0.6978833	-0.6444457	-0.63923454	0.6923201	-0.6364587	0.6241432	0.6610372	-0.6287523	-0.6045076	-0.6163194	-0.6957813	0.6136417	-0.6558092	-0.6310853	0.6474571	0.6332882	-0.59155965	-0.6466872	-0.6422606	-0.69411445	-0.66663635	-0.6083546	0.6346351	-0.65926033	-0.60784125	-0.6788676	-0.6410077	0.59178215	0.65072584	-0.67763126	0.66936725	0.69487774	-0.61531824	0.6404031	0.6854353	-0.70161396	0.66626203	0.70623875	-0.62327105	-0.60064244	0.61929363	0.6264058	0.67801684	-0.6498616	-0.62665296	0.62049305	0.6238774	-0.6664523	0.68916434	0.6522863	0.62048084	0.64872146	0.70103467	0.6722509	-0.6630398	-0.60451025	0.62704384	0.6600278	-0.7045277	0.638108	-0.7016317	0.67673665	0.6972847	-0.5778946	0.62559605	-0.6691367
-0.54217	-0.5806767	-0.56716794	0.5165385	-0.462069	-0.48595214	0.48231643	0.52559656	0.5616379	0.46119437	-0.5412725	-0.5320988	-0.58117896	0.46188518	-0.5485904	-0.5523666	0.56889504	0.4766425	-0.56413794	-0.5345182	-0.59142345	-0.5273879	0.5717811	0.5003891	0.52192765	0.54021776	-0.5350168	-0.511653	0.58991295	0.53362966	-0.5261889	0.5939551	-0.49240372	-0.44109833	0.5814498	-0.5632081	-0.4641366	0.48645762	-0.510255	0.5017853	0.554012	-0.57276255	-0.5150547	-0.55919206	-0.47384566	0.55666417	-0.48753142	-0.49062684	0.5277299	0.55408716	-0.5055491	-0.56610143	-0.47700068	-0.5332145	-0.57490814	-0.59430236	0.509268	-0.57110995	-0.50974435	-0.56609976	-0.5483566	0.48485902	0.44685325	-0.5904598	0.523467	0.52237916	-0.4543777	0.5270414	0.56345546	-0.5146105	0.4821847	0.5308483	-0.52932453	-0.5233947	0.5376843	0.5126151	0.5153332	-0.5799775	-0.48904833	0.41020268	0.49184573	-0.5150678	0.58772355	0.5428516	0.4754148	0.5577102	0.49478242	0.55680454	-0.5159175	-0.47148564	0.5538308	0.46327254	-0.58085245	0.5762682	-0.54829717	0.47247034	0.5631551	-0.45423147	0.5486253	-0.5509255
-0.190385	-0.19025886	-0.22796987	0.19751704	-0.20401353	-0.25594154	0.2529173	0.25451943	0.26277694	0.20713753	-0.25062287	-0.20327634	-0.18282019	0.19437325	-0.26748016	-0.25253478	0.2605695	0.22240266	-0.22147541	-0.20291077	-0.21203144	-0.26277307	0.27217805	0.19827475	0.20238481	0.24954961	-0.23737605	-0.19540378	0.21881233	0.26739913	-0.22171935	0.19181237	-0.18641046	-0.24610387	0.19993088	-0.26292977	-0.21515435	0.25897142	-0.26959893	0.24193268	0.25805816	-0.19780111	-0.23089516	-0.21848994	-0.21056785	0.27096617	-0.17422424	-0.23024704	0.20455202	0.24578707	-0.2128603	-0.22708634	-0.21682851	-0.2571544	-0.2145262	-0.258975	0.2728022	-0.24057405	-0.2793704	-0.23324054	-0.2335311	0.18616685	0.2466834	-0.22306632	0.20910938	0.25589827	-0.24241266	0.19372095	0.21107152	-0.2856553	0.20210454	0.25793386	-0.21597068	-0.20871666	0.19048306	0.26150033	0.21186881	-0.23130962	-0.1864819	0.17056927	0.23667285	-0.21607555	0.23996237	0.19782548	0.19680482	0.24934722	0.25690445	0.20571676	-0.24948676	-0.21265206	0.26041746	0.26536998	-0.24977097	0.19268194	-0.2578552	0.27818608	0.22493912	-0.21650888	0.20086451	-0.2184481
-0.47758442	-0.4075273	-0.41892618	0.46640795	-0.42607367	-0.46447545	0.40960154	0.46378836	0.46577573	0.432925	-0.4893087	-0.42111778	-0.44103035	0.44598627	-0.49475032	-0.4715365	0.43954688	0.50729716	-0.40656108	-0.45946944	-0.4111117	-0.4142221	0.4928719	0.48356134	0.40486303	0.48370832	-0.48229438	-0.46040538	0.45598444	0.44712797	-0.49712127	0.44727403	-0.46669206	-0.47473678	0.49693692	-0.45282426	-0.49432212	0.4853215	-0.47900575	0.5036134	0.4145717	-0.45482525	-0.45537856	-0.43714818	-0.4458055	0.48851153	-0.46809205	-0.46934524	0.4715963	0.41420296	-0.45949966	-0.4149289	-0.49766532	-0.4607502	-0.45663044	-0.45148537	0.40387654	-0.4426712	-0.4623322	-0.41717947	-0.41426107	0.4246048	0.49494857	-0.46504724	0.39135233	0.45542392	-0.41053692	0.46370867	0.44459018	-0.4241259	0.45751986	0.46130818	-0.48472807	-0.493989	0.46211413	0.42293885	0.45800418	-0.41150817	-0.4207532	0.44768992	0.4409779	-0.42020798	0.49500734	0.40624398	0.49360022	0.43716484	0.47810283	0.51026374	-0.44865388	-0.4207687	0.44573689	0.4532118	-0.46856928	0.41056836	-0.42150405	0.4122115	0.44503757	-0.38676456	0.48977813	-0.39367738
-0.18369316	-0.20633246	-0.1923412	0.12274862	-0.12772709	-0.18395652	0.15882826	0.15469483	0.16304494	0.14422669	-0.12969169	-0.20028828	-0.14830843	0.2186293	-0.15642007	-0.13187334	0.2217199	0.19859621	-0.1371433	-0.1509024	-0.195065	-0.17457612	0.20381582	0.14355288	0.13025351	0.18368825	-0.15416427	-0.17731914	0.19265932	0.17904574	-0.18081574	0.14887083	-0.12932412	-0.14176136	0.17124909	-0.16345303	-0.19511563	0.123238094	-0.12553239	0.21780157	0.13717224	-0.21233483	-0.22147632	-0.2186587	-0.15880966	0.21000208	-0.13378188	-0.12936276	0.18416514	0.18415214	-0.20709696	-0.20128372	-0.18485771	-0.21208814	-0.14603394	-0.16841921	0.14855455	-0.20966066	-0.13255903	-0.1744393	-0.21666779	0.14451261	0.1672566	-0.124261685	0.1299361	0.21541932	-0.16502517	0.1805978	0.18425062	-0.1642165	0.21005371	0.123102956	-0.14843403	-0.19417524	0.20506065	0.19802712	0.2128404	-0.15816867	-0.2173512	0.19453181	0.16914181	-0.15998198	0.19755858	0.1359641	0.19195248	0.12509744	0.14154227	0.1615433	-0.2065671	-0.13086113	0.2177719	0.14374974	-0.13988075	0.18417984	-0.16880979	0.21559726	0.12993506	-0.18453287	0.1543388	-0.20810121
-0.5246165	-0.5418727	-0.56208867	0.55942976	-0.5201791	-0.51973355	0.48499843	0.54175955	0.5265141	0.5945145	-0.55706406	-0.52541137	-0.58647466	0.4871112	-0.5638707	-0.60120875	0.5774487	0.53047806	-0.52598137	-0.54723954	-0.56696427	-0.5739481	0.5682728	0.6061014	0.50741124	0.5489703	-0.5205664	-0.5848004	0.60980827	0.59931636	-0.5916313	0.5984735	-0.56534344	-0.47432527	0.5539389	-0.58645844	-0.52706856	0.5704902	-0.5573975	0.47991434	0.5705127	-0.5657716	-0.6000376	-0.509228	-0.50134444	0.57278997	-0.47193202	-0.57620025	0.5470507	0.5301806	-0.45711237	-0.5238099	-0.515321	-0.57013226	-0.5675538	-0.6114483	0.59290916	-0.5666139	-0.57122916	-0.51196563	-0.598619	0.4947104	0.53230643	-0.5886214	0.59820133	0.53121686	-0.5169161	0.5380289	0.5775536	-0.58784056	0.50687677	0.5697493	-0.555826	-0.49627718	0.5635823	0.5643932	0.52834004	-0.5204283	-0.5498186	0.47613606	0.508921	-0.48046625	0.51020396	0.49442723	0.5217367	0.53782606	0.584288	0.5801855	-0.50432056	-0.58352745	0.5010393	0.5778921	-0.52607554	0.5121261	-0.57178533	0.56458503	0.5988111	-0.49030575	0.50034857	-0.5816538
-0.31105003	-0.4026553	-0.39710397	0.45683593	-0.39668927	-0.43144876	0.39112842	0.38932872	0.42926925	0.4155585	-0.42429513	-0.39476112	-0.4524677	0.3395607	-0.36007547	-0.38517028	0.42488208	0.37693447	-0.3963592	-0.4481661	-0.38369805	-0.36809552	0.39922595	0.3758674	0.36940062	0.3842646	-0.37862706	-0.37397802	0.38734296	0.427661	-0.42953852	0.45382535	-0.4491078	-0.31941354	0.42762628	-0.37879285	-0.31424075	0.39772505	-0.37221944	0.3662381	0.4602531	-0.40143386	-0.40689304	-0.39699656	-0.4285282	0.45441434	-0.39183763	-0.37438044	0.38567704	0.39073288	-0.3477655	-0.41869852	-0.31428972	-0.37866205	-0.4008633	-0.4242701	0.3509585	-0.44750652	-0.447456	-0.32653815	-0.41213715	0.36554232	0.38540435	-0.45020264	0.4033667	0.43706074	-0.3304394	0.38739145	0.42842048	-0.40659797	0.34801573	0.36907724	-0.41168392	-0.37845647	0.35211197	0.32363153	0.3785751	-0.38990477	-0.4196518	0.36146036	0.40320507	-0.2824221	0.40088752	0.38050538	0.30709812	0.33932626	0.4220668	0.35889375	-0.37994045	-0.35679656	0.37343988	0.42296878	-0.35597247	0.3957329	-0.37135944	0.36580613	0.42195708	-0.31820273	0.42016095	-0.42680487
-0.47659045	-0.7019666	-0.6942186	0.701651	-0.68364537	-0.75859076	0.69937414	0.6291119	0.6904838	0.7791207	-0.7238128	-0.747278	-0.7186172	0.66424346	-0.778575	-0.7055249	0.7863086	0.6375258	-0.7096356	-0.66141677	-0.79046994	-0.7284229	0.75674653	0.70440936	0.7307254	0.66089624	-0.65313435	-0.7331062	0.78943646	0.7570549	-0.7139307	0.7985709	-0.69252425	-0.5612942	0.67854434	-0.74902666	-0.65336967	0.6835891	-0.6847933	0.6831543	0.7579558	-0.754389	-0.79385364	-0.7113794	-0.6556644	0.73640406	-0.7116408	-0.7061829	0.7781596	0.69711095	-0.57215	-0.7174173	-0.66637856	-0.7523093	-0.77959925	-0.7467774	0.7878279	-0.78536016	-0.7163661	-0.6014001	-0.7441398	0.68789047	0.6427318	-0.75874335	0.70658547	0.74802727	-0.6117327	0.6453599	0.79519755	-0.7257696	0.6556727	0.7707586	-0.7796061	-0.70166445	0.73920155	0.7146159	0.6483072	-0.75037104	-0.6914667	0.59484553	0.5981398	-0.61452734	0.72721225	0.6131441	0.5786132	0.5822785	0.6588871	0.6035135	-0.6487933	-0.7772591	0.68437743	0.7022881	-0.687348	0.75834954	-0.6618574	0.6473664	0.732405	-0.56105775	0.6756277	-0.8079044
-0.39889765	-0.36997145	-0.44381204	0.37942246	-0.39943781	-0.33733064	0.4367141	0.38499606	0.44377223	0.4459486	-0.37900504	-0.42077202	-0.42893422	0.40815732	-0.39666924	-0.44717225	0.3824191	0.3824346	-0.42129058	-0.45728964	-0.3954888	-0.37967768	0.37891597	0.420845	0.39110085	0.4382954	-0.39589217	-0.40898457	0.38639578	0.37691742	-0.41672683	0.3967248	-0.4493384	-0.41842654	0.4041521	-0.44946882	-0.37850687	0.38605347	-0.4366812	0.35839656	0.37955564	-0.389897	-0.40501282	-0.3729226	-0.40986988	0.38449624	-0.38504887	-0.387831	0.4234341	0.35154632	-0.43566766	-0.4599625	-0.3915645	-0.4495962	-0.40426883	-0.41596055	0.45651785	-0.42447123	-0.4364668	-0.42364675	-0.44052303	0.4385644	0.39067003	-0.42505935	0.44033265	0.43634436	-0.40905803	0.38234374	0.39981958	-0.3785136	0.42481506	0.38747984	-0.37461936	-0.41654357	0.36408228	0.43460998	0.38399	-0.40741032	-0.38100126	0.39094514	0.3902063	-0.43248534	0.3979658	0.36809668	0.39049876	0.40446007	0.38717163	0.412642	-0.35887888	-0.36315253	0.39151385	0.39216793	-0.36942056	0.32436344	-0.40600818	0.3690421	0.46246806	-0.42896125	0.39807034	-0.44795266
-0.3164054	-0.35709402	-0.35568345	0.3620531	-0.3294557	-0.35469228	0.28810224	0.3341604	0.3207318	0.36768305	-0.32335764	-0.37653142	-0.31117725	0.2960458	-0.29435918	-0.39847717	0.38526362	0.30550733	-0.35807747	-0.31332245	-0.32283857	-0.32372412	0.33517188	0.3614389	0.3037175	0.30668238	-0.30885166	-0.3293363	0.3409014	0.40050164	-0.36223558	0.33961847	-0.38068557	-0.27635577	0.3303491	-0.37765732	-0.31407475	0.36673185	-0.27270684	0.2817293	0.37719586	-0.30131024	-0.32118356	-0.3248388	-0.31398773	0.39591467	-0.3212464	-0.3719609	0.37449345	0.38039142	-0.31877488	-0.40365148	-0.38047683	-0.34531775	-0.34870645	-0.36635968	0.31049424	-0.4046399	-0.2977605	-0.33342218	-0.34158483	0.35439956	0.3146202	-0.38472238	0.34333336	0.37601465	-0.33677292	0.341897	0.35339507	-0.33175242	0.30848834	0.34415483	-0.2999858	-0.335542	0.37202328	0.31530866	0.28036046	-0.32130873	-0.3251366	0.24377283	0.3674728	-0.35291332	0.32383493	0.3736339	0.27514303	0.36321515	0.32008415	0.32228133	-0.32112113	-0.33385247	0.35357314	0.34094182	-0.38717043	0.33145836	-0.37082455	0.39691517	0.3146616	-0.2560737	0.33868822	-0.31623992
-0.7109842	-0.63799715	-0.70821726	0.71089476	-0.6560774	-0.560422	0.6716028	0.6734071	0.74734926	0.63630223	-0.6507232	-0.71269834	-0.6917402	0.6682839	-0.67483	-0.6398162	0.702302	0.71984035	-0.67369336	-0.69449466	-0.7097563	-0.71922976	0.622503	0.6963713	0.6861441	0.66779286	-0.68677866	-0.6407342	0.7184791	0.73490006	-0.6996887	0.68354356	-0.7025231	-0.58734083	0.7132788	-0.69182265	-0.6238692	0.74903494	-0.7028421	0.68407375	0.69174176	-0.68634593	-0.62900925	-0.70808136	-0.71654856	0.6167619	-0.6750273	-0.6845727	0.6854958	0.6636853	-0.61346495	-0.7271435	-0.72931087	-0.7185549	-0.75318617	-0.7442273	0.67575914	-0.677629	-0.61862653	-0.69559234	-0.63054776	0.70483804	0.67252326	-0.6631242	0.7306888	0.7591541	-0.6764794	0.71861297	0.67573875	-0.7318345	0.7071624	0.64876544	-0.7240142	-0.7278676	0.7020368	0.64666617	0.6810245	-0.7054333	-0.6762633	0.5970831	0.6888376	-0.62105834	0.67998695	0.62111294	0.58489436	0.7130625	0.70575476	0.6632377	-0.61699164	-0.6564478	0.7156523	0.608159	-0.68683624	0.5918289	-0.6616566	0.7147832	0.7301501	-0.54022384	0.68970704	-0.71124196
-0.54942924	-0.58776546	-0.58434427	0.5152278	-0.5592027	-0.56809276	0.5709744	0.4787853	0.5514798	0.5812208	-0.54961944	-0.4964854	-0.5208577	0.54514337	-0.58425146	-0.5388205	0.5306045	0.5528489	-0.525247	-0.57633436	-0.55593276	-0.52647316	0.5555419	0.4937402	0.5347489	0.50032544	-0.5591637	-0.5765993	0.5808207	0.5701113	-0.49359936	0.52213156	-0.56657785	-0.5069033	0.5710321	-0.51308274	-0.5068039	0.50870293	-0.5612243	0.5786127	0.51166815	-0.522932	-0.5603098	-0.5550335	-0.5657537	0.57368934	-0.5457643	-0.49897248	0.5449466	0.5604252	-0.46116474	-0.5171155	-0.5191745	-0.5404002	-0.5223801	-0.5280846	0.5666157	-0.5674828	-0.50634915	-0.5696168	-0.55120957	0.5025575	0.4843646	-0.56955564	0.5568224	0.57908386	-0.54220104	0.5068824	0.55698234	-0.5065633	0.49352923	0.51647997	-0.5419811	-0.51518035	0.5106025	0.5177579	0.48908567	-0.59029275	-0.52955997	0.5303218	0.48970073	-0.55991584	0.48696026	0.5262473	0.5153855	0.51750356	0.5383412	0.54149383	-0.52856374	-0.49937093	0.5420369	0.5817938	-0.56888115	0.53532135	-0.542771	0.5104411	0.5441491	-0.54537374	0.52132154	-0.4956554
-0.2226404	-0.3974967	-0.37820047	0.36581716	-0.41872594	-0.363123	0.37139484	0.333888	0.4373904	0.40096954	-0.36659783	-0.38078576	-0.40736815	0.3426895	-0.3855819	-0.35632282	0.3941834	0.37234017	-0.38487595	-0.4345331	-0.39750257	-0.43806663	0.39021015	0.4270864	0.3867305	0.41444755	-0.43240085	-0.39504322	0.38483444	0.42223448	-0.41206867	0.36888337	-0.41540712	-0.387467	0.41810864	-0.33283463	-0.38709015	0.40809447	-0.3887539	0.3532847	0.3729875	-0.37239233	-0.40505293	-0.38616213	-0.42120588	0.33705816	-0.38415128	-0.36462343	0.3774021	0.36033916	-0.36005569	-0.45169476	-0.37143043	-0.43501878	-0.35980085	-0.4074607	0.41714367	-0.38089633	-0.41540992	-0.38666543	-0.4285246	0.41647896	0.3986661	-0.38889757	0.40105477	0.34752905	-0.34830123	0.34439677	0.43485537	-0.44864696	0.38331306	0.37273318	-0.36155224	-0.4017775	0.35003385	0.39893168	0.39687344	-0.34297267	-0.4141934	0.3238955	0.38500246	-0.31222907	0.3646688	0.41815954	0.3217636	0.3415146	0.3717711	0.27903786	-0.42915362	-0.35760146	0.43958026	0.36715236	-0.38405108	0.4185685	-0.41584432	0.34781364	0.37501562	-0.40093404	0.4320333	-0.42943242
-0.21573225	-0.17293197	-0.21067867	0.22073545	-0.17976567	-0.24100137	0.22496708	0.20564921	0.17378068	0.2312264	-0.1991708	-0.2472149	-0.23329057	0.23401974	-0.24432985	-0.20579031	0.22584885	0.20651798	-0.23770982	-0.24124712	-0.20333149	-0.17821318	0.18615183	0.15852739	0.16768849	0.17853977	-0.19788581	-0.17055672	0.22614993	0.20422746	-0.2466963	0.25466478	-0.24808572	-0.17242318	0.1571384	-0.23899528	-0.12766302	0.20173226	-0.1434116	0.17392322	0.17898327	-0.17371938	-0.16638659	-0.23187806	-0.16401215	0.25760224	-0.18143763	-0.20995413	0.22143306	0.21326306	-0.20565553	-0.19620599	-0.23420474	-0.25357243	-0.18508384	-0.250645	0.18171369	-0.25576624	-0.20210576	-0.23406179	-0.18445802	0.20985653	0.15049043	-0.18117337	0.22525275	0.17935716	-0.18136297	0.15730174	0.2602182	-0.17040673	0.18111701	0.16421002	-0.20655012	-0.23135568	0.2485485	0.23719174	0.24853678	-0.20794745	-0.15256639	0.1186136	0.20067237	-0.22741802	0.24494232	0.14443448	0.14310646	0.19925104	0.2123885	0.20226465	-0.18400097	-0.2061086	0.17716856	0.23218258	-0.1766193	0.26895422	-0.23678353	0.15737486	0.20575278	-0.20291217	0.24835421	-0.21847737
-0.4915484	-0.5434132	-0.5746911	0.52371866	-0.4969034	-0.5553508	0.5825262	0.46455005	0.5530208	0.5249254	-0.554505	-0.58203644	-0.56255805	0.56353056	-0.6058238	-0.54418314	0.563016	0.5241014	-0.5361495	-0.557251	-0.6085007	-0.508354	0.58066344	0.583572	0.5973895	0.48794332	-0.51849294	-0.5450602	0.5852068	0.533067	-0.54318225	0.5337272	-0.5143474	-0.4958284	0.53221536	-0.58046603	-0.5217656	0.5296325	-0.50657266	0.55534476	0.5697463	-0.59450734	-0.5755179	-0.5959662	-0.5825206	0.51991194	-0.60714436	-0.5994209	0.5382925	0.5306799	-0.49366078	-0.5237195	-0.506536	-0.5284017	-0.57067734	-0.58382416	0.52480644	-0.60819334	-0.5319735	-0.48233846	-0.50957674	0.54216415	0.49334198	-0.59165233	0.52561885	0.57543516	-0.4454366	0.48124892	0.5323571	-0.55057126	0.490681	0.5485228	-0.5724726	-0.5281017	0.57522756	0.6012267	0.5797076	-0.600794	-0.5997268	0.5686871	0.51103806	-0.47765732	0.52013904	0.53366333	0.49269572	0.55068934	0.55970174	0.5566406	-0.5778727	-0.57831883	0.5945022	0.52119166	-0.5717735	0.5180181	-0.57767904	0.5473631	0.5318915	-0.55091906	0.56388247	-0.5969535
-0.63816994	-0.7022745	-0.62928295	0.72335607	-0.7286755	-0.6847046	0.62752056	0.64612377	0.7311148	0.6979484	-0.69983786	-0.65245384	-0.7238485	0.6464346	-0.64025027	-0.728216	0.6364851	0.678614	-0.68760127	-0.705657	-0.7333393	-0.6750076	0.7115116	0.6844987	0.68029493	0.7139681	-0.6837708	-0.704819	0.6718586	0.72023064	-0.7623515	0.67090106	-0.7640354	-0.6430413	0.70826185	-0.69217336	-0.69930655	0.7405513	-0.6933527	0.7069548	0.71818894	-0.67136604	-0.70599276	-0.7154442	-0.6876789	0.71374345	-0.64966494	-0.6454708	0.7238405	0.63093376	-0.5730451	-0.7261395	-0.613485	-0.6435721	-0.68763775	-0.6879753	0.6442744	-0.7038601	-0.7466804	-0.6527781	-0.66090816	0.6272771	0.67588246	-0.72375965	0.6850796	0.77406645	-0.7204565	0.65789855	0.7520969	-0.7179821	0.6582113	0.7330181	-0.6583149	-0.64192986	0.6641279	0.6422844	0.74095714	-0.7212604	-0.6930185	0.6753932	0.6872952	-0.63201	0.6804157	0.70439804	0.64175636	0.663131	0.6965467	0.7012524	-0.61790466	-0.7049864	0.7099352	0.7103384	-0.7064344	0.72935784	-0.69854265	0.67128706	0.74902457	-0.652356	0.72197866	-0.7229491
-0.49885282	-0.5054992	-0.52605236	0.49496704	-0.43010047	-0.40650308	0.43547583	0.44649217	0.4399395	0.4476931	-0.46117815	-0.52726084	-0.42841867	0.5229941	-0.42989835	-0.42637753	0.46047175	0.5077006	-0.4072761	-0.44791058	-0.45222306	-0.43952748	0.48887676	0.44218475	0.43564054	0.47271112	-0.5123195	-0.4299703	0.49921423	0.42053044	-0.46200314	0.4672628	-0.4746296	-0.43162817	0.49141854	-0.49142262	-0.45624125	0.4745124	-0.47116557	0.49369085	0.49087858	-0.4727778	-0.46397883	-0.49942195	-0.41316366	0.4816677	-0.4210607	-0.44473675	0.50747895	0.44200224	-0.400457	-0.48044613	-0.44060326	-0.4353442	-0.41282395	-0.5484748	0.48333532	-0.48448837	-0.47635165	-0.49753696	-0.46395445	0.4842223	0.43640745	-0.5268143	0.5190533	0.48997766	-0.44670627	0.4453594	0.4485254	-0.4297313	0.48434517	0.45012817	-0.49910516	-0.41251886	0.49229154	0.4845806	0.4532502	-0.47377977	-0.40393177	0.3716768	0.5050806	-0.47245857	0.47839576	0.45339492	0.47614533	0.48699173	0.50387895	0.49533024	-0.44333974	-0.42824647	0.42536798	0.4327399	-0.47493362	0.5258501	-0.4381147	0.4665062	0.45249978	-0.36635727	0.5041096	-0.47766423
-0.5606262	-0.78867257	-0.8129824	0.77903366	-0.72655857	-0.78877544	0.71683323	0.6373177	0.7919228	0.7521747	-0.7627229	-0.84673345	-0.83027154	0.7200154	-0.803631	-0.7815569	0.76856816	0.73667777	-0.80921197	-0.7604545	-0.78340125	-0.7860952	0.78456736	0.81813556	0.7731947	0.7309788	-0.8204775	-0.75201905	0.81558496	0.809596	-0.7485901	0.83436745	-0.78466743	-0.71283215	0.79463303	-0.84901315	-0.7183617	0.7873244	-0.70318294	0.75420636	0.7744995	-0.7814404	-0.7899043	-0.81417227	-0.7861946	0.8267147	-0.7481602	-0.8148948	0.7771266	0.8114838	-0.59387773	-0.79804754	-0.66837144	-0.7850285	-0.7596499	-0.8540185	0.8247309	-0.84931993	-0.7967882	-0.63858455	-0.82206905	0.72451013	0.70297927	-0.84733105	0.76736414	0.8164038	-0.5769561	0.71539587	0.8081875	-0.81933016	0.73266906	0.8540407	-0.7648681	-0.7316907	0.8231331	0.7722662	0.7726017	-0.85684866	-0.7175803	0.68926114	0.63793415	-0.65505177	0.7653507	0.7539572	0.64664376	0.6253237	0.81516206	0.6472438	-0.74054056	-0.767695	0.7465331	0.7631725	-0.7893998	0.84681386	-0.80507606	0.6924796	0.7872559	-0.66500664	0.73248476	-0.765959
-0.6489451	-0.70283556	-0.6712707	0.6878559	-0.6440246	-0.5983865	0.65681916	0.6763458	0.68571997	0.6821218	-0.6083644	-0.6194125	-0.58244324	0.61271834	-0.682762	-0.61301255	0.6370834	0.6583646	-0.68308717	-0.64803666	-0.6800027	-0.6763783	0.6010411	0.62749594	0.612924	0.63599336	-0.7261799	-0.6462944	0.5874136	0.644735	-0.62865	0.617526	-0.6443234	-0.59235734	0.64524674	-0.6721245	-0.5671514	0.69295913	-0.6953578	0.6449394	0.6196731	-0.62743354	-0.59325254	-0.63027865	-0.64916253	0.5971771	-0.5681694	-0.6514581	0.656677	0.65074956	-0.68160075	-0.68642867	-0.65094686	-0.68069243	-0.65008324	-0.6806094	0.6618331	-0.5777309	-0.672452	-0.70219654	-0.6421783	0.6448269	0.67240965	-0.60082585	0.62337846	0.6276664	-0.7265537	0.65030855	0.6021877	-0.60928094	0.7234655	0.70741373	-0.6729075	-0.6330215	0.6171889	0.6181426	0.6076011	-0.6920804	-0.5326643	0.53337216	0.6561461	-0.66593826	0.71354425	0.64246017	0.6267918	0.6659902	0.708796	0.6565375	-0.65850294	-0.6289327	0.6913036	0.6117854	-0.6953053	0.5705484	-0.6411309	0.70812035	0.66944456	-0.6425587	0.6387276	-0.6009234
-0.12097329	-0.06518988	-0.07320851	0.107619666	-0.1113221	-0.07570427	0.10507056	0.098381765	0.095144264	0.11377367	-0.09580732	-0.13470662	-0.12706918	0.047019124	-0.1318972	-0.11448093	0.08366305	0.1289449	-0.09271547	-0.10845321	-0.039520074	-0.1384089	0.050636396	0.06633976	0.08559667	0.10314585	-0.0668334	-0.098253906	0.10700724	0.10577051	-0.053759977	0.12955277	-0.047950484	-0.1081362	0.10366883	-0.08132223	-0.04551829	0.0670026	-0.10013685	0.083204515	0.039275214	-0.057269588	-0.07838859	-0.051350348	-0.12149411	0.07789436	-0.08244621	-0.08188237	0.047214545	0.11909505	-0.0934709	-0.12636581	-0.083578795	-0.06509308	-0.056015216	-0.113991074	0.11074658	-0.091058515	-0.07581095	-0.11937129	-0.06168113	0.072909415	0.09041818	-0.07928122	0.096953735	0.13468045	-0.10421338	0.08003383	0.071908474	-0.07013591	0.12817211	0.10942203	-0.08456157	-0.12054737	0.121103905	0.04016141	0.12181166	-0.08986612	-0.08455536	0.09638973	0.04516858	-0.11532494	0.055238944	0.099354245	0.07896705	0.097383626	0.08001881	0.050445758	-0.12731583	-0.056735963	0.1114412	0.119141586	-0.060302824	0.03610711	-0.094667695	0.056470335	0.118008696	-0.110681206	0.105846	-0.12794814
-0.45391554	-0.591075	-0.47580233	0.5454779	-0.50139725	-0.650884	0.52475065	0.4895973	0.5871684	0.5044004	-0.58434325	-0.5007071	-0.5226242	0.47356838	-0.6050036	-0.5339519	0.5592418	0.53363985	-0.5167224	-0.51604897	-0.59369457	-0.52946585	0.5009697	0.5150221	0.49329826	0.55520153	-0.56681055	-0.5100603	0.6170809	0.5566813	-0.54032546	0.6034977	-0.5882816	-0.469814	0.5186619	-0.5896836	-0.41792667	0.47043112	-0.502851	0.53234625	0.59268475	-0.5635733	-0.5212593	-0.55781144	-0.5631223	0.6454023	-0.5142651	-0.4947378	0.54330647	0.52641195	-0.44169942	-0.6075338	-0.45027792	-0.510671	-0.5436279	-0.5493015	0.5376137	-0.6118291	-0.56992203	-0.53116924	-0.56654817	0.5366652	0.4509918	-0.6005278	0.5796276	0.5712235	-0.50113946	0.44996402	0.5291856	-0.5369562	0.53643656	0.515683	-0.49817353	-0.5379436	0.543583	0.5791581	0.57820094	-0.5136599	-0.60144866	0.44385055	0.54911494	-0.45386645	0.54732555	0.48830444	0.41867593	0.5545436	0.51779044	0.5425174	-0.5339797	-0.57486665	0.55796814	0.52526534	-0.5284287	0.6175718	-0.5278157	0.47040373	0.6275403	-0.44677666	0.5251251	-0.5549587
-0.6640551	-0.7162471	-0.72599536	0.7225982	-0.7152188	-0.7619824	0.67862844	0.69062304	0.69874936	0.66082937	-0.7127469	-0.6866319	-0.7853652	0.6604575	-0.6999226	-0.74854016	0.70676327	0.63928574	-0.7536507	-0.71854657	-0.7171284	-0.68672603	0.699892	0.70446676	0.68385893	0.7298474	-0.7660766	-0.68720955	0.777509	0.75059575	-0.7083673	0.7273245	-0.7648784	-0.64017445	0.67832243	-0.698923	-0.58778554	0.677463	-0.7164752	0.63093555	0.72132456	-0.7377487	-0.77434844	-0.68740106	-0.7468031	0.7321935	-0.621041	-0.71741563	0.76345104	0.6848366	-0.5919537	-0.7334475	-0.6443152	-0.67248464	-0.6831274	-0.7254999	0.6777647	-0.7540645	-0.7415977	-0.7185088	-0.7436169	0.6907487	0.67730266	-0.78340966	0.72965556	0.73375285	-0.66427785	0.6963855	0.7548495	-0.7497141	0.7253025	0.69343245	-0.7467256	-0.6862505	0.7449238	0.6466161	0.7228914	-0.70373887	-0.68086624	0.55250484	0.65931195	-0.585823	0.6738772	0.6530465	0.63254756	0.7164204	0.7175497	0.7221499	-0.7090298	-0.6869244	0.6815508	0.6783798	-0.73008204	0.7285723	-0.7021169	0.75075656	0.697092	-0.5314629	0.67007285	-0.7878323
-0.63636863	-0.6771808	-0.6065048	0.6556119	-0.67232764	-0.6755899	0.6124972	0.6108188	0.7013655	0.70010144	-0.69087166	-0.7074416	-0.6554825	0.67766464	-0.6428915	-0.7285145	0.64898646	0.6366812	-0.6802722	-0.62934035	-0.7341881	-0.69274956	0.63661444	0.696617	0.6187507	0.6280973	-0.73162216	-0.66310024	0.7415159	0.70430464	-0.6914116	0.65608823	-0.6357615	-0.5693675	0.7260839	-0.72725	-0.61181253	0.71008664	-0.6620742	0.6633032	0.68718517	-0.6237738	-0.7049356	-0.67291874	-0.67299205	0.6590142	-0.49832165	-0.7154484	0.68476504	0.6828519	-0.6131526	-0.63895184	-0.6014052	-0.7243872	-0.6365598	-0.6577912	0.64107704	-0.64932066	-0.64485323	-0.66746634	-0.6335948	0.59600246	0.653349	-0.7119555	0.6583035	0.7390016	-0.60983354	0.6656	0.7384439	-0.6325133	0.6770316	0.70602846	-0.6515642	-0.6976443	0.66676366	0.7007145	0.5864237	-0.677867	-0.52166003	0.47475275	0.6157096	-0.5493157	0.70378095	0.6328609	0.603021	0.7270023	0.69526225	0.7047891	-0.60463256	-0.6195081	0.6582145	0.69514036	-0.66780883	0.70108056	-0.65037656	0.67726964	0.716347	-0.5136236	0.713605	-0.71416634
-0.48693156	-0.52692926	-0.5264054	0.50664884	-0.5003424	-0.4739944	0.49001202	0.45761886	0.49395925	0.51119274	-0.46850955	-0.554041	-0.5759003	0.53188723	-0.5241213	-0.5250615	0.5023442	0.56213355	-0.46115708	-0.45929086	-0.45843917	-0.55540526	0.515156	0.47069967	0.5431217	0.46525407	-0.48254418	-0.46440607	0.4693932	0.5095552	-0.5260218	0.45946187	-0.510911	-0.50098914	0.48766586	-0.44790486	-0.50042707	0.56512994	-0.54739755	0.47036725	0.53060216	-0.5327997	-0.5182818	-0.5158611	-0.5520719	0.4542958	-0.43106043	-0.4976269	0.48043156	0.4686453	-0.5044356	-0.5500024	-0.5717813	-0.54805785	-0.5207029	-0.51397514	0.55118614	-0.45672914	-0.52339065	-0.5021353	-0.5208581	0.50370276	0.5418641	-0.473056	0.4845197	0.4711185	-0.55883086	0.5586002	0.4958066	-0.5019723	0.52063453	0.5333664	-0.56120265	-0.44357628	0.5556364	0.54883903	0.48535523	-0.4723075	-0.49244162	0.4605212	0.5117983	-0.5388062	0.52019775	0.5084529	0.5232334	0.54372966	0.50581616	0.50959086	-0.47270492	-0.47159356	0.53299487	0.4652855	-0.531764	0.50092626	-0.54468375	0.5741878	0.5072298	-0.49474916	0.5247304	-0.54859674
-0.6880116	-0.6875741	-0.67137617	0.7204362	-0.709763	-0.70098925	0.6520016	0.59913284	0.6584177	0.7105864	-0.6955632	-0.7388598	-0.73471624	0.6783577	-0.6615395	-0.7460455	0.74524325	0.64763254	-0.66248333	-0.72996974	-0.6752053	-0.67661816	0.6716827	0.6967398	0.6685593	0.66851693	-0.73943955	-0.656654	0.73456997	0.7512083	-0.686335	0.7423655	-0.7078925	-0.54359543	0.6449588	-0.7427134	-0.6173819	0.6947417	-0.6537343	0.6478368	0.6706827	-0.7070109	-0.70215625	-0.65834314	-0.67410016	0.6692562	-0.60413724	-0.70243585	0.691719	0.7150373	-0.586248	-0.74846077	-0.63147736	-0.6852884	-0.73365885	-0.6531175	0.69885427	-0.69488174	-0.6505858	-0.6845981	-0.7209308	0.6453332	0.6697564	-0.74948126	0.67183715	0.6692344	-0.68751806	0.626152	0.68630636	-0.7059237	0.69554526	0.7188516	-0.69076645	-0.644181	0.7351991	0.6558399	0.6947485	-0.7408562	-0.6631792	0.472658	0.6787942	-0.606543	0.6472502	0.69922584	0.60225064	0.72517425	0.7238066	0.67181534	-0.6316497	-0.6928157	0.65501106	0.6564334	-0.67380977	0.63600177	-0.7085276	0.71970034	0.6888204	-0.5009256	0.6753884	-0.7369305
-0.4328742	-0.46911797	-0.42680427	0.4849568	-0.4766518	-0.4651333	0.44516826	0.45552954	0.45069405	0.4128717	-0.43285084	-0.50063056	-0.4375506	0.42518607	-0.48149812	-0.41413942	0.4545456	0.40878513	-0.46842963	-0.4648765	-0.47225872	-0.48101318	0.4679598	0.5046961	0.4418744	0.3937281	-0.44218484	-0.47118092	0.47081107	0.4812083	-0.45610702	0.40783226	-0.4549381	-0.40471122	0.42710382	-0.50339955	-0.3728532	0.46488014	-0.4141886	0.4039597	0.47806317	-0.41402483	-0.4913881	-0.48055178	-0.41564265	0.44425443	-0.46346512	-0.46476638	0.4584439	0.47441766	-0.40636107	-0.49185	-0.41907182	-0.41286775	-0.49790108	-0.49743688	0.45735994	-0.46018553	-0.39635363	-0.4516866	-0.4765113	0.4605645	0.43741503	-0.4901259	0.4053413	0.49074328	-0.46857953	0.41095018	0.46885195	-0.48066494	0.45794868	0.47296652	-0.40876046	-0.47924	0.4516837	0.42774448	0.43264377	-0.49962083	-0.47883892	0.3991963	0.4152586	-0.41885316	0.47866887	0.4102293	0.3807352	0.44259813	0.40694115	0.4674046	-0.44095716	-0.44096178	0.42340204	0.49520192	-0.43913263	0.46668383	-0.40893355	0.3942751	0.47976628	-0.39803183	0.43478462	-0.47900414
-0.43303567	-0.4459234	-0.4373456	0.45094252	-0.4365809	-0.42878437	0.46510816	0.43029875	0.42166588	0.48552153	-0.39330444	-0.42317572	-0.42730433	0.46349132	-0.4155749	-0.4832448	0.39621484	0.4134712	-0.4018118	-0.4710055	-0.44714585	-0.42893395	0.46008623	0.47322354	0.40008962	0.4286379	-0.37465182	-0.46372813	0.44652072	0.48450577	-0.40618664	0.4133164	-0.416641	-0.4338874	0.47193518	-0.4853752	-0.44076717	0.46902397	-0.4074758	0.45019782	0.4662972	-0.47401744	-0.40709227	-0.48513994	-0.43846947	0.39140502	-0.47138032	-0.4644125	0.391912	0.41013077	-0.3862406	-0.3964341	-0.41472772	-0.43480527	-0.4402035	-0.4720756	0.42952612	-0.46978787	-0.43939427	-0.40305302	-0.41980538	0.37264243	0.38599333	-0.43149886	0.42027497	0.47387835	-0.34106773	0.4667319	0.3980071	-0.447258	0.43591514	0.39936477	-0.4504725	-0.4619868	0.38562432	0.4896451	0.41315597	-0.4725713	-0.4837806	0.45172194	0.4206273	-0.4070372	0.43068174	0.44900554	0.43480113	0.41853663	0.48301312	0.38505635	-0.40842792	-0.5035658	0.41682535	0.49294275	-0.40656966	0.37771577	-0.43591005	0.3736534	0.4148679	-0.45380896	0.38404897	-0.48692632
-0.42509317	-0.6379871	-0.6131877	0.590124	-0.5453651	-0.5756757	0.5746686	0.55309874	0.5494167	0.5814534	-0.58897495	-0.5607928	-0.5410032	0.5770518	-0.6233843	-0.6272804	0.6176638	0.51240444	-0.5488945	-0.5726839	-0.5628029	-0.56340367	0.5833693	0.59919065	0.59363145	0.54747874	-0.5440738	-0.5779726	0.56341153	0.565494	-0.5918635	0.63037527	-0.5930582	-0.57107615	0.5469567	-0.5811852	-0.5251033	0.5768417	-0.52574617	0.6155757	0.611329	-0.6315181	-0.61259305	-0.5611186	-0.52506745	0.59303576	-0.56827164	-0.57261914	0.6158934	0.5561013	-0.5482958	-0.57977784	-0.562794	-0.56143355	-0.5539128	-0.57995856	0.59148115	-0.538629	-0.5487215	-0.50893897	-0.5664052	0.53138816	0.5218522	-0.5407798	0.59335256	0.54683095	-0.47580743	0.56611276	0.5854367	-0.5659898	0.5290694	0.53488666	-0.62293005	-0.54593015	0.5638547	0.59452796	0.5393825	-0.58294487	-0.5905417	0.5908248	0.5124826	-0.472322	0.54914117	0.60397786	0.6015153	0.49450195	0.57728326	0.4427295	-0.6045538	-0.5418896	0.5876352	0.57030535	-0.55097145	0.53893906	-0.5453186	0.5773182	0.61136436	-0.54787046	0.6170709	-0.58472914
-0.5268367	-0.5816805	-0.541864	0.56030786	-0.59514457	-0.5895962	0.60825974	0.5241044	0.53821635	0.65411097	-0.6692691	-0.65058625	-0.66022676	0.5416509	-0.58123577	-0.6013477	0.661551	0.55722415	-0.63528925	-0.62789273	-0.5565902	-0.5148063	0.65480953	0.5757352	0.5718453	0.5623606	-0.5501415	-0.4927884	0.5853406	0.63463616	-0.6159717	0.58624303	-0.5562918	-0.50058407	0.60510564	-0.6713349	-0.55713177	0.5215049	-0.5402858	0.580193	0.60209984	-0.61156946	-0.5680881	-0.56102765	-0.6173039	0.61772484	-0.6288398	-0.62717855	0.5974834	0.64462984	-0.4922421	-0.6342042	-0.5769512	-0.5810724	-0.62216127	-0.64112043	0.59937674	-0.5933245	-0.5964979	-0.5275833	-0.58982676	0.58272827	0.530803	-0.6625316	0.56528884	0.5576026	-0.47931436	0.5207795	0.6358619	-0.6104791	0.53537023	0.61408556	-0.62851006	-0.5989964	0.5732307	0.59905434	0.60532403	-0.5601021	-0.5661226	0.54835236	0.53876907	-0.43017828	0.5602505	0.55503124	0.49363557	0.497639	0.6014337	0.5461491	-0.6246097	-0.66425216	0.5718141	0.55310833	-0.50104755	0.5959513	-0.5543449	0.51221156	0.6443981	-0.53855175	0.6079822	-0.63568527
-0.4283793	-0.67044425	-0.58932656	0.58092654	-0.5500024	-0.62841165	0.62617785	0.4831084	0.5518419	0.6293046	-0.7000122	-0.6581084	-0.6964996	0.58433163	-0.6233423	-0.68863326	0.6789065	0.5767642	-0.6434668	-0.6682675	-0.64300746	-0.6106308	0.6598977	0.6508816	0.6639454	0.56389195	-0.62361753	-0.5735267	0.64480585	0.67672706	-0.5464006	0.6272392	-0.6320034	-0.52903193	0.57243884	-0.6499006	-0.5817509	0.52634364	-0.6242723	0.6148233	0.6322868	-0.6780388	-0.6075057	-0.63799316	-0.6036457	0.63065976	-0.582928	-0.61156267	0.6943566	0.641991	-0.49396086	-0.62785256	-0.60494465	-0.64149874	-0.6186422	-0.6949122	0.624818	-0.6353011	-0.6936659	-0.508024	-0.6319604	0.6123302	0.5397172	-0.67078996	0.66231674	0.624706	-0.48125786	0.53117967	0.62901825	-0.687348	0.5366452	0.68125266	-0.63506377	-0.6077181	0.6356108	0.6156586	0.60296994	-0.6519021	-0.6061799	0.55666363	0.5456577	-0.44777483	0.60664153	0.63764256	0.5015194	0.50038236	0.64397484	0.5200741	-0.63742226	-0.62743443	0.6287426	0.6013563	-0.5692353	0.585928	-0.6335777	0.5115301	0.64544994	-0.5104087	0.6323104	-0.6572274
-0.5009033	-0.63606846	-0.5519727	0.5574989	-0.57824796	-0.625557	0.56941086	0.54355365	0.5689759	0.5890813	-0.57036644	-0.6285594	-0.60246885	0.5683332	-0.6561779	-0.6268167	0.60228485	0.5181031	-0.5795593	-0.646211	-0.61420983	-0.59577143	0.5649823	0.61807626	0.57076496	0.57772094	-0.5946993	-0.6059824	0.56813216	0.57671285	-0.60236347	0.5946521	-0.583873	-0.5825442	0.5968476	-0.61372036	-0.5627735	0.50488317	-0.55034834	0.53173435	0.6248606	-0.57050496	-0.6065734	-0.59710467	-0.57903963	0.57421136	-0.5352472	-0.6129872	0.6036116	0.5811875	-0.47552487	-0.6221172	-0.55928314	-0.5974252	-0.56842124	-0.6123927	0.6243609	-0.61524624	-0.5637251	-0.5864854	-0.5711149	0.5398356	0.52481794	-0.65146893	0.5754628	0.6099044	-0.52460104	0.59303266	0.64688027	-0.5864455	0.5915752	0.6230588	-0.63959146	-0.5534588	0.6477963	0.6041537	0.60297894	-0.6214039	-0.5941995	0.5009116	0.51236683	-0.53469414	0.6004302	0.571542	0.5553185	0.53439516	0.6323616	0.5993305	-0.6245991	-0.6196417	0.56022054	0.6097298	-0.5504135	0.63918734	-0.5610992	0.59286255	0.6378139	-0.49356687	0.61245424	-0.6309926
-0.3023148	-0.35456318	-0.37350222	0.4086819	-0.3433389	-0.4444159	0.3654079	0.39073998	0.39298338	0.38688248	-0.39788595	-0.37471557	-0.43740618	0.33011904	-0.43891102	-0.43873063	0.43734145	0.402047	-0.40283003	-0.4269483	-0.42856255	-0.34484074	0.38053787	0.41062686	0.40310964	0.31682172	-0.42021418	-0.41211334	0.45910504	0.4149852	-0.3664495	0.37563705	-0.4397165	-0.3598873	0.38621938	-0.37631938	-0.37291896	0.4301345	-0.3651075	0.37956303	0.4163275	-0.38399276	-0.35730073	-0.40227857	-0.35811603	0.34785837	-0.33403724	-0.4040013	0.3712217	0.3906073	-0.2902873	-0.40270725	-0.38243803	-0.39561838	-0.40367138	-0.40658543	0.39607614	-0.43006462	-0.37367243	-0.32594058	-0.403228	0.35495165	0.37384108	-0.39132813	0.38121036	0.3663578	-0.31453308	0.3361709	0.42344368	-0.3836055	0.40028217	0.3867059	-0.38209173	-0.41181356	0.41246924	0.3588172	0.4056672	-0.39241457	-0.31900293	0.24358083	0.35616845	-0.32703122	0.33589193	0.37687042	0.29480255	0.41599768	0.36172542	0.37436578	-0.33428168	-0.41240633	0.39882264	0.39459187	-0.3754383	0.44628724	-0.3797869	0.36993876	0.40187964	-0.274157	0.41914237	-0.36360803
-0.31720287	-0.39062223	-0.30911767	0.29892474	-0.36253402	-0.2951077	0.3339457	0.33041713	0.29583922	0.32111526	-0.33359239	-0.38327947	-0.36567616	0.37163964	-0.34397745	-0.3143473	0.33672097	0.32961679	-0.36455804	-0.30879748	-0.3265829	-0.36909083	0.38622704	0.35602385	0.3238505	0.2983493	-0.38189918	-0.35313478	0.3041727	0.3527899	-0.3171577	0.36235663	-0.35759467	-0.36810678	0.32272086	-0.3091615	-0.37479573	0.3679176	-0.37167907	0.3282537	0.32278574	-0.32886875	-0.3099709	-0.32071406	-0.33848348	0.2988903	-0.31314665	-0.36202502	0.37689793	0.32919997	-0.28760663	-0.39167684	-0.39243767	-0.39388493	-0.36358693	-0.32759312	0.35445797	-0.3644884	-0.38560542	-0.34874743	-0.29416537	0.37721476	0.3674347	-0.35810086	0.296406	0.3621999	-0.3481208	0.38510647	0.33702	-0.29567194	0.34041274	0.373421	-0.3258242	-0.36431724	0.3918378	0.36965722	0.3832586	-0.38545722	-0.3178171	0.34528401	0.38905385	-0.32474998	0.3640972	0.3862683	0.33261082	0.30927044	0.38839507	0.38222066	-0.3009225	-0.3322425	0.35196778	0.3257835	-0.37960893	0.2611706	-0.38913518	0.32894158	0.33067107	-0.30122963	0.353841	-0.32577196
-0.22606558	-0.22533228	-0.29853874	0.19616063	-0.25261015	-0.24166355	0.19928093	0.28927395	0.24153487	0.28494993	-0.25175688	-0.19388339	-0.22196458	0.24572931	-0.22720578	-0.26032403	0.18659355	0.21937752	-0.27126434	-0.24670583	-0.2109686	-0.23860912	0.25307107	0.20749342	0.25018087	0.2518882	-0.250976	-0.3091008	0.18755575	0.24940014	-0.2553204	0.200585	-0.25257188	-0.26276734	0.28679776	-0.22412494	-0.2215682	0.22555622	-0.2068661	0.25088522	0.2103084	-0.24063107	-0.22014882	-0.276877	-0.25703353	0.26602605	-0.18416187	-0.22848888	0.2689182	0.273086	-0.27968076	-0.27821422	-0.26926377	-0.26359183	-0.22627078	-0.2589184	0.24172682	-0.19773771	-0.24600585	-0.21226946	-0.27279338	0.20209378	0.26031193	-0.22500989	0.21491677	0.2697219	-0.28363568	0.28810522	0.2147759	-0.26760373	0.21435443	0.22131796	-0.2299715	-0.28602654	0.26118788	0.27093655	0.22110395	-0.24091333	-0.18277968	0.23721206	0.27629805	-0.26683295	0.25473374	0.2607657	0.30525643	0.17677316	0.23217171	0.20252539	-0.20845544	-0.19222623	0.22580414	0.19224563	-0.228291	0.26152378	-0.21350875	0.26104107	0.21475661	-0.24887614	0.26243785	-0.23710142
-0.3674085	-0.36910075	-0.38194507	0.42769194	-0.38730523	-0.37826726	0.37546587	0.38553283	0.45121503	0.36089858	-0.37276962	-0.4229857	-0.46026644	0.3757946	-0.36609375	-0.39938375	0.39426902	0.43611252	-0.37381563	-0.4180771	-0.4678868	-0.43887722	0.38636857	0.36931545	0.41681653	0.40730566	-0.40989518	-0.40779307	0.37114516	0.37089145	-0.35418576	0.36749658	-0.43062112	-0.42727396	0.39099437	-0.37721258	-0.41934508	0.42481112	-0.4248631	0.3541243	0.3769844	-0.45619014	-0.3774139	-0.3879348	-0.36209983	0.44117925	-0.35652328	-0.35823172	0.45035002	0.4160981	-0.38789436	-0.39803165	-0.37589228	-0.3884921	-0.42358553	-0.39396223	0.43022627	-0.37342942	-0.45952082	-0.42682067	-0.43641645	0.44634244	0.37322578	-0.45106298	0.41484147	0.4201168	-0.3426378	0.38341022	0.39214376	-0.36693445	0.39619485	0.4245159	-0.44242263	-0.45487583	0.4374006	0.35248476	0.38634616	-0.37820873	-0.41443673	0.32558534	0.40587026	-0.38191703	0.4216299	0.3586547	0.35364947	0.41533005	0.40405914	0.3647946	-0.43648297	-0.39818418	0.42180726	0.41444543	-0.45154193	0.366965	-0.45235035	0.4458819	0.4576775	-0.35044536	0.3986351	-0.4001599
-0.38760045	-0.36368847	-0.39851964	0.42625692	-0.3725121	-0.33048853	0.33606863	0.41574335	0.3489099	0.3686954	-0.38071826	-0.34015658	-0.34292114	0.36705557	-0.3751797	-0.3840226	0.40509626	0.33815947	-0.35740846	-0.3908845	-0.34413585	-0.42680874	0.37623495	0.4297344	0.41348162	0.41720298	-0.42863986	-0.4250559	0.33552742	0.44471306	-0.38183475	0.42090267	-0.39351615	-0.41006827	0.3367408	-0.35511187	-0.3652868	0.3858067	-0.4403868	0.37842405	0.34574044	-0.41461134	-0.3812005	-0.4307118	-0.41449252	0.4330481	-0.43757087	-0.42749774	0.41062725	0.34281725	-0.38759947	-0.35699522	-0.33256528	-0.38288528	-0.38679513	-0.3608391	0.3357533	-0.350669	-0.3520977	-0.39746973	-0.43950263	0.39991224	0.3881548	-0.39439687	0.3471342	0.43249026	-0.45819193	0.45666152	0.35342103	-0.40334952	0.32852128	0.33985925	-0.33822232	-0.33177504	0.44944954	0.39680478	0.47027996	-0.42459118	-0.41239476	0.3577769	0.37909254	-0.36278474	0.42726672	0.3928048	0.34626904	0.35279876	0.39796695	0.38167033	-0.38869098	-0.41085577	0.39285806	0.4041244	-0.3765847	0.38767448	-0.42103046	0.39748782	0.40740263	-0.33674422	0.4051668	-0.41328377
-0.36754465	-0.36783075	-0.34193707	0.3825856	-0.37299147	-0.32314384	0.3402442	0.3170779	0.36476836	0.31828418	-0.29029757	-0.3957153	-0.3022065	0.38558176	-0.40208077	-0.34086514	0.36111763	0.34842202	-0.32878032	-0.37850907	-0.37854025	-0.3771294	0.37327123	0.3930404	0.35671517	0.36400443	-0.40407896	-0.3303492	0.35735026	0.3561452	-0.40414265	0.3035154	-0.32159615	-0.35683885	0.33419645	-0.3714159	-0.2815402	0.37837443	-0.31114668	0.37326172	0.367689	-0.34022775	-0.37384266	-0.33536333	-0.3659337	0.3719084	-0.33203015	-0.3381956	0.37087795	0.3338808	-0.34017447	-0.3100643	-0.3549593	-0.3608128	-0.3761795	-0.39790976	0.36387074	-0.33072054	-0.3278189	-0.3455946	-0.32979587	0.3329619	0.35130394	-0.30804306	0.3438228	0.3969024	-0.39164722	0.3694675	0.3449052	-0.30705667	0.35079354	0.31754017	-0.32851002	-0.37555602	0.36895433	0.33217138	0.38478103	-0.36034825	-0.3446554	0.34535873	0.34871018	-0.31785795	0.323841	0.3414336	0.3408034	0.36595353	0.32540274	0.38583115	-0.35737598	-0.28529572	0.3608912	0.3186931	-0.34369573	0.29478326	-0.3985347	0.36125278	0.31349605	-0.32717022	0.37699297	-0.37997836
-0.5700764	-0.5394435	-0.58549136	0.5355147	-0.5524924	-0.576578	0.5240275	0.52057356	0.6165822	0.59486043	-0.55399936	-0.56029993	-0.56159353	0.6200344	-0.52732027	-0.6195365	0.56284297	0.5828355	-0.5875466	-0.6242933	-0.57464385	-0.5562104	0.58717966	0.5444074	0.6126652	0.52010787	-0.6203373	-0.54669523	0.55669546	0.5893558	-0.60335696	0.6049657	-0.5813747	-0.5092295	0.59660476	-0.5213619	-0.490111	0.555983	-0.6170279	0.51459795	0.5367989	-0.54421276	-0.57790494	-0.6176791	-0.59298366	0.53020793	-0.51930493	-0.6073401	0.53959215	0.5860033	-0.5468666	-0.5590827	-0.5954545	-0.56082624	-0.60040367	-0.5825857	0.5848092	-0.51559025	-0.53143233	-0.57052135	-0.62986016	0.58656114	0.5753949	-0.57993835	0.55348825	0.5984329	-0.543727	0.56654954	0.56848556	-0.58428705	0.5928479	0.61585397	-0.5878084	-0.5969047	0.5681195	0.5963633	0.5860554	-0.5506115	-0.5620553	0.5521572	0.5373668	-0.5343517	0.54059285	0.54798645	0.53597164	0.5931485	0.6313015	0.5443215	-0.5644598	-0.5817376	0.5458249	0.60544574	-0.6027596	0.53285855	-0.5727999	0.5293776	0.60816103	-0.54042894	0.5270693	-0.5481082
-0.5340551	-0.6235114	-0.6084391	0.6047868	-0.6127464	-0.6661067	0.618776	0.67023385	0.6586233	0.6395751	-0.68449646	-0.6189446	-0.59339297	0.59814864	-0.6763497	-0.63509524	0.65710765	0.6205602	-0.6258119	-0.58452404	-0.6150235	-0.5901213	0.6699447	0.60380435	0.63630784	0.5718469	-0.57638663	-0.6338106	0.5717007	0.6348226	-0.57992005	0.65175635	-0.6068606	-0.60445553	0.64528716	-0.64768046	-0.5565122	0.6092719	-0.6389458	0.6091602	0.64494544	-0.70775133	-0.64220273	-0.61814034	-0.64881915	0.58044815	-0.7040345	-0.5975983	0.65414524	0.66063684	-0.566041	-0.62932354	-0.5889985	-0.65970045	-0.5959003	-0.5824476	0.6657878	-0.64847684	-0.6091959	-0.6124814	-0.6094475	0.6576075	0.54635876	-0.6989339	0.6540909	0.6454686	-0.56436276	0.606681	0.6261236	-0.6652054	0.6353069	0.64446884	-0.67752737	-0.6853257	0.59210384	0.6899101	0.7054834	-0.58123195	-0.6684322	0.6320595	0.5968983	-0.57847476	0.6270031	0.63526624	0.6247771	0.5840643	0.67115736	0.5788372	-0.61021703	-0.62624925	0.65102994	0.6191818	-0.60594875	0.5486601	-0.6680068	0.60741895	0.6248777	-0.6249465	0.65338916	-0.64102656
-0.45695853	-0.4254411	-0.43468544	0.466032	-0.4450786	-0.39273334	0.40143892	0.440992	0.4331254	0.43253374	-0.43167582	-0.47020146	-0.40328214	0.43033153	-0.4357743	-0.4688383	0.44217703	0.4419067	-0.49631485	-0.47918838	-0.49535775	-0.42456543	0.47819984	0.44092217	0.44034532	0.4408626	-0.4484511	-0.40508866	0.47768608	0.47200373	-0.4234332	0.4125904	-0.41334075	-0.42459753	0.47430193	-0.46425262	-0.5111539	0.47613728	-0.42829016	0.45310876	0.43068603	-0.4012376	-0.39491567	-0.51276934	-0.4671634	0.443466	-0.4857926	-0.4613116	0.47608176	0.5058401	-0.50829387	-0.41731638	-0.411598	-0.442083	-0.4956862	-0.3932824	0.42763656	-0.42884228	-0.4520426	-0.4637688	-0.52053916	0.4634362	0.47441775	-0.4446776	0.49301872	0.45618933	-0.46959835	0.43727076	0.4199962	-0.44921225	0.4269776	0.43063822	-0.44051728	-0.48801455	0.4377314	0.40285012	0.48277315	-0.43586102	-0.42304954	0.43879065	0.46892604	-0.41284266	0.51359373	0.40580317	0.4400971	0.4296797	0.43025315	0.43763444	-0.50616497	-0.43317154	0.47329792	0.49263752	-0.45581967	0.3893026	-0.4913424	0.48927242	0.4553141	-0.4528989	0.44038415	-0.38510936
-0.15589981	-0.18425314	-0.16824852	0.22249642	-0.23795716	-0.19764304	0.21338792	0.17891477	0.18701571	0.26196158	-0.23162961	-0.24349715	-0.2019824	0.19990125	-0.24024877	-0.2475093	0.23752917	0.15073374	-0.22848377	-0.2362944	-0.21780322	-0.23582931	0.23942824	0.25342476	0.18666193	0.15634781	-0.16200396	-0.20301759	0.17068493	0.23050578	-0.16808353	0.21459116	-0.25897774	-0.20711668	0.23797117	-0.2064073	-0.23305564	0.1733903	-0.24597149	0.19173416	0.2621305	-0.17537451	-0.17830738	-0.20484687	-0.20387864	0.17857161	-0.20631424	-0.19015317	0.20339143	0.19679438	-0.15146694	-0.25273037	-0.18286587	-0.2106647	-0.16960162	-0.24367633	0.25064626	-0.19436024	-0.16620487	-0.15082867	-0.1931353	0.21593162	0.1715678	-0.25720227	0.24615718	0.24451694	-0.16995439	0.14468856	0.18819103	-0.19691558	0.15186842	0.17556445	-0.20894317	-0.16991937	0.24692518	0.25483614	0.16754799	-0.21843846	-0.21216595	0.22435918	0.21892592	-0.13728379	0.22681656	0.24371247	0.17438982	0.12196078	0.21805477	0.1484625	-0.17341535	-0.19443494	0.21095286	0.24561071	-0.2501867	0.17609008	-0.2470879	0.16561642	0.24372594	-0.15818922	0.18315305	-0.22108717
-0.32992384	-0.40317893	-0.40212208	0.38232854	-0.36618596	-0.38786513	0.39186782	0.41733298	0.395246	0.35331407	-0.39068612	-0.41636515	-0.3586276	0.37248474	-0.34843674	-0.38687173	0.3525317	0.42335105	-0.41912967	-0.4279274	-0.39111367	-0.39867872	0.40561146	0.37969092	0.338976	0.33602634	-0.41990918	-0.39682767	0.37708843	0.4217514	-0.41084507	0.39047408	-0.4208374	-0.42603472	0.37452933	-0.39487436	-0.3547375	0.37784624	-0.31653	0.42325523	0.40652955	-0.3873461	-0.3731036	-0.34406647	-0.4004225	0.3718246	-0.4199643	-0.4205694	0.3611007	0.36595932	-0.32590446	-0.39129126	-0.33591583	-0.38835138	-0.37656212	-0.35212088	0.4313449	-0.39791462	-0.40117118	-0.35082707	-0.38664442	0.36818647	0.3361009	-0.4261015	0.37476772	0.41124237	-0.40616786	0.35833862	0.37764704	-0.34250715	0.40632808	0.34704047	-0.4036969	-0.36777523	0.37883604	0.3452098	0.42636594	-0.40910742	-0.4195667	0.4103043	0.36356488	-0.33113682	0.36529848	0.37242886	0.3659246	0.35882768	0.3890594	0.41178927	-0.38914323	-0.35739663	0.40070432	0.41893312	-0.40631753	0.26444206	-0.42189136	0.4278263	0.39441127	-0.3443311	0.37538418	-0.3597085
-0.2835152	-0.21653359	-0.20453508	0.18833706	-0.21585107	-0.19303395	0.27748582	0.20815262	0.2111412	0.24702899	-0.21010906	-0.1835788	-0.23871951	0.2514017	-0.24150361	-0.21610452	0.22856045	0.25536713	-0.19920152	-0.21533377	-0.27054092	-0.20597959	0.25879836	0.2743326	0.22466102	0.24731031	-0.18881932	-0.24270931	0.22102112	0.28108737	-0.26450306	0.18457945	-0.2544454	-0.27648085	0.19760191	-0.22238667	-0.28345135	0.22381946	-0.27983814	0.22020413	0.1996095	-0.19621293	-0.21670555	-0.21399164	-0.22029346	0.22075179	-0.21869093	-0.2625022	0.24340983	0.2567969	-0.20277475	-0.27721405	-0.20986488	-0.19301842	-0.25263453	-0.2593434	0.28003702	-0.21113391	-0.1799889	-0.23980913	-0.2231206	0.2606035	0.26762286	-0.2100859	0.26062045	0.19081008	-0.23383798	0.19344825	0.2217101	-0.2586794	0.20778376	0.25127247	-0.25427586	-0.23457445	0.24402162	0.2757697	0.24153198	-0.21773605	-0.22478485	0.2255004	0.25833368	-0.2433	0.21049441	0.23680574	0.27277228	0.22408135	0.25618818	0.27520025	-0.2678226	-0.27148134	0.23296025	0.23810591	-0.2379374	0.16942212	-0.20649412	0.25712535	0.18355848	-0.24761046	0.25211692	-0.25186804
-0.4755268	-0.48595363	-0.44469193	0.5263348	-0.51305145	-0.4940016	0.46059686	0.51090604	0.453523	0.47891164	-0.5320802	-0.49101746	-0.43605384	0.51495224	-0.50523764	-0.47014847	0.51077265	0.48229563	-0.45353884	-0.45119354	-0.4673335	-0.45826718	0.54222035	0.48760906	0.5166621	0.49036133	-0.47600627	-0.4591583	0.5126677	0.51640034	-0.5202467	0.53864557	-0.45259959	-0.53631085	0.48256165	-0.4733211	-0.49390462	0.5154294	-0.48556548	0.50142336	0.46089995	-0.44646367	-0.48651117	-0.5282142	-0.46795395	0.50556546	-0.5006473	-0.47551897	0.45532137	0.44175044	-0.49356627	-0.45461836	-0.4438825	-0.45319462	-0.4693379	-0.5055969	0.4720283	-0.42927712	-0.4639237	-0.5120495	-0.48121694	0.48275143	0.5100146	-0.48792678	0.47755346	0.47591978	-0.4651354	0.43376154	0.4586136	-0.46187738	0.5252792	0.5008189	-0.5495296	-0.46429744	0.48546305	0.50117046	0.5248719	-0.4812801	-0.49541754	0.49554372	0.47919503	-0.44192547	0.5324174	0.52085525	0.51417786	0.50285447	0.44706872	0.48866254	-0.5217974	-0.5068666	0.47415176	0.47375175	-0.529107	0.41671336	-0.48768353	0.43831176	0.53457296	-0.43394879	0.5051681	-0.4427649
-0.4875031	-0.49007142	-0.49847725	0.53170705	-0.46762753	-0.4133949	0.4721976	0.46219793	0.5005332	0.4873509	-0.4446661	-0.5174832	-0.44891635	0.48192668	-0.5026305	-0.52163166	0.51388603	0.4640835	-0.46401182	-0.5279533	-0.4811681	-0.4807716	0.53179467	0.47214016	0.53432673	0.5308365	-0.47025582	-0.48920324	0.41701755	0.47964808	-0.4883945	0.4734879	-0.44506082	-0.47519338	0.5076459	-0.43734738	-0.47216308	0.5496075	-0.5161254	0.5394361	0.47039297	-0.48141834	-0.43478513	-0.48830163	-0.5146834	0.42056465	-0.48559853	-0.5411608	0.40851817	0.49348724	-0.54185605	-0.45993346	-0.53538984	-0.47205588	-0.5059578	-0.52082485	0.45364526	-0.45137045	-0.46183312	-0.5124261	-0.45253798	0.51354533	0.4871441	-0.4804333	0.43566206	0.49441567	-0.5441202	0.53017277	0.44854534	-0.53427476	0.49437493	0.47296342	-0.5142427	-0.52392787	0.45409825	0.531348	0.5004185	-0.4568329	-0.46720877	0.49938715	0.49557704	-0.47354335	0.54914135	0.51190734	0.54368377	0.5499342	0.48743632	0.5120284	-0.45724314	-0.49085495	0.48916927	0.46798792	-0.47580665	0.3662482	-0.5009454	0.47162202	0.5199964	-0.44385466	0.45703292	-0.4360438
-0.2947984	-0.2759112	-0.27858704	0.26824975	-0.31695217	-0.31000245	0.3353474	0.2713456	0.28429672	0.25622937	-0.26842052	-0.34406567	-0.3241919	0.27701285	-0.34077948	-0.25268006	0.2891643	0.29496413	-0.26169094	-0.34254774	-0.25223747	-0.25482917	0.34156412	0.33890954	0.33160368	0.3178707	-0.3213519	-0.29239622	0.25039703	0.3326694	-0.26622975	0.29470205	-0.33346468	-0.23754825	0.33553463	-0.32426956	-0.30229604	0.34834766	-0.25167066	0.2509674	0.30670345	-0.33718455	-0.28712437	-0.27391085	-0.24587475	0.25403547	-0.24399641	-0.32916683	0.2848389	0.2501489	-0.2612248	-0.31189376	-0.24800403	-0.24830271	-0.2694499	-0.28591004	0.34343448	-0.25070435	-0.3239511	-0.34099755	-0.31710902	0.29738843	0.31084695	-0.32315102	0.26388732	0.31068528	-0.2929223	0.29429182	0.30363837	-0.31686726	0.24940836	0.28345463	-0.27930355	-0.25036332	0.32386908	0.33016494	0.31365997	-0.31203243	-0.30749997	0.2613376	0.32440695	-0.28997856	0.3169698	0.29240525	0.26740184	0.2974756	0.27913144	0.34424546	-0.2532724	-0.2750121	0.25180566	0.30924428	-0.2608147	0.3158056	-0.33734465	0.2513176	0.3363219	-0.26535124	0.33792433	-0.29081747
-0.24773231	-0.16625148	-0.22711685	0.17672679	-0.15967631	-0.25428167	0.16012548	0.23863222	0.19321157	0.17373079	-0.1819545	-0.21749052	-0.17781846	0.22894374	-0.18171683	-0.23860627	0.2504701	0.23549901	-0.16089243	-0.15836714	-0.21353105	-0.193835	0.21124	0.241519	0.18775721	0.17195143	-0.23988876	-0.17992496	0.16932113	0.22639687	-0.23176329	0.24647881	-0.18606944	-0.1511635	0.18761906	-0.25485632	-0.22039878	0.17726167	-0.23403366	0.16707678	0.23710355	-0.19908445	-0.17162877	-0.247002	-0.15785138	0.18680744	-0.22075458	-0.19171365	0.1785693	0.20798747	-0.17607908	-0.21673205	-0.22379516	-0.1910388	-0.20339777	-0.22171694	0.21855263	-0.23922108	-0.19613904	-0.2503534	-0.22760531	0.15581274	0.22250901	-0.2070381	0.21780021	0.24245867	-0.1848855	0.24244007	0.18697569	-0.15955602	0.16831566	0.21555094	-0.18535982	-0.18723507	0.15143888	0.1852135	0.18649396	-0.23750071	-0.20463628	0.2201219	0.19825934	-0.20685549	0.21233419	0.18156269	0.21571994	0.18976738	0.23376118	0.16708544	-0.17145473	-0.22034332	0.16541097	0.18363795	-0.19608895	0.189842	-0.17875537	0.23123549	0.22763065	-0.1886272	0.19342428	-0.23601715
-0.3846812	-0.477728	-0.44420195	0.46699977	-0.39584965	-0.43477982	0.4142782	0.40367773	0.42806414	0.42941687	-0.38730508	-0.45784026	-0.4134216	0.46056712	-0.40588847	-0.41284922	0.39747593	0.387683	-0.43793854	-0.3784897	-0.45968348	-0.41490835	0.42297867	0.46484175	0.38023853	0.41564122	-0.46214685	-0.43295294	0.39003646	0.3779793	-0.43758267	0.46812958	-0.40934893	-0.44152346	0.3866242	-0.46938923	-0.3863889	0.41832262	-0.43514124	0.40350598	0.4156971	-0.40212768	-0.45068493	-0.4548225	-0.4573497	0.42457846	-0.37049478	-0.45790964	0.38939023	0.4377289	-0.45386922	-0.4274108	-0.37239152	-0.46250546	-0.38396314	-0.41858155	0.46205848	-0.38283798	-0.44972762	-0.44498017	-0.44593218	0.43191838	0.42082956	-0.47152552	0.3734705	0.4373921	-0.4081373	0.39310232	0.4065182	-0.45894888	0.4548765	0.43126667	-0.3870125	-0.43798238	0.38979685	0.43684042	0.3985463	-0.43467793	-0.403887	0.38592294	0.3744734	-0.38390276	0.47570524	0.37956196	0.3873984	0.45020494	0.40120548	0.38085473	-0.41435602	-0.39218062	0.3922488	0.39252236	-0.38193363	0.46281198	-0.40829787	0.39790273	0.3878688	-0.35933164	0.4472073	-0.44680634
-0.1736213	-0.16511558	-0.13618705	0.15453643	-0.16999328	-0.14876164	0.14104186	0.18970288	0.1892209	0.16083995	-0.18020557	-0.13792145	-0.18540612	0.15543142	-0.13061848	-0.13951519	0.18993978	0.1376868	-0.19845149	-0.16189516	-0.191493	-0.20868021	0.18466292	0.1856413	0.19506907	0.188761	-0.20303953	-0.18653798	0.21405193	0.22893327	-0.16288635	0.20564623	-0.15951967	-0.22131768	0.19364923	-0.19165587	-0.21112722	0.21904366	-0.17219828	0.13929842	0.14964394	-0.22716534	-0.1774578	-0.18131132	-0.21201378	0.18277237	-0.16234204	-0.21667452	0.1960339	0.22107847	-0.15679729	-0.1398632	-0.22063258	-0.16041996	-0.12961277	-0.1761029	0.18211114	-0.14329036	-0.22647265	-0.13823079	-0.20065594	0.19674304	0.22367673	-0.21788092	0.18770607	0.15573452	-0.1828335	0.17479526	0.13249773	-0.13656387	0.13892336	0.176772	-0.1726332	-0.2065781	0.14633298	0.15113354	0.170197	-0.13717848	-0.2248077	0.13578077	0.15976405	-0.14012592	0.20400186	0.18823594	0.18000923	0.17728357	0.18301441	0.22248664	-0.18511021	-0.13361543	0.18407097	0.19043964	-0.22066228	0.20305954	-0.14132337	0.14491645	0.21318173	-0.1815733	0.1923988	-0.13870801
-0.16148362	-0.22715048	-0.24451692	0.21009077	-0.19562043	-0.21998455	0.19758914	0.21490064	0.19275054	0.22445856	-0.2446353	-0.17994519	-0.22944792	0.2318484	-0.19730712	-0.17121421	0.25399262	0.24576508	-0.24640857	-0.1993224	-0.2591946	-0.25061312	0.23690297	0.24053192	0.2563319	0.16920958	-0.197107	-0.17124575	0.24977015	0.2542288	-0.25205436	0.16870593	-0.240738	-0.14280869	0.20611347	-0.17918801	-0.19154355	0.2260331	-0.215962	0.17840967	0.23501013	-0.18258737	-0.20657493	-0.22573179	-0.1743116	0.2445681	-0.17388222	-0.16937774	0.25158608	0.23773827	-0.22818205	-0.19301157	-0.20829694	-0.22359131	-0.17487226	-0.25180745	0.2186373	-0.17198737	-0.25266615	-0.16877864	-0.1668205	0.23301902	0.17683834	-0.17214215	0.17206195	0.23437244	-0.21155214	0.15576965	0.16858158	-0.21927634	0.21879359	0.19054309	-0.2511924	-0.21805835	0.23864524	0.18877506	0.2496863	-0.1974812	-0.22802103	0.19203421	0.18059936	-0.17926297	0.24469987	0.19526376	0.14945565	0.15588088	0.2554443	0.17189798	-0.25524297	-0.23741421	0.193658	0.1945788	-0.25290567	0.26398888	-0.21973273	0.17679037	0.18487382	-0.20201199	0.22842628	-0.18421414
0.02580668	-0.05471412	-0.055961918	0.06289051	0.008863455	-0.067414634	-0.00023784507	0.013979736	0.050266504	-0.022004541	-0.056987714	0.0018148165	-0.018957965	0.02391724	-0.036866352	0.02166309	0.030024381	0.013719582	-0.030610021	0.034557957	-0.04147208	-0.028230736	0.0423258	0.01356531	-0.010351045	-0.021639632	-0.05310162	0.029148465	-0.00060375215	-0.01789867	-0.01607786	0.062549904	0.0034898827	-0.010504104	0.008104335	-0.013394901	-0.039827406	0.0016899008	-0.035232864	-0.02596518	0.07289695	-0.021176683	-0.029870717	-0.067964815	0.0056041772	0.06573284	-0.036963336	-0.016846983	0.005689752	0.062388886	0.01296233	0.0019038547	0.010008696	0.024712225	-0.0068095787	-0.027259966	0.013710853	-0.049461428	0.009909218	0.026889434	-0.024766412	0.051326256	-0.032067433	-0.06180297	0.08778802	-0.0057467204	-0.057961885	0.00515705	0.05302302	-0.04178415	0.0018225802	0.04749386	-0.06098598	-0.003591579	-0.02128969	-0.004683921	0.018417835	-0.018477092	-0.038978774	0.031042587	0.032935478	0.036038168	0.02219309	0.006490186	0.0020245002	0.046227194	0.02637035	0.052074723	-0.0017496763	-0.008016715	-0.011169624	-0.0073634796	-0.05083266	0.05770851	-0.057810023	0.030224586	0.041587427	-0.03747912	0.027244417	-0.03338846
-0.3192913	-0.5436964	-0.6297729	0.6130339	-0.5739027	-0.61963135	0.6061814	0.56467533	0.55913687	0.595497	-0.63644785	-0.6432451	-0.6325766	0.6268894	-0.6208858	-0.60667825	0.5688407	0.6283363	-0.64265037	-0.6171254	-0.6546898	-0.621009	0.573567	0.63812506	0.6154804	0.5514784	-0.6141811	-0.64288324	0.63192904	0.61423105	-0.6268265	0.6467508	-0.6123401	-0.6113952	0.576652	-0.6007226	-0.5922797	0.5640542	-0.61967605	0.6323588	0.6207477	-0.6390483	-0.62857485	-0.6401107	-0.630169	0.5587745	-0.57608736	-0.5898363	0.6504721	0.60946476	-0.44005135	-0.6209363	-0.5638666	-0.59655803	-0.5820329	-0.639129	0.56343806	-0.61029327	-0.5868988	-0.52668566	-0.5944555	0.59780324	0.59669524	-0.61131686	0.61278814	0.5959532	-0.48900327	0.56250274	0.5646791	-0.58122814	0.57001156	0.6511265	-0.57520163	-0.629533	0.6022873	0.65803003	0.5485731	-0.663545	-0.6185419	0.5247892	0.51097554	-0.56108606	0.564309	0.5628033	0.40908676	0.4432661	0.5660452	0.4810428	-0.62466055	-0.5730051	0.6398276	0.58852905	-0.57944	0.64069045	-0.66237414	0.5678899	0.61905855	-0.57068187	0.59357226	-0.59742504
-0.44314477	-0.4412869	-0.40072355	0.50542814	-0.45125997	-0.4685757	0.4350541	0.44650546	0.5046463	0.4129749	-0.44239423	-0.4784429	-0.49095955	0.4546343	-0.46644178	-0.4513498	0.47000083	0.48406315	-0.4423513	-0.46417043	-0.4341002	-0.41630837	0.4082135	0.41498086	0.49376854	0.4151939	-0.4750585	-0.4307845	0.44477266	0.50742483	-0.4314966	0.46602234	-0.51110506	-0.38695058	0.4269363	-0.45703283	-0.34828338	0.4243216	-0.4091118	0.40462577	0.48500338	-0.4454171	-0.5014035	-0.45204738	-0.4915604	0.41856024	-0.41672325	-0.49523255	0.4442658	0.47879395	-0.3709163	-0.43920672	-0.42966148	-0.4104796	-0.5051869	-0.46320993	0.44138128	-0.44580975	-0.45830572	-0.42015803	-0.4618196	0.42847642	0.37050635	-0.4949063	0.47252858	0.47106478	-0.4240336	0.42154902	0.50342494	-0.42956704	0.4773713	0.47220245	-0.49778807	-0.41949332	0.40631145	0.45134935	0.41356787	-0.4935961	-0.39226773	0.3286249	0.44435915	-0.4421771	0.4441439	0.40091178	0.34957516	0.46423653	0.46240175	0.40053493	-0.44567212	-0.43177745	0.43070665	0.4130808	-0.43784595	0.47598192	-0.4631429	0.46681064	0.422173	-0.34504923	0.4582964	-0.43353504
-0.5393625	-0.5793008	-0.5243836	0.58923495	-0.488142	-0.5991208	0.5024685	0.5120476	0.58938473	0.5103618	-0.4878442	-0.54745245	-0.5515238	0.506492	-0.56777936	-0.5289536	0.5486189	0.5149764	-0.49821422	-0.5225968	-0.54313093	-0.5621715	0.573512	0.48729432	0.58407056	0.508352	-0.5332339	-0.46908516	0.5944693	0.5593331	-0.53557783	0.5491206	-0.508474	-0.42297384	0.56847906	-0.59910935	-0.44595233	0.5781822	-0.5540148	0.54295653	0.57598174	-0.56742626	-0.59246856	-0.5720703	-0.47356296	0.59690356	-0.4916786	-0.48511305	0.5823725	0.51804984	-0.49602717	-0.5901679	-0.4881266	-0.48539573	-0.57519513	-0.58837134	0.5578448	-0.5321856	-0.57751983	-0.53529656	-0.5787347	0.5064165	0.44071785	-0.5506597	0.49562693	0.5758056	-0.45085704	0.5399804	0.57492447	-0.5208446	0.5213257	0.5207377	-0.58035976	-0.58408684	0.5482645	0.45597762	0.53903735	-0.49569765	-0.48653737	0.46163636	0.49063605	-0.4965057	0.5215086	0.5506441	0.44853067	0.5065263	0.51179075	0.48619145	-0.49748188	-0.4818004	0.5160933	0.5007466	-0.50184226	0.57557815	-0.531802	0.5448321	0.5633192	-0.44686386	0.53710485	-0.5328294
-0.64527947	-0.70295244	-0.6778485	0.6445276	-0.6802927	-0.61349624	0.6579854	0.6567856	0.64823484	0.6467375	-0.60568047	-0.717062	-0.6753831	0.58475834	-0.6353885	-0.65634763	0.62533385	0.5804843	-0.6595035	-0.68772835	-0.66395205	-0.5970496	0.6877625	0.59572744	0.6198119	0.59030026	-0.6657476	-0.62996197	0.69361764	0.6805723	-0.6342475	0.6947247	-0.6676244	-0.5341976	0.66232383	-0.6251612	-0.61029434	0.6068756	-0.6567168	0.5857432	0.7053594	-0.5709241	-0.6482083	-0.66230756	-0.65244687	0.5923161	-0.60757387	-0.66910166	0.6571868	0.62079483	-0.6518884	-0.68311155	-0.59495217	-0.66614765	-0.6848858	-0.6308783	0.6624035	-0.6199824	-0.60525244	-0.6308498	-0.6368704	0.6438603	0.61314803	-0.61514026	0.62404984	0.69618654	-0.5902878	0.62069005	0.65763503	-0.64391845	0.623997	0.6272176	-0.63658965	-0.6479125	0.6279607	0.65852046	0.5542644	-0.6632557	-0.59733	0.5582409	0.65605336	-0.61538696	0.622648	0.7034282	0.59205866	0.6493556	0.6174925	0.6540249	-0.62452143	-0.64525443	0.7042688	0.62270355	-0.70613354	0.6784238	-0.60089594	0.65794885	0.7111183	-0.5297238	0.6107827	-0.6988561
-0.5211366	-0.6461288	-0.62272316	0.6294442	-0.6718648	-0.66293025	0.6574076	0.60847175	0.66523296	0.6995842	-0.7254301	-0.6623523	-0.68697566	0.6543585	-0.6355414	-0.67131597	0.6674409	0.54804677	-0.706449	-0.6870587	-0.67435056	-0.69360685	0.60309005	0.639798	0.63337046	0.5714222	-0.5934405	-0.5902874	0.74410087	0.66374254	-0.6422148	0.6782389	-0.651493	-0.5816982	0.645401	-0.6854012	-0.527928	0.55990934	-0.57825583	0.6200811	0.684925	-0.6706273	-0.7084078	-0.6619616	-0.6772676	0.72561413	-0.6601436	-0.6555461	0.7074669	0.6850926	-0.5084988	-0.71050817	-0.6391112	-0.63535106	-0.7056631	-0.63563895	0.65378153	-0.69815147	-0.7317402	-0.57142216	-0.6926047	0.6173282	0.61441576	-0.6827777	0.6964513	0.6701808	-0.564541	0.58572745	0.71251774	-0.72545964	0.65665436	0.65510076	-0.6984866	-0.6931888	0.6910606	0.63224745	0.6284434	-0.6537038	-0.6504549	0.53122646	0.582151	-0.5158769	0.6863649	0.6098398	0.53674084	0.5825726	0.6867401	0.6217919	-0.6605206	-0.64407486	0.6405486	0.68814415	-0.6762645	0.7024837	-0.6691638	0.58621365	0.70397174	-0.5203804	0.60232973	-0.69428205
-0.29793236	-0.33001566	-0.31582606	0.30428427	-0.34733054	-0.36645108	0.3655416	0.2842444	0.33815837	0.31320962	-0.32796055	-0.39927834	-0.35562423	0.35563055	-0.2972857	-0.3266508	0.30773354	0.28667954	-0.3753084	-0.3097909	-0.36582115	-0.31774658	0.3482092	0.36645105	0.37998337	0.35869208	-0.33014432	-0.33196688	0.3046316	0.40934914	-0.38264087	0.36974	-0.3341092	-0.33955264	0.387618	-0.38460818	-0.35450953	0.3161541	-0.28626838	0.3476355	0.38550252	-0.32496083	-0.41167367	-0.38475025	-0.32438862	0.38432473	-0.3032654	-0.32723826	0.3926178	0.32714322	-0.31718144	-0.38300034	-0.3613221	-0.3216589	-0.38889742	-0.39264336	0.3229604	-0.38853782	-0.3687469	-0.3057069	-0.3103749	0.379525	0.28437135	-0.32903668	0.34784266	0.37770924	-0.3643531	0.3161713	0.3547122	-0.3594519	0.36726302	0.36612824	-0.3074492	-0.3838746	0.3517007	0.35667744	0.3308416	-0.37689203	-0.3668986	0.30311894	0.3677964	-0.35240173	0.35279065	0.32197416	0.2995961	0.33859032	0.38418424	0.34552974	-0.353379	-0.3157131	0.3604621	0.37982717	-0.35294467	0.27270815	-0.38293555	0.34007156	0.32193998	-0.35176417	0.29824102	-0.32140163
-0.23828468	-0.2532919	-0.21064624	0.16651283	-0.21443915	-0.19107874	0.21687987	0.1484281	0.19733794	0.2008615	-0.20875189	-0.23200405	-0.19346948	0.18554421	-0.21890275	-0.183163	0.17036259	0.20851783	-0.24333863	-0.17728943	-0.17731407	-0.23322184	0.2196914	0.18435548	0.20392121	0.20705038	-0.1776522	-0.15863413	0.15122245	0.23869307	-0.17184871	0.22285779	-0.21938188	-0.1644804	0.1963621	-0.1946125	-0.10673449	0.16127986	-0.23497508	0.2220431	0.17478701	-0.18843722	-0.18832754	-0.24720252	-0.23318969	0.19875322	-0.15274127	-0.23253888	0.23398332	0.1868708	-0.21806213	-0.17727518	-0.17406918	-0.13549604	-0.16711035	-0.20055577	0.14809842	-0.22791156	-0.1499101	-0.17116639	-0.22556402	0.19149399	0.24316558	-0.16767885	0.17595078	0.1979164	-0.17516738	0.23101918	0.19094487	-0.20271388	0.1715833	0.18539205	-0.23648466	-0.19336559	0.15081604	0.122565605	0.18990599	-0.22017968	-0.14905763	0.11291437	0.21621868	-0.19906235	0.21872306	0.20626257	0.16680685	0.1582619	0.18547335	0.23421147	-0.23043293	-0.24625523	0.1903131	0.22444576	-0.16961336	0.19067442	-0.18900184	0.22022274	0.18998228	-0.116586015	0.1857623	-0.16924213
-0.40578637	-0.3836147	-0.42038906	0.3741603	-0.4278012	-0.45516318	0.455346	0.42687598	0.40718874	0.4089526	-0.39311317	-0.44328892	-0.36276624	0.39608392	-0.39919224	-0.40946612	0.42062673	0.37285218	-0.4434789	-0.45002323	-0.41898173	-0.40351266	0.46115208	0.40807945	0.4027197	0.42406875	-0.37510228	-0.40509936	0.45797437	0.4202796	-0.4123606	0.41510096	-0.4086318	-0.44364092	0.36326835	-0.4577845	-0.40908593	0.39116368	-0.4043296	0.4135183	0.40955618	-0.44025257	-0.4729255	-0.3728105	-0.37229678	0.453442	-0.37772813	-0.40923262	0.3990915	0.37900773	-0.4200961	-0.3861612	-0.40518877	-0.42792898	-0.44796047	-0.4600206	0.44532096	-0.39575583	-0.45088452	-0.401162	-0.40946394	0.44460726	0.4206407	-0.41792545	0.42392856	0.4587898	-0.45108086	0.45845282	0.4138432	-0.41744825	0.40771168	0.39233822	-0.38252506	-0.42098826	0.4295439	0.43617502	0.39870438	-0.4216046	-0.39061373	0.41749027	0.44515756	-0.4083412	0.37096843	0.44692853	0.4485255	0.428814	0.44971988	0.41396654	-0.41068906	-0.46646297	0.3785794	0.3725496	-0.46299222	0.3859809	-0.43107617	0.46317336	0.38828063	-0.40045542	0.44032878	-0.41565043
-0.71060485	-0.6312194	-0.63447297	0.72326475	-0.6706803	-0.6292367	0.6043773	0.61397755	0.7371525	0.62069535	-0.6026269	-0.6781595	-0.66166663	0.6901682	-0.66099215	-0.671403	0.6879796	0.7091428	-0.61809975	-0.68754756	-0.6876838	-0.6296016	0.64891887	0.6824039	0.66901577	0.7053261	-0.6588145	-0.6388666	0.6993481	0.70856273	-0.68366	0.61683923	-0.70440835	-0.5808625	0.6687092	-0.64020026	-0.58986205	0.713827	-0.61446387	0.6794212	0.6458237	-0.6362602	-0.69350165	-0.6772847	-0.6174191	0.6653642	-0.5733081	-0.66384673	0.62280804	0.6751442	-0.59891105	-0.6552476	-0.6799309	-0.682895	-0.6177969	-0.66673344	0.6882011	-0.60274005	-0.61054206	-0.66184396	-0.63438255	0.68986565	0.6903311	-0.6519384	0.7084108	0.65699756	-0.7028602	0.634913	0.69553703	-0.652718	0.68588704	0.67931396	-0.708521	-0.66987735	0.64747876	0.674897	0.68179804	-0.6728843	-0.6042636	0.59082574	0.6829099	-0.67686653	0.72191715	0.67390394	0.6061174	0.65379566	0.66865647	0.7268875	-0.5884143	-0.61348724	0.7015517	0.6655968	-0.6912474	0.5864433	-0.7007937	0.63630575	0.6814509	-0.564758	0.661559	-0.6421611
-0.38173193	-0.34307113	-0.3406648	0.2934193	-0.3387621	-0.29027984	0.36343384	0.37434956	0.35001636	0.29688156	-0.34290054	-0.3693621	-0.3802094	0.3224742	-0.36132494	-0.3637423	0.38518786	0.37386155	-0.30681705	-0.3867435	-0.347995	-0.34924006	0.30743393	0.3499189	0.3073649	0.35554084	-0.3662273	-0.3565523	0.3445339	0.39323926	-0.3704485	0.38309917	-0.37213334	-0.29554406	0.3309818	-0.32781845	-0.3490943	0.3860116	-0.30312735	0.35765028	0.3575175	-0.32589948	-0.39076027	-0.2922786	-0.29988322	0.31916144	-0.3509474	-0.31841588	0.33494884	0.3534109	-0.31118315	-0.36673686	-0.3609942	-0.37016407	-0.33087483	-0.39018476	0.35433772	-0.34499955	-0.38864404	-0.3071038	-0.29038987	0.36429563	0.29857466	-0.36577564	0.30103827	0.3539261	-0.30319253	0.32614467	0.38064554	-0.3664258	0.30428424	0.3531575	-0.29849142	-0.28532737	0.2971932	0.3661696	0.36749986	-0.33161205	-0.34518725	0.31729296	0.34553432	-0.28057152	0.38037682	0.30526605	0.32192695	0.3956686	0.33409178	0.35364696	-0.35333925	-0.30901074	0.34870544	0.30835652	-0.31306392	0.3219786	-0.3018462	0.2962599	0.3532603	-0.30495217	0.32821813	-0.3452713
-0.52284807	-0.6282732	-0.5107032	0.5292343	-0.57128495	-0.56716365	0.49407837	0.45081884	0.5941804	0.5616227	-0.52376366	-0.58253765	-0.5358845	0.54645264	-0.53143185	-0.58105445	0.54553485	0.48685113	-0.60628253	-0.5279328	-0.5869116	-0.5284445	0.57453305	0.47826385	0.5692015	0.55286485	-0.5152099	-0.49933138	0.5596402	0.5412524	-0.5459314	0.5573393	-0.5981866	-0.49415484	0.54552746	-0.53751063	-0.5289783	0.5387076	-0.5640094	0.5424914	0.5858619	-0.5588251	-0.56106615	-0.5474936	-0.5101629	0.5466226	-0.44046497	-0.5252558	0.57853436	0.5057433	-0.47461835	-0.5303451	-0.5029729	-0.5845186	-0.5439276	-0.6067395	0.5611318	-0.60856277	-0.53436315	-0.5421426	-0.5315451	0.561812	0.44314212	-0.59165025	0.47397563	0.5249364	-0.5275303	0.5511163	0.61888164	-0.489973	0.5015881	0.6003997	-0.5761041	-0.5535107	0.512632	0.49236488	0.54032594	-0.53052515	-0.4888244	0.3964288	0.54917496	-0.45525706	0.53322804	0.5744747	0.5434612	0.5564883	0.5270148	0.59150374	-0.53948396	-0.5390907	0.52833736	0.50022656	-0.57944024	0.4966899	-0.50222147	0.557565	0.55505997	-0.4953095	0.579272	-0.58940244
-0.12486812	-0.2023878	-0.19100909	0.16566902	-0.14370634	-0.18470894	0.19369256	0.13862094	0.22248827	0.14437468	-0.20099291	-0.13006772	-0.19973077	0.2062499	-0.21116672	-0.14538866	0.13565557	0.18733832	-0.12876591	-0.13859269	-0.22757491	-0.19913119	0.16033864	0.18956304	0.13549855	0.12479609	-0.2180822	-0.21568882	0.14077707	0.13960145	-0.14233841	0.17186381	-0.16373698	-0.14126687	0.133749	-0.22313079	-0.18966717	0.20584495	-0.13847718	0.20729458	0.19265407	-0.16115552	-0.13120559	-0.1698046	-0.19512925	0.13739747	-0.16772345	-0.16228028	0.2045461	0.17586197	-0.12637685	-0.1676627	-0.18426901	-0.19900493	-0.19609019	-0.16531932	0.12725869	-0.20455483	-0.13033152	-0.15668866	-0.16175336	0.15745226	0.17788108	-0.22563687	0.14349508	0.22343817	-0.21869382	0.19929956	0.20522879	-0.18449669	0.17999136	0.13123007	-0.18906276	-0.21067868	0.1879679	0.14287595	0.16465576	-0.14945932	-0.18798384	0.21575859	0.12520759	-0.15799585	0.15422156	0.17207606	0.19538565	0.1828213	0.15378149	0.20888212	-0.12861001	-0.1995569	0.21894836	0.15710206	-0.1456928	0.15995547	-0.17128688	0.19779666	0.21004315	-0.19383939	0.18507409	-0.14126904
-0.62141615	-0.62022275	-0.6185538	0.64635575	-0.6478079	-0.5874515	0.6756316	0.6700505	0.62945276	0.655463	-0.6132641	-0.6668571	-0.6295081	0.6474999	-0.6636433	-0.6485528	0.6677594	0.63009506	-0.64000803	-0.679096	-0.6784925	-0.6863214	0.6588933	0.69623417	0.678161	0.6629549	-0.6480001	-0.5973892	0.6374149	0.60611135	-0.64705443	0.6052729	-0.68164515	-0.6102125	0.6924509	-0.62175506	-0.629697	0.5988884	-0.6062481	0.6265143	0.5975748	-0.6127355	-0.69183546	-0.59943897	-0.660508	0.67976296	-0.6410558	-0.60977817	0.6415446	0.6507426	-0.6455663	-0.6470462	-0.6153887	-0.7023828	-0.6973718	-0.5965212	0.6926389	-0.5918046	-0.67220485	-0.65012324	-0.6080642	0.6743577	0.6535157	-0.6749797	0.62593657	0.6632924	-0.649889	0.6153591	0.6917322	-0.69075376	0.61067605	0.67099005	-0.66372126	-0.6855018	0.6355512	0.65259236	0.6175027	-0.6338865	-0.6711488	0.64320886	0.64693856	-0.59297925	0.63241446	0.66564804	0.6342431	0.67092675	0.6105524	0.6623538	-0.6969998	-0.62350893	0.6498995	0.6052661	-0.68208885	0.6454875	-0.6870481	0.69122964	0.68329674	-0.6046548	0.67781824	-0.67024535
-0.5885118	-0.6870627	-0.6410362	0.66042876	-0.61541605	-0.6289033	0.656409	0.5733697	0.65587497	0.6853917	-0.6222228	-0.7481108	-0.7581935	0.65056044	-0.6970475	-0.71754664	0.65861696	0.63915455	-0.69749236	-0.660209	-0.7260528	-0.69869787	0.6746078	0.6569988	0.62250394	0.7028075	-0.72764814	-0.5896093	0.6764469	0.67427564	-0.7140047	0.7054585	-0.7392437	-0.53951025	0.71562576	-0.69056094	-0.5208287	0.6966226	-0.654273	0.68998784	0.7461729	-0.62036306	-0.6726461	-0.6674137	-0.6182675	0.72656304	-0.54806924	-0.6931757	0.65888965	0.69642717	-0.5765414	-0.6746734	-0.58229876	-0.6510281	-0.65570563	-0.7118935	0.65021676	-0.72414815	-0.5956592	-0.6645698	-0.6502134	0.6781694	0.57554364	-0.6473005	0.65419936	0.6747723	-0.6664958	0.60744196	0.70043755	-0.6804623	0.6635299	0.66300035	-0.68859273	-0.66303563	0.70723486	0.592363	0.6584245	-0.6860684	-0.5273986	0.5106488	0.6825999	-0.64521563	0.7345454	0.65387076	0.61072034	0.65951794	0.6615948	0.6514418	-0.6852374	-0.68690604	0.6594315	0.6863457	-0.6694251	0.71097463	-0.6571267	0.6873365	0.7200651	-0.5078574	0.6664824	-0.6837763
-0.41408837	-0.3959749	-0.37342796	0.4226261	-0.42376593	-0.3666875	0.44251296	0.40320164	0.4120176	0.44362095	-0.35930076	-0.38672623	-0.41137898	0.3824333	-0.38916647	-0.41951054	0.39224088	0.43509105	-0.40138537	-0.37008065	-0.4525597	-0.38422585	0.3936594	0.4297714	0.39308718	0.44854417	-0.35861498	-0.37562808	0.38034925	0.38576213	-0.3888095	0.43395394	-0.38010037	-0.38915578	0.3824766	-0.4377187	-0.41330028	0.40264294	-0.35059786	0.42120346	0.36130783	-0.40196088	-0.4068328	-0.4210875	-0.4452533	0.4413828	-0.42439854	-0.38403058	0.40945387	0.43992168	-0.40070796	-0.42434973	-0.40247884	-0.38116932	-0.41983956	-0.4014747	0.44261137	-0.40933338	-0.39815265	-0.43893397	-0.3874376	0.3829862	0.428716	-0.45597684	0.42034388	0.42550728	-0.39211345	0.37240744	0.40883562	-0.40776756	0.4417787	0.41100892	-0.450904	-0.4463455	0.44934326	0.40600392	0.44652537	-0.36228234	-0.37560603	0.36845446	0.39431134	-0.37375247	0.3730774	0.40121177	0.37593025	0.36456555	0.4464089	0.42232347	-0.42823842	-0.41599396	0.4448505	0.43754634	-0.42528486	0.37984544	-0.40905437	0.37831154	0.40796012	-0.3892426	0.39086312	-0.44410315
-0.5270342	-0.5303434	-0.44976196	0.47780696	-0.47608098	-0.44663626	0.45565283	0.4328602	0.49118912	0.4454456	-0.47348818	-0.53303623	-0.54578245	0.50837284	-0.44721204	-0.44717208	0.50876755	0.51469874	-0.5309072	-0.47486266	-0.5163282	-0.45801863	0.47750756	0.53218496	0.4910813	0.507083	-0.50342196	-0.4577549	0.4961246	0.52198946	-0.507633	0.46074626	-0.5274434	-0.50515187	0.48854315	-0.5039527	-0.46538106	0.5262707	-0.45678094	0.5222618	0.4562313	-0.49347574	-0.4474109	-0.4866505	-0.4909062	0.4719609	-0.45432287	-0.4491894	0.4738151	0.5159862	-0.46320108	-0.51690376	-0.47736108	-0.5339393	-0.5019653	-0.47517082	0.4505086	-0.48269615	-0.49295264	-0.51163745	-0.44335338	0.4924506	0.4899856	-0.4678448	0.47657335	0.4962577	-0.47721717	0.49821493	0.44526473	-0.5184883	0.49130943	0.46686956	-0.4433809	-0.43889457	0.47525018	0.49798396	0.4679745	-0.46670887	-0.5081541	0.44358763	0.513126	-0.51506895	0.5086047	0.4641908	0.43119994	0.4804583	0.4628339	0.5354934	-0.5238393	-0.5119035	0.44118896	0.46703684	-0.45345107	0.47994667	-0.5150766	0.5393303	0.48095396	-0.41821134	0.47651917	-0.47943005
-0.13692957	-0.20896964	-0.17101939	0.14711942	-0.16954565	-0.21710841	0.19627981	0.23343687	0.138899	0.15179911	-0.18831141	-0.15077709	-0.1650258	0.16293147	-0.15886076	-0.22222194	0.22390586	0.17165221	-0.19688399	-0.20497063	-0.1921299	-0.14479971	0.1585673	0.14758855	0.23044169	0.22873265	-0.21284752	-0.22356115	0.17342688	0.1524349	-0.17077766	0.22896194	-0.21569583	-0.18030712	0.19193763	-0.15789936	-0.16937065	0.16230541	-0.14473143	0.16587104	0.17142577	-0.14585868	-0.19827698	-0.1708539	-0.1865337	0.19096364	-0.13963206	-0.14075342	0.17531662	0.15893084	-0.14515655	-0.1427888	-0.18706118	-0.14954937	-0.21886532	-0.21946377	0.19619338	-0.22742836	-0.14159982	-0.15943278	-0.1983768	0.1906768	0.13845444	-0.140593	0.20604514	0.16900282	-0.14905493	0.1922312	0.20559828	-0.23359065	0.23071605	0.2319652	-0.15351275	-0.20999372	0.19476393	0.17594668	0.21709761	-0.20048125	-0.16590935	0.22017512	0.22919126	-0.23623799	0.1532497	0.17142181	0.21594049	0.14768411	0.16993481	0.21380988	-0.23036084	-0.228323	0.16740593	0.18480764	-0.16569608	0.22755276	-0.21175233	0.19788705	0.16382086	-0.21916774	0.15532482	-0.18911289
-0.13331413	-0.15364948	-0.19280909	0.14277838	-0.20035744	-0.16659234	0.20758094	0.17067012	0.14543438	0.18244936	-0.14402929	-0.14373563	-0.2134995	0.17113326	-0.15026039	-0.16925001	0.14205822	0.19638622	-0.13930665	-0.17496288	-0.13778742	-0.22261976	0.17520304	0.2233556	0.13457654	0.14920786	-0.21241187	-0.19134076	0.11834494	0.21880543	-0.19333893	0.1889462	-0.16014464	-0.20377883	0.20163044	-0.1992677	-0.12623408	0.17704338	-0.19690831	0.1957686	0.21663128	-0.22017401	-0.16943024	-0.15389043	-0.20513381	0.18110308	-0.22127222	-0.1704181	0.18732356	0.20065561	-0.22574647	-0.21845682	-0.20214047	-0.20925063	-0.16924563	-0.2133662	0.21896648	-0.20391586	-0.12607266	-0.18205109	-0.15993254	0.136957	0.18136312	-0.2096653	0.15387002	0.20209493	-0.17735918	0.13561013	0.20108859	-0.1994511	0.167319	0.13546011	-0.1284227	-0.16196631	0.17690246	0.19136906	0.2069246	-0.21087642	-0.1452361	0.1411261	0.18358767	-0.17240359	0.1564037	0.13215643	0.22992545	0.21642482	0.16620082	0.1797602	-0.15246108	-0.17553928	0.20822962	0.15701339	-0.16100234	0.13410142	-0.21922159	0.12953477	0.14698917	-0.1858844	0.14423229	-0.19394164
-0.63599384	-0.71150887	-0.67039376	0.67234904	-0.6220531	-0.66190183	0.67954844	0.6091664	0.66205394	0.61845285	-0.6442553	-0.6389757	-0.71090996	0.68434423	-0.6381009	-0.6687015	0.6978294	0.66433936	-0.6453754	-0.7043212	-0.70646495	-0.648361	0.609937	0.6628614	0.64902943	0.7082156	-0.6955616	-0.6123428	0.6651586	0.64988214	-0.63394976	0.6360383	-0.69002527	-0.6065579	0.6226232	-0.6396828	-0.5821957	0.6960741	-0.6846282	0.64156765	0.69279355	-0.6252044	-0.6859839	-0.6175834	-0.6063358	0.67305666	-0.6347302	-0.6856472	0.61997765	0.61170876	-0.6288465	-0.62413627	-0.6654866	-0.67566484	-0.64449203	-0.67307526	0.63017976	-0.6282471	-0.59951514	-0.649584	-0.6990617	0.65003264	0.61429733	-0.64070797	0.64457595	0.70525014	-0.6908172	0.6886354	0.6616659	-0.70488024	0.6110238	0.6713666	-0.62075835	-0.61213636	0.63592535	0.6590178	0.6167892	-0.66256714	-0.6197888	0.5675211	0.66403353	-0.6416892	0.6483191	0.6168986	0.6268958	0.7058117	0.6754757	0.64648175	-0.613604	-0.6430928	0.66355187	0.64870137	-0.6354751	0.6449041	-0.6895888	0.7072128	0.6494634	-0.53121984	0.6327403	-0.6220314
-0.546832	-0.58046407	-0.55855197	0.5362356	-0.60218406	-0.49463242	0.58099216	0.547425	0.5646111	0.5163795	-0.5687646	-0.5349564	-0.58071184	0.528505	-0.55965793	-0.59743965	0.6125127	0.61278385	-0.60972023	-0.5340604	-0.5960281	-0.5550138	0.5915389	0.5488182	0.52090853	0.5670402	-0.5744134	-0.5387478	0.5832952	0.6118901	-0.6040521	0.54187596	-0.6066305	-0.4968593	0.61564165	-0.5416825	-0.5375828	0.58455586	-0.52487355	0.51388323	0.5913934	-0.5601046	-0.5406848	-0.54237735	-0.53090274	0.5474333	-0.5730507	-0.5451717	0.51438534	0.5227598	-0.555034	-0.59662205	-0.6061857	-0.61618173	-0.5464323	-0.5729326	0.59781426	-0.52404827	-0.54959184	-0.60374516	-0.5324555	0.6079895	0.5403276	-0.53249145	0.6079368	0.53819907	-0.5519599	0.60405153	0.53045154	-0.5470093	0.56803006	0.5253692	-0.5625844	-0.5184681	0.5592814	0.5131425	0.50296986	-0.53667194	-0.49529472	0.5344864	0.5275495	-0.60791194	0.6041884	0.53175926	0.51347774	0.62195873	0.54642934	0.5300056	-0.53255606	-0.5061725	0.59101397	0.5152138	-0.58091176	0.5789616	-0.56909513	0.5851854	0.5740048	-0.54845065	0.5350246	-0.5942233
-0.39160344	-0.39767843	-0.37991786	0.3988924	-0.39374194	-0.40175757	0.39637664	0.42149195	0.45365864	0.4475493	-0.45434082	-0.38368282	-0.40621075	0.41810635	-0.38459006	-0.4081646	0.4387627	0.46530408	-0.40448022	-0.39353785	-0.4357499	-0.46747023	0.44382086	0.45403737	0.39967713	0.44776067	-0.4640313	-0.42904866	0.4238183	0.4061881	-0.3949548	0.40446118	-0.46561852	-0.45485756	0.47101024	-0.47327006	-0.371985	0.39736602	-0.46201912	0.45190454	0.40651733	-0.44141984	-0.3954396	-0.4673224	-0.3935586	0.38470238	-0.45389354	-0.41700774	0.41385996	0.41342157	-0.42052016	-0.38603866	-0.45972395	-0.4251973	-0.41512105	-0.41444445	0.40939838	-0.42836145	-0.3759725	-0.38420287	-0.3931464	0.4620724	0.4267704	-0.40040588	0.41174757	0.43127194	-0.41254777	0.44288254	0.4405385	-0.39616176	0.38746792	0.4124359	-0.41418085	-0.40282866	0.4260392	0.37025896	0.37301177	-0.40292707	-0.4288928	0.36137676	0.4639594	-0.44349372	0.39995262	0.40873578	0.3926632	0.47530562	0.4558114	0.4081746	-0.38044915	-0.4573146	0.3877221	0.43171015	-0.43863884	0.42987934	-0.4028384	0.46784982	0.42616168	-0.39916888	0.3903048	-0.44422147
-0.45682418	-0.4765114	-0.449846	0.3990279	-0.4595098	-0.46584785	0.38782716	0.468584	0.44778186	0.40900943	-0.39728573	-0.43975633	-0.41810283	0.40387118	-0.40565762	-0.40348086	0.47587883	0.46634227	-0.39732724	-0.4353287	-0.46806318	-0.43070063	0.39933196	0.4883782	0.42750266	0.39814454	-0.4867978	-0.46073595	0.44092247	0.46916723	-0.42148715	0.44010678	-0.4133047	-0.44907868	0.42711034	-0.41975677	-0.40349743	0.47952643	-0.46404567	0.44552964	0.47348157	-0.48612046	-0.48724687	-0.45528817	-0.41198456	0.4052418	-0.39099932	-0.40759873	0.439239	0.44129166	-0.42692804	-0.44307426	-0.46005857	-0.40760094	-0.49385935	-0.44178075	0.45114133	-0.41440582	-0.41745213	-0.46763292	-0.41817784	0.406961	0.43579283	-0.46452552	0.40112135	0.40993506	-0.45410082	0.43486896	0.46922746	-0.43566468	0.42866063	0.48342484	-0.436689	-0.46148247	0.42301887	0.44227406	0.42764738	-0.4682584	-0.43423453	0.4163394	0.3972555	-0.45982513	0.45129824	0.42129523	0.4496459	0.47811517	0.48411706	0.4705114	-0.4739492	-0.41727588	0.41256687	0.45378336	-0.4798662	0.39054218	-0.38800445	0.46682182	0.4765513	-0.4478992	0.39387813	-0.40884653
-0.2512496	-0.3102092	-0.3407625	0.33031163	-0.26811522	-0.2711269	0.2603511	0.28287324	0.31207427	0.31287116	-0.30603185	-0.3183883	-0.27790698	0.27952856	-0.2815256	-0.32521537	0.33989415	0.28026578	-0.27199274	-0.33449548	-0.3275138	-0.34207222	0.2561619	0.319909	0.31601647	0.3435265	-0.3337567	-0.24871488	0.26141116	0.3400627	-0.27845344	0.33752435	-0.34734085	-0.2668087	0.32664406	-0.27275136	-0.3074366	0.35306728	-0.32882375	0.3061948	0.33169147	-0.27434874	-0.26235077	-0.34827065	-0.261461	0.3109163	-0.26026118	-0.30923012	0.3413951	0.3344599	-0.2924293	-0.26878896	-0.30571246	-0.2935254	-0.3091958	-0.3660201	0.31020507	-0.27172816	-0.26290318	-0.29823965	-0.2979114	0.31863332	0.24626915	-0.3504311	0.31018147	0.2870105	-0.3237856	0.23623829	0.35093147	-0.35616592	0.32946524	0.30546716	-0.26442668	-0.33788252	0.33073854	0.25679955	0.34962228	-0.35572296	-0.24858391	0.23525749	0.27413514	-0.3177578	0.26251006	0.27186525	0.22137043	0.3454759	0.29785284	0.266318	-0.28460288	-0.28124213	0.2723418	0.30001733	-0.26882982	0.25534886	-0.2627087	0.30190697	0.30651414	-0.21114427	0.25130406	-0.2859088
-0.59032047	-0.5760978	-0.5601409	0.6180697	-0.63809633	-0.54505545	0.6247496	0.56096494	0.64680433	0.5532632	-0.534282	-0.61431205	-0.6118693	0.5595809	-0.6123386	-0.5625848	0.6022853	0.6366438	-0.53934115	-0.55589086	-0.57857317	-0.6038564	0.5764539	0.5675496	0.63779724	0.56019396	-0.5892599	-0.61633074	0.617855	0.55938023	-0.6245035	0.63776356	-0.5817931	-0.51719517	0.6053863	-0.58247656	-0.5051368	0.61490697	-0.55666995	0.57007897	0.5696564	-0.56570125	-0.53887683	-0.6375419	-0.5964952	0.59960777	-0.5211328	-0.6055491	0.62116355	0.614578	-0.60537666	-0.63671553	-0.5867145	-0.6486189	-0.62084764	-0.6596924	0.5597812	-0.6286308	-0.60430944	-0.6091543	-0.6450933	0.57585466	0.6041194	-0.61560506	0.6047398	0.6113232	-0.6120171	0.59796715	0.57600576	-0.61151814	0.6227664	0.61684304	-0.6490011	-0.5520008	0.59445447	0.5450126	0.5700619	-0.658037	-0.5345092	0.4676944	0.5692968	-0.58413213	0.62830406	0.6109042	0.5802857	0.5996478	0.6151936	0.6669644	-0.55558056	-0.62288046	0.5972157	0.6010218	-0.62984586	0.5894195	-0.61621976	0.6499583	0.63698953	-0.53769845	0.6460555	-0.600804
-0.48292187	-0.42555	-0.4976789	0.48062715	-0.46115077	-0.4238651	0.4016149	0.43978044	0.4675567	0.48115838	-0.46892777	-0.48775595	-0.5154041	0.4498429	-0.47675157	-0.42957586	0.48354518	0.4082025	-0.41238853	-0.40863907	-0.4169808	-0.47497702	0.47645912	0.48582467	0.43088362	0.5193389	-0.48100686	-0.48289576	0.44597104	0.44283643	-0.51608187	0.41774806	-0.46988502	-0.41320577	0.41782993	-0.46647698	-0.3778837	0.4596632	-0.4480346	0.4127163	0.506885	-0.45593658	-0.42506346	-0.52057123	-0.42414594	0.4963123	-0.4043062	-0.51158834	0.4668872	0.42992476	-0.4806154	-0.4154502	-0.47587663	-0.39774272	-0.42321905	-0.4906304	0.43943435	-0.4467517	-0.403231	-0.47001058	-0.49987045	0.4421465	0.4150804	-0.425065	0.45887017	0.45018587	-0.42184886	0.4793953	0.4394058	-0.48024407	0.4753603	0.46335146	-0.42990118	-0.4363848	0.50853515	0.3982107	0.4903875	-0.43046054	-0.41785222	0.39135283	0.43355873	-0.4424553	0.4877555	0.46304616	0.404803	0.44862586	0.4328415	0.48401374	-0.45958403	-0.4628921	0.5031295	0.44528168	-0.5233375	0.4904497	-0.41906285	0.4055478	0.48863605	-0.35019135	0.45537928	-0.4930454
-0.66485053	-0.71238136	-0.6969325	0.7269414	-0.6643607	-0.64698774	0.6908417	0.610719	0.65406793	0.71700686	-0.7052151	-0.73214114	-0.67419934	0.62955856	-0.6433288	-0.6754404	0.6476854	0.65851045	-0.6416929	-0.6579417	-0.66144407	-0.6883967	0.63902205	0.70609784	0.6395576	0.7178803	-0.6765237	-0.7115757	0.71215135	0.66531044	-0.69114	0.67529494	-0.67308277	-0.6566303	0.7333718	-0.64093894	-0.59615904	0.6840915	-0.6191088	0.7089119	0.7218369	-0.6264404	-0.65060705	-0.6832652	-0.6957469	0.6448449	-0.5990722	-0.6843164	0.6449701	0.6340941	-0.60669327	-0.72084624	-0.710379	-0.668392	-0.69843453	-0.6698759	0.72813493	-0.64862883	-0.67504704	-0.7059209	-0.68885976	0.63214636	0.61650604	-0.7152875	0.7088481	0.7277107	-0.6777361	0.69881004	0.6391455	-0.6807076	0.62914157	0.70043117	-0.7196521	-0.6303091	0.71940863	0.65289885	0.6677611	-0.73547965	-0.5832999	0.59712446	0.61667967	-0.60640705	0.7241964	0.7209105	0.6543922	0.66778076	0.72920424	0.6376576	-0.68218416	-0.64204335	0.6515664	0.6350331	-0.6640707	0.6143725	-0.7239069	0.72577196	0.68283975	-0.5593242	0.661856	-0.7223033
-0.2606533	-0.32374212	-0.2978878	0.25988322	-0.32955077	-0.26404285	0.26144928	0.26475897	0.3020889	0.322781	-0.32101837	-0.34060007	-0.2515466	0.2455161	-0.26148778	-0.2979216	0.25298458	0.2759722	-0.29620737	-0.2416283	-0.27735984	-0.28214937	0.26246405	0.25060576	0.2518421	0.30212086	-0.31789687	-0.2745603	0.29475397	0.26807868	-0.28042638	0.2946948	-0.31738263	-0.29184407	0.33523262	-0.3327285	-0.30363595	0.3146238	-0.30737945	0.23949309	0.26134533	-0.24897432	-0.31790566	-0.28010663	-0.32456282	0.25029114	-0.32487208	-0.2630605	0.33523667	0.2640051	-0.3212697	-0.2449405	-0.26418644	-0.31578866	-0.29789093	-0.24611938	0.30339757	-0.3388144	-0.29435948	-0.31111756	-0.30442822	0.32936406	0.2620513	-0.30985865	0.24503689	0.3083958	-0.30282685	0.24398434	0.29961327	-0.27291706	0.24430609	0.32042578	-0.26009327	-0.25021604	0.29923955	0.27313924	0.27926078	-0.26429176	-0.26774842	0.29544154	0.31991777	-0.31134972	0.29811674	0.28667378	0.30847403	0.2796786	0.32661664	0.26885363	-0.3046868	-0.33073166	0.27929032	0.2675897	-0.33563653	0.3417656	-0.3225109	0.2991092	0.25310197	-0.2611683	0.28179544	-0.27002853
-0.16571063	-0.1283151	-0.15182483	0.22718696	-0.18632035	-0.14551988	0.21497113	0.17212607	0.19742768	0.1899876	-0.17068854	-0.13136944	-0.20303047	0.13497905	-0.22862232	-0.19124685	0.18272296	0.1767928	-0.1710896	-0.16691095	-0.18025327	-0.20974573	0.21346518	0.17973483	0.18949756	0.1552484	-0.17502722	-0.18902847	0.14933576	0.19339833	-0.15258312	0.14930084	-0.21006416	-0.1690971	0.20188066	-0.21786651	-0.16449	0.17866078	-0.21309876	0.13704912	0.22416012	-0.17636324	-0.18056868	-0.16591494	-0.1657067	0.16272189	-0.21975474	-0.13867207	0.19034061	0.17265391	-0.16610199	-0.17562675	-0.15220349	-0.16746376	-0.19186683	-0.17770131	0.17279875	-0.15733768	-0.18782018	-0.1587094	-0.19103381	0.17637977	0.20454155	-0.15386645	0.21958016	0.17602146	-0.16228154	0.12525196	0.18301092	-0.15033558	0.20322962	0.22421575	-0.21805018	-0.14299014	0.17905803	0.17925319	0.22472516	-0.22322755	-0.14379565	0.17651401	0.15031715	-0.12649328	0.22593261	0.1667762	0.12703077	0.18784602	0.17548779	0.17149118	-0.17341095	-0.18382381	0.22307304	0.19737305	-0.21849239	0.21814881	-0.21262364	0.15610336	0.20087218	-0.18393968	0.15291277	-0.13106126
-0.36009723	-0.31161368	-0.33072653	0.33602357	-0.262466	-0.24760677	0.22116084	0.24727778	0.32383227	0.2931123	-0.29263628	-0.3137797	-0.34331053	0.30392414	-0.2441561	-0.29811147	0.29889286	0.29950833	-0.30279082	-0.30768985	-0.32505673	-0.300018	0.25421676	0.29869494	0.24773456	0.33521503	-0.2834154	-0.28193757	0.32444602	0.2641391	-0.31611142	0.30681527	-0.33932963	-0.26741138	0.26828533	-0.29025275	-0.2221506	0.34273666	-0.30251274	0.3177881	0.3080327	-0.2428767	-0.27570406	-0.3012454	-0.26592356	0.28141615	-0.25620592	-0.29632932	0.30131602	0.23040792	-0.32394096	-0.27565622	-0.30598238	-0.26958552	-0.33024192	-0.27104068	0.27975264	-0.26713577	-0.24029543	-0.2847451	-0.31704837	0.3149144	0.28193045	-0.28447783	0.25455683	0.34891817	-0.34564006	0.30518484	0.2630989	-0.2737781	0.29047102	0.3133258	-0.26050773	-0.33306083	0.2791728	0.29479197	0.21512994	-0.30130416	-0.20155531	0.2792796	0.27512932	-0.31219319	0.32103872	0.27533224	0.30623186	0.35685176	0.33155513	0.31587353	-0.23606934	-0.31612167	0.27086505	0.25224715	-0.32901907	0.29034504	-0.324724	0.32739428	0.3277209	-0.22726996	0.28012282	-0.27044454
-0.36751324	-0.45120734	-0.4841975	0.49246362	-0.49535042	-0.43714455	0.4532706	0.41220534	0.44385478	0.47327402	-0.46004188	-0.48068255	-0.51625484	0.49053422	-0.4761723	-0.5144391	0.4216675	0.4036676	-0.42928317	-0.45776552	-0.51752716	-0.46749473	0.43278277	0.4361585	0.44461775	0.49097934	-0.43491766	-0.41302148	0.44558594	0.5051326	-0.4391712	0.45233354	-0.49825582	-0.37018824	0.41319954	-0.51073056	-0.44137594	0.49294937	-0.41571954	0.44330525	0.4659386	-0.4352566	-0.4140804	-0.45748094	-0.44863576	0.4517583	-0.38641995	-0.4806136	0.51582813	0.4395786	-0.4217025	-0.4947057	-0.39531213	-0.48024336	-0.49176392	-0.45714402	0.5060407	-0.47056642	-0.48045054	-0.4930159	-0.42139053	0.42130604	0.46558028	-0.4930113	0.45199212	0.4436336	-0.3998053	0.40487158	0.45390415	-0.42622143	0.4512945	0.4747217	-0.41971815	-0.47489342	0.49226135	0.49511534	0.4413064	-0.44617945	-0.443451	0.3601462	0.46077728	-0.45596555	0.48504117	0.4036632	0.40959564	0.44783357	0.43271515	0.40601173	-0.48589805	-0.47687876	0.44579262	0.40700686	-0.4993384	0.41756347	-0.507831	0.45118055	0.5022311	-0.40002522	0.4287475	-0.47306082
-0.7695618	-0.84169304	-0.72083694	0.8134068	-0.78279585	-0.7580865	0.69640285	0.7580734	0.85366255	0.78293383	-0.7528712	-0.8212373	-0.8469203	0.74682176	-0.7836697	-0.7793225	0.813226	0.7179198	-0.81535417	-0.8036557	-0.8094635	-0.7703749	0.7655972	0.81113577	0.7701713	0.837085	-0.83468753	-0.74493545	0.8245945	0.8195394	-0.8046763	0.79686284	-0.80864936	-0.6843115	0.7617099	-0.7875228	-0.65377694	0.77275807	-0.799041	0.7045818	0.78793395	-0.74931943	-0.80280876	-0.7555507	-0.7832503	0.7661899	-0.64768255	-0.77991325	0.79941577	0.7766872	-0.773464	-0.7610696	-0.7596024	-0.7741136	-0.74349433	-0.83620584	0.73087543	-0.7809546	-0.7278065	-0.8002043	-0.8490347	0.7189423	0.7241149	-0.74815613	0.7076787	0.82983106	-0.75994974	0.8098531	0.7669064	-0.7927705	0.8072219	0.7802001	-0.79733825	-0.8176612	0.79828894	0.6702547	0.6963967	-0.7781715	-0.641238	0.6181737	0.73246187	-0.7492627	0.79674274	0.81408286	0.70460665	0.8452213	0.77985126	0.73127675	-0.73294455	-0.70023125	0.71520925	0.7738999	-0.8268851	0.82098824	-0.74212587	0.8084946	0.8222208	-0.6193017	0.7402429	-0.7405637
-0.48630765	-0.6144953	-0.58826965	0.6296919	-0.6424931	-0.6607204	0.6445595	0.51138055	0.58356327	0.6748537	-0.6393609	-0.6651065	-0.621123	0.6302181	-0.61360866	-0.6671176	0.6413844	0.56081665	-0.70031476	-0.63358927	-0.67225057	-0.6384046	0.6984677	0.6926311	0.6096301	0.60959935	-0.5758876	-0.5730683	0.65960234	0.63236463	-0.60179263	0.6638107	-0.6377635	-0.5494758	0.6621471	-0.6761142	-0.5510334	0.5727384	-0.6308235	0.5519245	0.66312414	-0.7046534	-0.6432255	-0.6629439	-0.63094777	0.682071	-0.60711455	-0.6708156	0.6534778	0.63894373	-0.44647908	-0.6323499	-0.5455316	-0.6036656	-0.6866254	-0.69494236	0.6677046	-0.6773843	-0.6318957	-0.5358736	-0.61458623	0.61542916	0.50822836	-0.61587995	0.6066794	0.64815634	-0.5418582	0.5212194	0.6405194	-0.62327445	0.574396	0.61824465	-0.68642735	-0.69057125	0.6098342	0.66673255	0.6781775	-0.6250127	-0.6419587	0.5189315	0.56310666	-0.53558654	0.6530001	0.61849254	0.46204773	0.52070326	0.6118583	0.5492735	-0.6938947	-0.6578166	0.6656241	0.59944105	-0.6513419	0.61040276	-0.58821183	0.6127343	0.6608026	-0.54305017	0.6053123	-0.6027704
-0.18606478	-0.16204128	-0.108098894	0.13187148	-0.10672548	-0.17573988	0.12034303	0.121759936	0.1602694	0.12611048	-0.108045906	-0.17641376	-0.15612765	0.11445457	-0.0991701	-0.1628002	0.12642927	0.12219933	-0.16887257	-0.12582327	-0.09591409	-0.11912882	0.10363348	0.111888066	0.13247435	0.15265937	-0.11165104	-0.15572846	0.12517104	0.103412144	-0.119738735	0.10894772	-0.106481165	-0.10584108	0.16553293	-0.08603787	-0.15856718	0.18282625	-0.108438395	0.16053408	0.14212011	-0.12631339	-0.12458874	-0.16800502	-0.18231852	0.12663592	-0.10716889	-0.1141581	0.09815405	0.12366462	-0.119699255	-0.1411214	-0.08946723	-0.14850262	-0.140283	-0.09878679	0.12922624	-0.12384546	-0.10667041	-0.10628739	-0.18335943	0.14964518	0.12328606	-0.12007418	0.115873046	0.1414542	-0.14383271	0.17048112	0.10859952	-0.08841579	0.10678787	0.13962533	-0.17924845	-0.1409847	0.09597859	0.10879271	0.16390301	-0.11092992	-0.15162331	0.17583953	0.13806564	-0.13944878	0.12574857	0.13773692	0.16442335	0.13846502	0.119567454	0.11210408	-0.09738063	-0.13780357	0.13512932	0.10412879	-0.123095095	0.09540963	-0.16705249	0.11388475	0.101457514	-0.09204771	0.14567049	-0.08888592
-0.5194035	-0.65781486	-0.6116977	0.648756	-0.6521098	-0.6201511	0.63500565	0.63431776	0.55269915	0.7145417	-0.68197715	-0.6802905	-0.6305504	0.6885679	-0.63915527	-0.70506704	0.6925561	0.5786665	-0.6738067	-0.667699	-0.70407045	-0.63727045	0.684625	0.6302772	0.6780458	0.6350384	-0.612257	-0.61318064	0.70854586	0.6889856	-0.6240174	0.7193479	-0.65491074	-0.59807265	0.6320031	-0.6874734	-0.6036246	0.6076535	-0.61469966	0.5843186	0.7089535	-0.67489094	-0.6453904	-0.66962975	-0.6675346	0.6380429	-0.621644	-0.6421554	0.70174503	0.6435296	-0.59580874	-0.67245007	-0.6372184	-0.63354236	-0.61348194	-0.61731046	0.65297145	-0.7021876	-0.6237618	-0.6093277	-0.65987706	0.6502392	0.6022496	-0.69017184	0.6848773	0.6257654	-0.5616336	0.60202694	0.63623756	-0.6690115	0.61914575	0.67482513	-0.7111139	-0.6958056	0.7076922	0.63453346	0.6696653	-0.71074754	-0.60164124	0.54004276	0.5799635	-0.56115204	0.65657157	0.639085	0.57736546	0.5170262	0.66251475	0.5658159	-0.60709745	-0.68402934	0.65972304	0.624257	-0.67285055	0.6642375	-0.6479654	0.64099056	0.6479988	-0.5766174	0.6579928	-0.70155525
-0.41047445	-0.4868188	-0.48254725	0.43047163	-0.47949603	-0.4743291	0.45147416	0.46991894	0.43110394	0.41667616	-0.46521035	-0.48229873	-0.5012392	0.46656063	-0.46303195	-0.47997254	0.48225853	0.48959023	-0.43499544	-0.4374935	-0.47251758	-0.44005892	0.461098	0.46941766	0.456161	0.44664803	-0.43748274	-0.41998512	0.4049866	0.4418691	-0.45441118	0.40931016	-0.3934067	-0.41579023	0.45895115	-0.48603293	-0.4016765	0.4810719	-0.43965617	0.45145282	0.48070678	-0.40329945	-0.48043665	-0.46303222	-0.39995354	0.46215352	-0.4309817	-0.4479518	0.46140856	0.3935171	-0.417763	-0.42137137	-0.40827915	-0.40280318	-0.47908774	-0.41793337	0.43103278	-0.45164847	-0.39630133	-0.4699256	-0.4390394	0.4279866	0.40510488	-0.48299393	0.40198782	0.40607792	-0.40176585	0.420732	0.45704126	-0.41225734	0.47559422	0.48834896	-0.44837043	-0.39108995	0.46788204	0.42782727	0.3928381	-0.4836488	-0.45378178	0.4165944	0.44393992	-0.40290684	0.4747473	0.4111111	0.4036558	0.3969029	0.40957105	0.4244906	-0.45500776	-0.44226274	0.47618502	0.47266537	-0.44253173	0.47455633	-0.46405163	0.41764256	0.42937288	-0.40442106	0.45202145	-0.45570484
-0.5591074	-0.6505651	-0.5765987	0.6051196	-0.57387495	-0.5577432	0.5414171	0.60191244	0.6517861	0.61442757	-0.5912896	-0.6711408	-0.5808975	0.54219806	-0.61647916	-0.6443654	0.5859117	0.5617687	-0.6033648	-0.6551975	-0.65079725	-0.6373539	0.58788055	0.6339821	0.66556054	0.64060223	-0.60352993	-0.60863835	0.6323334	0.6046981	-0.6188107	0.61867195	-0.6648223	-0.505296	0.5930145	-0.6268061	-0.5199321	0.6051058	-0.558542	0.5972874	0.65952027	-0.60007906	-0.56993675	-0.6581449	-0.55733514	0.5709658	-0.58336866	-0.59896827	0.65068007	0.57150733	-0.56621635	-0.6387223	-0.57085055	-0.64317214	-0.6382635	-0.62755275	0.61946756	-0.6308748	-0.58358353	-0.5470752	-0.67602664	0.61638004	0.5934071	-0.58775747	0.58800775	0.63881195	-0.5947925	0.5701366	0.5839765	-0.64996266	0.56769353	0.6280338	-0.58094656	-0.60131055	0.601781	0.62103486	0.61975133	-0.60411847	-0.56175035	0.5354833	0.5375134	-0.49761873	0.6120249	0.63987297	0.4895047	0.62950253	0.6710825	0.594774	-0.56848663	-0.5858121	0.56831926	0.5583329	-0.58335626	0.55793166	-0.5913072	0.6594379	0.61029845	-0.4679104	0.65520304	-0.6135962
-0.33326355	-0.3471771	-0.34298912	0.39958096	-0.32410526	-0.34242824	0.39737603	0.3090906	0.40510637	0.37947384	-0.3613968	-0.36628658	-0.362464	0.39987126	-0.30245888	-0.38499182	0.39688903	0.3222313	-0.40352637	-0.385584	-0.36386615	-0.36475396	0.40053695	0.41654876	0.31690857	0.47323892	-0.3991206	-0.33348998	0.42555535	0.40295175	-0.42809787	0.3865803	-0.42231226	-0.43656635	0.3972906	-0.36305615	-0.37770817	0.4042069	-0.42913324	0.38111416	0.41851437	-0.44531274	-0.38940436	-0.35430002	-0.3625488	0.4152459	-0.3926083	-0.34279114	0.32648903	0.39494047	-0.44277465	-0.4342995	-0.33063737	-0.34075698	-0.43973944	-0.42948377	0.35780048	-0.4214354	-0.3377962	-0.37485036	-0.4591244	0.3720995	0.3028772	-0.370575	0.44299245	0.46135062	-0.37726057	0.33789137	0.43730944	-0.35921586	0.40612784	0.35118517	-0.36469504	-0.32784325	0.39028552	0.30497548	0.41912124	-0.36842498	-0.28123957	0.3478427	0.34734026	-0.39719614	0.3429913	0.37347406	0.31259814	0.40800035	0.42275128	0.35464144	-0.34701347	-0.40386134	0.4476319	0.38207754	-0.34479332	0.39381093	-0.32265097	0.35355666	0.4364611	-0.32171187	0.39663547	-0.39648348
-0.50440454	-0.5343148	-0.57865345	0.5452158	-0.5316311	-0.5953649	0.4929653	0.5562344	0.54736763	0.58748615	-0.57463557	-0.5386709	-0.5246931	0.4960272	-0.5645072	-0.53011346	0.54784733	0.5703867	-0.593554	-0.5698904	-0.5329445	-0.53657484	0.5295511	0.6026984	0.5091763	0.5547742	-0.53345287	-0.5490658	0.56366926	0.5448044	-0.58747923	0.60377395	-0.5559169	-0.4327395	0.51126105	-0.516907	-0.4654511	0.54933476	-0.5406529	0.5058666	0.59811646	-0.5371883	-0.5232021	-0.55136055	-0.55790836	0.5251119	-0.5082985	-0.5268116	0.5414485	0.5592318	-0.472948	-0.53058124	-0.44957408	-0.6005072	-0.5180285	-0.53221714	0.5182106	-0.6200285	-0.5943993	-0.52769	-0.5275081	0.54025584	0.53656286	-0.6145067	0.5225809	0.5929698	-0.5107174	0.5511554	0.5279745	-0.5695437	0.573474	0.5614107	-0.5464575	-0.5019602	0.5708871	0.5747849	0.57955873	-0.5317766	-0.5070111	0.44154307	0.5125694	-0.5232563	0.5299153	0.52050054	0.5225768	0.57483566	0.57521254	0.5748422	-0.4892816	-0.59323245	0.5150997	0.5299179	-0.59523445	0.5597725	-0.5884288	0.5101659	0.54062253	-0.44180703	0.5853606	-0.6077368
-0.40173328	-0.37313142	-0.38871226	0.3890534	-0.3635708	-0.3873178	0.38606775	0.35928467	0.3590242	0.34882325	-0.40116835	-0.39462978	-0.37098935	0.3815883	-0.3564361	-0.413902	0.4190614	0.33081552	-0.387654	-0.36259174	-0.38540402	-0.40932322	0.37315747	0.3327156	0.36912996	0.42117006	-0.3788173	-0.38827482	0.38437122	0.35714307	-0.32854238	0.4006326	-0.3806771	-0.3654315	0.3375748	-0.42797622	-0.33448783	0.331623	-0.36174703	0.35208777	0.41859266	-0.3873926	-0.34092358	-0.38403124	-0.32583597	0.35065252	-0.39282432	-0.35725388	0.34123877	0.32478923	-0.36047184	-0.34007528	-0.33342624	-0.3662119	-0.35953557	-0.34238717	0.3964281	-0.35350996	-0.3812473	-0.38465264	-0.34447265	0.39956695	0.32901275	-0.3571652	0.37578204	0.41962624	-0.38578507	0.40833256	0.4019293	-0.40111983	0.35611066	0.41609374	-0.39613384	-0.38928235	0.3618177	0.3581093	0.3940847	-0.37216628	-0.35643524	0.36901507	0.3548167	-0.30862045	0.3584104	0.36053187	0.38086632	0.40860084	0.3503661	0.41696092	-0.33302575	-0.39152572	0.37105978	0.33896238	-0.41276237	0.30903304	-0.3595053	0.39744282	0.3857452	-0.28087077	0.32689327	-0.38258994
-0.51874304	-0.80051297	-0.80756783	0.73772347	-0.7240029	-0.80321217	0.7720739	0.7287287	0.75661486	0.7841461	-0.7329613	-0.7942838	-0.82397795	0.81003356	-0.77137965	-0.7540149	0.78008896	0.6847186	-0.7455781	-0.72947633	-0.84779835	-0.80410105	0.75680625	0.7738904	0.8279557	0.6761305	-0.72374916	-0.7419471	0.8285952	0.7610439	-0.7504346	0.7858784	-0.7660482	-0.69718665	0.7353043	-0.77825046	-0.7164031	0.7235216	-0.6757823	0.71326476	0.82956725	-0.74297255	-0.7895265	-0.8135216	-0.77882934	0.7980212	-0.7929797	-0.8029807	0.8160701	0.72736317	-0.59446985	-0.78332716	-0.7509897	-0.757458	-0.80761343	-0.74600714	0.779005	-0.74717325	-0.78584003	-0.7058538	-0.77762765	0.78858757	0.65214926	-0.75262576	0.8100606	0.8200105	-0.6117281	0.6410885	0.83598405	-0.8522042	0.77063465	0.8272194	-0.8324379	-0.74443704	0.7951741	0.8034488	0.82060575	-0.7750765	-0.7724461	0.7077824	0.6829975	-0.64913535	0.8029973	0.76242554	0.63241667	0.62493676	0.8044987	0.5874896	-0.7507094	-0.82241833	0.80869365	0.8102001	-0.8001713	0.72327423	-0.77473104	0.72515064	0.7675681	-0.6671098	0.81159323	-0.78540635
-0.5657099	-0.662768	-0.6366938	0.68943363	-0.5737545	-0.55764	0.59587115	0.6179774	0.66169506	0.60752875	-0.6402423	-0.6322881	-0.6590995	0.6116985	-0.6648381	-0.7153549	0.7033573	0.6348615	-0.65274394	-0.6151995	-0.72195774	-0.6967774	0.66871125	0.63726944	0.6261858	0.6667198	-0.66410923	-0.6020247	0.6469062	0.70561004	-0.67992127	0.66135615	-0.645741	-0.53360844	0.6385703	-0.6592091	-0.52434456	0.69085306	-0.5788515	0.6001332	0.68230844	-0.62592626	-0.6856553	-0.61527574	-0.6206341	0.62533057	-0.63457775	-0.66722345	0.65696025	0.5770573	-0.5698476	-0.712793	-0.6237539	-0.61025196	-0.6886926	-0.69861543	0.6741382	-0.6545217	-0.64242893	-0.6073888	-0.6602173	0.6617072	0.535718	-0.6680866	0.64759797	0.6685359	-0.6194877	0.6303091	0.6349007	-0.6670819	0.6163078	0.6620634	-0.62142205	-0.59018695	0.59550583	0.6502201	0.6434148	-0.6303377	-0.65494096	0.506793	0.5986452	-0.6046449	0.65168816	0.62569064	0.5987784	0.6235667	0.70150506	0.6140461	-0.60440737	-0.659924	0.68793064	0.671914	-0.66406584	0.6118933	-0.696491	0.6693707	0.6540786	-0.49610695	0.6280666	-0.6763907
-0.6018086	-0.7006228	-0.6719769	0.7167246	-0.6974627	-0.6515497	0.678026	0.5787585	0.632709	0.70533323	-0.67047095	-0.7310731	-0.690509	0.6516951	-0.6681499	-0.6526423	0.6657756	0.61079	-0.66090155	-0.74612105	-0.65575737	-0.68192255	0.66982204	0.65302056	0.69422364	0.6440814	-0.6815733	-0.66009384	0.72518927	0.6864814	-0.71079963	0.63710076	-0.68865085	-0.6497271	0.67293096	-0.68277323	-0.633264	0.6901067	-0.6296027	0.62172556	0.6679188	-0.7361078	-0.6638043	-0.6282701	-0.6928123	0.6942248	-0.66125077	-0.69002265	0.7304153	0.6477752	-0.59294903	-0.73840076	-0.6432103	-0.6745096	-0.7142537	-0.6546227	0.66238594	-0.67042375	-0.7251819	-0.65422267	-0.67761636	0.69572794	0.6204346	-0.6556796	0.63564533	0.70573604	-0.56222695	0.68817544	0.6748143	-0.6690072	0.7058754	0.6796619	-0.6630227	-0.6921409	0.662619	0.66977465	0.6188208	-0.71692353	-0.6712615	0.5770016	0.6702806	-0.6052398	0.63086075	0.69773024	0.6020021	0.6098134	0.66391796	0.6200401	-0.66488945	-0.6924682	0.6866915	0.66551167	-0.70149547	0.6044207	-0.6537553	0.6189647	0.69541216	-0.6194138	0.6939307	-0.70680207
-0.556435	-0.765914	-0.716949	0.72913367	-0.690442	-0.73689413	0.71286786	0.58211577	0.63777757	0.7286057	-0.736453	-0.7704158	-0.7148647	0.7170213	-0.7391383	-0.7848964	0.7134544	0.6783201	-0.68319464	-0.7209381	-0.7452322	-0.7582307	0.7012187	0.7470247	0.7648212	0.6440992	-0.7099572	-0.70285356	0.7249448	0.7070268	-0.73619187	0.74539274	-0.70029664	-0.62308776	0.71939653	-0.7154532	-0.6898862	0.6920365	-0.7155656	0.67292935	0.747379	-0.74325204	-0.70650136	-0.7167689	-0.6828126	0.76679796	-0.7190567	-0.7395317	0.773992	0.7070804	-0.5750913	-0.7600489	-0.6348375	-0.76925045	-0.73741996	-0.7673814	0.767733	-0.71938056	-0.7051624	-0.67130995	-0.7052276	0.7214602	0.6087172	-0.72422165	0.6953636	0.72730637	-0.61048967	0.5897047	0.791364	-0.77145445	0.6857143	0.7412164	-0.68143725	-0.6821557	0.6839992	0.7381239	0.73258656	-0.78267294	-0.66369814	0.616414	0.67972016	-0.59131044	0.7141409	0.73411965	0.54622793	0.55540407	0.67989707	0.6214091	-0.7000156	-0.75572693	0.6815584	0.696768	-0.73218197	0.7249872	-0.7346348	0.73718864	0.7206909	-0.6537006	0.7319536	-0.76478565
-0.44458795	-0.5878939	-0.6130211	0.59208614	-0.61705905	-0.6168766	0.57190865	0.5339512	0.60693884	0.5388267	-0.5954108	-0.60211474	-0.6665682	0.55799615	-0.60484374	-0.59008545	0.6376709	0.5801021	-0.54774773	-0.57971805	-0.57898194	-0.5523024	0.5646589	0.6109886	0.5516804	0.5949233	-0.5741778	-0.6071233	0.586533	0.63276094	-0.5669779	0.583621	-0.5804581	-0.5518273	0.5700777	-0.64007366	-0.50673187	0.558285	-0.57815844	0.5265052	0.6131467	-0.6209657	-0.6435552	-0.6083898	-0.5438872	0.54317737	-0.48620182	-0.5939426	0.5749034	0.564793	-0.5088875	-0.5714098	-0.547047	-0.5329627	-0.5552059	-0.60133094	0.5872299	-0.59722644	-0.54545087	-0.5120967	-0.55449986	0.595584	0.5574035	-0.57555073	0.61621124	0.5831706	-0.4567509	0.5544204	0.60973346	-0.53974646	0.5092708	0.63151425	-0.5738968	-0.6019011	0.6391057	0.58610487	0.5172906	-0.5559808	-0.5143379	0.48840854	0.515371	-0.52134275	0.5547007	0.59381646	0.48973796	0.5241652	0.5414726	0.54237366	-0.5676968	-0.60163796	0.59407216	0.5660783	-0.5718241	0.640047	-0.5865521	0.5270966	0.6410653	-0.44524696	0.58610594	-0.6264574
-0.4520415	-0.47420144	-0.36797914	0.39319694	-0.43939728	-0.37454668	0.37681654	0.4388938	0.47463745	0.434552	-0.45285636	-0.42369083	-0.4614773	0.4498637	-0.3838046	-0.38537067	0.38326782	0.37141564	-0.43912992	-0.45391798	-0.43191236	-0.42447853	0.36515546	0.43581897	0.43185577	0.4636177	-0.4545581	-0.4123727	0.4551271	0.40011036	-0.43090704	0.4274914	-0.40030944	-0.38017035	0.46188512	-0.38921168	-0.38668665	0.4255972	-0.36686835	0.43410182	0.38146043	-0.41455442	-0.36658123	-0.38332987	-0.4389371	0.45310837	-0.3568648	-0.3991424	0.42456385	0.36348695	-0.43339127	-0.43059334	-0.40147212	-0.44097862	-0.4658412	-0.46280843	0.42121944	-0.42547873	-0.45398554	-0.46786365	-0.3820031	0.41861087	0.4007559	-0.43600002	0.39116982	0.4139079	-0.38092336	0.40505335	0.45166764	-0.4317314	0.39890513	0.3931696	-0.37749347	-0.45968848	0.42547363	0.44449118	0.40499243	-0.38114223	-0.37688625	0.3680939	0.37783206	-0.40658242	0.4295581	0.38188013	0.3778393	0.42077827	0.38414404	0.443142	-0.43063378	-0.4309968	0.44419312	0.43427557	-0.42328632	0.4353933	-0.42053548	0.44088927	0.47206154	-0.38317898	0.4643799	-0.45510605
-0.17972724	-0.26736242	-0.19358857	0.20227836	-0.24529421	-0.20425062	0.30343205	0.2102036	0.22529416	0.28821418	-0.2678146	-0.27730364	-0.24765195	0.23536494	-0.26548663	-0.20970269	0.24640247	0.22603954	-0.22762439	-0.2195983	-0.21171597	-0.22821791	0.23802963	0.30323237	0.2923808	0.23951942	-0.22493808	-0.27231163	0.22745991	0.25462964	-0.19631651	0.29749596	-0.28565872	-0.21244986	0.23582639	-0.22887604	-0.23958366	0.22131014	-0.22722577	0.22502804	0.23853186	-0.2225546	-0.27079758	-0.24862139	-0.21544014	0.2870914	-0.2385395	-0.21840155	0.29656583	0.302068	-0.16678853	-0.20735714	-0.27781785	-0.26948375	-0.21412092	-0.22752094	0.20006663	-0.27146494	-0.3052194	-0.18644816	-0.2634877	0.29695478	0.21466927	-0.26610994	0.23388867	0.28839102	-0.14453913	0.19745208	0.2317494	-0.2598698	0.27513713	0.2606334	-0.29015338	-0.22926249	0.22878772	0.23662172	0.22973928	-0.20187771	-0.2193862	0.27216867	0.17448775	-0.28021958	0.27651274	0.17422077	0.1861233	0.191891	0.26907378	0.20893571	-0.24261568	-0.28176802	0.25287342	0.2691522	-0.26703614	0.2923643	-0.21921009	0.1967094	0.24635258	-0.26774642	0.2451728	-0.24999204
-0.47491497	-0.6874624	-0.6765537	0.68777484	-0.7076701	-0.7526269	0.7501373	0.51568985	0.6569153	0.7688218	-0.717253	-0.7235207	-0.78772825	0.6830728	-0.7412882	-0.75986457	0.71530443	0.59083533	-0.81013393	-0.73961717	-0.7879559	-0.64743435	0.7483135	0.72628325	0.7931209	0.6386259	-0.6525786	-0.7157822	0.7866428	0.7300606	-0.6670967	0.7958523	-0.78481644	-0.6298226	0.6695961	-0.7744095	-0.7014036	0.620186	-0.6917688	0.6975548	0.75789326	-0.7939953	-0.7744939	-0.64535177	-0.76107955	0.81735605	-0.7583899	-0.70671767	0.8120222	0.7539412	-0.4940757	-0.7164922	-0.6182307	-0.6905242	-0.7545131	-0.7399095	0.79548377	-0.77835274	-0.79353786	-0.62221843	-0.72092944	0.69629765	0.5655608	-0.71437204	0.75709236	0.7553534	-0.5623176	0.59937865	0.71926904	-0.73495877	0.584235	0.6982324	-0.74598914	-0.73940337	0.7495018	0.73927224	0.78475696	-0.80142015	-0.7357185	0.6577393	0.5115513	-0.53063685	0.72307855	0.61990005	0.494241	0.5656444	0.7425518	0.58390033	-0.76442003	-0.788873	0.7252375	0.7506416	-0.6722576	0.801216	-0.69848686	0.5870505	0.7854948	-0.6255976	0.73038745	-0.7707738
-0.3538125	-0.44795576	-0.36016235	0.47025043	-0.40801972	-0.39706752	0.41242495	0.30061513	0.38156447	0.422183	-0.38854584	-0.39299574	-0.37680027	0.39455196	-0.43058446	-0.38753733	0.3789423	0.4061022	-0.4420568	-0.36096746	-0.39052308	-0.46045026	0.34581098	0.34457073	0.39367577	0.35749123	-0.44410446	-0.33163613	0.41953412	0.42258087	-0.40456903	0.4348525	-0.37342128	-0.35092244	0.41719076	-0.37736374	-0.31816968	0.38157478	-0.33903468	0.3489117	0.40328586	-0.35972992	-0.4120015	-0.39465347	-0.41634035	0.3701678	-0.344732	-0.341522	0.45820642	0.40729713	-0.33447662	-0.43292108	-0.40234506	-0.43533126	-0.4353053	-0.44677082	0.430897	-0.45626336	-0.41554916	-0.38115686	-0.362261	0.4193918	0.32456848	-0.44277185	0.3744681	0.4436681	-0.33134517	0.37882558	0.41840276	-0.3816896	0.39538884	0.45701474	-0.35720238	-0.45061773	0.4102032	0.42072788	0.32637554	-0.37462828	-0.3250913	0.2798129	0.3930585	-0.364629	0.38986737	0.3702881	0.29806176	0.4374819	0.35397995	0.41904333	-0.42880067	-0.4233351	0.40957573	0.35789472	-0.4312092	0.37745908	-0.45033535	0.34219292	0.38515624	-0.28747544	0.34167135	-0.44264537
-0.34097013	-0.293446	-0.33771726	0.3093573	-0.31833273	-0.25432295	0.3086764	0.25600222	0.30108756	0.29357174	-0.32736668	-0.3477837	-0.2913842	0.33387738	-0.3152758	-0.35825422	0.28361672	0.26356173	-0.30761486	-0.3385621	-0.31120035	-0.28717208	0.34444416	0.30413362	0.30115515	0.34452546	-0.3395107	-0.30585188	0.2817835	0.32818383	-0.27604318	0.33442643	-0.31992614	-0.25552085	0.29987904	-0.32019275	-0.26740748	0.25718653	-0.34275603	0.2519183	0.28403407	-0.30032632	-0.28324544	-0.28826916	-0.3505298	0.34018898	-0.3449115	-0.3301662	0.30007917	0.3448027	-0.24914211	-0.29531825	-0.2522871	-0.3225808	-0.3400597	-0.31408915	0.35057086	-0.33015287	-0.3329726	-0.33480543	-0.34087756	0.28137708	0.2653803	-0.28556055	0.2717228	0.3366428	-0.3043677	0.27706283	0.3429879	-0.32236776	0.3268385	0.30684868	-0.266347	-0.35092086	0.30019128	0.28657922	0.29195893	-0.35387155	-0.3336238	0.2723431	0.26882654	-0.33867118	0.26970083	0.27407372	0.32649213	0.3313496	0.34285122	0.3190338	-0.3310685	-0.34512302	0.26238912	0.26746464	-0.34851214	0.2738363	-0.3511901	0.33232558	0.33758095	-0.3348368	0.3401626	-0.2790491
-0.48098463	-0.5135803	-0.5868188	0.5647644	-0.53529537	-0.56900984	0.48655844	0.5528651	0.5044213	0.5853504	-0.5569392	-0.58756226	-0.61174434	0.531569	-0.6005593	-0.5626893	0.5922316	0.5514011	-0.5038262	-0.576123	-0.5679061	-0.5867673	0.58114827	0.5184582	0.52120394	0.49572957	-0.5405711	-0.54584044	0.5269544	0.57853156	-0.5830646	0.5105679	-0.52448463	-0.4998608	0.52678114	-0.5730305	-0.4783806	0.54126877	-0.50538766	0.5833632	0.5993544	-0.5637465	-0.562064	-0.5256062	-0.548776	0.57047987	-0.47591162	-0.5729227	0.5518069	0.5834617	-0.5156408	-0.56185806	-0.51547056	-0.5051806	-0.5633517	-0.5748169	0.5478418	-0.5529839	-0.58402336	-0.51406866	-0.5382376	0.57575905	0.5311417	-0.561962	0.5721689	0.56409425	-0.57829094	0.5461994	0.6054431	-0.5969611	0.5200881	0.55081755	-0.5689959	-0.509178	0.5139811	0.5511347	0.48466128	-0.50783086	-0.4988542	0.46954957	0.5639371	-0.5314016	0.57519263	0.5172987	0.54918844	0.4965826	0.56653607	0.550639	-0.48937145	-0.49484134	0.50439227	0.5906371	-0.5954272	0.58914727	-0.49179104	0.4951304	0.5800796	-0.5106126	0.52328175	-0.5192452
-0.6603038	-0.7425629	-0.76442146	0.77045715	-0.73356014	-0.75795645	0.72926754	0.68726885	0.8100939	0.749471	-0.7217411	-0.7624965	-0.82965356	0.6811464	-0.7707271	-0.8530651	0.8020829	0.74304867	-0.75225174	-0.797561	-0.77112645	-0.8216322	0.7857858	0.7796681	0.7381029	0.7967242	-0.79412633	-0.75898105	0.7704407	0.7889507	-0.7107431	0.7935718	-0.8092173	-0.66350746	0.73903733	-0.7906623	-0.64428085	0.7341162	-0.7405622	0.75401384	0.80099547	-0.7202876	-0.81412584	-0.77119	-0.7716576	0.7673207	-0.71688545	-0.78491205	0.84649837	0.7860794	-0.62610996	-0.7867685	-0.656513	-0.8215803	-0.81613946	-0.8183796	0.7883281	-0.858721	-0.7678737	-0.71806365	-0.8260626	0.7149728	0.6692879	-0.8501952	0.76084256	0.8012243	-0.6833046	0.73500746	0.79640704	-0.7668032	0.74854547	0.80593514	-0.78664064	-0.7835248	0.76588637	0.7603414	0.7375709	-0.7682168	-0.69555825	0.5769631	0.7462293	-0.6364988	0.7728192	0.746584	0.58620065	0.72759223	0.72953445	0.7754668	-0.6935236	-0.7834525	0.72688866	0.7648666	-0.81593275	0.79253244	-0.8016781	0.7290886	0.7591718	-0.60620207	0.70766026	-0.8207245
-0.5588862	-0.6686577	-0.67450607	0.6128293	-0.5858356	-0.5565659	0.59168005	0.56419563	0.6414455	0.59989613	-0.625756	-0.6485393	-0.6885846	0.61509264	-0.5518286	-0.6299514	0.63082993	0.62081563	-0.61519086	-0.57734257	-0.6136937	-0.68926895	0.5977512	0.6241662	0.6419943	0.599552	-0.6857564	-0.6368206	0.66285986	0.5834904	-0.6198323	0.58593076	-0.59940964	-0.5984	0.6189142	-0.6098816	-0.507292	0.62437266	-0.6435516	0.59908664	0.63258135	-0.6269694	-0.64276993	-0.5972733	-0.59134257	0.62367135	-0.55559146	-0.6680434	0.56609786	0.5394171	-0.60410714	-0.61815554	-0.62566686	-0.6245317	-0.5955658	-0.59429675	0.62777334	-0.6012206	-0.53518724	-0.65261793	-0.6341443	0.6318264	0.57361865	-0.6289895	0.6066692	0.6226424	-0.6428589	0.6101152	0.6434836	-0.6141963	0.5904791	0.63291293	-0.6724151	-0.5539253	0.5965329	0.6204849	0.6114651	-0.67705095	-0.5106536	0.47148624	0.57936156	-0.6223539	0.6588646	0.59446776	0.58950055	0.59140325	0.6183594	0.63814455	-0.61044043	-0.57597363	0.57590055	0.5700269	-0.67164266	0.6566956	-0.63062304	0.6805789	0.64553314	-0.48106492	0.5954719	-0.6281113
-0.56872046	-0.63961095	-0.64552826	0.5959402	-0.5993602	-0.5720379	0.59742683	0.58684707	0.6153311	0.5748657	-0.5701926	-0.66887045	-0.56947654	0.6274612	-0.6583496	-0.6305988	0.63634473	0.59864545	-0.5674633	-0.6351757	-0.6568746	-0.64927787	0.62787133	0.6591998	0.6312194	0.5652421	-0.6005186	-0.5955388	0.5938306	0.65743965	-0.6017643	0.6513973	-0.6130182	-0.50431556	0.61126167	-0.57322353	-0.5463113	0.660226	-0.5558664	0.56227124	0.6215378	-0.560794	-0.619727	-0.65174717	-0.65010536	0.57408047	-0.5352589	-0.6010574	0.657145	0.57766503	-0.5647113	-0.63417727	-0.57967305	-0.59702986	-0.6152027	-0.5865719	0.6229914	-0.6565706	-0.61843663	-0.6186145	-0.6667184	0.5753398	0.5486159	-0.6560806	0.56858456	0.62863785	-0.5245967	0.54306066	0.6248095	-0.65763277	0.6158615	0.60324484	-0.57477707	-0.5705122	0.61997324	0.6134869	0.55750406	-0.6201688	-0.5584059	0.52268165	0.6022494	-0.5411754	0.61578125	0.63799876	0.49532375	0.5778098	0.60652745	0.6064696	-0.5343341	-0.5922423	0.59664094	0.5795752	-0.64277035	0.61338913	-0.64241606	0.63669646	0.66466534	-0.52222705	0.62065697	-0.6362054
-0.41533446	-0.49220473	-0.49497533	0.442133	-0.50219804	-0.45454514	0.46166494	0.508677	0.5501722	0.5205261	-0.4929124	-0.47940302	-0.53122324	0.41640434	-0.41962662	-0.4716016	0.5262697	0.5172958	-0.52925825	-0.51816785	-0.4500522	-0.5355827	0.51086605	0.47598886	0.4874403	0.45547208	-0.46206617	-0.44186103	0.43686044	0.4652865	-0.50823563	0.5274855	-0.5437518	-0.48864117	0.44507015	-0.5335017	-0.38637027	0.46131432	-0.4582916	0.40386856	0.45362985	-0.5614906	-0.48706135	-0.50183	-0.5542344	0.5033412	-0.48933426	-0.4536702	0.4731451	0.5233728	-0.38522944	-0.5338786	-0.44739228	-0.4509584	-0.5104717	-0.5321313	0.50716615	-0.5594718	-0.4920534	-0.5113229	-0.4492206	0.4387148	0.4652444	-0.5066102	0.49298507	0.49013513	-0.47742337	0.5022918	0.5003533	-0.51088077	0.4867644	0.5430179	-0.5420136	-0.4600779	0.48703858	0.5133424	0.45272654	-0.5001898	-0.48369947	0.40305766	0.40693432	-0.37926778	0.45745826	0.45213667	0.43249723	0.54134756	0.5210062	0.47040698	-0.52466476	-0.4811348	0.46725282	0.5265611	-0.5288418	0.4950439	-0.48167983	0.54245836	0.4667188	-0.34882474	0.43321288	-0.55074364
-0.5670954	-0.52013606	-0.49634916	0.5550702	-0.5587058	-0.56002957	0.54805934	0.5153632	0.56677943	0.55452234	-0.49800685	-0.4939053	-0.5134096	0.51225036	-0.49271336	-0.54390943	0.5464198	0.5007194	-0.53953815	-0.57007045	-0.5812749	-0.50286424	0.54546463	0.48794997	0.5511223	0.58345544	-0.51668626	-0.5077473	0.5872697	0.536905	-0.57366896	0.50503623	-0.54805434	-0.51591754	0.54055977	-0.5725747	-0.44200203	0.49447048	-0.5271588	0.56403756	0.5367298	-0.4952776	-0.5767456	-0.55577457	-0.5211249	0.53052807	-0.46842086	-0.53886837	0.49820626	0.50134146	-0.46452492	-0.5218862	-0.55822945	-0.4832403	-0.5836615	-0.59058	0.53248215	-0.5555674	-0.56240743	-0.5034023	-0.5400866	0.55701244	0.5347404	-0.5199339	0.56498325	0.49929222	-0.56374264	0.5011761	0.591279	-0.5572957	0.4868128	0.4861154	-0.57310826	-0.5067059	0.53194773	0.53952193	0.48153612	-0.5188931	-0.45851704	0.45191583	0.51176643	-0.4978088	0.5663367	0.52403104	0.5308874	0.5397912	0.5142335	0.57906586	-0.5270505	-0.50304526	0.574404	0.5066805	-0.5718856	0.59733635	-0.5354612	0.5214704	0.5596717	-0.4432226	0.5030394	-0.5389395
-0.5475159	-0.50144106	-0.5233775	0.49617073	-0.51823044	-0.46351537	0.49297747	0.52826554	0.48702925	0.54374933	-0.4984737	-0.47706673	-0.5580899	0.51370084	-0.5221617	-0.48461428	0.5516237	0.4894402	-0.5162719	-0.47370353	-0.4962366	-0.50703585	0.5034269	0.4975988	0.52210325	0.51646996	-0.52564406	-0.528218	0.4897079	0.49952802	-0.5185877	0.4834588	-0.5206111	-0.56788766	0.5577451	-0.53336746	-0.5519777	0.4871488	-0.51827884	0.511747	0.53024274	-0.47680622	-0.5614868	-0.5326431	-0.53322154	0.50818783	-0.5526228	-0.5478621	0.5459951	0.5054027	-0.5538683	-0.48877907	-0.48431474	-0.5191506	-0.5195624	-0.46940905	0.5547456	-0.55605775	-0.51910317	-0.5232762	-0.4832581	0.4869976	0.5777263	-0.4755362	0.5181157	0.49651542	-0.56243885	0.54675823	0.5245666	-0.49216062	0.4971152	0.5048483	-0.520849	-0.528559	0.49495286	0.51979107	0.5669628	-0.5102914	-0.5191386	0.56660473	0.5305025	-0.513897	0.48158947	0.5141801	0.5383794	0.5664115	0.4791915	0.5272296	-0.5554587	-0.51518005	0.56006426	0.56454384	-0.5681692	0.5184969	-0.4829461	0.56703097	0.536766	-0.56509614	0.47748232	-0.5567121
-0.56037605	-0.5666221	-0.5355962	0.5371901	-0.5457576	-0.60655814	0.5573501	0.5679291	0.53919643	0.5608986	-0.52329946	-0.5702364	-0.5971083	0.5230802	-0.63368094	-0.599677	0.58946806	0.5759015	-0.5511378	-0.60802823	-0.55911964	-0.5739746	0.5708337	0.5268537	0.5807161	0.5711325	-0.5482542	-0.5259691	0.560393	0.62271917	-0.56179184	0.5881117	-0.62709564	-0.54927015	0.61280483	-0.5671315	-0.45029455	0.54804426	-0.51814204	0.5732372	0.64139044	-0.55253446	-0.62298113	-0.5893918	-0.5334891	0.61196876	-0.5485168	-0.61043483	0.6160953	0.5150335	-0.51230055	-0.5689974	-0.5887317	-0.59742194	-0.6077158	-0.6364715	0.5447245	-0.62710863	-0.5804563	-0.57859445	-0.5619763	0.5433829	0.579596	-0.58962154	0.57889783	0.5481858	-0.5168503	0.5896321	0.59448874	-0.5346537	0.5299207	0.613215	-0.54748636	-0.602627	0.5665462	0.51574	0.5374579	-0.5977765	-0.4923184	0.5239695	0.5859766	-0.5060605	0.5900648	0.5528698	0.48949027	0.5804041	0.57328176	0.5592726	-0.50571644	-0.5379914	0.53157204	0.55552894	-0.60078853	0.59356993	-0.5303135	0.561093	0.55728376	-0.4520256	0.5537277	-0.56877327
-0.48483226	-0.49499744	-0.45733222	0.47369167	-0.46322966	-0.38227123	0.5257424	0.5401725	0.53804207	0.5568047	-0.48462054	-0.44078305	-0.51125395	0.46199492	-0.4455059	-0.4830728	0.4306204	0.46419555	-0.54259133	-0.45037225	-0.48580685	-0.54995924	0.5025151	0.47135252	0.45656374	0.5147424	-0.46165663	-0.4904992	0.47777262	0.5272471	-0.5190959	0.5068085	-0.45882246	-0.44755843	0.47135663	-0.56690943	-0.50899565	0.5447348	-0.4937539	0.46586618	0.49606547	-0.53274804	-0.46649954	-0.48720413	-0.54035306	0.4794339	-0.42918777	-0.5610032	0.446922	0.45766142	-0.44375235	-0.5566016	-0.49186128	-0.5278607	-0.4872765	-0.45052356	0.4715924	-0.43899864	-0.42835772	-0.52444726	-0.48433048	0.55205953	0.4784297	-0.48022574	0.55654055	0.551189	-0.45579326	0.4995727	0.4646204	-0.5150644	0.45699206	0.5042706	-0.48888248	-0.44189528	0.47035605	0.45572817	0.5258035	-0.4921578	-0.52361846	0.49147043	0.50807947	-0.5123102	0.5465603	0.4791658	0.5089402	0.5227847	0.51298195	0.53032506	-0.4529298	-0.51879215	0.5509637	0.52693903	-0.4878964	0.4237061	-0.48704818	0.46211088	0.5115022	-0.43520275	0.52129024	-0.5610756
-0.54182655	-0.63388336	-0.611855	0.63931865	-0.5767857	-0.5935497	0.58608216	0.5274658	0.60245854	0.58526284	-0.62990296	-0.6429462	-0.57296604	0.5710189	-0.60628855	-0.5920381	0.5946491	0.533495	-0.56757975	-0.5656615	-0.60622907	-0.5731681	0.5452607	0.6088188	0.5497202	0.58713186	-0.6003678	-0.54457587	0.5759953	0.60839975	-0.63495475	0.610695	-0.63485867	-0.5101106	0.6230855	-0.6291069	-0.4778822	0.6179453	-0.5791363	0.600182	0.6490965	-0.5352443	-0.5802398	-0.5716114	-0.5694113	0.585948	-0.54437846	-0.5877815	0.5912302	0.597773	-0.57174283	-0.6220712	-0.54341984	-0.5976738	-0.5711288	-0.6471634	0.5575272	-0.62658995	-0.54182106	-0.61751133	-0.6210809	0.5745885	0.5478699	-0.6412095	0.5599735	0.6287541	-0.57239246	0.53867495	0.6057635	-0.5751679	0.5413911	0.5697709	-0.5590768	-0.5417616	0.6001031	0.54227465	0.58113414	-0.5488179	-0.5538753	0.4633021	0.51894546	-0.5085268	0.5720471	0.56124884	0.52279174	0.6054772	0.54990506	0.59252805	-0.53179276	-0.5410854	0.58505523	0.56063086	-0.62662643	0.5811838	-0.59225965	0.5561416	0.5269573	-0.43549225	0.6135332	-0.6157843
-0.23450445	-0.16210501	-0.24508694	0.21714686	-0.15277189	-0.18202688	0.20418644	0.15544133	0.17260988	0.20845282	-0.15922186	-0.23106685	-0.1920938	0.2151845	-0.162247	-0.21844131	0.18918695	0.2038065	-0.14804497	-0.16018462	-0.15662597	-0.20657732	0.19273916	0.19896942	0.18423755	0.15762945	-0.23602356	-0.20128064	0.1475319	0.17513733	-0.18689966	0.19088966	-0.19393514	-0.16380368	0.22834028	-0.17062931	-0.19311525	0.18315004	-0.22947706	0.1899453	0.15462585	-0.22802164	-0.1630719	-0.1696148	-0.16052358	0.1346737	-0.19666372	-0.18904497	0.19704968	0.13754477	-0.22860955	-0.18973772	-0.23672888	-0.21649675	-0.19620578	-0.1490161	0.16668174	-0.19495372	-0.1930244	-0.14991523	-0.18096732	0.16125697	0.1501215	-0.19909233	0.22192997	0.18437034	-0.1759104	0.1741659	0.20443346	-0.19379833	0.15713425	0.16476177	-0.22684877	-0.13710651	0.2239849	0.22349083	0.16103435	-0.23650087	-0.17344385	0.107117295	0.18348159	-0.15286167	0.1860981	0.1393739	0.20044841	0.18320267	0.22896476	0.22314121	-0.18114492	-0.1829584	0.23779732	0.14402854	-0.2407811	0.14721097	-0.2336417	0.22604655	0.17944552	-0.114068404	0.20381	-0.19065015
-0.7471016	-0.74590755	-0.7702107	0.7958235	-0.7823223	-0.7852518	0.7441719	0.75631577	0.811242	0.7245438	-0.78942984	-0.8110567	-0.8145127	0.78391486	-0.81199616	-0.7908247	0.80301416	0.69871837	-0.7729012	-0.7170108	-0.8219349	-0.7516091	0.7676541	0.8093443	0.80920166	0.7866955	-0.7755153	-0.7845284	0.75477785	0.7687294	-0.7757414	0.7265725	-0.7984816	-0.6643992	0.8061758	-0.7969769	-0.69626224	0.76521796	-0.69165176	0.77488893	0.7444619	-0.74225926	-0.7792353	-0.7573628	-0.7392912	0.7950042	-0.6656235	-0.72571737	0.7526932	0.7330211	-0.72467273	-0.8192774	-0.75990146	-0.78224653	-0.79287857	-0.72814953	0.7854411	-0.7853388	-0.73151845	-0.77202153	-0.7246138	0.7489722	0.6697208	-0.7362098	0.7332084	0.728839	-0.73804736	0.695605	0.8039142	-0.796738	0.74095696	0.76511467	-0.7724781	-0.75074184	0.7296346	0.7743895	0.74040884	-0.8075634	-0.6784373	0.6636473	0.73597413	-0.71603906	0.77828944	0.7173788	0.7038378	0.7955516	0.7805788	0.7386051	-0.7426567	-0.71050096	0.7957389	0.69738734	-0.7296451	0.809985	-0.7226188	0.72903806	0.805676	-0.66836244	0.6978162	-0.7392854
-0.6642997	-0.6644639	-0.66419286	0.6218891	-0.6101187	-0.54191005	0.61549276	0.5772626	0.6857186	0.6011611	-0.5616144	-0.6686892	-0.5580233	0.60383165	-0.6081668	-0.57304853	0.5745279	0.61205417	-0.6306227	-0.5984066	-0.6252266	-0.6762319	0.62877107	0.6669837	0.5911218	0.59510225	-0.69685596	-0.6002403	0.5722741	0.5866413	-0.6839316	0.6380093	-0.6297615	-0.5812995	0.6989621	-0.56373936	-0.54787976	0.6017627	-0.5689808	0.61855996	0.55061966	-0.63579965	-0.64938724	-0.6762811	-0.6344251	0.5297628	-0.53255266	-0.67072475	0.581286	0.59739214	-0.55056924	-0.66907173	-0.62882876	-0.6275808	-0.6523712	-0.67027694	0.5761787	-0.62358195	-0.61339754	-0.6858955	-0.65995526	0.551629	0.6509137	-0.5694546	0.5809258	0.6903479	-0.6128822	0.62915903	0.6167444	-0.5845302	0.6106853	0.58081347	-0.67903394	-0.6258581	0.59818923	0.62116927	0.5789539	-0.6628116	-0.56631577	0.45163786	0.67297393	-0.57758427	0.67203397	0.5938065	0.5722483	0.66069156	0.62940407	0.68274635	-0.55281454	-0.6314296	0.61538833	0.55104625	-0.62016267	0.5840958	-0.63115484	0.62696433	0.6523783	-0.46428603	0.6066022	-0.62399036
-0.23252496	-0.20565109	-0.16684207	0.21258502	-0.16687292	-0.18793735	0.21664816	0.14595486	0.13430397	0.19734341	-0.17562626	-0.16890237	-0.20840798	0.22780131	-0.23212667	-0.16873589	0.15055855	0.18070929	-0.23071656	-0.19574039	-0.17463039	-0.21071348	0.14698365	0.2131744	0.15449694	0.21980388	-0.16016115	-0.14407277	0.21572784	0.15725884	-0.14294736	0.15384099	-0.22115739	-0.22854325	0.1456025	-0.17124946	-0.18366292	0.21241291	-0.17310938	0.16642272	0.2173518	-0.20958781	-0.22904773	-0.17722303	-0.19517346	0.15484628	-0.15779917	-0.21047668	0.15766872	0.15168664	-0.1567953	-0.19898687	-0.18369149	-0.13455953	-0.19607316	-0.18591055	0.15362962	-0.19795585	-0.22408928	-0.16157228	-0.18686616	0.1641008	0.15569584	-0.14617585	0.19845507	0.2100192	-0.17336833	0.20272648	0.21039827	-0.22638564	0.14157541	0.17911972	-0.21505475	-0.18685253	0.17031035	0.22826484	0.22911198	-0.13726977	-0.13885963	0.18115367	0.22425497	-0.2283462	0.22419496	0.21041995	0.16240104	0.18770269	0.20651747	0.22529702	-0.21164556	-0.13970134	0.14982243	0.16780446	-0.22529738	0.1508418	-0.23218213	0.17708483	0.19087528	-0.2243012	0.19835776	-0.17491025
-0.72380656	-0.6983241	-0.74676114	0.76502866	-0.69705236	-0.58841777	0.6170069	0.6582517	0.7839556	0.68208104	-0.64154387	-0.69164735	-0.68886906	0.6366655	-0.74128205	-0.6887669	0.7305259	0.6610448	-0.68140477	-0.74111533	-0.725823	-0.76122946	0.70059395	0.6869477	0.72496647	0.7641104	-0.7311166	-0.70575744	0.6916196	0.69713086	-0.7185995	0.7279928	-0.73588115	-0.58367723	0.708233	-0.7176379	-0.5950181	0.73855186	-0.6871535	0.652007	0.6510196	-0.6847795	-0.7345106	-0.6719061	-0.6811801	0.7286023	-0.6623486	-0.7538365	0.7007457	0.6423962	-0.6269435	-0.72342974	-0.7223271	-0.7481502	-0.69045913	-0.75667864	0.7547035	-0.67635596	-0.6902472	-0.75574267	-0.72630227	0.6812519	0.6493265	-0.6840593	0.67892134	0.74856526	-0.68058366	0.6543835	0.759863	-0.7153113	0.75087094	0.67312944	-0.67251617	-0.73653847	0.73338187	0.65885425	0.65475535	-0.77837175	-0.6386677	0.5852988	0.67020273	-0.65550905	0.7232018	0.6554771	0.6486724	0.7193292	0.692963	0.73954016	-0.701001	-0.68817216	0.69722307	0.7104636	-0.7578111	0.6301744	-0.702893	0.6829981	0.6856878	-0.5902682	0.6828085	-0.69406533
-0.66394347	-0.70252293	-0.6806237	0.72242385	-0.63767624	-0.6091057	0.6181636	0.6708328	0.72769165	0.6889465	-0.6680291	-0.6885929	-0.73146284	0.61632967	-0.68391436	-0.73874927	0.6809983	0.6403808	-0.71118015	-0.6739396	-0.6595921	-0.7182642	0.7207921	0.6630988	0.72990286	0.69076806	-0.7042054	-0.6381075	0.6893455	0.731579	-0.65348816	0.744849	-0.7516958	-0.60480595	0.6860383	-0.69973046	-0.5689318	0.67160827	-0.6734512	0.70845354	0.7298509	-0.7186508	-0.6539934	-0.7106429	-0.71395177	0.7219174	-0.6222739	-0.69055647	0.6578673	0.7063566	-0.66687894	-0.7454732	-0.69314337	-0.7202664	-0.7295947	-0.67648274	0.70462364	-0.7243046	-0.64430404	-0.6959345	-0.704435	0.6844247	0.6284985	-0.7279347	0.6831197	0.7207264	-0.71269375	0.6642892	0.70027596	-0.6503405	0.6978855	0.731731	-0.6780051	-0.68065304	0.66521627	0.69315434	0.7205835	-0.6908631	-0.6441122	0.53113264	0.6996596	-0.66463906	0.70024425	0.68282443	0.5885019	0.67733395	0.7140755	0.72830206	-0.634285	-0.66537374	0.7161827	0.7004957	-0.72603756	0.70572424	-0.63549894	0.6762958	0.7475304	-0.599452	0.70236826	-0.684438
-0.18691434	-0.14400807	-0.18712157	0.1633369	-0.11530932	-0.13883486	0.14283957	0.11029586	0.18015206	0.13394813	-0.11398455	-0.1515635	-0.17940211	0.18472481	-0.075463854	-0.14786576	0.1427016	0.14400072	-0.14005663	-0.09019951	-0.1091514	-0.18329634	0.16255443	0.17510885	0.16896021	0.12110634	-0.16285667	-0.18145445	0.17556399	0.120236054	-0.14777474	0.124529436	-0.17266014	-0.06951107	0.20161586	-0.12097412	-0.12919235	0.11343388	-0.09738052	0.107469	0.12809664	-0.14329906	-0.120698966	-0.16256551	-0.15140025	0.12354373	-0.09884068	-0.15903778	0.13440543	0.12499906	-0.17196651	-0.14029084	-0.080026604	-0.11780367	-0.13121463	-0.15400337	0.19468406	-0.14969876	-0.16626951	-0.14579305	-0.17222829	0.06360084	0.09278758	-0.11149937	0.13952796	0.13022944	-0.13565607	0.1612255	0.109668456	-0.18354349	0.12648104	0.07819438	-0.13398391	-0.11765816	0.08877563	0.19808343	0.153344	-0.13089278	-0.100930616	0.12988038	0.10292584	-0.15342629	0.13571216	0.12586	0.06913225	0.09317096	0.16058098	0.16528629	-0.16468517	-0.1504304	0.15384656	0.11169159	-0.1474577	0.12522252	-0.12083688	0.17503363	0.13454936	-0.09632501	0.09693377	-0.17975143
-0.15571566	-0.18082602	-0.23721382	0.26056027	-0.2538544	-0.18798198	0.26353785	0.19105698	0.16513509	0.21439014	-0.2579269	-0.21798043	-0.19525751	0.22785293	-0.23576939	-0.18541396	0.25942343	0.16899218	-0.24816301	-0.18138891	-0.19316354	-0.24211441	0.18160842	0.16710702	0.21552469	0.1746855	-0.19613762	-0.18108037	0.20700118	0.20475863	-0.26287135	0.2267661	-0.2482079	-0.20443289	0.21607529	-0.24603686	-0.2070245	0.23246528	-0.2095908	0.18557872	0.26889786	-0.19570245	-0.21335745	-0.21076788	-0.2417861	0.18248136	-0.25129974	-0.21666253	0.23917006	0.1971007	-0.1654951	-0.19413003	-0.22786781	-0.22756115	-0.18950737	-0.26007453	0.21410006	-0.25283137	-0.18597032	-0.2508023	-0.23564517	0.24229687	0.1966773	-0.19247197	0.23304124	0.26549393	-0.18568714	0.18327098	0.24442212	-0.21538119	0.18060236	0.21420592	-0.240856	-0.19756727	0.22730795	0.26095805	0.20483075	-0.25374678	-0.23548412	0.18979488	0.18318002	-0.17338608	0.22351623	0.18364207	0.16869481	0.17708822	0.20547338	0.22996674	-0.20074756	-0.17063698	0.20820685	0.1843402	-0.18577662	0.2423867	-0.20572118	0.23333427	0.17500788	-0.24892163	0.20807935	-0.21187033
-0.23446842	-0.33949557	-0.29186967	0.27099577	-0.25022283	-0.26908287	0.2861364	0.24932347	0.33069855	0.23911536	-0.24368569	-0.27765992	-0.3003863	0.33049902	-0.2834952	-0.2582056	0.33510643	0.2550643	-0.29169297	-0.26799136	-0.28004232	-0.34169942	0.26944885	0.25897837	0.26401982	0.32679692	-0.2922309	-0.26099512	0.27448526	0.33975065	-0.33801293	0.32143867	-0.2876666	-0.2792055	0.25639156	-0.25435376	-0.24601206	0.2612966	-0.24414097	0.25339317	0.2927758	-0.24708897	-0.27280056	-0.2603983	-0.30742052	0.29388675	-0.253717	-0.2448018	0.27623862	0.27128786	-0.26489583	-0.31840333	-0.29251668	-0.262888	-0.3313697	-0.33014774	0.29144377	-0.31816489	-0.2655837	-0.27035415	-0.28571337	0.29187322	0.24204968	-0.25814673	0.33302322	0.28530395	-0.22794668	0.2854198	0.3077539	-0.33654892	0.3152676	0.26852626	-0.2648739	-0.29505077	0.26300427	0.28667077	0.24513191	-0.26503086	-0.22503293	0.2601088	0.31469962	-0.2676698	0.301927	0.3039591	0.30383152	0.28139699	0.24612723	0.2929407	-0.31517476	-0.2742981	0.27325287	0.28072652	-0.27946055	0.29489872	-0.33795694	0.30060202	0.30190015	-0.22698832	0.32296976	-0.27195328
-0.16696429	-0.18830784	-0.24686581	0.25819442	-0.25070143	-0.24302436	0.21351272	0.2102384	0.20924138	0.22094877	-0.20693055	-0.18725653	-0.25939044	0.18731388	-0.2525019	-0.25695822	0.26005298	0.16685855	-0.25159168	-0.2380703	-0.25206062	-0.25398397	0.23769349	0.22804649	0.1867763	0.24019003	-0.18072517	-0.2434575	0.223296	0.2662165	-0.2548984	0.19068684	-0.27081785	-0.21853974	0.18545221	-0.18484211	-0.19447145	0.24689126	-0.2555354	0.18294904	0.19085564	-0.18779373	-0.21754386	-0.18550707	-0.20690018	0.21507406	-0.23711951	-0.26984507	0.18901722	0.2213403	-0.18386036	-0.17793375	-0.18115997	-0.2088809	-0.18666202	-0.26675335	0.20934431	-0.23223963	-0.2248028	-0.16206104	-0.18775491	0.23788197	0.21553741	-0.20181589	0.2056399	0.2701643	-0.16228183	0.17060402	0.18004511	-0.26068354	0.1724474	0.20782606	-0.1998746	-0.19715784	0.20543995	0.22120751	0.1846921	-0.2687084	-0.17634554	0.114483744	0.18490902	-0.12999068	0.19785964	0.24657549	0.21070386	0.18228006	0.19967267	0.23787843	-0.22331998	-0.21365286	0.1827707	0.20238537	-0.17328557	0.23352322	-0.24004994	0.26125497	0.21681277	-0.13809879	0.21672244	-0.25912306
-0.27077004	-0.39652383	-0.30078384	0.30214208	-0.31539583	-0.35937843	0.3075567	0.31136888	0.3396325	0.33488214	-0.34047717	-0.3216733	-0.3300952	0.37277055	-0.32412234	-0.28955877	0.37768576	0.3355395	-0.3561344	-0.3637648	-0.34067857	-0.3339561	0.26563814	0.32195276	0.26886016	0.39217535	-0.39862254	-0.33129945	0.37308234	0.357643	-0.3596357	0.3926743	-0.3440001	-0.3154743	0.36040378	-0.32557586	-0.30927014	0.31733796	-0.31657788	0.25776884	0.29158053	-0.32744423	-0.35145187	-0.4005148	-0.3266365	0.35477456	-0.33632624	-0.3745616	0.3285992	0.26671356	-0.34750786	-0.40252626	-0.26380867	-0.38895968	-0.33865362	-0.3800276	0.32392827	-0.3512901	-0.2888134	-0.35555655	-0.38838488	0.35023025	0.27169403	-0.364533	0.39118555	0.32274523	-0.27435243	0.39468935	0.3491651	-0.35554156	0.38799608	0.31185544	-0.3144081	-0.39087754	0.39547592	0.29517284	0.3624826	-0.34986	-0.31599322	0.31721407	0.38405696	-0.27569893	0.35993832	0.3807676	0.31266418	0.34667197	0.34056452	0.35017243	-0.36296967	-0.39366564	0.37304592	0.26168364	-0.31113875	0.34609562	-0.31618595	0.31813228	0.302065	-0.33838686	0.3219436	-0.34458828
-0.40688217	-0.38117436	-0.37368396	0.35823432	-0.42899105	-0.3833933	0.44038954	0.42078063	0.42246372	0.40985084	-0.41503203	-0.3831272	-0.35484797	0.39913106	-0.39786178	-0.3911399	0.43534786	0.43514025	-0.40772542	-0.41231588	-0.4354149	-0.4311761	0.41281673	0.4134752	0.43070483	0.38157746	-0.39670354	-0.4625292	0.35861516	0.4231096	-0.40916756	0.3538662	-0.35344177	-0.45817986	0.4220847	-0.40298232	-0.42891225	0.37983257	-0.4589038	0.37808204	0.3543093	-0.4373386	-0.3945857	-0.42389336	-0.40505412	0.37629834	-0.42798468	-0.39636233	0.4005918	0.43325388	-0.41821063	-0.44145194	-0.386774	-0.38084635	-0.37841922	-0.3924971	0.39171195	-0.37769678	-0.39070058	-0.3845089	-0.37039015	0.36868474	0.4535744	-0.4036407	0.4222353	0.42730162	-0.39813957	0.4538961	0.35486856	-0.43673116	0.44456843	0.37828398	-0.40292183	-0.38794833	0.45727608	0.3620412	0.35692248	-0.37457114	-0.36605367	0.39922395	0.4486692	-0.42958656	0.43725133	0.42031538	0.3804492	0.3657914	0.41636738	0.45133305	-0.35410923	-0.4528269	0.38429126	0.39230907	-0.38900572	0.37528268	-0.3864694	0.44228357	0.4399139	-0.3837022	0.45382383	-0.42020294
-0.38667232	-0.39875868	-0.41835773	0.43622735	-0.459118	-0.4426823	0.45931393	0.46908805	0.45449254	0.4232521	-0.45815775	-0.46461782	-0.4922247	0.5094359	-0.44916904	-0.42789656	0.40226302	0.44277206	-0.46196163	-0.4382144	-0.4882712	-0.46218905	0.44136336	0.46519697	0.4333325	0.4266986	-0.49885345	-0.40567952	0.4942807	0.47959608	-0.4031442	0.43595713	-0.42471254	-0.44972172	0.49021655	-0.47273088	-0.48700458	0.481536	-0.40366623	0.44281736	0.46511626	-0.45027855	-0.48732808	-0.5115899	-0.44361806	0.45531684	-0.45137247	-0.4714828	0.47388595	0.42963845	-0.41295105	-0.5251727	-0.41580954	-0.43568856	-0.4341325	-0.4473729	0.46606052	-0.47893274	-0.4852173	-0.39807963	-0.41763258	0.4172361	0.4157607	-0.4368719	0.49940953	0.46595916	-0.3883144	0.40904602	0.48334655	-0.44330093	0.38366267	0.5005826	-0.47673014	-0.389565	0.4330254	0.4205178	0.47665536	-0.44772625	-0.43681142	0.39638376	0.5010455	-0.4194036	0.44529116	0.50077903	0.39743897	0.4542627	0.42997247	0.45380014	-0.44711593	-0.50306803	0.510497	0.45817795	-0.44196016	0.52730066	-0.44071788	0.46259558	0.41514048	-0.43961793	0.47102717	-0.44528615
-0.8117248	-0.7893147	-0.775835	0.76917017	-0.75365996	-0.7375524	0.70411676	0.7067782	0.82295316	0.8087164	-0.73021317	-0.8412896	-0.77079165	0.7695222	-0.7957512	-0.77896684	0.7687832	0.72984236	-0.7150181	-0.78123796	-0.81630486	-0.75686353	0.7866546	0.7665986	0.72364926	0.72136956	-0.817647	-0.78608453	0.81078166	0.7733507	-0.744408	0.75690264	-0.7497994	-0.70253795	0.76787806	-0.73094785	-0.72621083	0.74111694	-0.7178083	0.7214148	0.8256722	-0.79942673	-0.7765047	-0.7868295	-0.72385484	0.7249484	-0.7362685	-0.8362873	0.76310503	0.77364004	-0.7617736	-0.832858	-0.76752603	-0.8264149	-0.77816606	-0.76843894	0.7746799	-0.81843346	-0.7224426	-0.72328556	-0.75816494	0.7385899	0.7946311	-0.77678686	0.7730572	0.7653297	-0.6999435	0.76466674	0.78784543	-0.79294586	0.80442125	0.8045693	-0.7797657	-0.73101616	0.81678027	0.74890625	0.7170172	-0.80369455	-0.68690336	0.6635592	0.79264474	-0.8143026	0.79654086	0.7306613	0.7849617	0.78590995	0.7844514	0.78728163	-0.7029375	-0.73136663	0.7328954	0.77276355	-0.78458935	0.820716	-0.7496722	0.7945857	0.81123173	-0.7135408	0.8162079	-0.7872708
-0.6011101	-0.6089387	-0.59585863	0.5952862	-0.6229396	-0.5456685	0.6318593	0.62950265	0.5989909	0.6533986	-0.5887645	-0.5775793	-0.5263149	0.54139924	-0.642375	-0.62787974	0.6462927	0.6447148	-0.6316324	-0.63364416	-0.6391098	-0.636889	0.59439045	0.64965665	0.6311085	0.6413249	-0.5542943	-0.6256545	0.6110861	0.5913011	-0.6047055	0.6265412	-0.59093475	-0.53056985	0.556079	-0.56792665	-0.51454794	0.6108245	-0.5734099	0.6076547	0.62169605	-0.6440315	-0.63532376	-0.55805594	-0.5940174	0.6348102	-0.5962084	-0.5947173	0.57819366	0.581098	-0.60869926	-0.5826991	-0.59171224	-0.5987172	-0.57093155	-0.63305664	0.5491243	-0.56115085	-0.5741101	-0.6336146	-0.6196776	0.59789497	0.5453252	-0.57834303	0.5866456	0.6463554	-0.5983467	0.5810865	0.58068824	-0.56524664	0.5710809	0.6023344	-0.6064655	-0.5748722	0.5900593	0.5924811	0.61568904	-0.57179374	-0.60466295	0.5473689	0.60962665	-0.60686934	0.5576694	0.6126281	0.59836817	0.5995913	0.6131028	0.6374976	-0.5756967	-0.57868916	0.60427696	0.60413426	-0.56923383	0.5591859	-0.6286428	0.61037767	0.5771606	-0.5041121	0.59972626	-0.5860138
-0.5493829	-0.6297453	-0.5352343	0.54962736	-0.6205637	-0.5600688	0.57882017	0.5825307	0.6503431	0.5568624	-0.60651773	-0.6318921	-0.5475734	0.5794278	-0.5978668	-0.60497063	0.61976784	0.6019068	-0.5801315	-0.5933636	-0.62318164	-0.62632847	0.5510946	0.6361382	0.6088861	0.54632205	-0.6469989	-0.6050641	0.563096	0.5798776	-0.58079207	0.611574	-0.5747004	-0.5609699	0.6207591	-0.55347526	-0.609145	0.5680364	-0.5424304	0.574019	0.58793956	-0.59758914	-0.6198914	-0.57862234	-0.58346313	0.56375116	-0.5624228	-0.60433805	0.55081993	0.5574466	-0.55508673	-0.6390926	-0.5854084	-0.6137627	-0.6210742	-0.6473651	0.56147254	-0.6406483	-0.576721	-0.5532396	-0.5765592	0.6209368	0.5220403	-0.5781582	0.5521957	0.6438176	-0.55624354	0.60621256	0.55115074	-0.5828445	0.55292374	0.630606	-0.616305	-0.6219014	0.6175273	0.5994346	0.58214635	-0.62138	-0.60173917	0.5598872	0.58962405	-0.5328989	0.61357546	0.57421196	0.60523355	0.59344375	0.5560298	0.56335646	-0.59531766	-0.5911457	0.60424197	0.6181427	-0.63237184	0.5715818	-0.62875307	0.60187125	0.62187	-0.5998245	0.57446104	-0.55354536
-0.6560411	-0.7307973	-0.65960217	0.737446	-0.71584964	-0.6896326	0.7286793	0.66316384	0.7111182	0.643028	-0.66004825	-0.73420835	-0.757842	0.7104984	-0.65141875	-0.73493433	0.7583483	0.7002795	-0.6500165	-0.7273785	-0.7040713	-0.7566689	0.6722914	0.7515133	0.7265687	0.7039532	-0.7067428	-0.65301543	0.7080858	0.6769481	-0.72789377	0.67213905	-0.6737338	-0.6240418	0.7182142	-0.7549419	-0.63239205	0.70213777	-0.67701536	0.6924519	0.70017606	-0.66741633	-0.6911425	-0.65933776	-0.65688884	0.63275003	-0.598451	-0.7009618	0.69352996	0.6597095	-0.5929849	-0.6977603	-0.7192457	-0.68168736	-0.71735364	-0.7196894	0.693556	-0.7309805	-0.6323689	-0.70661473	-0.69222534	0.70201916	0.63943857	-0.71346694	0.687045	0.6736462	-0.671299	0.72057	0.76608074	-0.734477	0.7116761	0.69654405	-0.694909	-0.69147307	0.7036555	0.6956304	0.67230165	-0.7331724	-0.5992755	0.6013555	0.6798778	-0.63888586	0.72583854	0.6659266	0.6012441	0.6874467	0.7452254	0.646076	-0.59827894	-0.6374017	0.72991735	0.7389135	-0.6993532	0.6850071	-0.72827995	0.62660414	0.673008	-0.64011854	0.71859103	-0.6589131
-0.42365462	-0.4998502	-0.44115075	0.4617628	-0.4635103	-0.547833	0.4876307	0.4010027	0.5276598	0.5241899	-0.48307493	-0.5210662	-0.51024854	0.43790174	-0.46934173	-0.48194358	0.5381805	0.48770198	-0.48764178	-0.44032672	-0.4648278	-0.52817667	0.52106243	0.48414958	0.5380997	0.5188364	-0.5319845	-0.46380252	0.46567124	0.5317989	-0.52571416	0.5424772	-0.5373866	-0.430769	0.4547572	-0.53325874	-0.4207311	0.46369734	-0.5035861	0.44648513	0.49316895	-0.5100631	-0.4969339	-0.4288697	-0.45843714	0.51451784	-0.4896863	-0.43717873	0.5105348	0.5452851	-0.4510254	-0.5270813	-0.41298202	-0.5261635	-0.5132333	-0.45891196	0.51239365	-0.4785178	-0.49098644	-0.49211273	-0.5129379	0.43893108	0.44017348	-0.5535323	0.46537372	0.47400743	-0.40844488	0.40743595	0.54155064	-0.50458306	0.50156057	0.46472582	-0.48350656	-0.4756572	0.4290872	0.4496752	0.4613708	-0.5212627	-0.44878042	0.45390376	0.46674243	-0.40514687	0.43970358	0.48932597	0.46038926	0.42665392	0.44163442	0.48451403	-0.4867867	-0.46053252	0.4728438	0.46184596	-0.46731	0.50017184	-0.43591043	0.43749484	0.52653754	-0.38918945	0.4715991	-0.49658912
-0.64844304	-0.6164957	-0.64831936	0.63783145	-0.5831998	-0.56435174	0.5232065	0.60876566	0.66801065	0.59843487	-0.62100667	-0.59912276	-0.58928937	0.64698255	-0.61031055	-0.6571705	0.5723164	0.60025716	-0.5977184	-0.5826106	-0.5753234	-0.6494619	0.5789165	0.66057086	0.6149608	0.6511752	-0.6525867	-0.6317683	0.60408026	0.5932768	-0.6602357	0.65831935	-0.5665971	-0.5708842	0.6388201	-0.6494142	-0.5763568	0.57441616	-0.6572774	0.5920066	0.5772954	-0.56639534	-0.59880716	-0.6148158	-0.6168118	0.5860839	-0.6150305	-0.5612556	0.6387997	0.5826351	-0.59506345	-0.64228535	-0.6469529	-0.5823357	-0.6323513	-0.5865792	0.65493727	-0.6414934	-0.6162196	-0.6246148	-0.65689576	0.60529613	0.56903636	-0.57927066	0.60770565	0.65888286	-0.6468917	0.6403212	0.62763655	-0.64322454	0.56832117	0.63104284	-0.5847389	-0.5756509	0.58986604	0.6349808	0.5378966	-0.6370439	-0.5552575	0.5378026	0.6169185	-0.5560695	0.6497035	0.5712423	0.48079792	0.6393734	0.56700736	0.5916565	-0.6273729	-0.64072543	0.5504834	0.5854926	-0.60381454	0.61515754	-0.5754452	0.66112435	0.6648196	-0.48319477	0.64202225	-0.58949435
-0.36801195	-0.4449412	-0.45991927	0.49113074	-0.42387697	-0.4359003	0.42760614	0.3917885	0.48459658	0.4492347	-0.44501406	-0.43047714	-0.45050707	0.47348917	-0.4591191	-0.40789938	0.46657664	0.4204507	-0.4214922	-0.41483212	-0.48319826	-0.45082742	0.45059797	0.44152856	0.36254776	0.4439807	-0.431518	-0.40986982	0.40747127	0.43186593	-0.42900684	0.40420118	-0.46245518	-0.45581293	0.47858828	-0.3641879	-0.37391102	0.46068043	-0.39168945	0.39325467	0.4234796	-0.44229344	-0.47904527	-0.48504248	-0.42377365	0.4549528	-0.38280252	-0.46138328	0.40759587	0.44591737	-0.46693957	-0.48860893	-0.48091722	-0.44526982	-0.41909936	-0.3979535	0.39103985	-0.47078007	-0.42784348	-0.45339388	-0.46057802	0.43192732	0.37190214	-0.42840573	0.4615964	0.4296426	-0.4497538	0.44906047	0.48339745	-0.4439707	0.42456013	0.41737446	-0.47674373	-0.39662182	0.4270156	0.46590614	0.41528833	-0.4029718	-0.40942746	0.3929994	0.4546465	-0.47818735	0.45953166	0.4062714	0.39051732	0.46119016	0.43648714	0.40242797	-0.4415483	-0.37968656	0.47858945	0.46611977	-0.42730117	0.44944426	-0.38721538	0.43374312	0.4624502	-0.43926266	0.4225084	-0.39888486
-0.6010438	-0.6622159	-0.61804914	0.6904521	-0.56833535	-0.62016565	0.6030946	0.6034773	0.6363174	0.62812954	-0.6144263	-0.6624645	-0.6516506	0.5959074	-0.64567614	-0.6489301	0.68482053	0.5787984	-0.6264121	-0.6518385	-0.6820631	-0.6815371	0.5983983	0.6141041	0.65921736	0.61296356	-0.6431714	-0.5938551	0.67770875	0.6944779	-0.65475506	0.6866542	-0.6203438	-0.5841643	0.66282797	-0.6480596	-0.50817686	0.6502914	-0.57061857	0.6275158	0.6961067	-0.65353805	-0.58841044	-0.63779044	-0.55314976	0.61629456	-0.5942696	-0.6312875	0.6450947	0.6183989	-0.598562	-0.6269559	-0.6319022	-0.65411234	-0.6141484	-0.69742185	0.6283827	-0.63649917	-0.6329523	-0.6484431	-0.6824192	0.6094113	0.603814	-0.6912654	0.6035524	0.6586519	-0.6061117	0.6648253	0.6702527	-0.6867661	0.6739381	0.6073139	-0.61101174	-0.65362304	0.61373377	0.60641885	0.6141261	-0.6769376	-0.6047864	0.4482364	0.587907	-0.6323821	0.6584901	0.6563502	0.5558734	0.65042233	0.6405667	0.69185275	-0.5197886	-0.5847655	0.6756813	0.6416386	-0.6384135	0.6449198	-0.6046909	0.639923	0.6977374	-0.46965298	0.67476726	-0.66685367
-0.008667606	0.023431687	-0.03498041	0.066977285	-0.0398741	0.03004258	-0.0037717146	0.029242013	0.0645156	0.01493492	-0.025022106	-0.037901763	0.016104355	-0.013374599	-0.062453106	-0.016691033	0.037269905	0.011422467	0.0061904266	-0.0062262486	-0.048898444	-0.053298924	0.018761665	-0.0077016805	0.0071653696	0.06769192	-0.062141016	-0.001512046	0.010173381	0.005035133	0.0098210275	-0.009886726	-0.010504615	-0.020927714	-0.010574484	-0.0577885	-0.07366921	0.0011418454	-0.03373011	0.01504248	-0.030069897	0.026400832	-0.052496016	0.012881744	-0.0043179477	-0.018686691	-0.047715038	-0.006459068	-0.023385009	0.029438097	-0.060373086	-0.04111856	-0.03806773	-0.050288226	-0.045865946	-0.059630662	-0.00024859837	0.023089478	0.012118793	0.005637753	-0.004988143	0.020254914	0.066479325	-0.0314945	-0.015195088	-0.0034194884	-0.068771005	-0.023623295	0.0075974218	-0.05096601	0.004434954	0.04498505	0.0010471513	-0.06200476	0.019893913	0.049731176	0.040884793	-0.013855239	-0.032975014	-0.01757595	-0.0073329015	-0.0678244	-0.014571162	0.045175858	0.008742811	0.05083624	0.06805582	0.0015974888	-0.051034052	-0.021982104	0.04483786	-0.016585432	0.016682576	-0.0014730415	0.012057687	0.060659595	0.05370905	-0.029033255	0.051977314	0.02959641
-0.46324265	-0.48413002	-0.52076983	0.4681048	-0.46999362	-0.51656437	0.49923968	0.5116029	0.47501218	0.49279267	-0.4638335	-0.47378594	-0.44163367	0.4980642	-0.48438177	-0.4714136	0.5568112	0.4710898	-0.47068256	-0.5412111	-0.53094304	-0.5323572	0.5370268	0.4942904	0.49967307	0.46985215	-0.48967794	-0.5151836	0.49448586	0.529643	-0.5389974	0.5583923	-0.4971996	-0.4495332	0.5187277	-0.56219363	-0.43440327	0.5456402	-0.532479	0.48376676	0.47101864	-0.5641976	-0.54931676	-0.55807906	-0.45627734	0.49952072	-0.44912583	-0.5323172	0.48073396	0.5105474	-0.49338207	-0.5649931	-0.4772013	-0.5400244	-0.5389272	-0.555151	0.48218998	-0.5373633	-0.49131984	-0.4816187	-0.5569789	0.44280386	0.4766484	-0.5440801	0.5514946	0.54313993	-0.5396507	0.51050603	0.48186654	-0.5065236	0.5437364	0.4732206	-0.48003092	-0.4935497	0.54344046	0.5267126	0.46211702	-0.50237334	-0.47579098	0.4014948	0.46049485	-0.47900188	0.5081095	0.49424645	0.47429425	0.5123339	0.47210616	0.46111512	-0.46995753	-0.4904584	0.48357713	0.46471792	-0.49710882	0.35712713	-0.51606876	0.49726835	0.5190876	-0.41583955	0.5131438	-0.5504507
-0.05283339	-0.057021756	-0.043637898	0.091460764	-0.006335903	0.006172972	0.08809402	0.05416905	0.08907785	0.055370398	-0.058919072	-0.063239105	-0.07111593	0.07283453	-0.003918406	-0.08245871	0.042258322	0.07070433	-0.04081315	0.0022666783	-0.02881027	-0.037916373	0.07909733	0.07056078	0.06949523	0.07339707	-0.014447169	-0.016083017	0.025467955	0.07864003	-0.04363525	0.09048434	-0.023821488	-0.040731814	0.07524634	-0.066353336	-0.08795208	0.09254591	-0.052310664	0.07189708	0.088779956	-0.015016393	-0.028092492	-0.062230393	-0.048051853	0.023167785	-0.02026516	-0.060234383	0.07666536	0.012581661	-0.031932574	-0.0031043296	-0.06623571	-0.04797513	-0.07519283	-0.002577126	-0.007365331	-0.06296526	0.00952568	-0.014174488	-0.06943858	0.067748435	0.0812757	-0.020476498	0.03738131	0.00054889004	-0.08337651	0.03217097	0.021466983	-0.008467333	0.06347799	0.043272793	-0.052274927	-0.050756216	0.008822051	0.081442565	0.04030651	-0.07387282	-0.044349294	0.052738126	0.047016468	-0.00020730631	0.044171534	0.019857872	0.08044581	0.09051073	0.04621349	0.021351684	0.002312835	-0.031830538	0.084652886	0.042011917	-0.05945366	-0.0011167802	0.005845861	0.054901224	0.039043356	-0.022569738	0.05134371	-0.05203125
-0.44574907	-0.45081586	-0.4876757	0.47650766	-0.41748995	-0.420317	0.40964717	0.4625968	0.46523005	0.5166711	-0.4948434	-0.46669483	-0.3980601	0.41847694	-0.49506932	-0.4547014	0.48152885	0.45810926	-0.49635378	-0.45170087	-0.51354325	-0.4808918	0.5044081	0.45167246	0.48068124	0.46869877	-0.4830998	-0.4934991	0.43735734	0.5013391	-0.451271	0.5226452	-0.49474612	-0.38254565	0.45383593	-0.44662622	-0.3689957	0.4257966	-0.44709244	0.47280163	0.49796194	-0.50618076	-0.46962976	-0.5224391	-0.4291688	0.45747563	-0.37962034	-0.4444602	0.47207108	0.41526127	-0.43066704	-0.4996174	-0.47247073	-0.52190906	-0.50976115	-0.46493155	0.47512737	-0.46122834	-0.45273927	-0.50447464	-0.5090263	0.4685236	0.3905851	-0.53353703	0.49922597	0.4671068	-0.45943785	0.45170748	0.4507132	-0.4418448	0.4986586	0.50453806	-0.4891986	-0.50940853	0.4949937	0.43807295	0.43372908	-0.522516	-0.3986266	0.36654976	0.461713	-0.3812881	0.46473077	0.43333107	0.45658836	0.45767513	0.4322895	0.43470952	-0.50025064	-0.41358575	0.48050183	0.4668253	-0.4719681	0.40925726	-0.49167934	0.483847	0.46882048	-0.336903	0.48700503	-0.5364948
-0.6491381	-0.6920796	-0.6426927	0.6587554	-0.6806043	-0.5411356	0.61843604	0.6568366	0.68954927	0.66959953	-0.6583137	-0.6369623	-0.6112257	0.67068046	-0.6114613	-0.69630545	0.6210749	0.6862786	-0.629955	-0.64754355	-0.67589474	-0.61867374	0.6864785	0.6227213	0.69190335	0.6629706	-0.7071352	-0.6402406	0.62736183	0.62563574	-0.687358	0.6608612	-0.6354291	-0.6211044	0.6531747	-0.6694961	-0.58332914	0.672399	-0.6819159	0.6048238	0.6866003	-0.6249108	-0.5750759	-0.69802785	-0.6180134	0.6097907	-0.5705633	-0.64764476	0.5859108	0.59907013	-0.629763	-0.674518	-0.62288886	-0.63591015	-0.64167917	-0.6410885	0.6591647	-0.66128796	-0.6229059	-0.61845374	-0.6922518	0.6278785	0.66989714	-0.64694047	0.67544866	0.65658516	-0.6692351	0.67380697	0.6003849	-0.61614174	0.65563184	0.67416036	-0.65288275	-0.60186076	0.63591313	0.595947	0.58224434	-0.62647545	-0.58570296	0.59337085	0.6388719	-0.6646702	0.67558813	0.6233497	0.5944324	0.67129916	0.6570856	0.63681614	-0.6050888	-0.6116172	0.6391168	0.67375964	-0.68622905	0.5730108	-0.6264995	0.62005466	0.6173645	-0.5977501	0.60705173	-0.6095404
-0.5048602	-0.5568907	-0.5393838	0.47767222	-0.53420156	-0.537035	0.50441927	0.46203193	0.54348695	0.557243	-0.47792813	-0.47869825	-0.49589437	0.5613037	-0.5077596	-0.56971437	0.52211875	0.5147651	-0.53936183	-0.500156	-0.4786632	-0.56430537	0.48643073	0.48751098	0.47086418	0.48666668	-0.49233577	-0.5428165	0.5046037	0.50362384	-0.5287742	0.48780107	-0.50978625	-0.47358015	0.55661064	-0.48066065	-0.5063265	0.56661886	-0.48297155	0.4666824	0.5448105	-0.49930733	-0.5584051	-0.4892502	-0.5357617	0.48243546	-0.53868747	-0.5124009	0.46362633	0.51404744	-0.4856654	-0.5313806	-0.48423654	-0.5578879	-0.55402386	-0.5106308	0.5364933	-0.5242525	-0.47458693	-0.5295786	-0.51705205	0.49536878	0.46943146	-0.53759056	0.47396705	0.5507204	-0.5457062	0.5232229	0.53135383	-0.5048577	0.49235597	0.53477263	-0.5715603	-0.5375114	0.5410194	0.5092772	0.48312023	-0.4980769	-0.51193213	0.48895636	0.49856097	-0.54456115	0.4715224	0.50605196	0.48982686	0.5018339	0.53685856	0.5545768	-0.47297296	-0.5414557	0.49153104	0.5300267	-0.5306786	0.48800778	-0.51721346	0.48338136	0.5091059	-0.42401928	0.5060013	-0.48249575
-0.6367741	-0.70649153	-0.69830465	0.6987064	-0.63911974	-0.7322734	0.6600729	0.5450028	0.74854314	0.72615147	-0.7238148	-0.71179044	-0.73455614	0.6018801	-0.709913	-0.7550416	0.7544234	0.61250424	-0.7159795	-0.6962295	-0.6931367	-0.719315	0.69446415	0.66259235	0.67595214	0.68626505	-0.6444918	-0.6319069	0.7268755	0.6490914	-0.6206021	0.687511	-0.71224946	-0.5225538	0.6734922	-0.6886061	-0.5264056	0.6778374	-0.68810225	0.6194958	0.7148598	-0.7466103	-0.7674743	-0.67899126	-0.6995417	0.67530847	-0.62668324	-0.6389964	0.72810787	0.6602177	-0.49431267	-0.7690914	-0.63873386	-0.66487974	-0.70514333	-0.71122575	0.6900798	-0.7691472	-0.6638021	-0.6906018	-0.6623638	0.64179045	0.61120564	-0.7827912	0.74294454	0.6632465	-0.63813645	0.6356277	0.72877413	-0.7440303	0.6060669	0.6425675	-0.72566885	-0.7018318	0.63386947	0.63231796	0.72837234	-0.7397773	-0.62903273	0.4933094	0.6269962	-0.62236273	0.663167	0.59839845	0.54688466	0.6743206	0.7003634	0.6467	-0.7084988	-0.6979654	0.7380372	0.70078224	-0.6976965	0.70782804	-0.72729015	0.6101017	0.72087187	-0.5208735	0.71016824	-0.75536305
-0.5322493	-0.607258	-0.58865625	0.66616726	-0.5696333	-0.6143936	0.59001046	0.55290383	0.588934	0.625424	-0.61332	-0.5953812	-0.64997584	0.6351269	-0.5753421	-0.64386064	0.6432242	0.5747255	-0.65301013	-0.57766795	-0.6830911	-0.6584505	0.6524746	0.6373889	0.6505842	0.5936596	-0.59048617	-0.6018679	0.6922181	0.67414707	-0.63824	0.6164147	-0.59255195	-0.49443302	0.673992	-0.64138716	-0.51222736	0.6477131	-0.5481392	0.53457767	0.69893396	-0.6274636	-0.63265485	-0.6080425	-0.6290144	0.63451433	-0.561967	-0.57758915	0.67309153	0.6211869	-0.560482	-0.6167087	-0.6016086	-0.6063595	-0.63074213	-0.6638825	0.67001265	-0.67300403	-0.6684457	-0.65212435	-0.61398864	0.5814968	0.5505429	-0.67391855	0.6608965	0.6398864	-0.55456775	0.590943	0.66457736	-0.62809676	0.5654133	0.58011365	-0.6767446	-0.62948626	0.6413413	0.5710053	0.64694595	-0.6586588	-0.63247085	0.47472683	0.55435044	-0.5242626	0.6639157	0.5489564	0.51658255	0.6202522	0.66312957	0.5933209	-0.6082177	-0.59839773	0.66165876	0.6561318	-0.64357185	0.6218521	-0.5798457	0.6190426	0.61814547	-0.48950928	0.65133345	-0.6741266
-0.5947015	-0.71765983	-0.68812424	0.7344144	-0.6350063	-0.67360514	0.614186	0.5885034	0.7319317	0.6193339	-0.6521724	-0.6584035	-0.72704935	0.6308678	-0.6953563	-0.69868803	0.6518113	0.6069345	-0.71784675	-0.6301176	-0.7213532	-0.6990834	0.6885289	0.6228886	0.6725633	0.7196762	-0.72910124	-0.6796949	0.66555125	0.6981046	-0.6329015	0.7371543	-0.6697771	-0.5248497	0.7196649	-0.6298111	-0.5613359	0.70891756	-0.6187207	0.6143822	0.7113221	-0.6458898	-0.66944575	-0.6527206	-0.6190608	0.7104664	-0.63856566	-0.65529525	0.7210785	0.6205374	-0.5618932	-0.6867303	-0.63174087	-0.7173348	-0.6576973	-0.6541467	0.71147203	-0.68774045	-0.6256498	-0.6357997	-0.66396874	0.62592727	0.60421395	-0.6302981	0.6881502	0.6551032	-0.6470143	0.6523523	0.67330927	-0.6293382	0.7049201	0.6538851	-0.7144867	-0.6743244	0.6147996	0.63206995	0.6191428	-0.63858366	-0.5931928	0.5951475	0.63031393	-0.6155759	0.7180365	0.6107005	0.6078271	0.66749114	0.66382104	0.6673332	-0.59421915	-0.6053694	0.6326067	0.64968395	-0.64635545	0.6550045	-0.67213035	0.697146	0.67967814	-0.5237958	0.662129	-0.7309882
-0.55004996	-0.5836525	-0.5171765	0.5555719	-0.5642665	-0.461105	0.57375556	0.58160144	0.6027107	0.5266207	-0.56378305	-0.5614685	-0.49792102	0.5778912	-0.50041485	-0.5210651	0.5235073	0.5611569	-0.5544891	-0.5139946	-0.5506789	-0.5937927	0.5050124	0.512364	0.5073201	0.5834156	-0.53386146	-0.573796	0.57124	0.50955176	-0.4990943	0.54481107	-0.5274756	-0.5510794	0.5490732	-0.52096975	-0.5528966	0.56060785	-0.5455766	0.5168448	0.5697871	-0.5583818	-0.548637	-0.60060394	-0.51738846	0.52865225	-0.5255475	-0.5540185	0.55941826	0.517069	-0.5508177	-0.56416845	-0.5451279	-0.57605517	-0.5727714	-0.53233874	0.5204428	-0.51002514	-0.5699065	-0.587676	-0.5632383	0.503794	0.5211355	-0.5526791	0.5472347	0.5596112	-0.5255912	0.5613944	0.52144027	-0.54011947	0.5266564	0.5433534	-0.5923605	-0.5673121	0.5606692	0.52200025	0.57113546	-0.5685554	-0.47899413	0.5438959	0.5152174	-0.5168752	0.5205321	0.5122708	0.51993525	0.5594397	0.5623834	0.5154843	-0.4869337	-0.5402453	0.56410635	0.5016498	-0.59534353	0.3984242	-0.5713918	0.55335903	0.52348006	-0.48443565	0.543806	-0.510193
-0.6858153	-0.61004776	-0.68642867	0.60663223	-0.5989935	-0.5533553	0.63374025	0.5873557	0.7174936	0.5876276	-0.6268043	-0.65435004	-0.54135585	0.60234576	-0.6529273	-0.5834818	0.6626726	0.58224714	-0.6485121	-0.6408691	-0.6044095	-0.68442047	0.6683464	0.622951	0.63280696	0.6364308	-0.68191975	-0.5857151	0.66888887	0.64121145	-0.68650013	0.6310854	-0.6017985	-0.5737731	0.6057789	-0.6597227	-0.58972895	0.68718165	-0.61255974	0.6009338	0.66840386	-0.5697352	-0.6332167	-0.67605454	-0.58097005	0.63566977	-0.6019696	-0.67562383	0.65974534	0.5551666	-0.6130638	-0.7115795	-0.6433385	-0.6141747	-0.6327623	-0.66040885	0.60599554	-0.6453912	-0.629926	-0.6653251	-0.6585528	0.6092195	0.62785894	-0.5976792	0.60298735	0.6636248	-0.64651257	0.65967095	0.56077695	-0.66774184	0.6097756	0.65815103	-0.6561072	-0.5813191	0.6221032	0.5994298	0.60516506	-0.6795076	-0.5478016	0.5402065	0.594346	-0.67257094	0.65169084	0.61977625	0.6231346	0.6166805	0.61852545	0.6504527	-0.608847	-0.65015864	0.64819443	0.5792864	-0.6392747	0.52070904	-0.6663063	0.620579	0.61803263	-0.55943817	0.60390604	-0.6097399
-0.5263655	-0.6049665	-0.52717245	0.59307104	-0.56818116	-0.45941362	0.55487484	0.5833984	0.5915088	0.5835215	-0.48887536	-0.522536	-0.53474367	0.55789727	-0.535384	-0.5665992	0.5513982	0.56287867	-0.52678865	-0.51891804	-0.55287564	-0.55385876	0.54955846	0.5291513	0.53647906	0.5500156	-0.5547342	-0.53245616	0.5341935	0.5307492	-0.6020008	0.6046383	-0.5591183	-0.56015736	0.5457113	-0.52127093	-0.5130754	0.5819217	-0.5495482	0.57490516	0.5334472	-0.5580241	-0.5532734	-0.57168114	-0.5415593	0.582109	-0.5809537	-0.53111356	0.56302464	0.55825573	-0.58271676	-0.59906477	-0.5288216	-0.5845753	-0.58614945	-0.5592376	0.5509152	-0.5748883	-0.5259197	-0.61469984	-0.56508756	0.5240856	0.5236413	-0.5432442	0.5987019	0.536369	-0.5692789	0.5178044	0.52426994	-0.5755628	0.52986735	0.53276294	-0.5191939	-0.5194605	0.5710307	0.53003454	0.51601404	-0.541512	-0.5387656	0.4765969	0.58613616	-0.57401353	0.6014558	0.5201885	0.54675347	0.5756118	0.51757115	0.5857675	-0.57038623	-0.48803324	0.5438619	0.52141917	-0.58752763	0.46896365	-0.55255604	0.5932457	0.54974586	-0.42545572	0.5803816	-0.5109686
-0.26121104	-0.36257392	-0.31168818	0.2953785	-0.2517196	-0.37427264	0.25668174	0.24238287	0.33693385	0.32112798	-0.29175693	-0.3172985	-0.35380226	0.2831587	-0.3021818	-0.3026038	0.3361525	0.33284354	-0.30074257	-0.29728943	-0.32362062	-0.34199756	0.30008557	0.30324382	0.29623193	0.2917377	-0.28313878	-0.28281212	0.30738983	0.3331539	-0.31387585	0.3358581	-0.30357036	-0.2104737	0.3008311	-0.27495503	-0.22705722	0.33751112	-0.33044833	0.31425884	0.29367435	-0.2564874	-0.2922025	-0.34546578	-0.33265787	0.35000098	-0.30655396	-0.24878375	0.35269174	0.28560308	-0.25196663	-0.35349092	-0.28835776	-0.33373785	-0.3128236	-0.36463642	0.33765784	-0.3730122	-0.30924815	-0.24441631	-0.36344522	0.34004104	0.28590432	-0.36870718	0.29919815	0.33405796	-0.2731484	0.23726492	0.35733727	-0.32057858	0.30000892	0.34263462	-0.33248046	-0.26698127	0.26881897	0.33807078	0.27692875	-0.32095084	-0.33562127	0.24776973	0.3061779	-0.25993985	0.30937773	0.25365058	0.24125291	0.35009655	0.3132536	0.27750146	-0.34165967	-0.29387242	0.27329883	0.3271138	-0.32343945	0.28557685	-0.32687706	0.28122604	0.35551843	-0.26661292	0.33406028	-0.27802512
-0.60531026	-0.582683	-0.60151577	0.64713657	-0.5682166	-0.5595038	0.6103916	0.6086889	0.6079404	0.6042295	-0.63452715	-0.6432355	-0.617554	0.65529144	-0.5898232	-0.5564152	0.5941334	0.6525235	-0.6518189	-0.6438441	-0.6315882	-0.6032809	0.60312015	0.61161697	0.5808216	0.6670935	-0.64679736	-0.56484306	0.63407534	0.6288741	-0.6281957	0.6252652	-0.60188884	-0.6092088	0.6074	-0.61083066	-0.6179765	0.6573502	-0.64985955	0.61802626	0.56739146	-0.6468064	-0.64270985	-0.6196529	-0.6141661	0.5805585	-0.65294266	-0.62915957	0.6347554	0.55745834	-0.5967028	-0.58341056	-0.6551601	-0.58440036	-0.5593156	-0.5983561	0.64499825	-0.57190454	-0.54572886	-0.6544518	-0.6191477	0.6271323	0.6557707	-0.5693958	0.6042184	0.65505964	-0.6383843	0.657726	0.5630153	-0.628804	0.5848267	0.56998855	-0.6018777	-0.61107904	0.6316386	0.5993797	0.59695977	-0.64756286	-0.62386185	0.6214388	0.63018894	-0.64849436	0.63386685	0.65825737	0.6513113	0.59982264	0.60644615	0.59961325	-0.57452124	-0.618428	0.614997	0.63641566	-0.6300583	0.56908554	-0.5966439	0.66404986	0.6267595	-0.5955703	0.5925189	-0.63035554
-0.58174	-0.64634806	-0.6486566	0.6214251	-0.6433035	-0.61379486	0.5567351	0.55627424	0.65275747	0.5936029	-0.56697977	-0.57874066	-0.66376233	0.60486364	-0.592485	-0.65066797	0.58018285	0.5894601	-0.5853016	-0.57885563	-0.6517063	-0.6551794	0.59564906	0.57558185	0.60143226	0.5771104	-0.59447706	-0.563144	0.6572689	0.6381284	-0.58232355	0.62127936	-0.60674316	-0.5967397	0.6574343	-0.614404	-0.5352434	0.6119011	-0.5888223	0.5580821	0.5944323	-0.6219678	-0.64611036	-0.6355979	-0.5573707	0.57192963	-0.5164082	-0.5888136	0.5656651	0.57511985	-0.60268164	-0.6354424	-0.5857966	-0.6020911	-0.60012734	-0.6219517	0.62355494	-0.6527468	-0.58903456	-0.6598618	-0.6612066	0.580703	0.62342125	-0.61154026	0.67254144	0.62144583	-0.5797064	0.5716508	0.5869499	-0.5813784	0.6451697	0.5885178	-0.6029423	-0.56490165	0.61490995	0.56380475	0.5602329	-0.6114514	-0.6219067	0.5504304	0.6442986	-0.584334	0.66605145	0.5840214	0.5724187	0.6616228	0.57624936	0.64394313	-0.5927851	-0.605512	0.59366643	0.5841421	-0.5759619	0.5702036	-0.5824809	0.5861614	0.5852339	-0.5939833	0.59700406	-0.64047486
-0.35847983	-0.31355438	-0.4068641	0.3047837	-0.3845554	-0.34407428	0.32555333	0.35741043	0.34644008	0.30698693	-0.39160454	-0.3527559	-0.4028884	0.37418103	-0.32378834	-0.42723644	0.30479783	0.30552977	-0.39096782	-0.3444978	-0.3666042	-0.2980276	0.38144377	0.38932252	0.35874462	0.35450906	-0.31774545	-0.3179317	0.39117998	0.36247903	-0.36180255	0.325176	-0.32808283	-0.28828332	0.37592798	-0.3294672	-0.31022254	0.3809358	-0.36084116	0.30187523	0.3234693	-0.37024954	-0.32517794	-0.3667688	-0.37783408	0.3722617	-0.3405357	-0.32971135	0.3808478	0.3788083	-0.36223388	-0.36847118	-0.33241457	-0.34528518	-0.36401737	-0.34625927	0.41248646	-0.3276511	-0.33400154	-0.31200162	-0.394412	0.3372236	0.37550682	-0.32075167	0.33388832	0.3540164	-0.28593683	0.3829076	0.40168595	-0.3748386	0.310079	0.35417715	-0.37103954	-0.32114375	0.3409486	0.36787698	0.33901677	-0.34275785	-0.3589216	0.22622882	0.3784439	-0.31648996	0.36004168	0.29790416	0.32296556	0.33935168	0.32138246	0.3729471	-0.35037923	-0.32569292	0.37379125	0.34741053	-0.32687798	0.41521293	-0.37532115	0.36246574	0.38808972	-0.31394246	0.36234614	-0.3767284
-0.48643842	-0.44464415	-0.48166862	0.5380793	-0.45351064	-0.47468564	0.43454581	0.4323071	0.471346	0.52514434	-0.47297063	-0.4524219	-0.52059513	0.5188833	-0.4793324	-0.4540259	0.50876456	0.47427544	-0.47385567	-0.5080573	-0.53166455	-0.537754	0.5223287	0.5429163	0.50542176	0.4624948	-0.5347443	-0.46905878	0.49256602	0.5027452	-0.47933534	0.4844738	-0.48594007	-0.48807302	0.5072458	-0.48965436	-0.4675593	0.46736625	-0.5173906	0.42322344	0.5348556	-0.51865333	-0.5304709	-0.5254144	-0.5185024	0.5097313	-0.47592083	-0.5148588	0.48235938	0.5105392	-0.48241034	-0.5520876	-0.4430641	-0.45907852	-0.5170332	-0.49141625	0.48935202	-0.47257996	-0.4583246	-0.5134619	-0.49849874	0.5035219	0.48063612	-0.54800403	0.51895326	0.48828653	-0.5303937	0.4862635	0.48920646	-0.53629607	0.44611698	0.5165264	-0.46713886	-0.5080697	0.53694874	0.51274306	0.44343388	-0.49447912	-0.45771474	0.4554012	0.49180195	-0.47134325	0.5516527	0.4695833	0.46506473	0.513968	0.5164034	0.5129152	-0.4502143	-0.47190076	0.4924978	0.44426048	-0.56717795	0.4922153	-0.4706657	0.50465786	0.4553252	-0.4109473	0.50498027	-0.46988186
-0.010846004	-0.020225527	-0.06085089	-0.031988963	-0.043898806	-0.047437157	0.043946873	0.025341967	0.060494196	-0.00929416	0.003890292	0.0019440071	-0.051561274	0.016919985	0.03228481	0.012317369	-0.00026252473	0.0063654403	-0.010377408	-0.05918567	0.0035689387	0.018570336	0.052009404	-0.005450994	-0.036123946	-0.0049697915	-0.0019343378	-0.03133819	0.056400087	0.019423109	0.034598235	0.024663694	-0.058156043	-0.01372907	-0.03503282	-0.002498074	0.007996433	0.061192043	0.008433456	0.0017908883	-0.011815666	0.025299884	-0.037604403	-0.05017327	-0.015695227	0.051008057	0.01005891	-0.042807065	0.052534536	-0.011007597	-0.023334278	-0.048629444	-0.020338643	-0.024514128	-0.0021239081	0.03711146	-0.017487945	-0.031667992	0.010519099	0.016130418	-0.022974517	0.030346353	-0.000794984	-0.039861146	0.035419997	0.03570755	-0.03954657	0.028044397	0.011309498	-0.05262279	-0.002534016	0.04822292	0.015347329	-0.016601387	0.04907122	-0.017839886	-0.019538546	-0.056776255	-0.047501255	0.0029771011	-0.016304154	0.029897412	0.01537528	0.04497502	-0.015933309	0.022729713	0.044012938	-0.0058141253	0.005834645	-0.043098416	0.05546388	-0.008434665	-0.062820084	0.01743907	-0.050118975	-0.020776128	0.046784867	-0.0287227	-0.022910949	-0.0033744574
-0.37512922	-0.46489567	-0.45435005	0.44629452	-0.4574588	-0.39012215	0.36512232	0.3658074	0.4725085	0.3903883	-0.3935111	-0.44081074	-0.4275759	0.37152076	-0.4246048	-0.45922646	0.38557303	0.46293125	-0.39591807	-0.429889	-0.38883263	-0.45464727	0.38594848	0.37348363	0.4025752	0.37519947	-0.3975165	-0.3684271	0.47266743	0.37567696	-0.46791962	0.4167691	-0.4143409	-0.3872682	0.41539097	-0.4719383	-0.39717975	0.445711	-0.38905773	0.38504803	0.4068798	-0.40689117	-0.42211875	-0.4355183	-0.42110783	0.4174723	-0.42682552	-0.44978428	0.428591	0.37849888	-0.39023492	-0.44184402	-0.43392754	-0.3847767	-0.39403212	-0.4529129	0.46027225	-0.45556834	-0.3831151	-0.46404612	-0.38898265	0.43032837	0.43566737	-0.40207905	0.4364304	0.4317632	-0.45314044	0.4033267	0.39355752	-0.40248194	0.43641087	0.44511026	-0.38199115	-0.43718347	0.42257062	0.3715154	0.43251443	-0.4500354	-0.44914734	0.32107553	0.37705386	-0.4493116	0.3842342	0.37961617	0.37605408	0.4764692	0.47059038	0.39930385	-0.3924249	-0.43866464	0.4507454	0.4363055	-0.42596772	0.4502589	-0.38808995	0.47281423	0.4747151	-0.3009288	0.39151323	-0.4686789
-0.62113476	-0.5893201	-0.6677592	0.67627424	-0.6549316	-0.56087273	0.5691092	0.65814114	0.6911723	0.67358214	-0.6376999	-0.63686305	-0.65417117	0.59149027	-0.64656216	-0.61686754	0.591974	0.6402368	-0.59746766	-0.6481317	-0.6389727	-0.6823402	0.565328	0.6333448	0.5764416	0.650118	-0.68356365	-0.6079326	0.6184617	0.59422904	-0.67249817	0.5789035	-0.6015615	-0.5827966	0.58918643	-0.60965914	-0.62737554	0.66453	-0.6360269	0.5902756	0.5886598	-0.586383	-0.604255	-0.68561035	-0.64124084	0.60274553	-0.57034266	-0.64101535	0.5749297	0.5721738	-0.6421134	-0.6471099	-0.6055389	-0.5873436	-0.6178388	-0.6244519	0.6117555	-0.62525696	-0.62859267	-0.6709351	-0.6671995	0.6516228	0.65443116	-0.6251985	0.6211812	0.59696245	-0.62637585	0.66053754	0.61360735	-0.59944993	0.63365483	0.5941761	-0.6007817	-0.5852999	0.6104519	0.63109696	0.6407476	-0.6209574	-0.5868673	0.54506075	0.665923	-0.63965684	0.59283423	0.62287945	0.60686564	0.60700345	0.63125813	0.63455564	-0.5925803	-0.652178	0.60329294	0.6407069	-0.63910896	0.5502297	-0.6556243	0.63174474	0.6815762	-0.5958493	0.67193925	-0.66206443
-0.44346622	-0.44516554	-0.49825191	0.5073956	-0.42988527	-0.4916091	0.4147353	0.48554847	0.45374104	0.43865117	-0.50393397	-0.49407125	-0.5145065	0.47101128	-0.51096106	-0.45277014	0.5114175	0.4861806	-0.41639167	-0.43160158	-0.44748428	-0.46402383	0.44721496	0.52316016	0.44029054	0.44430572	-0.43721724	-0.50603724	0.50432223	0.4573976	-0.53506744	0.48704818	-0.4723026	-0.4150449	0.51769525	-0.52355206	-0.4671357	0.4996447	-0.4551326	0.4478261	0.47558403	-0.49654725	-0.48827323	-0.45224327	-0.4713038	0.4723715	-0.47765824	-0.49320045	0.4995331	0.47236344	-0.4833099	-0.4421871	-0.49329108	-0.4841276	-0.4936809	-0.5125983	0.5064341	-0.45518047	-0.4718906	-0.50877404	-0.52828604	0.3998421	0.42250982	-0.51441824	0.5283782	0.5228668	-0.4280885	0.4617168	0.52954596	-0.4877108	0.45347753	0.5065991	-0.5029289	-0.44704616	0.41208178	0.42818698	0.48322514	-0.51858	-0.42733714	0.40525067	0.46132162	-0.48681274	0.4763706	0.51746315	0.45206183	0.4937	0.41985324	0.48067814	-0.39498937	-0.4991614	0.5254719	0.48188725	-0.46114185	0.44849026	-0.50241697	0.52628034	0.5378443	-0.422385	0.48662487	-0.4697889
-0.50651604	-0.5521056	-0.5187061	0.48529246	-0.54297936	-0.52362716	0.5096251	0.44935662	0.58660024	0.523399	-0.47437015	-0.48736584	-0.5806989	0.5324609	-0.50278616	-0.5199846	0.54746884	0.5097559	-0.555225	-0.5696126	-0.4986121	-0.57904845	0.51487875	0.51558846	0.481514	0.534625	-0.51074564	-0.5115154	0.5725582	0.49777773	-0.48078385	0.50655544	-0.5865583	-0.436946	0.48891693	-0.48349226	-0.46398398	0.50851434	-0.5160761	0.49196988	0.5441372	-0.5452091	-0.4921859	-0.51355034	-0.510519	0.52439946	-0.48877284	-0.48813516	0.5651331	0.48969263	-0.4259086	-0.4995684	-0.5377456	-0.48359436	-0.5548231	-0.5749752	0.55534005	-0.47740197	-0.48180276	-0.52199566	-0.5410884	0.4770284	0.4853138	-0.47876045	0.5532815	0.55781543	-0.5602404	0.5267274	0.53832334	-0.5122419	0.53699994	0.55634266	-0.4868988	-0.5076442	0.46175224	0.45805833	0.49520692	-0.51174116	-0.4468503	0.38880256	0.5007215	-0.5266466	0.5420798	0.45263663	0.48951882	0.5044643	0.55233884	0.48793963	-0.49199653	-0.4563989	0.48960897	0.48621574	-0.49754253	0.48845705	-0.5290237	0.5136359	0.54987687	-0.4788154	0.48461452	-0.5361641
-0.4071861	-0.46245608	-0.46059933	0.4204445	-0.41999102	-0.46173212	0.4635223	0.40871048	0.45598036	0.45042196	-0.4770426	-0.45370826	-0.42310956	0.4667679	-0.39644754	-0.4841082	0.44676822	0.40215084	-0.44455	-0.4129759	-0.4174675	-0.48628095	0.4353655	0.39561814	0.46149853	0.4498251	-0.48051566	-0.38953042	0.42821932	0.48063135	-0.4883231	0.45329913	-0.41327304	-0.41923222	0.4446207	-0.43304744	-0.35361245	0.47500297	-0.42345738	0.45383307	0.45833513	-0.476843	-0.3987443	-0.45963192	-0.3937821	0.41293365	-0.40064606	-0.46864268	0.43543532	0.43759963	-0.4538618	-0.4518051	-0.42135796	-0.45928854	-0.4117516	-0.49841636	0.42945716	-0.41270044	-0.43008998	-0.43299824	-0.45973176	0.39783826	0.46299857	-0.47917312	0.40579432	0.4124429	-0.40752053	0.40970394	0.4297289	-0.39986286	0.4654035	0.45557603	-0.45329133	-0.39109078	0.42009538	0.4787102	0.46992522	-0.45932144	-0.44521156	0.38748938	0.43176046	-0.43393236	0.4508136	0.49059176	0.35783562	0.4713615	0.4735726	0.40226665	-0.43756744	-0.4416387	0.44396377	0.4622772	-0.4445976	0.41537663	-0.3969285	0.42147395	0.42752513	-0.38317665	0.44198725	-0.495654
-0.6420082	-0.6958968	-0.70678693	0.70296127	-0.64065444	-0.64391816	0.6292922	0.66864747	0.7757377	0.7062078	-0.71029687	-0.6745946	-0.73810005	0.7151243	-0.71536887	-0.7386786	0.7360137	0.68205506	-0.68778324	-0.7155301	-0.74545836	-0.67150766	0.74168205	0.71058095	0.655525	0.7294543	-0.76298803	-0.7208941	0.7175215	0.76679516	-0.65111685	0.6896655	-0.7185973	-0.6109164	0.728844	-0.6953146	-0.56906384	0.6729621	-0.64106053	0.6566769	0.71761566	-0.66503394	-0.73960006	-0.7255321	-0.72465485	0.72110903	-0.66281193	-0.67128175	0.6993251	0.6450794	-0.558141	-0.73523813	-0.6690879	-0.66863394	-0.68715864	-0.6749188	0.76334643	-0.6597619	-0.67021596	-0.7197185	-0.7557121	0.69263935	0.6142841	-0.69214714	0.68830174	0.7452984	-0.6727462	0.6574332	0.7111304	-0.6923247	0.6686438	0.67976284	-0.6619686	-0.71083874	0.7313695	0.6311843	0.6803924	-0.76077896	-0.6185333	0.5679159	0.69451517	-0.6472463	0.68099266	0.62956643	0.6343133	0.7339988	0.7053809	0.7243471	-0.62918866	-0.64123994	0.73662585	0.7221153	-0.76957726	0.702946	-0.7235157	0.7095523	0.72242635	-0.5538412	0.69824797	-0.69606125
-0.14184219	-0.18586724	-0.16627538	0.21647725	-0.16974472	-0.22791435	0.17932937	0.22311474	0.19731519	0.20576051	-0.1478959	-0.19076952	-0.20315129	0.19320191	-0.21569107	-0.20045397	0.15726452	0.1718217	-0.1711376	-0.19219081	-0.21809962	-0.1376415	0.21556988	0.2340508	0.17550172	0.22023559	-0.18185298	-0.14177737	0.23377472	0.22897698	-0.22406957	0.18481822	-0.17149143	-0.14320405	0.18040347	-0.1715115	-0.23048742	0.15014768	-0.16723724	0.17815562	0.21692207	-0.23267071	-0.18781956	-0.21660282	-0.17256375	0.22482164	-0.22925176	-0.20557147	0.19672774	0.18469025	-0.12309892	-0.20782319	-0.15169874	-0.19366452	-0.23370436	-0.22327372	0.2270355	-0.18845111	-0.19536811	-0.15487857	-0.20139056	0.14194812	0.19707654	-0.16292374	0.15296009	0.18303943	-0.088445194	0.1684638	0.22411646	-0.18894973	0.15576632	0.16334751	-0.19180937	-0.21848199	0.17272596	0.21373644	0.23664156	-0.17066696	-0.16036974	0.22582869	0.20527615	-0.17042148	0.21308441	0.17722327	0.13260956	0.09672901	0.16665022	0.100474395	-0.19283706	-0.22457947	0.14433	0.16702396	-0.14265437	0.18340656	-0.22854449	0.2299181	0.15641849	-0.187207	0.1560631	-0.22231354
0.0742743	0.0557478	-0.021169098	-0.064763986	0.009056556	0.08319942	-0.067043126	-0.020869402	-0.015576786	-0.047638807	0.058980428	-0.00085079746	0.06506015	-0.050024714	0.057856802	0.029489717	-0.0013912804	-0.017671326	0.027544018	-0.00145725	0.06551794	0.06409262	-0.0013433866	-0.07714214	-0.050151713	-0.03695346	0.07059546	-0.018474335	-0.03402087	-0.011905439	0.04455748	-0.050031196	0.012266526	0.07128425	-0.002128569	0.059400886	0.06887912	-0.06508655	-0.001660248	-0.018349897	-0.022395449	0.010886205	0.058515623	-0.011553382	-0.0054878914	-0.00047645983	-0.028678909	-0.0033493666	0.0024737953	-0.022066012	0.08552652	0.035126705	-0.00921914	0.04721817	0.009230454	0.04860716	-0.03303663	0.009749534	-0.0067348154	0.0130705815	0.033240598	0.0130984085	0.010216356	0.044491857	-0.061830543	-0.04463102	-0.021040086	-0.012574737	-0.048076358	0.045432672	-0.0610356	-0.04150462	0.021569777	0.025154963	-0.05203983	0.014346899	-0.0030786544	0.0371882	-0.00029735616	-0.05277545	-0.06391695	-0.014569666	-0.08895981	-0.06162637	-0.03025896	-0.06588274	-0.03291534	-0.035759047	0.024063675	0.05492241	-0.026526578	-0.05351216	0.059616428	-0.040049355	-0.00024516578	-0.031115985	-0.027518539	0.028326655	0.011980844	0.06179609
-0.6125759	-0.64839065	-0.7135716	0.68968487	-0.70935005	-0.6633656	0.61144215	0.5909293	0.61867934	0.73881847	-0.6766299	-0.6884499	-0.69053715	0.6356669	-0.67463714	-0.65192586	0.72439843	0.64769614	-0.67835355	-0.724919	-0.667261	-0.6342109	0.6918226	0.64209	0.6860667	0.6306254	-0.65155315	-0.6652691	0.6203019	0.72170603	-0.70929754	0.6340007	-0.67287666	-0.6045161	0.61295694	-0.6905315	-0.60278356	0.6196729	-0.6867771	0.653458	0.66704947	-0.70643157	-0.62864697	-0.6429506	-0.686936	0.70166165	-0.6198847	-0.6518209	0.61840886	0.70471394	-0.6118385	-0.74239415	-0.6167974	-0.6676647	-0.65965044	-0.6761432	0.7322582	-0.70073605	-0.66546	-0.5867085	-0.66112196	0.6933522	0.6228681	-0.651961	0.7225366	0.66104496	-0.6007964	0.62571377	0.7150972	-0.6880908	0.64156055	0.68281645	-0.6882474	-0.6784789	0.71535486	0.64011806	0.6372156	-0.726051	-0.7050542	0.6352694	0.6455365	-0.5877534	0.6555629	0.70043355	0.6142906	0.64110935	0.72289103	0.57440025	-0.6764744	-0.654336	0.7080108	0.7215422	-0.66335076	0.6472856	-0.7048663	0.5930438	0.66507006	-0.5669338	0.6517048	-0.68457824
-0.45724213	-0.45231217	-0.4078464	0.410335	-0.38262683	-0.40665162	0.40230486	0.44066307	0.4046252	0.3840668	-0.36972722	-0.45405385	-0.39303622	0.4264668	-0.36417386	-0.3958075	0.44630024	0.43229187	-0.38731474	-0.36736012	-0.41338098	-0.4002529	0.4024938	0.38190904	0.3636553	0.38581368	-0.42074293	-0.40902138	0.3697219	0.4174499	-0.4156144	0.3704284	-0.44474068	-0.41445372	0.40043813	-0.36792925	-0.38712883	0.45920175	-0.44238463	0.4253744	0.4498617	-0.37662983	-0.3516323	-0.44726896	-0.38953954	0.43797082	-0.43733096	-0.43323296	0.39868245	0.40242925	-0.4106888	-0.3945741	-0.39546403	-0.4620948	-0.43334386	-0.43532497	0.3861726	-0.35389388	-0.3828913	-0.40822664	-0.39662042	0.41982934	0.4622154	-0.41804817	0.41245666	0.4241466	-0.39359307	0.3987763	0.37795258	-0.41128448	0.40591142	0.40547568	-0.36927122	-0.43463954	0.4080619	0.38702583	0.4520665	-0.3807192	-0.35795328	0.39837557	0.4268756	-0.39521852	0.37308824	0.39023003	0.39521503	0.39842647	0.42969167	0.46167514	-0.412474	-0.35821718	0.39192313	0.36405894	-0.3823224	0.3911971	-0.43420017	0.45986944	0.39237797	-0.38500822	0.393478	-0.36221826
-0.5060227	-0.4899863	-0.53531265	0.48846596	-0.5279887	-0.5138514	0.4571124	0.5183663	0.5744507	0.46642864	-0.5433158	-0.47742766	-0.4820232	0.49759832	-0.51901937	-0.52638113	0.5047332	0.48038277	-0.4845968	-0.5263831	-0.48048016	-0.48742232	0.46988955	0.51664215	0.46175495	0.5223294	-0.5197328	-0.47687173	0.5254287	0.46494544	-0.51496065	0.5456702	-0.52331805	-0.5237707	0.50389194	-0.5183293	-0.46313772	0.5529311	-0.46713957	0.5222159	0.533924	-0.49307793	-0.45786065	-0.5339016	-0.49605444	0.51255715	-0.49582723	-0.487895	0.5328753	0.48397028	-0.48353305	-0.50739574	-0.48174787	-0.47251207	-0.48013082	-0.4966444	0.48526394	-0.49705145	-0.4514136	-0.5037169	-0.49650443	0.51178646	0.51314354	-0.49538878	0.46804422	0.48663014	-0.46949622	0.48886812	0.50175	-0.51522595	0.5257176	0.47248724	-0.4535641	-0.54785234	0.48034066	0.470671	0.45259693	-0.52971315	-0.4835041	0.45911443	0.49916375	-0.52626485	0.49704263	0.47193688	0.47637764	0.5607598	0.48480204	0.4950114	-0.4999354	-0.49670592	0.46865568	0.47025582	-0.51119107	0.46758878	-0.5445476	0.48561633	0.47953665	-0.51791537	0.507781	-0.49231955
-0.54696405	-0.557143	-0.5581875	0.5031532	-0.5432614	-0.5562899	0.5233108	0.52238667	0.5669909	0.50231004	-0.5139033	-0.511722	-0.5551414	0.48194858	-0.57390344	-0.57072246	0.53280777	0.5534997	-0.56469357	-0.50938153	-0.5641082	-0.4818693	0.51257193	0.5120047	0.5687531	0.56532186	-0.53598785	-0.4759618	0.49910203	0.5455426	-0.518859	0.5289398	-0.5430087	-0.44742334	0.5499164	-0.5758529	-0.5163484	0.5538182	-0.4837732	0.5240939	0.49245912	-0.5305019	-0.53225285	-0.5605912	-0.53319925	0.5113075	-0.5566835	-0.48961356	0.5525536	0.50027806	-0.48778397	-0.5146867	-0.53659	-0.49498647	-0.53314835	-0.48429346	0.53535414	-0.51886976	-0.5428953	-0.55496037	-0.53198606	0.5395294	0.5517807	-0.54942715	0.4998832	0.52994066	-0.48491618	0.47219968	0.57467246	-0.5019814	0.50373983	0.5028699	-0.5821627	-0.5527467	0.5052808	0.5668813	0.4885895	-0.5182558	-0.549743	0.49570647	0.46947896	-0.5435116	0.5344147	0.5330955	0.5357815	0.5468587	0.5574593	0.4912901	-0.5679394	-0.5635076	0.48891574	0.5522556	-0.56227976	0.4693117	-0.51721025	0.5048834	0.5453639	-0.4565012	0.5766027	-0.5623923
-0.22324193	-0.2901265	-0.25878415	0.24073699	-0.27118385	-0.24625611	0.28975675	0.28401592	0.30077913	0.24715823	-0.29066214	-0.22814807	-0.25111598	0.2515021	-0.24865194	-0.21697322	0.25252923	0.20215309	-0.26958945	-0.26835752	-0.25901103	-0.2779608	0.2952052	0.21549174	0.26064897	0.2576685	-0.26121598	-0.27129665	0.2369293	0.2954923	-0.28288683	0.2307709	-0.23749219	-0.26765212	0.24222092	-0.23025899	-0.28401816	0.2314729	-0.20482741	0.21211094	0.2651074	-0.2105754	-0.2988959	-0.2819011	-0.22861221	0.23465505	-0.20026234	-0.20962842	0.2689456	0.22758245	-0.23232894	-0.27266136	-0.20823258	-0.20526724	-0.21049485	-0.2189496	0.27136067	-0.29042685	-0.23370494	-0.21163042	-0.22464897	0.23385507	0.21474354	-0.29087314	0.22894031	0.27836195	-0.2550449	0.25945628	0.3013349	-0.26278263	0.27340743	0.24638586	-0.2555286	-0.2294008	0.24890865	0.25591436	0.2551629	-0.27347103	-0.2514217	0.21146442	0.2274342	-0.2954485	0.287899	0.22496706	0.19888575	0.2929564	0.2698831	0.21452917	-0.2852771	-0.25632682	0.29909983	0.2775573	-0.23098725	0.30452266	-0.22004949	0.28637993	0.2733591	-0.27745137	0.24969381	-0.2676048
-0.4093719	-0.3614953	-0.40521446	0.36236888	-0.40906098	-0.28320614	0.37661615	0.3794512	0.3106497	0.40630883	-0.33835748	-0.330983	-0.35905042	0.38012818	-0.32664764	-0.3950939	0.30854577	0.39308637	-0.36821672	-0.36005524	-0.31226602	-0.3230334	0.39095795	0.3763524	0.3929287	0.33795834	-0.34282178	-0.35619852	0.36080098	0.33759797	-0.33474115	0.34848785	-0.3942046	-0.31643882	0.38920838	-0.37049434	-0.3499597	0.35968232	-0.36804265	0.3591599	0.3645916	-0.37767336	-0.37740022	-0.3684946	-0.33724117	0.35743156	-0.37721092	-0.39163086	0.38348678	0.34396574	-0.31497258	-0.32312483	-0.36562625	-0.36381865	-0.38304418	-0.37525818	0.31737098	-0.3057388	-0.38676062	-0.38824815	-0.30926287	0.3372401	0.34852177	-0.3195069	0.35449934	0.36575106	-0.34800982	0.4118038	0.3664426	-0.3140359	0.38072312	0.32252306	-0.34705105	-0.34100014	0.3588147	0.35084218	0.39731938	-0.3526528	-0.34739906	0.3487934	0.3535121	-0.3696999	0.35923186	0.38140184	0.33527374	0.39188972	0.37902054	0.34194764	-0.33844656	-0.3399026	0.32414213	0.40101358	-0.31482425	0.2541356	-0.32914016	0.38046396	0.31798092	-0.37468508	0.33700904	-0.36311287
-0.45916566	-0.40417555	-0.4264195	0.43164963	-0.44184557	-0.37809145	0.40510073	0.38984624	0.43885282	0.41223556	-0.40545842	-0.46925652	-0.43539584	0.4045549	-0.45255956	-0.40915525	0.3514277	0.44807655	-0.4063497	-0.38186294	-0.428207	-0.41126496	0.35164323	0.4035608	0.44406235	0.41111872	-0.3813777	-0.3973691	0.42992324	0.36762428	-0.41890153	0.42624477	-0.3886762	-0.39200968	0.43351337	-0.42886245	-0.36040956	0.41634825	-0.4336128	0.4169502	0.39496115	-0.35931343	-0.37423092	-0.41393024	-0.3822226	0.35261467	-0.37625077	-0.37394297	0.46141562	0.38878533	-0.406796	-0.39311215	-0.38773057	-0.38520175	-0.37876737	-0.42981306	0.354765	-0.41847464	-0.4272788	-0.44522235	-0.40226644	0.34721276	0.3679792	-0.4288434	0.37998396	0.46065643	-0.41568556	0.4053841	0.46876803	-0.4651072	0.43827638	0.41962686	-0.45501575	-0.34686315	0.37031922	0.35680974	0.41198438	-0.45034572	-0.40785316	0.33298928	0.40419388	-0.33584216	0.4406527	0.38723052	0.36341456	0.3574668	0.3901466	0.44585633	-0.39444047	-0.40062144	0.41869542	0.38855824	-0.40477034	0.4072221	-0.35758686	0.4311246	0.45539397	-0.42611164	0.42509672	-0.41145465
-0.32925493	-0.35635877	-0.3596244	0.3728553	-0.36186048	-0.32801768	0.37848815	0.33154586	0.3180587	0.37074	-0.37279648	-0.32003257	-0.29730764	0.3491938	-0.31983247	-0.36573833	0.35467607	0.30948827	-0.36999053	-0.33150652	-0.30444285	-0.36236468	0.3683423	0.36336815	0.35542592	0.35332313	-0.36224493	-0.3441417	0.30707648	0.32651716	-0.35336137	0.33234578	-0.34312275	-0.31207842	0.3945672	-0.38833758	-0.31900713	0.38646355	-0.37250775	0.30612877	0.28596038	-0.30405346	-0.31606933	-0.34735653	-0.39186096	0.38293138	-0.4012305	-0.40417793	0.37179318	0.39081633	-0.2586441	-0.40564302	-0.37017176	-0.3948286	-0.36123994	-0.37956387	0.37856102	-0.3219928	-0.31221846	-0.31258112	-0.3650506	0.4082628	0.32427958	-0.36675137	0.39040598	0.36917457	-0.30999517	0.27775073	0.38564867	-0.33137536	0.33664918	0.36362278	-0.3268295	-0.3339299	0.32404473	0.4018804	0.32436863	-0.33328298	-0.3378694	0.36310503	0.31543243	-0.2996639	0.34215185	0.39333394	0.27352667	0.2856761	0.3306642	0.29084468	-0.3174217	-0.40154365	0.35451522	0.3658946	-0.37258476	0.3751119	-0.38256538	0.39349484	0.31523475	-0.28357986	0.34400618	-0.36262107
-0.10525914	-0.09902895	-0.1641939	0.13217272	-0.06868936	-0.067425154	0.11322493	0.07075075	0.17495933	0.09980878	-0.09184688	-0.1298103	-0.17662048	0.1322962	-0.13085298	-0.16677731	0.094702534	0.13965584	-0.17100577	-0.12285868	-0.16503553	-0.13056836	0.07477488	0.1538324	0.109874435	0.072880074	-0.16473864	-0.07333266	0.15354645	0.114697	-0.059335206	0.1598536	-0.09611634	-0.077764966	0.085140325	-0.1427281	-0.06978624	0.19085737	-0.05158164	0.07620754	0.1173706	-0.09632152	-0.09079433	-0.14724758	-0.12650487	0.083710186	-0.07112714	-0.15859333	0.13473064	0.053954776	-0.06225313	-0.17693084	-0.1232574	-0.083808795	-0.10668006	-0.1602187	0.11170686	-0.13102725	-0.121296726	-0.19406866	-0.14788856	0.036502294	0.034017988	-0.11440394	0.1700476	0.123550974	-0.13818702	0.11149195	0.13008372	-0.078955434	0.07817494	0.16361915	-0.1659002	-0.05247513	0.16366942	0.10929565	0.110348806	-0.16576955	-0.10202249	0.0455138	0.10244954	-0.10908101	0.14960735	0.12574048	0.019139478	0.1401232	0.09493796	0.15231624	-0.10223688	-0.07889068	0.14064576	0.13391022	-0.1694861	0.13931651	-0.07931006	0.13383152	0.17024295	-0.018661372	0.09016249	-0.14583178
-0.6847584	-0.75929165	-0.7572073	0.8109543	-0.7814284	-0.72884995	0.7801741	0.71175265	0.75161266	0.8138304	-0.7658656	-0.8219011	-0.77408856	0.8198088	-0.8220857	-0.80656236	0.7656385	0.74301046	-0.7714769	-0.8394991	-0.7934032	-0.82852215	0.78333503	0.80621684	0.76231545	0.7292112	-0.7653404	-0.74030316	0.77813053	0.7813801	-0.7516562	0.7963792	-0.8011087	-0.7231512	0.75381917	-0.78755224	-0.73095244	0.79902613	-0.7707471	0.81305367	0.840361	-0.7861209	-0.83363926	-0.80574405	-0.7747778	0.7894397	-0.74619144	-0.7915094	0.76035875	0.7794735	-0.7301157	-0.82029253	-0.8095088	-0.75233704	-0.8367542	-0.8496008	0.76223147	-0.79521143	-0.7992324	-0.7455551	-0.82496077	0.8010472	0.75839716	-0.7557604	0.74458015	0.8154134	-0.75940496	0.7239228	0.76946276	-0.8082856	0.79080606	0.8278701	-0.8407837	-0.8154737	0.82210714	0.78751713	0.7520881	-0.8289733	-0.7423125	0.6650752	0.7741681	-0.7693143	0.8213902	0.7961235	0.6767535	0.7179251	0.8050332	0.7884582	-0.7881395	-0.7722302	0.84437555	0.8223812	-0.8184612	0.7202703	-0.79213035	0.76329577	0.84918517	-0.68203014	0.8320596	-0.7490095
-0.18914676	-0.22066905	-0.26580158	0.24100086	-0.23711982	-0.26242337	0.20551693	0.23863134	0.20314361	0.23074722	-0.21429023	-0.19256786	-0.23663957	0.19299859	-0.1819358	-0.18810704	0.2089576	0.22716428	-0.18860829	-0.24869348	-0.1697888	-0.2367178	0.26295874	0.20732105	0.21293335	0.23686843	-0.20887238	-0.26243374	0.17393602	0.19805567	-0.17355947	0.19050953	-0.24310622	-0.13951471	0.26911953	-0.19541545	-0.16940662	0.2595438	-0.27094135	0.17587706	0.2656855	-0.18404359	-0.21563645	-0.20341115	-0.21289463	0.22258444	-0.22293662	-0.21516867	0.226913	0.20375693	-0.18148385	-0.264295	-0.19326837	-0.2518161	-0.18130116	-0.18454915	0.2093728	-0.2337192	-0.22337234	-0.20695657	-0.24578926	0.17750147	0.19941579	-0.21603633	0.18008038	0.1764983	-0.2045259	0.24118459	0.24610907	-0.17673606	0.24783257	0.19136678	-0.2528432	-0.21549611	0.23644854	0.25514355	0.24976897	-0.17824833	-0.24410409	0.17719413	0.1785251	-0.23025618	0.19019763	0.23362464	0.18614669	0.19771157	0.198181	0.25265872	-0.2216881	-0.1944474	0.17690198	0.19176908	-0.18760562	0.1768115	-0.18003547	0.2301753	0.22252932	-0.18150152	0.22936226	-0.25709957
-0.6224627	-0.6561522	-0.663352	0.68624634	-0.6045895	-0.5208101	0.65824634	0.66941	0.6782677	0.6655861	-0.6350644	-0.69603014	-0.6979344	0.63974386	-0.68207914	-0.6228904	0.680772	0.6785012	-0.6173602	-0.6469378	-0.6422389	-0.6552428	0.6351453	0.70197564	0.6941553	0.6924778	-0.6682529	-0.6346835	0.6682709	0.67347	-0.7137081	0.6994031	-0.6997751	-0.55427635	0.6323695	-0.6886132	-0.5491378	0.7151361	-0.655782	0.6409402	0.594644	-0.5860691	-0.6553456	-0.64330155	-0.6273116	0.6332011	-0.5963488	-0.67372215	0.5953374	0.6089173	-0.6459341	-0.61544573	-0.6710887	-0.615615	-0.6652707	-0.7140178	0.614934	-0.65003157	-0.60031015	-0.62724674	-0.710423	0.6349585	0.6168784	-0.6455346	0.5905378	0.6897824	-0.64255774	0.6780527	0.6445001	-0.6776094	0.67848164	0.71253484	-0.6459348	-0.6323894	0.6177762	0.6424398	0.5813823	-0.7038159	-0.50122803	0.51828176	0.69435513	-0.59202135	0.70058656	0.7091443	0.648121	0.67278725	0.7080706	0.69311416	-0.6358609	-0.6255105	0.6638519	0.60809094	-0.7007477	0.59335494	-0.6551621	0.70182973	0.6637201	-0.5630171	0.6987339	-0.64403915
-0.09021986	-0.102493644	-0.052736428	0.09221741	-0.032194965	-0.05329914	0.10949613	0.035050068	0.05819514	0.047663774	-0.10521207	-0.025047816	-0.07614772	0.05775734	-0.08710586	-0.050280854	0.016856866	0.060485393	-0.07782347	-0.024503231	-0.02821955	-0.016386708	0.061909415	0.0767727	0.046300232	0.10079013	-0.031460393	-0.08148935	0.050574616	0.07662995	-0.08919278	0.107229024	-0.012671594	-0.023770634	0.0685293	-0.017235978	-0.08267849	0.11028357	-0.050457936	0.100871496	0.033514313	-0.0541942	-0.03655662	-0.035652794	-0.037948083	0.03622696	-0.04170999	-0.036771916	0.06407761	0.06729916	-0.08439372	-0.06944674	-0.016274542	-0.041240625	-0.06820485	-0.05004389	0.06797427	-0.06378849	-0.06428058	-0.033367325	-0.07618308	0.054061018	0.02023499	-0.08817113	0.012929672	0.042454332	-0.09626059	0.025161115	0.04450568	-0.05774134	0.068233214	0.04161604	-0.102129504	-0.07007323	0.09330855	0.017042004	0.07812818	-0.075433	-0.09837138	0.11267265	0.061351255	-0.066663146	0.0808656	0.021698747	0.10449886	0.10548665	0.030378295	0.112696506	-0.059047867	-0.066841334	0.09180097	0.045846432	-0.037691645	0.06380375	-0.08471862	0.09255869	0.104242675	-0.05958922	0.10663312	-0.099144325
-0.58683586	-0.6425667	-0.6660951	0.70920044	-0.6557027	-0.67173433	0.6013813	0.5646737	0.6567407	0.60863525	-0.66583085	-0.6949064	-0.64619595	0.59520507	-0.6543572	-0.6319264	0.6889158	0.6290899	-0.61865264	-0.6551492	-0.631745	-0.6547759	0.6293149	0.63571143	0.60811585	0.61317146	-0.7091026	-0.61667025	0.67034614	0.7110275	-0.6484514	0.6491125	-0.7063594	-0.52047384	0.6882122	-0.65061563	-0.555596	0.67009103	-0.5726558	0.62907505	0.6772154	-0.61831415	-0.7002785	-0.6847827	-0.6317407	0.71855575	-0.591556	-0.6428901	0.6684057	0.62114406	-0.5360946	-0.69357115	-0.6253752	-0.6078106	-0.6394455	-0.70681065	0.63137615	-0.72112495	-0.69669235	-0.68324095	-0.6633643	0.5707404	0.5995407	-0.68825203	0.66543883	0.6331532	-0.62850684	0.58009315	0.69833034	-0.6975463	0.60671157	0.6380672	-0.6819737	-0.6101006	0.66389066	0.6590295	0.63590956	-0.6543141	-0.5964224	0.4403767	0.58944	-0.5877012	0.6729819	0.64558595	0.6075298	0.6318333	0.65284234	0.69481486	-0.5912932	-0.6431391	0.6091437	0.5910034	-0.7138078	0.65872246	-0.6815276	0.6252585	0.63134485	-0.44875553	0.67508614	-0.67828095
-0.3854209	-0.3965815	-0.35231385	0.38995633	-0.39511162	-0.39811364	0.44558918	0.34643394	0.4381256	0.41709837	-0.34913504	-0.35917157	-0.35269824	0.41878846	-0.36669284	-0.4262904	0.4174957	0.35660255	-0.44606423	-0.43995714	-0.35887185	-0.35506916	0.41182742	0.3553225	0.4287317	0.38849437	-0.4315921	-0.35858095	0.3826463	0.39965943	-0.35824922	0.4032048	-0.35657954	-0.3475126	0.44149405	-0.3939437	-0.3844043	0.42518088	-0.3930488	0.4015085	0.4098679	-0.4459899	-0.43663	-0.34871557	-0.41909927	0.3623109	-0.4416925	-0.36454657	0.41331714	0.42116132	-0.36127985	-0.39299783	-0.3504716	-0.39244246	-0.42354992	-0.42567912	0.3526739	-0.3901263	-0.3781738	-0.43071035	-0.35575405	0.40710998	0.3808108	-0.3556294	0.42933682	0.39099672	-0.40727893	0.36337826	0.3910818	-0.37624517	0.39770502	0.41239995	-0.39226124	-0.41344568	0.40288687	0.42426804	0.39042115	-0.37707114	-0.3440807	0.36663806	0.38794422	-0.4068291	0.42843422	0.35136834	0.39225245	0.38749945	0.38952973	0.43536046	-0.4365881	-0.42903072	0.3815882	0.36175197	-0.39210346	0.40182412	-0.3517776	0.3984867	0.43318558	-0.33285004	0.3846743	-0.41371915
-0.38556284	-0.48136047	-0.38796744	0.41191468	-0.38950884	-0.40099764	0.43969828	0.39830545	0.39680812	0.40064365	-0.36811456	-0.44558248	-0.41092664	0.43282795	-0.4329243	-0.47624278	0.37674305	0.42403573	-0.4243401	-0.42429093	-0.4519346	-0.41759428	0.391733	0.41816607	0.38411254	0.48190323	-0.40763178	-0.39075902	0.38829842	0.44389385	-0.42051739	0.43414652	-0.43719387	-0.37322885	0.44075286	-0.45717984	-0.43863663	0.36180413	-0.39994663	0.38631278	0.431595	-0.43200862	-0.38342986	-0.39522043	-0.3805481	0.43650097	-0.38656342	-0.44213128	0.47634113	0.46302605	-0.43328843	-0.4633438	-0.42013836	-0.43070924	-0.44280612	-0.44303766	0.39645246	-0.39911932	-0.457271	-0.38607842	-0.46563694	0.41313323	0.4284323	-0.41536665	0.37344185	0.37408254	-0.4124413	0.42041114	0.4063946	-0.40390927	0.39278513	0.43386868	-0.45712873	-0.43149167	0.46015057	0.37591803	0.3776161	-0.39477336	-0.3708464	0.44946024	0.47306728	-0.37048206	0.40106693	0.45305553	0.3874179	0.36915392	0.36846647	0.44391984	-0.44171196	-0.43058142	0.44852194	0.38186717	-0.44757926	0.41879117	-0.3950073	0.39752233	0.40530103	-0.4171564	0.38092747	-0.38354835
-0.5429246	-0.5173989	-0.48482805	0.47132427	-0.52134067	-0.4915251	0.45850232	0.5019822	0.51695395	0.47415942	-0.51036274	-0.51468146	-0.5242741	0.45663735	-0.53260475	-0.4939881	0.46031436	0.52325493	-0.4411792	-0.44623256	-0.47644868	-0.45270935	0.5062578	0.5407022	0.5276123	0.5023019	-0.52036107	-0.5150859	0.49742654	0.44654202	-0.486457	0.4761011	-0.49013528	-0.49329013	0.5107206	-0.47148773	-0.48911998	0.4987597	-0.4456626	0.48893347	0.54026335	-0.44963953	-0.5312041	-0.49662465	-0.49506575	0.45140177	-0.48032278	-0.48088983	0.53143483	0.4690693	-0.52330697	-0.5404964	-0.5339999	-0.48987478	-0.46693233	-0.47628894	0.48379785	-0.47778258	-0.43150645	-0.5366998	-0.45484367	0.52784926	0.4543678	-0.4627792	0.48729196	0.52656364	-0.5033683	0.4375753	0.49790126	-0.5300602	0.5277001	0.47436297	-0.46900403	-0.49319768	0.4681241	0.5365086	0.46375152	-0.5447202	-0.50665826	0.4829889	0.510956	-0.48055932	0.5382224	0.4802086	0.43886864	0.4865275	0.5454705	0.52676016	-0.47065246	-0.516218	0.52710384	0.5372426	-0.49099818	0.4697875	-0.4537904	0.5475245	0.5263803	-0.4640802	0.51354146	-0.48750576
-0.43428898	-0.45441037	-0.45713627	0.52153426	-0.47344086	-0.5264886	0.4525893	0.44358775	0.509376	0.47467324	-0.5396621	-0.5423214	-0.46991953	0.45767495	-0.5389359	-0.4930588	0.5399182	0.44462922	-0.49837217	-0.48610973	-0.47585514	-0.48580602	0.4971443	0.5316355	0.523622	0.49631664	-0.4779279	-0.51623446	0.50116897	0.53945035	-0.47339728	0.47133887	-0.48885974	-0.39807385	0.44897458	-0.52781117	-0.46132526	0.5060512	-0.47070238	0.52203375	0.53546256	-0.46327978	-0.49170363	-0.5348399	-0.50627995	0.54372215	-0.42529646	-0.49767014	0.5171594	0.5327007	-0.470273	-0.46700817	-0.5134975	-0.4539748	-0.52264553	-0.50756204	0.5070922	-0.5603173	-0.47893617	-0.5359448	-0.4746478	0.49224168	0.49746072	-0.4734379	0.54629177	0.47626042	-0.51962394	0.46303326	0.4760526	-0.5342542	0.46116206	0.5357433	-0.51944226	-0.48084342	0.46849343	0.46897456	0.4489418	-0.4777554	-0.461844	0.44760624	0.44656345	-0.4592663	0.44672772	0.48185098	0.48575142	0.51984364	0.47713268	0.52380496	-0.5061864	-0.5248561	0.4953102	0.49851394	-0.49385262	0.46402252	-0.4518441	0.4677053	0.49317104	-0.41336524	0.53696	-0.55755526
-0.5203657	-0.6094199	-0.59839576	0.533372	-0.5660202	-0.46326008	0.52998334	0.49983293	0.56022596	0.5387061	-0.5300483	-0.55163467	-0.58894855	0.5347731	-0.51011837	-0.55677605	0.53982633	0.5479732	-0.57107973	-0.54076403	-0.591128	-0.6117173	0.5067213	0.5331307	0.520894	0.5750105	-0.55367893	-0.53379357	0.52494955	0.55850756	-0.54253805	0.59045494	-0.5278983	-0.49093115	0.5444211	-0.5287159	-0.5261192	0.6109962	-0.5383261	0.5277067	0.6074387	-0.58150685	-0.5506415	-0.5523026	-0.50047594	0.528021	-0.46199217	-0.57860965	0.5214426	0.5046051	-0.53178966	-0.5456503	-0.50649303	-0.5458017	-0.531847	-0.56008834	0.5497097	-0.54492813	-0.5410741	-0.5807799	-0.6095101	0.54193366	0.5255479	-0.5941616	0.5469095	0.52256805	-0.55346256	0.57734716	0.54968524	-0.5984492	0.519696	0.5738404	-0.5911274	-0.5878558	0.5452356	0.49848768	0.5233931	-0.5414543	-0.5082859	0.42898074	0.596126	-0.53573966	0.51993394	0.56620854	0.49289128	0.5753461	0.60672957	0.5932894	-0.52849936	-0.5245377	0.56655043	0.5348411	-0.543659	0.60722476	-0.5162556	0.54881173	0.5273798	-0.50784725	0.53006655	-0.5297293
-0.18858433	-0.2245279	-0.21902426	0.22323313	-0.18320496	-0.23055424	0.22812735	0.23335715	0.24299054	0.17169602	-0.18001077	-0.15641384	-0.23450893	0.20470817	-0.22173081	-0.23773406	0.15345858	0.2452826	-0.18113922	-0.22099991	-0.1374186	-0.13686927	0.1643679	0.16753331	0.2116668	0.15525824	-0.20037098	-0.1582801	0.19615717	0.20594326	-0.21036781	0.22740093	-0.17973715	-0.19579831	0.20467424	-0.21185024	-0.19549629	0.2231572	-0.22443785	0.15099138	0.17623478	-0.17483309	-0.23755404	-0.18131474	-0.22111058	0.22200288	-0.1706057	-0.14100194	0.21168387	0.17482841	-0.1840258	-0.17860596	-0.22156009	-0.20187235	-0.1789511	-0.22610955	0.18081352	-0.13473211	-0.15398158	-0.20015037	-0.1830459	0.19746512	0.15066715	-0.22426262	0.17410828	0.21274997	-0.22943212	0.20030865	0.19605845	-0.16933317	0.20873868	0.15915298	-0.21104747	-0.19435456	0.21743785	0.1937486	0.22379231	-0.22737399	-0.18669547	0.225724	0.23150893	-0.23215252	0.21260731	0.2345898	0.13853164	0.23515354	0.19181281	0.1701388	-0.15877435	-0.18162373	0.15137485	0.20001079	-0.22704977	0.17496619	-0.14576282	0.24131392	0.23200463	-0.19960564	0.24262261	-0.18932949
-0.5958204	-0.65892833	-0.63039666	0.7127543	-0.6385415	-0.68987846	0.62965685	0.63599086	0.7360334	0.68464094	-0.6462258	-0.6611496	-0.66276413	0.669634	-0.686992	-0.68755037	0.63331544	0.64498234	-0.64606047	-0.71096694	-0.6713868	-0.7263974	0.6931325	0.6770581	0.65094	0.6348349	-0.6941923	-0.69286776	0.7030675	0.68715185	-0.6241485	0.6495788	-0.71406066	-0.62162167	0.6698343	-0.6754856	-0.63670266	0.7138	-0.65317863	0.61484885	0.6496756	-0.7098696	-0.6398179	-0.64814997	-0.6652147	0.6489695	-0.6362719	-0.61594737	0.66555524	0.62390435	-0.6330196	-0.73852766	-0.59442204	-0.6978951	-0.71917963	-0.6532154	0.65162176	-0.7147355	-0.7168758	-0.6180937	-0.73240817	0.6601683	0.690152	-0.7130004	0.70259506	0.65676534	-0.6643899	0.6674356	0.7011651	-0.69439393	0.6524775	0.6875244	-0.70768005	-0.7094018	0.6804901	0.60669047	0.62822217	-0.68238974	-0.643598	0.5583997	0.6904024	-0.6500124	0.64783907	0.7028477	0.5896108	0.6689387	0.63651574	0.6638284	-0.613583	-0.6191081	0.65247995	0.6193753	-0.6516884	0.6599043	-0.6476753	0.65895647	0.71720594	-0.55445665	0.6393996	-0.67149633
-0.67043024	-0.7699766	-0.74197936	0.72947985	-0.7198037	-0.8048055	0.80893385	0.62048393	0.7615793	0.8056883	-0.82273847	-0.7878178	-0.78278	0.81292075	-0.7512928	-0.7789936	0.85437316	0.69533885	-0.78482115	-0.78172916	-0.8220328	-0.8095258	0.7796469	0.7501934	0.84016484	0.6916069	-0.7220174	-0.74891275	0.7802097	0.78035325	-0.7152047	0.86461943	-0.7920821	-0.70094264	0.80020094	-0.7602156	-0.67389804	0.68527657	-0.7351909	0.7324853	0.85647106	-0.7927897	-0.8086033	-0.75809455	-0.824651	0.7848367	-0.75139534	-0.7484465	0.8603625	0.82717425	-0.6733583	-0.8006587	-0.7155452	-0.83191365	-0.8126638	-0.7821266	0.7640954	-0.8111355	-0.84744364	-0.7014557	-0.8011545	0.7736445	0.6867808	-0.85561883	0.8259313	0.8447517	-0.7018671	0.7063439	0.7689646	-0.7904205	0.7496272	0.7923399	-0.78841037	-0.8021237	0.82039386	0.77441597	0.8148035	-0.779286	-0.8038926	0.733933	0.71395975	-0.6812108	0.76393324	0.69001055	0.6460879	0.74167824	0.7329649	0.6544989	-0.76053566	-0.81534976	0.7545763	0.7850881	-0.7190595	0.83940965	-0.75334245	0.766532	0.85546017	-0.64109045	0.7352464	-0.87446505
-0.6750358	-0.70237494	-0.69024765	0.73730797	-0.7608672	-0.683773	0.7365274	0.6505571	0.79384875	0.7256114	-0.683108	-0.79662454	-0.81563276	0.74033046	-0.6850098	-0.75064224	0.7843419	0.63924193	-0.7573689	-0.7015475	-0.7873444	-0.69717485	0.6800452	0.7632169	0.6865117	0.7427312	-0.7428715	-0.6895484	0.79535085	0.6875681	-0.72947127	0.7345252	-0.7321658	-0.6393338	0.7143138	-0.7426453	-0.6967411	0.7469028	-0.6977324	0.7185945	0.76900214	-0.70990443	-0.71280503	-0.7577853	-0.67697144	0.7211406	-0.7125236	-0.6957547	0.73290765	0.7584608	-0.6177099	-0.7488389	-0.66159725	-0.68004876	-0.74146193	-0.7840568	0.7608152	-0.72667193	-0.7819012	-0.7296108	-0.76164055	0.71974653	0.6120038	-0.69704914	0.7420735	0.7316324	-0.6185586	0.7113293	0.7668054	-0.7249963	0.67687184	0.73624635	-0.77039623	-0.75995505	0.7279107	0.70797646	0.6696089	-0.7719274	-0.67698836	0.6510088	0.6516739	-0.62357455	0.75097483	0.7345308	0.6308077	0.7072938	0.7511068	0.7133059	-0.6769789	-0.746203	0.73378164	0.71652734	-0.73537993	0.74467015	-0.6948213	0.7169577	0.71907365	-0.5854145	0.6979338	-0.77336615
-0.5796487	-0.67782694	-0.6070166	0.6135987	-0.6034933	-0.62973017	0.6302528	0.6289714	0.6087336	0.7216768	-0.712936	-0.6680583	-0.7076676	0.66750735	-0.6469238	-0.65203434	0.68046945	0.59742695	-0.63069147	-0.7116702	-0.64142084	-0.69228154	0.6894719	0.70208687	0.6745436	0.62388986	-0.6586241	-0.6191256	0.68809694	0.673496	-0.6147308	0.660886	-0.64929724	-0.6240921	0.65138096	-0.7201276	-0.6341152	0.5817286	-0.6743001	0.62226194	0.6882944	-0.6562343	-0.65597516	-0.66252375	-0.6589797	0.6837447	-0.6271983	-0.6701327	0.6746664	0.64721894	-0.613961	-0.68825895	-0.6744751	-0.6564367	-0.71892107	-0.67803496	0.70915765	-0.71554613	-0.6440158	-0.6381452	-0.7106873	0.64797467	0.64617795	-0.65108997	0.7183053	0.7094084	-0.5532842	0.6023611	0.70622	-0.6856273	0.6306619	0.6802318	-0.6843191	-0.7071352	0.70881236	0.6950943	0.6580036	-0.6990335	-0.6112296	0.5769407	0.5693974	-0.6458371	0.6586836	0.68503404	0.53024673	0.5857591	0.6880683	0.5934618	-0.62708807	-0.64113057	0.7133283	0.6577219	-0.608424	0.67780066	-0.6303414	0.6349077	0.6554667	-0.60895514	0.6301518	-0.71198267
-0.15599765	-0.14327145	-0.19735424	0.13998179	-0.19259292	-0.16711296	0.2005267	0.20434576	0.14469859	0.2165495	-0.21223958	-0.18739723	-0.21020159	0.21319818	-0.21599314	-0.22268255	0.18692006	0.19085914	-0.19239339	-0.22224851	-0.23520885	-0.15006827	0.21614285	0.19984671	0.2141668	0.16005984	-0.1787595	-0.14763269	0.16818695	0.22921029	-0.21193151	0.15723881	-0.2347063	-0.21208382	0.17623246	-0.19502144	-0.19664417	0.16842607	-0.13093789	0.2094365	0.1870831	-0.18250647	-0.21327813	-0.14852895	-0.17044754	0.20091097	-0.17082597	-0.18987596	0.17788193	0.22307245	-0.16944884	-0.20758599	-0.14139828	-0.23022765	-0.1453802	-0.14673853	0.13976927	-0.21294703	-0.1378415	-0.15742482	-0.18741159	0.19842781	0.15242264	-0.2156384	0.17176749	0.23198202	-0.16922408	0.23137426	0.2232084	-0.23222901	0.14496714	0.16343397	-0.21665177	-0.16009495	0.1443866	0.17913125	0.20745446	-0.15542817	-0.15787688	0.20831288	0.17464551	-0.185281	0.18928625	0.17686169	0.1834419	0.2288921	0.1780035	0.19692788	-0.19199398	-0.1791061	0.16010521	0.13578501	-0.19650082	0.15727663	-0.16611291	0.18058936	0.19516571	-0.1965246	0.1488877	-0.17107011
-0.094989456	-0.15010588	-0.13240944	0.1126257	-0.13794655	-0.19833708	0.13680372	0.14599982	0.10909402	0.18574294	-0.12118499	-0.17306504	-0.14800449	0.1026534	-0.15737559	-0.18105629	0.123926185	0.1574152	-0.16526057	-0.1662071	-0.17432241	-0.16832389	0.11815159	0.16828956	0.14864868	0.1894732	-0.15480688	-0.18112083	0.1648658	0.11492836	-0.116702914	0.14666179	-0.20741816	-0.11182061	0.108079016	-0.113436036	-0.10911787	0.14442042	-0.18672043	0.11902015	0.1774554	-0.1583956	-0.17845175	-0.19753562	-0.19542159	0.16488826	-0.14431332	-0.1610185	0.21362875	0.17678824	-0.15272506	-0.15078016	-0.09517649	-0.18176697	-0.16208693	-0.16653158	0.17641068	-0.15811396	-0.1625988	-0.15891214	-0.15720202	0.1522184	0.10175954	-0.14109063	0.19613005	0.11102433	-0.13943571	0.16706412	0.19740832	-0.1110338	0.13393246	0.17884421	-0.1669936	-0.13803355	0.18266246	0.11070664	0.17951375	-0.10833832	-0.16839935	0.13519935	0.16089423	-0.12059136	0.11461652	0.14317173	0.09251363	0.13423033	0.15497386	0.18465361	-0.17170633	-0.12472635	0.1900213	0.15769143	-0.15866378	0.1582878	-0.17427152	0.11182163	0.1851374	-0.14544971	0.15819435	-0.17811564
-0.3921528	-0.43734816	-0.51181185	0.45614132	-0.50098115	-0.5036379	0.42616257	0.4688902	0.48641318	0.46581525	-0.47463003	-0.5150292	-0.48067242	0.43123305	-0.4681714	-0.5381172	0.51906335	0.49762288	-0.47172895	-0.51822853	-0.4980302	-0.44569972	0.47063634	0.49578583	0.4311832	0.49714747	-0.50537634	-0.416091	0.4836946	0.4996284	-0.47453812	0.44389895	-0.48039183	-0.42023906	0.5127959	-0.50554925	-0.42385733	0.47336835	-0.4936127	0.48179105	0.5315956	-0.45112833	-0.4494121	-0.42342016	-0.46389005	0.512716	-0.4877817	-0.4674623	0.4960112	0.4837475	-0.4356748	-0.531149	-0.39424315	-0.44693795	-0.4394081	-0.5008391	0.48955718	-0.543287	-0.4515968	-0.5012964	-0.44504705	0.43801498	0.4088918	-0.45351768	0.49880573	0.525169	-0.43273062	0.4501443	0.46758974	-0.4433167	0.43440622	0.46576345	-0.49318677	-0.46066266	0.4340205	0.43826485	0.49286574	-0.44393355	-0.42297047	0.42599782	0.4558065	-0.3658266	0.4988832	0.43010446	0.4419067	0.40580845	0.51842177	0.41394195	-0.44799402	-0.4988105	0.42197886	0.4723629	-0.44787097	0.52287596	-0.43439916	0.4754762	0.46199638	-0.37280798	0.45768455	-0.4483461
-0.5594645	-0.6703957	-0.59694695	0.68319786	-0.5945129	-0.65639055	0.6587881	0.631688	0.62849754	0.6116455	-0.6165573	-0.7036409	-0.67366683	0.5894316	-0.6910896	-0.7171611	0.68436265	0.59844434	-0.6135509	-0.69319427	-0.68731076	-0.66999143	0.58441126	0.607628	0.63329756	0.61477196	-0.6287726	-0.6854622	0.7156484	0.6226045	-0.67670864	0.70434225	-0.69636315	-0.60100704	0.69463724	-0.6942501	-0.531304	0.65586627	-0.6284604	0.62912244	0.7028788	-0.7073106	-0.64058036	-0.65697956	-0.6368372	0.63843125	-0.5559141	-0.61740357	0.6543384	0.637482	-0.5631142	-0.69833195	-0.5701716	-0.65858316	-0.6485841	-0.6665458	0.643888	-0.65805185	-0.6727817	-0.62748593	-0.6568181	0.6370785	0.5861106	-0.65233606	0.6945032	0.6968963	-0.6036586	0.53107554	0.68791586	-0.6981718	0.59787536	0.69149077	-0.7113957	-0.6703134	0.6087861	0.560134	0.6235684	-0.68411106	-0.6078678	0.5519047	0.66315126	-0.5835432	0.66160923	0.64956146	0.52372265	0.5854846	0.64476514	0.6613416	-0.6094473	-0.6528216	0.6257389	0.6543659	-0.6652332	0.6402596	-0.66512704	0.615515	0.6701897	-0.5045059	0.6631304	-0.68394244
-0.56684995	-0.571213	-0.56455684	0.5942279	-0.4839817	-0.46534646	0.520911	0.51319855	0.5697992	0.5300196	-0.55230135	-0.5600217	-0.56904644	0.46512705	-0.54689115	-0.5493283	0.48417953	0.49023822	-0.54553044	-0.55597544	-0.568599	-0.52616304	0.5368228	0.5082467	0.52861947	0.5351585	-0.5954751	-0.4991627	0.5490336	0.52349925	-0.58793384	0.4848803	-0.5686216	-0.48695773	0.54083604	-0.54775834	-0.5249918	0.5547621	-0.4956252	0.49741304	0.47385868	-0.5430037	-0.47122678	-0.5110937	-0.50685954	0.5589748	-0.40680185	-0.5122717	0.47599566	0.52992964	-0.4853627	-0.51135236	-0.46573976	-0.5560186	-0.47520718	-0.5509039	0.4781837	-0.53500646	-0.5379198	-0.5550926	-0.552964	0.48967114	0.5388884	-0.5549897	0.51188374	0.49715072	-0.5393989	0.47828618	0.49740386	-0.53867304	0.49860913	0.5274378	-0.49145743	-0.5300217	0.55100256	0.51969856	0.42064217	-0.4997862	-0.48993456	0.48070368	0.51502794	-0.4821155	0.51245177	0.51703376	0.47855124	0.5719904	0.49988055	0.5238213	-0.509992	-0.49252975	0.5273958	0.47318986	-0.54535735	0.5132359	-0.4931156	0.50837976	0.5135105	-0.4221144	0.56917083	-0.49582896
-0.57665014	-0.6001947	-0.52668995	0.62191623	-0.5587818	-0.6407804	0.60340184	0.59095836	0.6271381	0.5794056	-0.6155747	-0.572966	-0.6200996	0.6083546	-0.61952597	-0.65065163	0.65968025	0.6139725	-0.58242804	-0.59403473	-0.6553727	-0.58818275	0.5784207	0.5968114	0.57673925	0.60650885	-0.5758765	-0.61633986	0.6221413	0.5890172	-0.5627875	0.660083	-0.57767403	-0.5890846	0.6522537	-0.6186117	-0.49872547	0.6561062	-0.61544836	0.52000964	0.64855134	-0.5762158	-0.54550576	-0.6121433	-0.5921703	0.63893366	-0.5635414	-0.5955658	0.5818981	0.5557852	-0.57950354	-0.60317034	-0.47708252	-0.5453646	-0.5871964	-0.5620449	0.5579697	-0.59409	-0.6095993	-0.6209788	-0.6419459	0.5774126	0.5556585	-0.58927447	0.6002979	0.56007093	-0.5889529	0.5379657	0.58214605	-0.54988337	0.5544773	0.630903	-0.63691705	-0.6145753	0.58130175	0.5647971	0.5384193	-0.5490947	-0.549771	0.5050678	0.61822116	-0.57993776	0.6236405	0.63576573	0.57300484	0.60906184	0.56465983	0.6236179	-0.52533525	-0.56525326	0.5516197	0.5552081	-0.6249501	0.60424393	-0.6146228	0.55621076	0.6386139	-0.44467223	0.6279621	-0.5980222
-0.36712834	-0.33821997	-0.35820246	0.35410675	-0.28857753	-0.29635897	0.32527435	0.30121714	0.36731437	0.3063453	-0.36909994	-0.32461092	-0.31526312	0.30400488	-0.36272183	-0.3652191	0.34506285	0.3306856	-0.3069165	-0.35239914	-0.37529856	-0.371684	0.3437432	0.34156898	0.3456887	0.37169027	-0.35164648	-0.3359608	0.37445036	0.28634205	-0.3065505	0.31866664	-0.30954957	-0.30493507	0.34611657	-0.3429049	-0.27921692	0.35964385	-0.37173235	0.32936192	0.37099513	-0.32697847	-0.3448842	-0.32890773	-0.29043075	0.35151094	-0.33589506	-0.28989604	0.3696336	0.28381792	-0.3024079	-0.30167314	-0.33020464	-0.31123638	-0.3102956	-0.38311657	0.37672886	-0.3359901	-0.32212803	-0.305466	-0.3460359	0.29933724	0.33230466	-0.28321248	0.37562367	0.36503157	-0.331189	0.35112473	0.34221348	-0.35884756	0.3687765	0.3083376	-0.30506784	-0.35499617	0.3303496	0.35511076	0.3019783	-0.29861125	-0.28933203	0.30330643	0.32990676	-0.36284798	0.31148165	0.32011473	0.3035491	0.32039315	0.3768201	0.35462293	-0.3248788	-0.3032051	0.33632576	0.3500901	-0.35150963	0.3435952	-0.3203981	0.29754728	0.32217398	-0.28581113	0.31942028	-0.37136722
-0.52202135	-0.59431136	-0.55075234	0.61881125	-0.5352046	-0.5329099	0.60162634	0.5206464	0.5457198	0.6196528	-0.6098319	-0.57648253	-0.5579214	0.51620084	-0.60236365	-0.5591467	0.5610405	0.4930262	-0.54949594	-0.613582	-0.5481749	-0.5965492	0.5280131	0.5808732	0.5343882	0.56517726	-0.56005055	-0.5331289	0.5891124	0.6178516	-0.5748561	0.5620983	-0.5774871	-0.50996333	0.59892845	-0.54215	-0.50128406	0.5392712	-0.5464627	0.5806145	0.6206737	-0.5604924	-0.5971951	-0.5739637	-0.55326974	0.56484383	-0.53296864	-0.52144295	0.5497582	0.5801179	-0.48691407	-0.57583195	-0.52459496	-0.5547046	-0.60019904	-0.6226538	0.6148094	-0.54253244	-0.56953937	-0.50768894	-0.603085	0.5113946	0.5511828	-0.5709863	0.57529515	0.57929343	-0.5042772	0.5732108	0.6257504	-0.589353	0.5129174	0.5219559	-0.62049174	-0.56365895	0.57883865	0.58525634	0.60899955	-0.54677653	-0.52563125	0.42595038	0.5721035	-0.45590273	0.5805916	0.58602977	0.45274124	0.4954046	0.554571	0.51766723	-0.5406925	-0.5544255	0.590878	0.60839385	-0.5491751	0.5789095	-0.5350918	0.59465283	0.6258277	-0.45818332	0.5651455	-0.59575593
-0.3668954	-0.3105705	-0.30488572	0.27842093	-0.33384427	-0.33913216	0.3564219	0.2757263	0.3146824	0.3415785	-0.31563866	-0.36157352	-0.34404662	0.3276479	-0.37764227	-0.3572861	0.30408967	0.3137864	-0.3143165	-0.2749959	-0.37526134	-0.3789493	0.27883884	0.3735425	0.30227402	0.34284675	-0.32412365	-0.32024327	0.29880732	0.32254443	-0.36095324	0.3180123	-0.3684224	-0.3191757	0.32840294	-0.3281148	-0.33846542	0.29712263	-0.30885765	0.30807507	0.31653133	-0.2958013	-0.33853817	-0.35748947	-0.33048534	0.37142998	-0.34123555	-0.36914504	0.29803127	0.3335325	-0.348525	-0.3249367	-0.34599873	-0.3507495	-0.31393048	-0.3474216	0.3585152	-0.38714632	-0.32222494	-0.36618876	-0.37536448	0.35072073	0.33652726	-0.35465688	0.31262812	0.34564227	-0.2805505	0.3665249	0.36184296	-0.3344542	0.3374245	0.3653653	-0.3336135	-0.3630027	0.3555641	0.29636005	0.3543479	-0.34307742	-0.30700022	0.2807843	0.36970216	-0.33191818	0.2763168	0.26766106	0.25480425	0.3055425	0.3539072	0.3365618	-0.3774339	-0.32507056	0.368462	0.35825256	-0.3804544	0.3273256	-0.29149818	0.36057642	0.31522584	-0.24559318	0.32446632	-0.33945632
-0.33988166	-0.3527716	-0.39383686	0.35907033	-0.37746012	-0.29876584	0.3608986	0.384597	0.3889938	0.32547846	-0.38363734	-0.31999066	-0.37727517	0.34436128	-0.3770905	-0.33530217	0.3749708	0.37225136	-0.31635326	-0.31651253	-0.39186665	-0.31374532	0.301324	0.36784384	0.38493797	0.31075773	-0.35827956	-0.34724632	0.33138663	0.35014755	-0.3758372	0.34764707	-0.33199307	-0.2805237	0.37023717	-0.31496686	-0.34872192	0.29792717	-0.303164	0.33153555	0.3941772	-0.33028057	-0.3971358	-0.36599365	-0.38987213	0.3138514	-0.29672337	-0.3586019	0.34540612	0.31493187	-0.35643554	-0.36865672	-0.3273364	-0.31179124	-0.2998833	-0.31924257	0.38960788	-0.3680401	-0.37395403	-0.35065952	-0.3270836	0.35199386	0.35230312	-0.3868167	0.39641285	0.3863613	-0.31142887	0.39407974	0.38042822	-0.33977666	0.37953085	0.39154598	-0.32245708	-0.323573	0.38662964	0.37017936	0.33395004	-0.30721915	-0.3088238	0.32805654	0.38960105	-0.32391116	0.34689775	0.34750208	0.33575264	0.36998612	0.3559854	0.3756235	-0.346432	-0.37612376	0.34278008	0.37383413	-0.38754636	0.36408874	-0.35191375	0.39106676	0.3290462	-0.3032419	0.32538003	-0.39310455
-0.3961778	-0.4340931	-0.47950158	0.4824928	-0.4027025	-0.45116615	0.42585844	0.36674374	0.43931037	0.48102555	-0.4437238	-0.49044204	-0.5252353	0.4380421	-0.42516926	-0.41706797	0.43558624	0.44411427	-0.4206684	-0.46569586	-0.50434756	-0.48536634	0.45086417	0.45115796	0.44145	0.45970094	-0.42180344	-0.46027192	0.43223724	0.4815871	-0.42139304	0.50163877	-0.45144027	-0.367	0.49211445	-0.49063042	-0.39624196	0.44477773	-0.43278062	0.41777667	0.4308543	-0.46475473	-0.4187655	-0.41669387	-0.38507354	0.455953	-0.441584	-0.4792743	0.44357663	0.42309955	-0.39738005	-0.42259255	-0.36736926	-0.45020446	-0.39881402	-0.4242537	0.45846128	-0.49036014	-0.4544419	-0.47590375	-0.3967842	0.3798539	0.42168275	-0.49971917	0.5000202	0.47829893	-0.36715445	0.41405758	0.43806309	-0.48062512	0.43319523	0.4668172	-0.48078066	-0.3955802	0.381642	0.46226698	0.40432876	-0.40381822	-0.40297922	0.33957544	0.40022358	-0.4215466	0.48429954	0.44251677	0.37678382	0.41290247	0.45532522	0.39824146	-0.36996758	-0.45286238	0.47327277	0.38646686	-0.41348016	0.48281968	-0.44455105	0.48562524	0.48465794	-0.3649898	0.3792183	-0.4885687
-0.5636456	-0.6527456	-0.59122413	0.5943124	-0.54821193	-0.5749433	0.5797281	0.62772095	0.604018	0.6409299	-0.58868384	-0.5969242	-0.6340709	0.6212108	-0.57729924	-0.62017614	0.62762386	0.65075237	-0.55815023	-0.65190005	-0.63214666	-0.6172395	0.62194586	0.59725845	0.608638	0.65109736	-0.6525759	-0.58272994	0.6400593	0.60344356	-0.6230962	0.60934776	-0.63918734	-0.58880866	0.6406923	-0.5631634	-0.5662559	0.6531001	-0.56716776	0.5847395	0.6462362	-0.5778612	-0.62399435	-0.6273433	-0.582382	0.625599	-0.5676833	-0.5822298	0.5974514	0.6200173	-0.54480976	-0.6630185	-0.63521695	-0.6306415	-0.5665014	-0.61965185	0.6462516	-0.6472217	-0.5652362	-0.6728441	-0.63376427	0.5763664	0.5938946	-0.60170686	0.6430652	0.642922	-0.6310152	0.6223031	0.613187	-0.6150979	0.61847645	0.6610377	-0.6005591	-0.54854256	0.6544329	0.5600846	0.57592964	-0.6566693	-0.5760506	0.46976134	0.5834606	-0.56865114	0.6775401	0.6460814	0.6224399	0.6094286	0.63341993	0.5903959	-0.5664097	-0.55384696	0.56369644	0.6520654	-0.60735476	0.63505566	-0.6261641	0.66498756	0.5965076	-0.5168645	0.6698074	-0.6037138
-0.48297843	-0.5307787	-0.50414735	0.50460947	-0.5092276	-0.43539873	0.472278	0.5272591	0.4981689	0.5428714	-0.4913007	-0.4556778	-0.4774103	0.4906215	-0.52979636	-0.49685365	0.54535526	0.511364	-0.45008397	-0.5156763	-0.53506035	-0.49768248	0.46057728	0.515551	0.49889684	0.54626817	-0.5523876	-0.47569907	0.49973887	0.5304873	-0.4729274	0.5516807	-0.47264853	-0.5192392	0.5408888	-0.51053876	-0.5107464	0.5462191	-0.5636544	0.46533838	0.5278912	-0.457694	-0.52083397	-0.52503103	-0.5045659	0.49596888	-0.48310813	-0.50405663	0.48759353	0.45406207	-0.52140576	-0.47003296	-0.5109942	-0.5583594	-0.46230906	-0.48420087	0.5347995	-0.48891363	-0.47214916	-0.49365392	-0.5011859	0.5557591	0.47772515	-0.49867365	0.48656145	0.553342	-0.56746906	0.5462974	0.5481748	-0.5084734	0.56047475	0.45853838	-0.54059047	-0.4793374	0.51162237	0.4671842	0.5039138	-0.4919837	-0.42298457	0.50458777	0.4785712	-0.54714537	0.48575705	0.5107068	0.5090278	0.52645916	0.53387934	0.4876687	-0.51241344	-0.53903306	0.55320215	0.49882233	-0.5052542	0.531578	-0.46330777	0.5294802	0.45429316	-0.48759875	0.47583476	-0.5182203
-0.57600015	-0.5555429	-0.5853343	0.6248224	-0.5260073	-0.5468725	0.5404809	0.6014682	0.63780785	0.5296707	-0.5086652	-0.6082469	-0.6278689	0.6130599	-0.5593447	-0.5754212	0.5417894	0.5829425	-0.57758933	-0.6214459	-0.6170196	-0.5696375	0.6223578	0.5778345	0.607034	0.6072591	-0.57680595	-0.5343086	0.6055848	0.559183	-0.6177326	0.61977404	-0.6169778	-0.51725835	0.54869443	-0.55392104	-0.5385151	0.60049194	-0.59720117	0.62237185	0.57923067	-0.5820906	-0.5569098	-0.5271979	-0.5299744	0.5338965	-0.49298203	-0.5959974	0.5613542	0.53901213	-0.5380204	-0.5195294	-0.50463116	-0.5911522	-0.578856	-0.5674406	0.541366	-0.63160515	-0.58977544	-0.5248615	-0.5449673	0.53168416	0.5742165	-0.5735059	0.56475747	0.6391662	-0.57459104	0.5666555	0.629403	-0.582062	0.5457073	0.5622376	-0.5304003	-0.6076199	0.5372726	0.5786945	0.5488466	-0.57569665	-0.4719953	0.50576043	0.5297611	-0.5342425	0.56419474	0.537221	0.5642229	0.55957186	0.53824514	0.54802805	-0.5463131	-0.52634054	0.58243823	0.5658063	-0.6464606	0.6022221	-0.5312506	0.5820299	0.6090418	-0.5093904	0.5350846	-0.5966921
-0.3980249	-0.43247297	-0.33220455	0.4320859	-0.36117864	-0.39198726	0.337591	0.3916225	0.3999306	0.34619004	-0.324074	-0.3958322	-0.46591938	0.3262059	-0.38559598	-0.42689338	0.3515617	0.33769464	-0.3857047	-0.34666649	-0.4450434	-0.40187597	0.42240384	0.34297705	0.39165953	0.40913302	-0.4468082	-0.34446168	0.39512026	0.40833655	-0.34416774	0.3667687	-0.37100115	-0.31890428	0.38075474	-0.38768885	-0.28775144	0.42538002	-0.41248167	0.40247354	0.42195848	-0.4060033	-0.41143113	-0.38360396	-0.32439867	0.39203295	-0.2914155	-0.35923767	0.43771082	0.4006053	-0.33023098	-0.3910846	-0.39680707	-0.38965446	-0.38821584	-0.4473914	0.40321183	-0.37531376	-0.34662014	-0.42820987	-0.43060082	0.33346128	0.3357759	-0.37683576	0.37024605	0.43904755	-0.321877	0.3856933	0.3538024	-0.37630498	0.42565277	0.42941943	-0.33212066	-0.3914889	0.3567116	0.3011791	0.30906335	-0.40426734	-0.3571882	0.35465837	0.37991366	-0.34300834	0.3714819	0.3462262	0.38117754	0.42247942	0.4100376	0.39476192	-0.36819336	-0.31173456	0.32675654	0.39783314	-0.34421462	0.43750918	-0.35852635	0.39643762	0.36742163	-0.27669623	0.40265575	-0.4270089
-0.6389382	-0.71728605	-0.6882671	0.7513915	-0.70151067	-0.7693473	0.72392935	0.6583656	0.7264891	0.7080992	-0.7291965	-0.7301669	-0.7478646	0.67133623	-0.75428087	-0.80699384	0.7450834	0.63624775	-0.71235245	-0.76141673	-0.8002508	-0.6846543	0.76804036	0.6896261	0.73855215	0.70392525	-0.70160896	-0.7552219	0.69562125	0.70805997	-0.7182134	0.7053971	-0.73568606	-0.57890856	0.74434143	-0.7384356	-0.66426975	0.77823144	-0.7188337	0.6515671	0.6924697	-0.65226114	-0.7452649	-0.6936637	-0.71448404	0.73101413	-0.68145543	-0.65791494	0.7732559	0.75792223	-0.5783254	-0.7335702	-0.69959646	-0.68328154	-0.7262169	-0.7984671	0.6814556	-0.699339	-0.6868047	-0.7196059	-0.744514	0.66031057	0.69000506	-0.73683417	0.6996149	0.75312173	-0.69142365	0.6730827	0.7780696	-0.67863715	0.67491317	0.7728771	-0.6845869	-0.7555143	0.6710588	0.67806095	0.7190073	-0.70551527	-0.61096704	0.5643961	0.6160107	-0.62653214	0.7290941	0.74548346	0.6417708	0.69193214	0.6635302	0.67017156	-0.68165696	-0.7653531	0.6975624	0.77085346	-0.7283252	0.7397242	-0.7155786	0.6712293	0.7651656	-0.6510302	0.7392416	-0.7835037
-0.14695306	-0.12339438	-0.20435661	0.1727955	-0.18439484	-0.12276698	0.17360674	0.19136742	0.14633615	0.17138664	-0.13164507	-0.16217566	-0.19466287	0.17104708	-0.14141808	-0.16928008	0.2044744	0.1763816	-0.1677999	-0.14490883	-0.18851694	-0.18960498	0.2172234	0.21699832	0.20043859	0.14885342	-0.14866307	-0.20303334	0.12647733	0.15318441	-0.21326406	0.16394101	-0.15014806	-0.17248309	0.12646876	-0.22113118	-0.20000044	0.13203287	-0.13343252	0.2081506	0.19204421	-0.12994476	-0.17404133	-0.13225953	-0.2012987	0.16968755	-0.1294888	-0.15579137	0.1854641	0.14816281	-0.13262914	-0.13674456	-0.15605098	-0.14651005	-0.19382054	-0.2048559	0.19062254	-0.22038373	-0.19851765	-0.2162309	-0.18933491	0.15605806	0.14304078	-0.19479033	0.12986118	0.13557138	-0.17892101	0.1469951	0.13808034	-0.209095	0.195551	0.2207383	-0.18901576	-0.12151886	0.13034452	0.1359584	0.13309553	-0.13811642	-0.20233326	0.16592541	0.19754	-0.16152905	0.13672285	0.1264295	0.17955549	0.12389518	0.1523479	0.17315881	-0.21473496	-0.17132394	0.1562104	0.2070754	-0.13107538	0.16463181	-0.13572139	0.12631017	0.19951695	-0.14382228	0.17017333	-0.20145376
-0.23626891	-0.30756414	-0.24437892	0.30959398	-0.24939197	-0.3180317	0.27577472	0.27036136	0.24056512	0.238501	-0.32504258	-0.24668719	-0.30683258	0.22094326	-0.28934804	-0.30253604	0.25426722	0.29943767	-0.30905148	-0.2959943	-0.3329052	-0.26061982	0.26996863	0.29470536	0.21785612	0.25555152	-0.32742935	-0.24938677	0.3395117	0.23886302	-0.28838876	0.25230253	-0.32978678	-0.27538702	0.33034188	-0.31803995	-0.28111586	0.29751563	-0.32437995	0.23959568	0.30618578	-0.2993189	-0.29170144	-0.31022128	-0.24564545	0.31974092	-0.3098959	-0.3000901	0.3156396	0.23779872	-0.19346933	-0.3303705	-0.23388812	-0.30792776	-0.30327997	-0.2553681	0.29477683	-0.27322003	-0.21427938	-0.25851312	-0.29766655	0.2364124	0.25557378	-0.2617877	0.2594349	0.27126607	-0.30216575	0.23997831	0.2520976	-0.21876386	0.25808463	0.23417854	-0.328329	-0.2677472	0.25626454	0.20955692	0.26383945	-0.27717903	-0.25059408	0.19882499	0.25208285	-0.20179075	0.271335	0.31971642	0.28602257	0.2943475	0.2773987	0.30316898	-0.29655293	-0.27520162	0.26029304	0.27500123	-0.2623958	0.33532113	-0.25677875	0.22769713	0.28307053	-0.22140211	0.27422813	-0.29729095
-0.41561243	-0.5799536	-0.59554046	0.61914253	-0.52816117	-0.5314782	0.5085079	0.50818163	0.6126404	0.6164181	-0.56242085	-0.596015	-0.5964123	0.5252083	-0.5403052	-0.61067677	0.5323929	0.54344153	-0.59492457	-0.5311251	-0.5777441	-0.6202583	0.5923212	0.54701066	0.53955567	0.5912383	-0.62402546	-0.56535006	0.53582007	0.5809691	-0.5767848	0.5793613	-0.59364843	-0.5419798	0.56116515	-0.6252665	-0.46899417	0.5496083	-0.5376957	0.5567947	0.5699698	-0.54280984	-0.53554237	-0.6065218	-0.5961209	0.5642909	-0.56767595	-0.5655982	0.56912565	0.52290475	-0.508383	-0.6342514	-0.53397286	-0.59966236	-0.6132506	-0.5955353	0.59457356	-0.6307385	-0.5314747	-0.5746192	-0.6217391	0.5743209	0.5115113	-0.615586	0.5832742	0.54489493	-0.55158114	0.5473212	0.62393564	-0.6333791	0.5244791	0.61851305	-0.6237179	-0.53778034	0.5835417	0.57179195	0.5919063	-0.55403423	-0.57846713	0.50743645	0.4952348	-0.52487826	0.57306165	0.54272234	0.53638196	0.52640283	0.5979452	0.5038374	-0.5649171	-0.52805513	0.5979962	0.5675922	-0.5955732	0.55243796	-0.61118454	0.5214852	0.56920743	-0.5137103	0.5304412	-0.60228765
-0.56342906	-0.675993	-0.61465764	0.693436	-0.68067926	-0.7378865	0.65567005	0.6380408	0.6054129	0.6475505	-0.6628118	-0.7212191	-0.6988119	0.6810049	-0.66230863	-0.6610531	0.7304608	0.61375946	-0.67708015	-0.70503986	-0.74848706	-0.6600292	0.719583	0.6753146	0.6807879	0.64557695	-0.6189901	-0.6410039	0.74447554	0.72398	-0.6997582	0.6949673	-0.6873741	-0.59777033	0.6722858	-0.69123733	-0.5606538	0.65208703	-0.6742884	0.6227395	0.6714764	-0.6590435	-0.69472265	-0.63021636	-0.6445343	0.7036197	-0.67087674	-0.6964462	0.6715505	0.7363562	-0.51598656	-0.6971368	-0.62506264	-0.66915464	-0.69464463	-0.7014787	0.65110445	-0.7486928	-0.71265465	-0.59452146	-0.7235849	0.6663421	0.56781995	-0.7533899	0.6551972	0.6471766	-0.57397586	0.60219365	0.67151856	-0.6924892	0.68748885	0.7128142	-0.6894287	-0.6400618	0.71093345	0.63215363	0.6783396	-0.72146046	-0.6837829	0.567536	0.6050348	-0.59659535	0.6371249	0.695298	0.61219484	0.63405544	0.6650135	0.5945242	-0.7048966	-0.7319976	0.6721347	0.6266424	-0.68033004	0.6859462	-0.699785	0.6014565	0.75466615	-0.5790659	0.64094204	-0.66937345
-0.58124846	-0.58097446	-0.59930205	0.6331328	-0.5969603	-0.5975369	0.5331726	0.58105993	0.54149735	0.5529735	-0.5908035	-0.5968412	-0.55686975	0.5227835	-0.5778797	-0.603228	0.58397084	0.5946811	-0.57586044	-0.54032755	-0.57054996	-0.6165018	0.61316764	0.61225206	0.60098755	0.5734645	-0.5507791	-0.60124797	0.57616687	0.61282533	-0.5370755	0.5993862	-0.620404	-0.53902155	0.6255803	-0.53111815	-0.5282262	0.60686076	-0.58461463	0.55596274	0.58913237	-0.5298893	-0.6141323	-0.57351804	-0.52256334	0.61883795	-0.56297696	-0.5809823	0.5655473	0.53298247	-0.5460866	-0.6068046	-0.5943941	-0.5550449	-0.62874997	-0.5488892	0.5411371	-0.6177424	-0.54023284	-0.5310328	-0.5733156	0.5710849	0.5371398	-0.60208845	0.5557162	0.6104247	-0.6168004	0.6151541	0.5662092	-0.5558222	0.5510216	0.536451	-0.5513872	-0.5676883	0.55015147	0.5519366	0.60234195	-0.5974093	-0.5806179	0.5309443	0.5711429	-0.61568016	0.5572743	0.5851193	0.55679756	0.6189636	0.58924603	0.55589104	-0.52469945	-0.5888808	0.53171057	0.53115755	-0.58641297	0.5859171	-0.5459222	0.57643616	0.5513379	-0.48904634	0.55610067	-0.631417
-0.4826511	-0.5186464	-0.5143628	0.4948543	-0.49783027	-0.47321564	0.45220375	0.41808647	0.48200586	0.4951181	-0.49916685	-0.47897738	-0.5727185	0.5241123	-0.44350904	-0.51375526	0.51730925	0.41473123	-0.51837605	-0.5363517	-0.5370868	-0.46398872	0.49054697	0.5297356	0.5266299	0.44957587	-0.52698165	-0.5209092	0.5324712	0.4602383	-0.48283574	0.49647883	-0.4538146	-0.4495273	0.51488584	-0.5460385	-0.4174023	0.43238413	-0.45082203	0.45961645	0.52564806	-0.4750238	-0.5326122	-0.45850378	-0.45550016	0.5499681	-0.5218342	-0.4694927	0.5189125	0.527344	-0.46317506	-0.47831795	-0.46934548	-0.50609183	-0.49912152	-0.5607748	0.49236393	-0.4933793	-0.4660534	-0.4948447	-0.51634884	0.43895382	0.47058448	-0.54755765	0.5344127	0.45642182	-0.44662172	0.43007475	0.48529404	-0.53649193	0.4874635	0.5097951	-0.5093989	-0.4663139	0.48257715	0.42810488	0.5144842	-0.5352431	-0.45380652	0.3928652	0.52355886	-0.4667272	0.51041985	0.4898519	0.4016822	0.4639524	0.4818854	0.5396952	-0.4964664	-0.5215225	0.46232042	0.45883414	-0.4959053	0.51352	-0.47815028	0.5489935	0.53806466	-0.40972582	0.44651175	-0.4903461
-0.25409478	-0.45111087	-0.4417387	0.4532225	-0.40505776	-0.4334092	0.44187808	0.3988357	0.39764866	0.4223312	-0.4433105	-0.3890523	-0.38046265	0.35100374	-0.42726746	-0.4162488	0.44033402	0.42636016	-0.42234257	-0.42180935	-0.44608015	-0.43500206	0.40458384	0.38214687	0.4399501	0.3833686	-0.4138996	-0.37014738	0.4119886	0.41539478	-0.4197527	0.4651291	-0.4178684	-0.387845	0.4595641	-0.46262395	-0.36279634	0.40872112	-0.4275262	0.44561663	0.43252614	-0.37409538	-0.44262677	-0.4434757	-0.38493073	0.42230192	-0.37160644	-0.4030363	0.4048948	0.4345147	-0.32116228	-0.46678042	-0.40177673	-0.40483993	-0.42511198	-0.41843998	0.42434192	-0.41188252	-0.3991855	-0.41012686	-0.45181835	0.45052466	0.42477018	-0.44682127	0.45936468	0.45845315	-0.37217817	0.41656166	0.3777365	-0.4639367	0.35664693	0.42330414	-0.38462114	-0.42063147	0.43488684	0.38023403	0.4143354	-0.37666354	-0.40069085	0.34227645	0.3685519	-0.33748627	0.3950963	0.45129776	0.33895734	0.31518152	0.4103972	0.30350652	-0.3603295	-0.36451	0.4166253	0.37210044	-0.38912997	0.38705382	-0.3830846	0.40667182	0.43536782	-0.38339767	0.37549996	-0.42575452
-0.27831617	-0.47455156	-0.51098937	0.47578254	-0.45524806	-0.4839419	0.41849905	0.39249116	0.4752305	0.50097054	-0.48675266	-0.5141835	-0.5106453	0.5055934	-0.46697435	-0.46686873	0.49621287	0.43927824	-0.47087643	-0.42701873	-0.51547664	-0.48146302	0.50006074	0.47439474	0.48734397	0.48178956	-0.4832215	-0.4136219	0.5450621	0.5281363	-0.47530076	0.500369	-0.46620238	-0.40789956	0.45830977	-0.4805206	-0.41348097	0.44506225	-0.49468678	0.49121773	0.44178304	-0.44038364	-0.4913165	-0.4573944	-0.44158432	0.49385682	-0.42531556	-0.5174765	0.5392338	0.42916876	-0.3193568	-0.5031919	-0.4383897	-0.5093067	-0.4933864	-0.43396237	0.4661818	-0.4559992	-0.4499176	-0.38304582	-0.4471919	0.42885697	0.45450255	-0.52885807	0.51853937	0.43603596	-0.42177352	0.37092122	0.46454975	-0.47083125	0.46508336	0.4514246	-0.51206154	-0.47673118	0.42667034	0.45003992	0.5178943	-0.51185733	-0.44081727	0.42436174	0.37107927	-0.3830302	0.42144874	0.5124095	0.34833628	0.34558535	0.494721	0.36220554	-0.5152245	-0.47091994	0.50701636	0.4435932	-0.4705364	0.52213204	-0.47388256	0.4235858	0.5167992	-0.4394963	0.41919628	-0.4839824
-0.5355369	-0.7563759	-0.73378265	0.70672035	-0.6636703	-0.7265139	0.7150574	0.686768	0.6257922	0.69383824	-0.7616819	-0.72669125	-0.7356128	0.6729465	-0.7684151	-0.7178204	0.70835227	0.6875221	-0.6845623	-0.7300654	-0.70094085	-0.7107173	0.75960135	0.72395766	0.69376564	0.6783881	-0.6604247	-0.66018504	0.6965895	0.73560673	-0.73682725	0.7771145	-0.7446053	-0.6701863	0.6319028	-0.69153327	-0.7138934	0.64615524	-0.6750634	0.6976044	0.7548367	-0.7424504	-0.6950826	-0.72029614	-0.7327793	0.7635452	-0.7160984	-0.6921726	0.71740925	0.7563638	-0.49639943	-0.756983	-0.7351168	-0.68728644	-0.7521153	-0.703812	0.70828575	-0.76542914	-0.6984058	-0.58093536	-0.7564598	0.67477685	0.6555201	-0.6848464	0.7032551	0.69798726	-0.56358176	0.572612	0.75285906	-0.7215863	0.6505995	0.70002794	-0.7585967	-0.6941882	0.7039335	0.7558337	0.72160023	-0.71809137	-0.7609576	0.692764	0.62424785	-0.5953079	0.68237734	0.7183806	0.51599514	0.5026057	0.73591334	0.54108185	-0.7404253	-0.7483992	0.7236326	0.7643898	-0.6155146	0.7798792	-0.7059619	0.6185306	0.719563	-0.66925466	0.7613645	-0.77241814
-0.31404445	-0.37206697	-0.347218	0.35817623	-0.29930627	-0.32501283	0.3379739	0.3024288	0.38749334	0.34317562	-0.28463033	-0.36493778	-0.3730717	0.2988282	-0.35319334	-0.31212	0.29397565	0.37251282	-0.37479538	-0.2985077	-0.31961322	-0.37948638	0.37298843	0.36043277	0.33364317	0.35377058	-0.38156098	-0.30125952	0.40017223	0.34543407	-0.3316096	0.30589437	-0.3702526	-0.26400635	0.35674506	-0.3825391	-0.3425889	0.32966426	-0.29645044	0.34463266	0.40376985	-0.29745638	-0.33816078	-0.3655381	-0.3521994	0.31411645	-0.31731158	-0.36988232	0.32411608	0.3060546	-0.34605658	-0.3390304	-0.3672924	-0.2939869	-0.3596803	-0.32360187	0.36029223	-0.3242907	-0.31853887	-0.3110158	-0.390813	0.29660895	0.2982667	-0.35482138	0.330626	0.32622984	-0.3372591	0.35983577	0.3003234	-0.35012478	0.36432984	0.38280296	-0.3473531	-0.30632722	0.35155877	0.3788306	0.35892755	-0.3301459	-0.32005697	0.31284145	0.32238424	-0.34383905	0.38088787	0.36058673	0.33779827	0.33924952	0.3696105	0.3909057	-0.3595919	-0.37235457	0.32760063	0.3328126	-0.35657838	0.36117765	-0.30873132	0.3664212	0.3391673	-0.2654684	0.30661294	-0.38201067
-0.5598799	-0.639652	-0.6676954	0.6866983	-0.6440162	-0.69894236	0.67434067	0.6325328	0.6319956	0.70071465	-0.68014663	-0.6754472	-0.63261324	0.612129	-0.71476674	-0.71028095	0.68180066	0.6156439	-0.6746478	-0.6112116	-0.64593005	-0.65810186	0.65715855	0.6402231	0.6924256	0.63220394	-0.6407444	-0.6090584	0.63258004	0.6247759	-0.6015989	0.64437	-0.6875359	-0.59919614	0.678823	-0.6995778	-0.6109161	0.6344143	-0.5972204	0.5860788	0.67076564	-0.6437642	-0.67359954	-0.63860404	-0.67353016	0.68714666	-0.62009734	-0.6682887	0.6342451	0.6412608	-0.542831	-0.6178873	-0.649363	-0.6772797	-0.68617225	-0.6291602	0.6549969	-0.62542737	-0.6591429	-0.6553109	-0.65868807	0.65498227	0.601964	-0.65838987	0.60404813	0.64067644	-0.6472613	0.66362077	0.70024043	-0.63517934	0.5868603	0.65072286	-0.7000459	-0.6259175	0.60827506	0.6187549	0.5843858	-0.65124303	-0.632126	0.5862604	0.6173591	-0.57077175	0.64990604	0.6512907	0.5085458	0.66021484	0.6881334	0.6464359	-0.6021059	-0.6186579	0.661973	0.6183163	-0.6553639	0.6663231	-0.6505919	0.63572365	0.61758184	-0.49306995	0.6925143	-0.6900526
-0.32451698	-0.3136158	-0.31660348	0.3486802	-0.3111709	-0.3372116	0.2860396	0.36853096	0.2774305	0.3739829	-0.34393385	-0.28450072	-0.34504974	0.2861593	-0.35555878	-0.3213566	0.36628565	0.33950198	-0.3604751	-0.32246476	-0.3246605	-0.33956075	0.33968657	0.37060845	0.2815535	0.34076527	-0.3227793	-0.2954326	0.34741879	0.36862323	-0.29031664	0.29895666	-0.31074736	-0.36464256	0.2816717	-0.3707542	-0.3204448	0.36428836	-0.34616545	0.34047356	0.33691373	-0.33441612	-0.3762907	-0.33758432	-0.2785658	0.31882203	-0.3493995	-0.3312853	0.28110036	0.32146564	-0.3717477	-0.3070092	-0.3496097	-0.29943466	-0.3203495	-0.29557365	0.37373143	-0.35170868	-0.3307088	-0.37311193	-0.3639369	0.36499205	0.27595362	-0.2968553	0.31066543	0.29764035	-0.3003576	0.36694422	0.34417748	-0.28826237	0.29378012	0.2993158	-0.2958009	-0.30436718	0.33669484	0.35406092	0.3281371	-0.3737856	-0.30208346	0.34131595	0.35377142	-0.31211984	0.2950438	0.30914187	0.29492852	0.3219906	0.3573063	0.35945842	-0.30372944	-0.3245161	0.30231327	0.32934105	-0.2903873	0.33532333	-0.34005305	0.35694566	0.28719229	-0.3321383	0.3313324	-0.3641072
-0.17082472	-0.17616539	-0.22541215	0.17849012	-0.15016735	-0.18209885	0.13975795	0.17213969	0.231863	0.19444312	-0.2331159	-0.2327103	-0.15130243	0.19834253	-0.21398099	-0.18054157	0.14000289	0.22400557	-0.15392376	-0.19504593	-0.16997059	-0.13959232	0.15229619	0.20130944	0.19836454	0.23000433	-0.19378164	-0.1880201	0.15952827	0.19213971	-0.16921587	0.14500374	-0.20335077	-0.23386663	0.21689418	-0.23328678	-0.14802207	0.17162722	-0.16463107	0.16338629	0.22942883	-0.23596919	-0.1459843	-0.20187223	-0.20016183	0.23197064	-0.17026795	-0.22261544	0.2068718	0.21272594	-0.18338537	-0.17282262	-0.15105596	-0.18071744	-0.19699179	-0.21722938	0.14126678	-0.14361688	-0.19182529	-0.14327566	-0.14747477	0.20754242	0.19460082	-0.20972316	0.18462916	0.18908887	-0.15724136	0.16614148	0.17755213	-0.14607434	0.2348615	0.1406365	-0.15199615	-0.23196006	0.2365182	0.14037015	0.22030537	-0.16794717	-0.14016	0.20642112	0.18633199	-0.22785228	0.23399407	0.21000765	0.15711509	0.14379747	0.2380684	0.2112699	-0.16158074	-0.17319606	0.1423686	0.22831282	-0.14535324	0.14708538	-0.15406884	0.18016508	0.1586379	-0.21011429	0.19813786	-0.17650108
-0.22451484	-0.43401575	-0.3479739	0.35844648	-0.34672797	-0.41025457	0.38653916	0.33605784	0.36189097	0.453044	-0.44742873	-0.4112882	-0.42709574	0.352278	-0.4688897	-0.4439429	0.44997275	0.37316242	-0.43130934	-0.42163077	-0.43855846	-0.3743187	0.41381449	0.4174565	0.43504557	0.28035602	-0.32961506	-0.34769636	0.4574054	0.47095412	-0.36871994	0.4667338	-0.38418236	-0.3458247	0.37571388	-0.4047866	-0.37127453	0.293461	-0.35326266	0.32956037	0.47137117	-0.4509323	-0.4178665	-0.39729068	-0.4498297	0.45040104	-0.3589498	-0.4092821	0.4559606	0.41843557	-0.2891181	-0.4170709	-0.31615883	-0.41243947	-0.40402648	-0.4348702	0.38699582	-0.45184824	-0.403964	-0.24481496	-0.38796514	0.3649178	0.35848203	-0.46486595	0.45705307	0.4035478	-0.19135064	0.22825372	0.4096048	-0.37897894	0.3066003	0.40319	-0.40818435	-0.37694442	0.41759083	0.44325078	0.4744093	-0.42233926	-0.4502201	0.33750033	0.2863332	-0.35794547	0.42129907	0.36838782	0.20741805	0.18555474	0.409318	0.27612725	-0.3935906	-0.46566185	0.45790344	0.41515753	-0.33263755	0.42440665	-0.41206685	0.36046225	0.3973186	-0.33167318	0.4158412	-0.4371313
-0.52206445	-0.6879579	-0.6125564	0.6928871	-0.67023027	-0.68699855	0.6303537	0.5577741	0.7030367	0.63826406	-0.6320024	-0.70068413	-0.709884	0.58572906	-0.73302746	-0.7050325	0.73060185	0.6348156	-0.7112989	-0.65515935	-0.7022361	-0.6489881	0.7132419	0.6502735	0.62010336	0.65321475	-0.6272473	-0.619047	0.6905111	0.74278206	-0.62657315	0.6975795	-0.69993067	-0.531735	0.71200913	-0.6729669	-0.62724155	0.62479496	-0.60542625	0.6735174	0.6771624	-0.6806799	-0.70326877	-0.606846	-0.63614184	0.6774451	-0.6642137	-0.6685122	0.71594524	0.6964797	-0.53289497	-0.7012034	-0.6276795	-0.6627896	-0.6875977	-0.6718967	0.668159	-0.66329294	-0.6354801	-0.6437452	-0.6524766	0.5999705	0.6164444	-0.6835045	0.6546748	0.74318963	-0.5571152	0.5947569	0.6849277	-0.7033551	0.67071456	0.6847231	-0.6388674	-0.6992181	0.67984223	0.64382833	0.70023656	-0.7196929	-0.6129743	0.5688107	0.6172592	-0.62094873	0.63008934	0.6856456	0.57644343	0.5892185	0.669716	0.6466201	-0.64024484	-0.6954924	0.6492363	0.6797235	-0.7032868	0.73322326	-0.64030075	0.6385968	0.6904985	-0.588212	0.65937555	-0.7398894
-0.55053824	-0.58929086	-0.6307306	0.63120335	-0.64765257	-0.622392	0.56122136	0.57461387	0.5866826	0.63016665	-0.62933165	-0.5799563	-0.645415	0.63392925	-0.6460054	-0.6539606	0.65100414	0.6154049	-0.6060913	-0.59248304	-0.6365151	-0.6393557	0.612992	0.5703454	0.5846489	0.58108234	-0.57625914	-0.5780174	0.6616943	0.6574447	-0.5780486	0.66436607	-0.56913966	-0.5022514	0.6306476	-0.6165924	-0.6004406	0.5993883	-0.62050164	0.5371195	0.680305	-0.5983657	-0.6382643	-0.63521826	-0.62580585	0.6491564	-0.5528568	-0.5787963	0.5993953	0.66456145	-0.4989486	-0.61676466	-0.5496221	-0.6444084	-0.5803238	-0.65265226	0.61309576	-0.6282774	-0.62316066	-0.54448164	-0.5698406	0.55187875	0.59387296	-0.64275956	0.5778665	0.6160629	-0.5577265	0.62391245	0.65129334	-0.5728218	0.63838583	0.57396084	-0.66200846	-0.5735702	0.6305504	0.59671795	0.6092255	-0.6268501	-0.506763	0.5141006	0.5496746	-0.5464383	0.6028011	0.6020916	0.5078993	0.598164	0.64552665	0.63921833	-0.6259692	-0.58298326	0.5926752	0.595502	-0.64575666	0.63708174	-0.58766407	0.6353865	0.5966538	-0.49344057	0.5587861	-0.65711254
-0.25729305	-0.26439247	-0.24482983	0.30236933	-0.22576371	-0.23475464	0.30401716	0.2843206	0.29772064	0.24843197	-0.23319755	-0.30213577	-0.28879702	0.23982736	-0.26367363	-0.26921892	0.24276903	0.2486083	-0.2387017	-0.28961882	-0.2336019	-0.3032835	0.26848316	0.22728968	0.29734427	0.30358177	-0.29476616	-0.26982236	0.25525424	0.3240926	-0.32024112	0.2990654	-0.24628018	-0.25750622	0.26377848	-0.2772249	-0.26241672	0.32195252	-0.22116458	0.2995757	0.2740305	-0.29896882	-0.32005364	-0.29264522	-0.27432588	0.29593953	-0.26813573	-0.22242889	0.26780778	0.2565603	-0.20883027	-0.310937	-0.2896215	-0.26830482	-0.2516873	-0.25071433	0.30770344	-0.24577914	-0.261015	-0.3003136	-0.24351649	0.25477383	0.21386768	-0.3113473	0.24291931	0.30726668	-0.22297928	0.30657753	0.30612066	-0.2656098	0.24705864	0.3204706	-0.26230705	-0.2642831	0.31982538	0.23513106	0.31424126	-0.30042037	-0.27062824	0.23544843	0.26171398	-0.2692351	0.31561244	0.28949326	0.26200628	0.26351252	0.24921268	0.23839901	-0.24804609	-0.30749017	0.28450054	0.2387581	-0.27662632	0.22426444	-0.2585965	0.2728166	0.2935281	-0.22965255	0.29806468	-0.27395642
-0.15002029	-0.13846885	-0.18635564	0.12858467	-0.13308063	-0.08439911	0.16263299	0.19165044	0.14379545	0.111866236	-0.12554012	-0.099787615	-0.17114463	0.12442748	-0.13008133	-0.13603866	0.14535053	0.10691349	-0.14177895	-0.16072787	-0.13991165	-0.15167345	0.12453148	0.11651022	0.17383274	0.15713425	-0.123303354	-0.19377413	0.13739851	0.12482308	-0.19049187	0.09476372	-0.15508536	-0.12771988	0.1246798	-0.15558004	-0.14317857	0.13433188	-0.19050364	0.16562423	0.16862044	-0.15360259	-0.13285634	-0.17465064	-0.103342876	0.15625337	-0.15613495	-0.12268494	0.13133694	0.13557848	-0.110956274	-0.18680283	-0.09857969	-0.19400246	-0.09909582	-0.18003608	0.1280656	-0.14385697	-0.12797737	-0.17278336	-0.14240962	0.09737462	0.1446931	-0.10902246	0.111762024	0.10679352	-0.10285168	0.19322766	0.13733654	-0.1046811	0.18361463	0.1331526	-0.16930996	-0.08864076	0.14899907	0.16966581	0.1197141	-0.18376799	-0.1694915	0.099514596	0.18469527	-0.14798377	0.11722719	0.15737677	0.1990648	0.124979444	0.1705506	0.1304037	-0.1820872	-0.093494445	0.18370824	0.11960926	-0.1652422	0.158937	-0.17804253	0.104883395	0.15003856	-0.17665853	0.14338419	-0.16349876
-0.27171764	-0.27540156	-0.27556294	0.31828675	-0.3109258	-0.2823657	0.3122688	0.32816848	0.28792354	0.34747902	-0.26129857	-0.2967519	-0.31365818	0.31025076	-0.28958637	-0.34220642	0.29813895	0.3359244	-0.32561144	-0.3160224	-0.34818345	-0.28530952	0.2860767	0.2691383	0.33979785	0.2721461	-0.27553457	-0.27095148	0.35369822	0.28978714	-0.32194793	0.29878035	-0.29898727	-0.2823018	0.29883516	-0.28914413	-0.24623473	0.25353485	-0.30073217	0.31662902	0.27447197	-0.28982818	-0.342951	-0.28910065	-0.28964353	0.28102407	-0.32966894	-0.30706877	0.33801475	0.25958675	-0.3100468	-0.3103561	-0.29038155	-0.2869914	-0.2997655	-0.35412768	0.3344956	-0.29640538	-0.33716878	-0.29080516	-0.29891968	0.2855496	0.28810367	-0.32903892	0.34073308	0.27225992	-0.27426934	0.2732699	0.3056682	-0.27559865	0.2904334	0.27371567	-0.3194051	-0.28842652	0.2877586	0.29457515	0.3125512	-0.3185864	-0.24749456	0.20565453	0.25278682	-0.31644243	0.3507078	0.29371578	0.33622637	0.26300013	0.27315447	0.26394793	-0.32117143	-0.2788078	0.3346341	0.2603971	-0.276981	0.26951483	-0.28318813	0.24991956	0.33291543	-0.29145473	0.31826323	-0.2596902
-0.14112115	-0.16646051	-0.17299831	0.17686704	-0.19242169	-0.19863336	0.19491592	0.12961543	0.21871844	0.22860233	-0.17299725	-0.24593803	-0.22558275	0.20334074	-0.2663056	-0.27032572	0.20533302	0.22821754	-0.17857878	-0.22917746	-0.21615332	-0.24643114	0.21802385	0.23960783	0.23369727	0.16800019	-0.15504493	-0.20402558	0.25843254	0.17589164	-0.17386705	0.22415188	-0.1922753	-0.17373106	0.21292263	-0.18965761	-0.19959402	0.24248713	-0.15595685	0.19130085	0.22083803	-0.213404	-0.19553342	-0.21299335	-0.17162704	0.27823254	-0.17675847	-0.18999939	0.27837372	0.2282398	-0.18546568	-0.22899102	-0.17172506	-0.23445004	-0.19579321	-0.24814883	0.24151877	-0.27856943	-0.20611529	-0.15848662	-0.24515893	0.20304152	0.14942189	-0.23680061	0.24979325	0.22443497	-0.21275046	0.16762958	0.17967048	-0.26897138	0.20594583	0.20654337	-0.2640007	-0.2205817	0.22113833	0.2426282	0.25956982	-0.1825051	-0.24110542	0.1319206	0.22985952	-0.16843918	0.15968502	0.22092336	0.16289555	0.1739846	0.2044552	0.18278001	-0.20866044	-0.17675161	0.238566	0.16973415	-0.25507584	0.26263213	-0.2391837	0.20901425	0.22561815	-0.12802306	0.24490295	-0.21212637
-0.7024633	-0.772349	-0.7417779	0.72842187	-0.67557555	-0.6433126	0.71556145	0.66740537	0.72038174	0.68355215	-0.6680856	-0.71769404	-0.73861134	0.6867901	-0.7235108	-0.6837738	0.7380674	0.7601902	-0.68002236	-0.7443151	-0.68928707	-0.7486971	0.7333503	0.75201637	0.67510146	0.69930816	-0.73100114	-0.6888592	0.71735704	0.75950956	-0.686346	0.6869986	-0.70461285	-0.65065795	0.744655	-0.66842514	-0.65125203	0.6895784	-0.6973848	0.70133466	0.7150662	-0.64672834	-0.68642664	-0.77079093	-0.64872235	0.6558095	-0.68162245	-0.6665687	0.74458444	0.72106427	-0.73891306	-0.6902265	-0.72532773	-0.77214974	-0.6991389	-0.7001633	0.6987287	-0.65716904	-0.68206406	-0.6949532	-0.7406968	0.70978385	0.7231227	-0.6532878	0.6806057	0.67657965	-0.7344244	0.7104145	0.6785901	-0.69257045	0.7223028	0.73955274	-0.7105089	-0.7298656	0.7420234	0.7463614	0.7186009	-0.73369557	-0.6603508	0.5851287	0.7450533	-0.70783246	0.7451443	0.73244554	0.65760005	0.7138161	0.7097552	0.73228806	-0.70838964	-0.6885532	0.6923103	0.66837245	-0.72622025	0.71550816	-0.7431437	0.7258339	0.7468812	-0.63919514	0.6713144	-0.70657074
-0.6147371	-0.6626899	-0.65766925	0.63372344	-0.63664454	-0.62103206	0.68073916	0.6072434	0.64995694	0.66027343	-0.66874754	-0.687235	-0.60605407	0.63873535	-0.656919	-0.61709523	0.68228185	0.6570215	-0.67334825	-0.6150868	-0.6324837	-0.63990945	0.6504498	0.63930255	0.66872025	0.656282	-0.6752105	-0.67129034	0.64865303	0.6465479	-0.61909443	0.6317511	-0.5903528	-0.5910856	0.7074538	-0.6890019	-0.5629338	0.6021677	-0.6123765	0.6484825	0.6294296	-0.68789107	-0.71883947	-0.6160511	-0.63940257	0.6721515	-0.6596317	-0.70735806	0.6754353	0.6223281	-0.60940504	-0.69001716	-0.6592495	-0.68537045	-0.6842098	-0.6779061	0.6652104	-0.68626195	-0.6981621	-0.654885	-0.67607677	0.62444174	0.62186587	-0.6586288	0.70043486	0.64656824	-0.6076117	0.6917956	0.6576556	-0.70816505	0.6915997	0.65136445	-0.6689076	-0.6539072	0.6181907	0.59372705	0.6172873	-0.6271942	-0.61005294	0.52917427	0.6467138	-0.6376612	0.64455926	0.5957743	0.61919296	0.6235999	0.699066	0.66224515	-0.685463	-0.7091389	0.711375	0.6874922	-0.6599022	0.67370135	-0.6281358	0.6037646	0.6884278	-0.55964696	0.62117857	-0.67390996
-0.13231467	-0.11036332	-0.09466956	0.070357814	-0.08683586	-0.08738875	0.07264875	0.06329929	0.14214101	0.10773967	-0.11841059	-0.13007222	-0.09592832	0.058859553	-0.070510864	-0.07428982	0.05879752	0.14835575	-0.11988278	-0.14594975	-0.091097735	-0.110078864	0.13605289	0.09061206	0.06296286	0.0955021	-0.10951002	-0.13934143	0.1466915	0.10239789	-0.09559282	0.15266468	-0.06580563	-0.08163128	0.13285787	-0.10697699	-0.014687343	0.06702942	-0.06302426	0.08064717	0.10807939	-0.15302648	-0.07505673	-0.122112736	-0.14446235	0.08356871	-0.09176202	-0.119816706	0.1444527	0.06118616	-0.078682154	-0.09213586	-0.063769065	-0.14566082	-0.12864338	-0.08014314	0.10975227	-0.062905475	-0.11022353	-0.07500278	-0.09233568	0.07975133	0.10163559	-0.13666473	0.119336806	0.058979277	-0.07741005	0.12677595	0.09533142	-0.112648286	0.08308045	0.08194283	-0.13484845	-0.07643399	0.09093562	0.15813859	0.09741213	-0.14631379	-0.08853851	0.009266289	0.08010082	-0.08226749	0.15336958	0.11982181	0.12079082	0.075215206	0.13385208	0.13632019	-0.10381589	-0.089929365	0.062685855	0.14324823	-0.11290124	0.13045377	-0.09327396	0.06278266	0.12647365	-0.0018734727	0.08631411	-0.14349756
-0.5231758	-0.45175758	-0.5344269	0.44739452	-0.52671987	-0.42658877	0.5010433	0.44165826	0.4554248	0.4889982	-0.51493484	-0.5082065	-0.49600375	0.49125105	-0.4375482	-0.46292982	0.4802526	0.46538085	-0.49870765	-0.45553535	-0.49162918	-0.5267241	0.48226252	0.5403489	0.49528435	0.46637166	-0.49778017	-0.44727606	0.46502212	0.4527577	-0.5343035	0.45333603	-0.452296	-0.45284224	0.4539468	-0.5099373	-0.44778734	0.4598578	-0.51446956	0.5161794	0.43805674	-0.4609093	-0.52383757	-0.53081375	-0.4636654	0.4713845	-0.44717652	-0.51528704	0.4663496	0.5003662	-0.43547198	-0.53374785	-0.49763927	-0.47381163	-0.4687006	-0.525089	0.5135208	-0.51243347	-0.4433282	-0.47850335	-0.52175665	0.49959093	0.4876834	-0.4975421	0.4788177	0.5201153	-0.45004043	0.53493077	0.448732	-0.49919713	0.52942014	0.52601594	-0.4952676	-0.4383675	0.507758	0.46793815	0.45328084	-0.44982472	-0.5371893	0.47690722	0.49860632	-0.43593374	0.46028116	0.5159619	0.4817737	0.44862303	0.5256707	0.5355735	-0.52551955	-0.47657564	0.5224953	0.4720993	-0.48024985	0.38273108	-0.47825208	0.5423439	0.48439142	-0.46456996	0.4617701	-0.44582346
-0.30697024	-0.29386067	-0.31931975	0.37409157	-0.28675008	-0.38338113	0.28573483	0.33160564	0.33630577	0.38895607	-0.3523424	-0.29737642	-0.31249747	0.35128975	-0.29699698	-0.34039894	0.34320378	0.30433375	-0.34555224	-0.3041828	-0.39040333	-0.2915965	0.37266392	0.34280077	0.35458153	0.34547392	-0.32265055	-0.309703	0.33403417	0.30830687	-0.32028183	0.36679357	-0.3225372	-0.30534247	0.36097	-0.32959247	-0.33101207	0.34620297	-0.31149393	0.34165716	0.33690292	-0.3510423	-0.38365793	-0.37897682	-0.32902873	0.32771716	-0.31427753	-0.34463084	0.37659132	0.32382515	-0.34524357	-0.36862198	-0.30630413	-0.3800177	-0.386878	-0.37154356	0.31490466	-0.31423673	-0.30363312	-0.32439712	-0.35995117	0.28106257	0.2890893	-0.39585322	0.31130716	0.374816	-0.3403282	0.3503815	0.30727896	-0.3671096	0.36683744	0.38247487	-0.3582663	-0.36817217	0.34734628	0.32424754	0.3046825	-0.335219	-0.31484717	0.29706398	0.37249324	-0.27540198	0.37006325	0.30599982	0.34942296	0.37159887	0.3727883	0.30124232	-0.32490185	-0.34724665	0.35953832	0.3104844	-0.3282505	0.35739714	-0.29710504	0.3356651	0.36185753	-0.27225265	0.300875	-0.31312808
-0.19689904	-0.20007788	-0.2778347	0.21469969	-0.20316318	-0.24750766	0.20213479	0.22780102	0.2723746	0.24453752	-0.21707872	-0.19462417	-0.21125594	0.25387147	-0.24853173	-0.29081953	0.28206417	0.19273424	-0.20017706	-0.2606243	-0.24279341	-0.28254014	0.23219591	0.19878845	0.20050076	0.254202	-0.26636216	-0.20552759	0.20629284	0.262489	-0.25678197	0.2907283	-0.21915156	-0.16116767	0.20449299	-0.19561483	-0.13688591	0.22854462	-0.1997643	0.19776876	0.2704699	-0.25438195	-0.2124352	-0.21316302	-0.25737193	0.25043026	-0.18856181	-0.25892216	0.21861678	0.18546225	-0.21966027	-0.19464292	-0.23384571	-0.22969343	-0.24569577	-0.19337139	0.27647957	-0.21835257	-0.2729566	-0.21838456	-0.2066508	0.19640617	0.20634922	-0.21223034	0.23972161	0.2680897	-0.2563179	0.19470923	0.21258673	-0.2601745	0.2195539	0.22221059	-0.26066992	-0.21914722	0.22915919	0.24978098	0.18637906	-0.20445925	-0.2449841	0.12479682	0.18058412	-0.16965462	0.2164009	0.17227447	0.17537925	0.1922803	0.24451505	0.25499523	-0.24543694	-0.26126593	0.24428582	0.19246714	-0.20714153	0.24415314	-0.21832485	0.22556663	0.272196	-0.1372506	0.25365347	-0.20597842
-0.54272556	-0.61165565	-0.57622665	0.60535246	-0.6227549	-0.5542476	0.5207313	0.5108389	0.55667675	0.59658337	-0.52896684	-0.5500868	-0.5932683	0.52688	-0.6037787	-0.6338141	0.6220629	0.5910279	-0.58446616	-0.5361334	-0.6133724	-0.53884685	0.60372394	0.5954214	0.57880753	0.5498121	-0.6033608	-0.5460171	0.59158254	0.56490767	-0.5873742	0.62604463	-0.5653799	-0.45047358	0.60747385	-0.6173223	-0.46147308	0.57277036	-0.5767366	0.5532315	0.5916607	-0.57819355	-0.6021761	-0.52449965	-0.5542161	0.59911245	-0.54798245	-0.49682963	0.5959398	0.5283696	-0.48237818	-0.60559833	-0.5115649	-0.49801433	-0.6534642	-0.6074603	0.52758163	-0.5870281	-0.5444306	-0.5149565	-0.5369068	0.59378755	0.5754195	-0.6209168	0.51827055	0.58715165	-0.5283557	0.54481477	0.5970923	-0.6171181	0.53488857	0.6061538	-0.57390434	-0.5938166	0.5955786	0.5902751	0.5668628	-0.6037949	-0.47433954	0.426627	0.55873317	-0.5445893	0.6131703	0.60048664	0.46357846	0.5411809	0.53206265	0.5684068	-0.5068458	-0.5643347	0.5541892	0.56118745	-0.5842393	0.63981587	-0.60488605	0.5277356	0.55003256	-0.46714193	0.5967484	-0.6117261
-0.25908247	-0.35305828	-0.29804912	0.30819455	-0.29244828	-0.3708859	0.35555214	0.35351145	0.28768024	0.36242956	-0.39753938	-0.3119774	-0.32677573	0.33208197	-0.35361105	-0.36021417	0.3642294	0.34732285	-0.3877691	-0.367037	-0.4029638	-0.36988717	0.38275445	0.38155428	0.37483865	0.37494686	-0.33095634	-0.3599095	0.3835969	0.40094393	-0.29334846	0.404281	-0.301148	-0.3510931	0.32245967	-0.35036197	-0.33217934	0.2850401	-0.31559712	0.3727828	0.40237027	-0.37905768	-0.35456207	-0.31382662	-0.34474874	0.33827096	-0.38464734	-0.31757596	0.32400453	0.39702797	-0.26548034	-0.33095428	-0.32290456	-0.3293536	-0.34447894	-0.3900751	0.36730385	-0.30960888	-0.33759183	-0.28284156	-0.32744408	0.37663737	0.34044054	-0.32167944	0.3488426	0.34651816	-0.2696239	0.2894609	0.3604998	-0.32821894	0.30790398	0.3914105	-0.35387528	-0.3867992	0.37282673	0.3168619	0.3219995	-0.302208	-0.34992975	0.27734497	0.3329221	-0.31792337	0.361682	0.29544592	0.28247994	0.27359384	0.39390844	0.3344205	-0.3681596	-0.38528872	0.36043042	0.38087332	-0.37989947	0.32911038	-0.3234146	0.30234277	0.34694245	-0.3160744	0.34234592	-0.31363672
-0.35030943	-0.35865104	-0.33812806	0.3294604	-0.30840445	-0.3425389	0.30696315	0.31225508	0.3739298	0.37719086	-0.32081696	-0.36148292	-0.28165084	0.33792013	-0.2697686	-0.3468745	0.35288954	0.34721315	-0.36725977	-0.2953027	-0.3274314	-0.33000112	0.3251458	0.33459368	0.3059871	0.38007456	-0.31648198	-0.34879985	0.37001	0.34515277	-0.28175977	0.31367165	-0.3331807	-0.2877518	0.3407804	-0.29317614	-0.25288156	0.33036062	-0.2833911	0.3211961	0.34619835	-0.36519647	-0.34278485	-0.32161108	-0.3207872	0.29844353	-0.3243414	-0.31290597	0.34537202	0.30575186	-0.3398542	-0.38495496	-0.3309858	-0.2890406	-0.31663725	-0.3544803	0.37454766	-0.33718798	-0.30043015	-0.3519156	-0.30413055	0.3550879	0.3488596	-0.28847134	0.35786945	0.2965041	-0.37087792	0.28307325	0.34152013	-0.3051115	0.32956934	0.29956847	-0.38140512	-0.34762114	0.36234608	0.30878064	0.32216427	-0.33176196	-0.2671104	0.2273998	0.35659942	-0.2707239	0.36367297	0.26439127	0.28108338	0.31378427	0.33333454	0.33303684	-0.28644884	-0.34651104	0.31502643	0.35589004	-0.38779646	0.25486475	-0.3591159	0.35393268	0.34717438	-0.21129422	0.2820098	-0.36977172
-0.3299314	-0.28937295	-0.38126922	0.32301193	-0.3521936	-0.30968943	0.3586703	0.30171338	0.30583435	0.31201336	-0.31407124	-0.2973684	-0.36703634	0.3019965	-0.33936283	-0.36580613	0.31474605	0.36765933	-0.33922237	-0.36358002	-0.30093914	-0.34932795	0.29967764	0.31751424	0.33805662	0.29086825	-0.31779745	-0.39132676	0.29129848	0.3666463	-0.3169261	0.38391817	-0.3470824	-0.2562905	0.36641654	-0.37992695	-0.30535704	0.29818964	-0.29741177	0.281578	0.29017878	-0.3441856	-0.33390144	-0.37235355	-0.3408079	0.34576246	-0.26847175	-0.33508036	0.3664944	0.34384245	-0.35970643	-0.34881467	-0.3826029	-0.33557835	-0.3604559	-0.34166843	0.30150545	-0.28722447	-0.3338484	-0.28914672	-0.33815232	0.3419682	0.30229622	-0.3731326	0.38942716	0.3478105	-0.2866428	0.33352473	0.31440598	-0.34416392	0.3039741	0.38743746	-0.34847116	-0.37232456	0.35908014	0.38025898	0.34254318	-0.35661933	-0.26366764	0.3110855	0.34976673	-0.29909417	0.38671705	0.30376738	0.3389799	0.2917856	0.3909965	0.31385887	-0.28812754	-0.3060708	0.3314893	0.33720213	-0.30889198	0.30029508	-0.35367855	0.36291376	0.30318618	-0.23377381	0.3695055	-0.3449774
-0.6558049	-0.76972616	-0.7530742	0.8453021	-0.72802496	-0.7111457	0.76884997	0.6608655	0.83886826	0.83995813	-0.7839814	-0.80913043	-0.8145615	0.72424334	-0.78722805	-0.8688788	0.8393932	0.7048193	-0.811033	-0.7903635	-0.8348965	-0.8145724	0.7769637	0.77663094	0.85237205	0.7516333	-0.7703761	-0.7657569	0.830702	0.8127304	-0.81809807	0.81056947	-0.7890729	-0.6565004	0.8258741	-0.768061	-0.6573164	0.8160625	-0.7782156	0.7418539	0.7903429	-0.8040947	-0.8650546	-0.8057121	-0.81264615	0.755157	-0.7428621	-0.76740766	0.83773685	0.74599814	-0.69485444	-0.90307933	-0.71516734	-0.79009837	-0.7997461	-0.83796024	0.8177372	-0.85785073	-0.7790995	-0.7335707	-0.8354729	0.75689125	0.6733845	-0.82469416	0.89130396	0.820611	-0.72754234	0.74146676	0.7957323	-0.8130212	0.7955775	0.7846861	-0.8020499	-0.76448536	0.8319288	0.8122694	0.8136939	-0.7980539	-0.81036735	0.6998027	0.688159	-0.68849105	0.782231	0.7654167	0.6620259	0.7800768	0.7784943	0.79048294	-0.7257023	-0.75630605	0.82308775	0.75569457	-0.83196324	0.7589907	-0.8584132	0.81825405	0.8112732	-0.60009134	0.8259124	-0.88958
-0.38838807	-0.32122862	-0.35013923	0.3704373	-0.37900126	-0.3849016	0.3356779	0.34417263	0.37020597	0.33564484	-0.35508323	-0.30606556	-0.3381366	0.3232695	-0.30513236	-0.3342506	0.32206643	0.3103652	-0.36550906	-0.3491404	-0.361238	-0.3625583	0.30226	0.39463788	0.35629094	0.34418353	-0.37724346	-0.33338323	0.33627495	0.3425273	-0.3151688	0.30345988	-0.31834188	-0.39187998	0.32681262	-0.3273852	-0.3399187	0.3741717	-0.30397072	0.31955984	0.30737835	-0.3285439	-0.36914355	-0.3598957	-0.3144822	0.30858922	-0.36899573	-0.32608873	0.31767634	0.3380125	-0.35870138	-0.3716905	-0.3502378	-0.34905693	-0.3032873	-0.31391916	0.37695044	-0.31125236	-0.30427796	-0.36421806	-0.36339805	0.346961	0.34132692	-0.39429155	0.37357864	0.36762685	-0.38070282	0.3312619	0.33854774	-0.37285095	0.33830166	0.38593355	-0.3785607	-0.32323992	0.3346254	0.36784196	0.3859193	-0.37758282	-0.29600725	0.32500514	0.36601567	-0.29765496	0.32382846	0.3103532	0.33053216	0.31415978	0.3387822	0.37407935	-0.33167994	-0.3016055	0.3757345	0.32574514	-0.3666805	0.38327518	-0.35259503	0.39599055	0.3047755	-0.38386512	0.35435227	-0.3048056
-0.6719832	-0.6925981	-0.6582597	0.6641173	-0.65186775	-0.6545728	0.74615985	0.60483074	0.68481874	0.6962162	-0.71199715	-0.6808836	-0.7129599	0.68167263	-0.71502	-0.7008373	0.7004842	0.6580737	-0.7161417	-0.71745306	-0.7590077	-0.6708136	0.7172309	0.69667685	0.7598516	0.6306511	-0.657406	-0.6690635	0.7298794	0.7466203	-0.72841084	0.7012541	-0.7103973	-0.6803385	0.68764985	-0.67496824	-0.673425	0.715736	-0.6958575	0.71246487	0.7374132	-0.7354527	-0.6950099	-0.67316514	-0.7563585	0.68811685	-0.68302333	-0.6904764	0.6426395	0.67096984	-0.6212952	-0.67313415	-0.62993664	-0.70469236	-0.71036434	-0.63396126	0.7001322	-0.696252	-0.7486905	-0.68353236	-0.6586091	0.7140042	0.62197465	-0.71266854	0.6785952	0.751829	-0.61514217	0.63047296	0.71182054	-0.7287029	0.70645297	0.7006173	-0.72431076	-0.72758746	0.73739123	0.6565485	0.6864208	-0.7056265	-0.70876724	0.6710019	0.6747039	-0.5957184	0.67204297	0.6412943	0.62219554	0.65082705	0.7364015	0.6482034	-0.73946315	-0.6747187	0.69870317	0.7100445	-0.68987244	0.6148311	-0.6700352	0.6852222	0.7046912	-0.64812493	0.699721	-0.7215537
-0.44846198	-0.4544713	-0.4353932	0.44584253	-0.43006977	-0.4488944	0.45469555	0.4554292	0.48232442	0.44637465	-0.4770002	-0.4268784	-0.44832066	0.40955216	-0.44103113	-0.4295215	0.5053123	0.4567853	-0.44047457	-0.46536583	-0.44956717	-0.4820901	0.47119758	0.4608894	0.425129	0.40682098	-0.44780338	-0.48455632	0.4991979	0.4101477	-0.45766842	0.4748551	-0.49576172	-0.38043723	0.40184504	-0.41476575	-0.39316297	0.40806037	-0.49355334	0.39869556	0.42203888	-0.49171406	-0.49068365	-0.45559534	-0.4833587	0.4469627	-0.43354192	-0.46566963	0.41536483	0.48250696	-0.40468428	-0.49452105	-0.4671554	-0.45973483	-0.4871372	-0.49295083	0.42223594	-0.5015771	-0.43409356	-0.4281065	-0.4977723	0.47729462	0.48085937	-0.44872573	0.4294416	0.4705737	-0.43517187	0.48095408	0.4419295	-0.48385262	0.47429666	0.4614911	-0.4265141	-0.47668412	0.47905833	0.4883773	0.49818623	-0.47039112	-0.4402142	0.43921775	0.48214963	-0.40433547	0.4351086	0.47090843	0.46006095	0.42368042	0.44687077	0.41565505	-0.49600697	-0.41982305	0.4993817	0.44226483	-0.41713056	0.43781814	-0.45465934	0.409616	0.41082233	-0.40190533	0.42856193	-0.48572704
-0.40185255	-0.4250555	-0.44831756	0.3677931	-0.38614622	-0.35397258	0.41886896	0.3759896	0.446846	0.41951072	-0.41928688	-0.36683014	-0.40385544	0.44622833	-0.4373685	-0.42350513	0.42274582	0.35537487	-0.392587	-0.4286211	-0.38115847	-0.36647087	0.4236322	0.4148081	0.3955834	0.43963134	-0.42829192	-0.39626083	0.38168705	0.42366573	-0.34999654	0.42093182	-0.35912704	-0.38884196	0.39778078	-0.44565526	-0.35200217	0.41860387	-0.40564466	0.36126176	0.43006334	-0.34813842	-0.38111275	-0.44809893	-0.3697654	0.43971962	-0.35419214	-0.42712125	0.4382369	0.38013867	-0.38989633	-0.39887697	-0.42770532	-0.3781031	-0.43689716	-0.4319397	0.4314442	-0.42663532	-0.35489258	-0.4351111	-0.44629052	0.3670766	0.37858272	-0.4346425	0.36873502	0.35211128	-0.38931653	0.35266072	0.4260653	-0.4274607	0.44051844	0.3832449	-0.41411626	-0.38976872	0.38894472	0.42145422	0.41941014	-0.40546033	-0.39171082	0.3216593	0.390331	-0.38744625	0.37765184	0.43376347	0.3866986	0.42248088	0.44292173	0.43690568	-0.38196442	-0.3669643	0.44792333	0.4463166	-0.37442136	0.3491712	-0.40530327	0.36526403	0.37141377	-0.36316413	0.44788182	-0.3847022
-0.6392816	-0.80642366	-0.68705857	0.70648044	-0.6915945	-0.78603953	0.75962865	0.66853905	0.7294626	0.75424343	-0.7796449	-0.8065795	-0.7305534	0.74213046	-0.747449	-0.783472	0.7700056	0.748745	-0.7618429	-0.7126969	-0.73932785	-0.72574514	0.7691813	0.73258334	0.72537816	0.69963753	-0.757459	-0.6829385	0.7403314	0.72623616	-0.75649107	0.8110877	-0.7883336	-0.6922482	0.7405535	-0.7798658	-0.71744806	0.72670877	-0.72228426	0.7107898	0.7919844	-0.72203153	-0.75042254	-0.70036346	-0.75752485	0.7776258	-0.70148134	-0.7809131	0.72869164	0.7268195	-0.6723207	-0.79438704	-0.6975766	-0.72066087	-0.8010435	-0.7818855	0.7317423	-0.7486067	-0.75679415	-0.71169335	-0.7882552	0.7373125	0.67122436	-0.7731249	0.78266937	0.77798074	-0.6368763	0.7162997	0.7569156	-0.74399716	0.75607353	0.7823895	-0.80245703	-0.70608616	0.76061875	0.7782147	0.7610284	-0.72135365	-0.77506846	0.6482419	0.6765042	-0.62106746	0.7087347	0.67710793	0.59030545	0.6418595	0.7226621	0.6314506	-0.7848529	-0.739974	0.7373438	0.76338804	-0.7790791	0.758685	-0.71210384	0.7544818	0.7581539	-0.61577183	0.7286587	-0.7605596
-0.38401857	-0.6535965	-0.5859646	0.6323569	-0.6306976	-0.5907412	0.5821669	0.4335212	0.59881	0.6536648	-0.6119568	-0.67007095	-0.571006	0.63068146	-0.6076986	-0.67112404	0.59506726	0.5366472	-0.6274437	-0.56886333	-0.6593172	-0.57950705	0.5886584	0.6246452	0.62555367	0.50136817	-0.5659842	-0.55360806	0.56301713	0.6634156	-0.6455027	0.6158769	-0.5728066	-0.52557594	0.5889827	-0.5925886	-0.5767354	0.5495568	-0.55436945	0.5309046	0.6351896	-0.58866996	-0.66817266	-0.567328	-0.56286156	0.6568632	-0.62754685	-0.6390338	0.5953505	0.6273046	-0.3921857	-0.61832595	-0.5226485	-0.6168949	-0.6090776	-0.666225	0.6386349	-0.579442	-0.6286207	-0.5204917	-0.6301431	0.5362272	0.45853746	-0.6878973	0.5879561	0.6541745	-0.46570364	0.46970427	0.5927341	-0.6580796	0.5621737	0.5908053	-0.6710476	-0.6089075	0.6289103	0.6338291	0.561736	-0.64234596	-0.56884116	0.48698747	0.55748796	-0.43892547	0.5942453	0.5387036	0.42315936	0.47686914	0.62783307	0.5563013	-0.59618866	-0.57437736	0.51920825	0.56258255	-0.56637347	0.58584106	-0.57117033	0.6282032	0.6484438	-0.54056484	0.5571048	-0.680707
-0.5030443	-0.6950129	-0.67388046	0.63838345	-0.6864424	-0.7270572	0.64473605	0.5880824	0.5582617	0.6351448	-0.6305406	-0.69349295	-0.74034226	0.6261318	-0.70130366	-0.6609622	0.71789134	0.566978	-0.71078455	-0.7216411	-0.7264693	-0.6842416	0.6635902	0.6395164	0.6347531	0.56515425	-0.65055346	-0.68381876	0.6563236	0.7314011	-0.6780462	0.71105134	-0.6956705	-0.61810565	0.6933663	-0.6512644	-0.62799037	0.6413547	-0.695619	0.68460745	0.7350644	-0.6803683	-0.67609143	-0.6257661	-0.6264511	0.7047458	-0.69676137	-0.62385327	0.7377032	0.6571122	-0.45501348	-0.6939229	-0.585702	-0.6128693	-0.7175777	-0.64577705	0.69379306	-0.6922691	-0.63638556	-0.54197437	-0.7264236	0.66826916	0.5568834	-0.6821313	0.63370484	0.63919914	-0.5764035	0.5850979	0.67159796	-0.68382317	0.6788886	0.7152801	-0.6971416	-0.6401135	0.705048	0.63508844	0.6430506	-0.65166557	-0.6952454	0.53879297	0.5197279	-0.54073787	0.69093204	0.61206	0.43797365	0.48467183	0.66847557	0.5215252	-0.7225734	-0.6724475	0.66652465	0.6903344	-0.6324122	0.6747085	-0.63759714	0.5896557	0.71408576	-0.5485256	0.66365606	-0.6867712
-0.51224077	-0.5968855	-0.592557	0.6065846	-0.52597874	-0.5820897	0.5455019	0.5061697	0.61858207	0.5423589	-0.55086327	-0.5800892	-0.6083797	0.53019977	-0.64137185	-0.56708544	0.5713444	0.52165425	-0.560848	-0.557711	-0.62961036	-0.5851052	0.60052645	0.6030697	0.6078621	0.58463657	-0.5762293	-0.5265143	0.60580504	0.64271075	-0.55254835	0.6166054	-0.5937553	-0.51660275	0.5535366	-0.6481497	-0.4988881	0.58367103	-0.57737607	0.5105908	0.65105724	-0.5585625	-0.63331735	-0.5990141	-0.5837663	0.61706066	-0.5324667	-0.5831754	0.6553287	0.6372715	-0.47227442	-0.5733015	-0.53333986	-0.5787981	-0.5929698	-0.6220134	0.62571186	-0.57551855	-0.61871886	-0.5591544	-0.59751797	0.55950403	0.5241149	-0.58937997	0.6245241	0.6385838	-0.59801364	0.5194775	0.6378162	-0.57479835	0.5389689	0.62868947	-0.556108	-0.6039594	0.58016336	0.5845675	0.61688477	-0.55945855	-0.55119157	0.4624945	0.52321106	-0.51077557	0.5500372	0.5785281	0.47062534	0.592577	0.5871154	0.61637217	-0.5635652	-0.5303624	0.5655854	0.59977394	-0.590167	0.58599865	-0.5764909	0.59958595	0.5783396	-0.450121	0.61165416	-0.580195
-0.3532368	-0.42682463	-0.44512248	0.40186635	-0.42309305	-0.44677222	0.42031622	0.35025686	0.44567254	0.40024382	-0.42508507	-0.4163092	-0.40865237	0.37388548	-0.40114307	-0.4020783	0.45825678	0.3723839	-0.37055337	-0.36509013	-0.4590519	-0.45051396	0.36285952	0.44297585	0.37076086	0.3935953	-0.40665764	-0.405584	0.40909243	0.42934164	-0.40055594	0.36984628	-0.37624288	-0.32964125	0.46137726	-0.4197783	-0.36476624	0.4123823	-0.35488662	0.3502251	0.4282517	-0.3788987	-0.43061543	-0.43474886	-0.4569263	0.38859767	-0.39207426	-0.40567818	0.46631986	0.38359198	-0.334483	-0.40065962	-0.41887635	-0.43150026	-0.4583386	-0.42713434	0.45638555	-0.45141795	-0.40754196	-0.39642584	-0.45511064	0.4479053	0.38418803	-0.4363385	0.43723625	0.42935812	-0.45096067	0.38409674	0.42972383	-0.45324895	0.37133318	0.383454	-0.3852007	-0.41487998	0.4359786	0.42674685	0.36955836	-0.41564286	-0.3854875	0.34944105	0.3966908	-0.40704674	0.44310865	0.3630022	0.33183715	0.43440944	0.40954527	0.42669642	-0.36794493	-0.38296148	0.37914753	0.38631326	-0.3855695	0.42239445	-0.38072744	0.39512882	0.45900083	-0.30835077	0.41626084	-0.43866372
-0.3365615	-0.3452411	-0.25498033	0.30576876	-0.31671587	-0.31968787	0.28328252	0.2587481	0.34995845	0.33216506	-0.26474172	-0.27958313	-0.31740803	0.33046943	-0.32489723	-0.26990008	0.2919116	0.3106209	-0.25835213	-0.32203376	-0.2737979	-0.30173177	0.3368003	0.34057328	0.27620688	0.32812226	-0.33762488	-0.28977388	0.35523438	0.33826002	-0.2708207	0.337846	-0.34580213	-0.34121802	0.32305717	-0.31015426	-0.31741568	0.29827338	-0.34432703	0.28905815	0.34606907	-0.31543505	-0.3485849	-0.29321778	-0.29285437	0.33400437	-0.32475966	-0.34728932	0.26661307	0.30339822	-0.26719996	-0.31037408	-0.33925867	-0.27201223	-0.29117203	-0.33671698	0.26950347	-0.3558466	-0.26842344	-0.29206076	-0.3256585	0.34983352	0.25539413	-0.26467732	0.2873789	0.33666143	-0.27621344	0.32813153	0.28065163	-0.34919566	0.28408465	0.2633031	-0.3251644	-0.34012797	0.3485301	0.25477493	0.2644491	-0.29879767	-0.33268872	0.30579486	0.3193735	-0.31195435	0.31169814	0.33113673	0.26755637	0.3051323	0.29512063	0.32091543	-0.25253955	-0.3345118	0.3123204	0.3497655	-0.33554605	0.30152285	-0.347118	0.31543785	0.26188454	-0.29909992	0.34168205	-0.267771
-0.45623684	-0.6450535	-0.589386	0.6096642	-0.50987405	-0.6683177	0.60512686	0.45874646	0.539457	0.63359946	-0.62087804	-0.6058243	-0.60454667	0.5267455	-0.5757693	-0.5848324	0.6066189	0.50122315	-0.63905144	-0.56104684	-0.5775225	-0.5573994	0.65372455	0.5896569	0.59028953	0.5590808	-0.53414583	-0.51898533	0.63847613	0.58429533	-0.54833364	0.6262316	-0.56240344	-0.46384135	0.5749749	-0.64410716	-0.5067703	0.53841347	-0.5856079	0.49754718	0.6558612	-0.66240096	-0.58766526	-0.6040699	-0.55794084	0.6557409	-0.5726864	-0.58703154	0.6562674	0.58774185	-0.4366421	-0.6071222	-0.52832425	-0.63284135	-0.62385494	-0.64339924	0.56221867	-0.669913	-0.6180139	-0.53722006	-0.5439306	0.5190425	0.4680384	-0.63227785	0.57951045	0.6389149	-0.47017828	0.53172123	0.5822867	-0.62978464	0.5387108	0.61891836	-0.5589868	-0.6262822	0.5681608	0.5663993	0.57022697	-0.62447494	-0.56993127	0.5067021	0.5354108	-0.4780588	0.62172014	0.5062888	0.45286876	0.52677745	0.6177989	0.4942484	-0.63011956	-0.5870739	0.6164957	0.5833132	-0.61922646	0.61711794	-0.57028073	0.5620022	0.5884275	-0.4659417	0.54301125	-0.5805873
-0.44902852	-0.48188573	-0.49888322	0.4308992	-0.42659107	-0.45525664	0.41049817	0.42627874	0.46303344	0.4456782	-0.46692362	-0.45453176	-0.45793557	0.48609582	-0.4930822	-0.4752581	0.39681554	0.5171132	-0.47530317	-0.47393012	-0.47403696	-0.5098913	0.46574172	0.5042441	0.42840704	0.48796034	-0.5130532	-0.44927752	0.49345437	0.47161248	-0.4640069	0.4033994	-0.4276186	-0.45822194	0.4350175	-0.41049016	-0.43731856	0.4316241	-0.42946553	0.41269305	0.49275073	-0.4727354	-0.5030713	-0.47869456	-0.4160725	0.4897177	-0.40279245	-0.4310386	0.46774247	0.39935824	-0.4041576	-0.5283705	-0.44005272	-0.4465878	-0.44005138	-0.5002206	0.4462898	-0.41276914	-0.45650372	-0.46116254	-0.48095658	0.46022478	0.41111702	-0.43529516	0.47045302	0.438929	-0.39718375	0.4507669	0.40648657	-0.5063603	0.512308	0.48004225	-0.4558328	-0.44057462	0.48371914	0.48798588	0.48914507	-0.43742135	-0.38477364	0.40051186	0.49076444	-0.4141323	0.4437424	0.45167693	0.47245327	0.40951738	0.46536258	0.41333187	-0.4007208	-0.4613025	0.44821092	0.4634852	-0.4362941	0.42258775	-0.46062705	0.45531964	0.4654586	-0.35924828	0.49125737	-0.49169075
-0.2692578	-0.29453096	-0.33995768	0.3165537	-0.3445558	-0.2736363	0.3506329	0.23880738	0.2809207	0.30572426	-0.2744285	-0.32980263	-0.30154675	0.23578592	-0.24517657	-0.34284368	0.3050366	0.3261861	-0.25739214	-0.2662975	-0.24506132	-0.31040913	0.354284	0.32233065	0.26595688	0.3200267	-0.31217545	-0.29450774	0.3140094	0.25806615	-0.31001845	0.29382324	-0.3098804	-0.31968546	0.27049494	-0.26395404	-0.2576853	0.29095247	-0.28867212	0.34798524	0.31024867	-0.33709866	-0.27691367	-0.35218456	-0.2663396	0.3331205	-0.2610781	-0.27105755	0.28834593	0.26825184	-0.32056376	-0.3529365	-0.2977784	-0.31059986	-0.27080795	-0.27789846	0.2902444	-0.35292384	-0.29369286	-0.28333268	-0.3521434	0.23879793	0.28439644	-0.31855687	0.2668315	0.26459616	-0.27016434	0.23324306	0.34007487	-0.3443717	0.3168404	0.27720845	-0.2691776	-0.2867407	0.285599	0.31687647	0.30333737	-0.27733305	-0.26862964	0.30259007	0.33726767	-0.30772278	0.3442268	0.311569	0.30355194	0.3280463	0.34425187	0.27861112	-0.26520598	-0.3213056	0.2551	0.33288753	-0.25680715	0.3317979	-0.30672076	0.34556368	0.3365406	-0.304059	0.3180791	-0.30692744
-0.44050565	-0.44255665	-0.40522248	0.4639097	-0.41532055	-0.42180514	0.40392563	0.38512164	0.4852907	0.4261058	-0.45272136	-0.47738725	-0.5019686	0.4760207	-0.4134092	-0.4977186	0.44277817	0.4128028	-0.44104108	-0.4131325	-0.43567568	-0.46954495	0.4191679	0.48153564	0.4816735	0.4336125	-0.46139127	-0.39032882	0.4681213	0.44981086	-0.42900217	0.49692234	-0.44198695	-0.4129681	0.42853302	-0.4475417	-0.39878365	0.40212232	-0.41183615	0.418155	0.4717903	-0.4815651	-0.46265703	-0.44859147	-0.44367617	0.46682832	-0.367426	-0.44195083	0.46442604	0.42722782	-0.40310964	-0.41572937	-0.39907178	-0.49366236	-0.45966145	-0.4439346	0.4109882	-0.44715762	-0.46143287	-0.44237322	-0.39969125	0.4617594	0.41769928	-0.5086157	0.45711976	0.41610053	-0.42960647	0.48138967	0.46257687	-0.44129756	0.39632156	0.494432	-0.44132456	-0.39362878	0.4599949	0.4239623	0.3900061	-0.47954705	-0.414565	0.38521552	0.41759935	-0.40456635	0.43343455	0.38445503	0.42145148	0.44092762	0.47251362	0.4663839	-0.46574953	-0.4593661	0.4713124	0.48028556	-0.4554725	0.36609784	-0.43590888	0.4628206	0.48169613	-0.34278017	0.47902521	-0.4886197
-0.5413555	-0.62111425	-0.55162233	0.58612216	-0.5768153	-0.6093016	0.59639245	0.4906256	0.6134889	0.57248443	-0.6152225	-0.65729094	-0.5863155	0.5590353	-0.6384407	-0.569131	0.6284459	0.5431404	-0.52579	-0.5547941	-0.6525222	-0.63522327	0.59129333	0.5891567	0.65567887	0.535522	-0.5887368	-0.5565749	0.6430267	0.5291009	-0.5346237	0.61224335	-0.63040024	-0.4948243	0.501127	-0.65691894	-0.5567597	0.61551696	-0.6053258	0.57768583	0.59930545	-0.6329714	-0.66246706	-0.6150759	-0.55450237	0.5802506	-0.576087	-0.5918015	0.5630509	0.5717664	-0.45980367	-0.60030156	-0.56972235	-0.5355747	-0.54956186	-0.61344296	0.6114266	-0.6114058	-0.5724514	-0.5647438	-0.55517614	0.5642209	0.4799849	-0.58009475	0.58769435	0.5766751	-0.50917447	0.52954525	0.5981511	-0.64721084	0.5162463	0.5850464	-0.57950133	-0.569186	0.57589173	0.5404651	0.54403937	-0.62548834	-0.63068044	0.54806113	0.5356436	-0.5619099	0.5353776	0.58897424	0.4790298	0.51868474	0.6076318	0.5678697	-0.58332866	-0.58475167	0.5016875	0.5236587	-0.6313855	0.52342004	-0.5968807	0.5519677	0.67066497	-0.5408156	0.6297151	-0.6320968
-0.32922232	-0.2881344	-0.35338753	0.30756322	-0.36375588	-0.3326245	0.27528334	0.28076062	0.34491277	0.33512703	-0.37258238	-0.33989954	-0.3265711	0.2728611	-0.35330442	-0.35516343	0.3753137	0.34795386	-0.35554284	-0.33588713	-0.27790594	-0.3704814	0.34784353	0.27872205	0.3253411	0.37192476	-0.33867025	-0.31140134	0.2842584	0.3562377	-0.3139112	0.35619444	-0.31501368	-0.28467762	0.29700094	-0.372267	-0.24849291	0.3144494	-0.30946162	0.31713882	0.28984058	-0.3262599	-0.33831516	-0.3590381	-0.3467764	0.28387135	-0.31406152	-0.30960557	0.31715184	0.33326632	-0.29422593	-0.2975221	-0.3495598	-0.32689622	-0.30834246	-0.36114952	0.3257636	-0.29311958	-0.33298892	-0.29272118	-0.27946252	0.34795758	0.32049188	-0.37681192	0.3249216	0.28378612	-0.29394183	0.26021877	0.28242716	-0.29893082	0.34995738	0.3650901	-0.33576593	-0.2925945	0.29364425	0.35445523	0.29564977	-0.32874462	-0.3291119	0.31488678	0.31017843	-0.2481392	0.29212588	0.25283456	0.28220963	0.36917323	0.37260437	0.3114741	-0.35936195	-0.34675354	0.284862	0.3014115	-0.33837026	0.3051861	-0.3436996	0.2905476	0.3395184	-0.29448178	0.2775733	-0.37710482
-0.6168228	-0.69407076	-0.6988355	0.73424286	-0.686232	-0.6599047	0.6640432	0.60903853	0.77585655	0.6244365	-0.65838575	-0.77688235	-0.7221626	0.615477	-0.65175194	-0.675495	0.6722713	0.65583104	-0.7324768	-0.69533855	-0.72264004	-0.6945494	0.64219636	0.68189096	0.7359787	0.72913796	-0.72581774	-0.627898	0.7044755	0.67856365	-0.72159386	0.7015713	-0.70967513	-0.5887047	0.6613141	-0.7189862	-0.56747913	0.6474861	-0.60598165	0.6612651	0.706865	-0.6963861	-0.6501568	-0.71806234	-0.6687121	0.6672884	-0.55842453	-0.71934396	0.76281625	0.6260718	-0.55301666	-0.77255344	-0.5963911	-0.6895508	-0.7311575	-0.72180843	0.69396967	-0.7397253	-0.7128921	-0.62996227	-0.71962625	0.5957053	0.55858916	-0.7319187	0.73572963	0.7170049	-0.67263544	0.6471381	0.7529149	-0.76099986	0.6843714	0.6826629	-0.7150625	-0.67812556	0.6416102	0.62550014	0.5806069	-0.7644262	-0.64119977	0.50323266	0.71495825	-0.5495706	0.6724645	0.64885867	0.54771763	0.7258709	0.6862643	0.6745583	-0.6084734	-0.6515877	0.7242553	0.6689358	-0.68030316	0.74465895	-0.63688153	0.66150737	0.7603751	-0.4938225	0.73122853	-0.778258
-0.260294	-0.33009472	-0.34897968	0.34460407	-0.32720172	-0.37112275	0.37729686	0.3377267	0.30373272	0.34989524	-0.38535744	-0.37765998	-0.35260418	0.38958573	-0.34951812	-0.36033332	0.41837862	0.33532956	-0.32894582	-0.41644865	-0.3557091	-0.3418789	0.41412252	0.35371825	0.35933512	0.39033273	-0.39863467	-0.33910087	0.37395364	0.41406327	-0.39686963	0.39607126	-0.41213122	-0.3303499	0.39577466	-0.4322726	-0.3600978	0.32674402	-0.37896347	0.3873285	0.38047233	-0.38978824	-0.42995974	-0.36426294	-0.37396982	0.37077504	-0.33813775	-0.39898396	0.3646772	0.36044088	-0.26934922	-0.33858374	-0.38499692	-0.33630458	-0.34142083	-0.3985743	0.38915718	-0.4212461	-0.39738932	-0.37375158	-0.41905504	0.37655476	0.31975278	-0.35627225	0.40402448	0.36813766	-0.34366232	0.37375414	0.35882357	-0.34431058	0.3290751	0.40969086	-0.35356656	-0.41523683	0.40004277	0.34378952	0.36096835	-0.40987837	-0.2993673	0.34383696	0.40206078	-0.37109324	0.4004145	0.3561637	0.2861486	0.2936942	0.33664134	0.4098669	-0.31096157	-0.43977448	0.3499217	0.40278593	-0.40932977	0.33549768	-0.36225462	0.39624128	0.3572185	-0.341414	0.38186678	-0.3863536
-0.5118485	-0.6564062	-0.6010754	0.572915	-0.5848401	-0.56651914	0.6520378	0.508558	0.6382895	0.63745546	-0.56984925	-0.662543	-0.63033617	0.55435044	-0.56953156	-0.6309212	0.6503207	0.59064007	-0.65989256	-0.66028655	-0.6416431	-0.57141584	0.62203795	0.5904199	0.6098451	0.57585746	-0.5557479	-0.5665451	0.6712256	0.60912377	-0.6469905	0.6467541	-0.5810589	-0.5274381	0.6286834	-0.59961396	-0.58711976	0.5646587	-0.6045893	0.61861306	0.6596217	-0.6381405	-0.60233134	-0.64647925	-0.6191866	0.5979779	-0.5997523	-0.64289045	0.6014355	0.57209915	-0.47811067	-0.61801934	-0.6242489	-0.55308294	-0.646541	-0.6094153	0.62806547	-0.62620866	-0.63757294	-0.5825747	-0.6355743	0.6239711	0.5402618	-0.5934367	0.6537863	0.57559484	-0.5911354	0.5370504	0.57431644	-0.5945329	0.6158152	0.5914685	-0.60651666	-0.6490714	0.59772927	0.638646	0.629234	-0.66865075	-0.53501314	0.56213504	0.60080755	-0.5377965	0.60791856	0.56674457	0.5344889	0.52516824	0.582405	0.5118908	-0.60070693	-0.62771016	0.6627868	0.6423316	-0.597533	0.59563524	-0.56082404	0.6107801	0.6357465	-0.5621778	0.57451874	-0.63452303
-0.3223232	-0.50687337	-0.5034953	0.51117915	-0.50142413	-0.5176578	0.46136785	0.47841176	0.51344126	0.4844026	-0.44883105	-0.494255	-0.5334857	0.47158605	-0.43617496	-0.5170636	0.48784006	0.44806743	-0.47816324	-0.47794387	-0.52347124	-0.47475603	0.4521859	0.51257646	0.5016761	0.46664533	-0.5096642	-0.44656178	0.4968279	0.46452096	-0.51857126	0.5379751	-0.513678	-0.4341961	0.48064587	-0.48976308	-0.40313116	0.49849817	-0.4843576	0.44903123	0.47284102	-0.49013403	-0.486628	-0.46000642	-0.44216594	0.4799457	-0.4841654	-0.45680484	0.4618933	0.47191113	-0.34323862	-0.5187188	-0.45718846	-0.51361	-0.50980765	-0.5415362	0.52225405	-0.51169777	-0.4742177	-0.46186036	-0.5265684	0.4207345	0.40668833	-0.5296182	0.5410049	0.46919802	-0.44122902	0.40357867	0.46667007	-0.48306826	0.5044239	0.50415546	-0.5169143	-0.49370405	0.40412733	0.41496274	0.44235873	-0.5130897	-0.4668271	0.4018534	0.445126	-0.4250926	0.4671215	0.47453952	0.38139212	0.44429806	0.47795606	0.38362586	-0.4649918	-0.45171896	0.46971342	0.42892733	-0.43444782	0.48166367	-0.51924866	0.42061773	0.500897	-0.41255635	0.49026668	-0.50883424
-0.2819097	-0.2541566	-0.26727757	0.30647087	-0.2890756	-0.30771407	0.23594095	0.27528122	0.24048245	0.30759114	-0.28209144	-0.3144303	-0.25542253	0.27107087	-0.3106379	-0.34175572	0.24365337	0.28149664	-0.29317194	-0.2561798	-0.31701678	-0.25942093	0.25528267	0.29568216	0.30082297	0.28588986	-0.25613424	-0.31840703	0.3148668	0.3123354	-0.23754905	0.27568617	-0.34502238	-0.31599447	0.3198161	-0.26071817	-0.20330364	0.26117676	-0.3031831	0.25547984	0.24922207	-0.31159902	-0.33595303	-0.23579337	-0.285019	0.31597412	-0.21403852	-0.28613818	0.25591186	0.31015775	-0.27352396	-0.29218942	-0.23875755	-0.31074175	-0.23956549	-0.31450337	0.24491417	-0.30609134	-0.31831554	-0.22734119	-0.31491846	0.2825367	0.2607962	-0.31903282	0.24028395	0.24967872	-0.21589093	0.23065093	0.2896551	-0.25695232	0.28295878	0.3190852	-0.32618958	-0.29863775	0.25067574	0.2559568	0.25708464	-0.32423118	-0.30346626	0.2566695	0.23877323	-0.2867893	0.2619585	0.29512414	0.29094625	0.24027753	0.26188985	0.2813074	-0.26699814	-0.25294584	0.24209876	0.2610702	-0.30779502	0.27063677	-0.28303626	0.23788652	0.3259992	-0.21293578	0.27316168	-0.27656123
-0.20688784	-0.13915342	-0.17513262	0.18846726	-0.14351276	-0.13773988	0.1137293	0.20008567	0.16007008	0.12959778	-0.16064133	-0.22468968	-0.19872858	0.15233648	-0.17709213	-0.13343418	0.19448188	0.16017784	-0.18205962	-0.1863945	-0.13150159	-0.20690846	0.16439627	0.1232765	0.13122314	0.12147772	-0.16986163	-0.21125332	0.181307	0.20076367	-0.20186548	0.22503184	-0.17253602	-0.18580285	0.1485202	-0.19548003	-0.11042856	0.17628488	-0.1575857	0.18785015	0.19694814	-0.19286531	-0.16018948	-0.12579946	-0.14927286	0.14499944	-0.18376702	-0.13007504	0.23143257	0.1909167	-0.19951992	-0.21940687	-0.17926101	-0.21561715	-0.2037847	-0.16349208	0.19778512	-0.20746867	-0.18940437	-0.19715632	-0.14112526	0.17012659	0.14588824	-0.1647916	0.13279207	0.20851748	-0.20909834	0.20257133	0.17495437	-0.1841004	0.123718396	0.12172476	-0.18389997	-0.11825485	0.13205278	0.12460865	0.119293965	-0.130455	-0.18475084	0.109344035	0.16967389	-0.123619586	0.15972956	0.15799506	0.14310788	0.1799956	0.20316952	0.12752779	-0.1520092	-0.1548206	0.14167094	0.19495945	-0.17143613	0.12025962	-0.16667816	0.1498532	0.18220489	-0.16706541	0.17537704	-0.14044169
-0.3821041	-0.48998725	-0.45759332	0.51150465	-0.42473817	-0.47336996	0.42083362	0.46583292	0.55744964	0.50958043	-0.43321615	-0.5332417	-0.52940005	0.44154194	-0.51179224	-0.5572482	0.47172192	0.44095305	-0.5190309	-0.47523206	-0.49996513	-0.5030384	0.44997713	0.46482614	0.5049316	0.44672674	-0.5511956	-0.50251323	0.53471476	0.47285676	-0.45071357	0.54318374	-0.50710887	-0.39715675	0.5486973	-0.5391569	-0.4552167	0.49832273	-0.5016643	0.4420531	0.48101893	-0.47492597	-0.48320377	-0.48578203	-0.5253726	0.4520657	-0.45187497	-0.45857203	0.47266418	0.43075415	-0.36971167	-0.47479936	-0.48463482	-0.4771075	-0.4756474	-0.48219463	0.5310025	-0.55763	-0.48038498	-0.53128916	-0.4915678	0.44788545	0.45966628	-0.485284	0.529045	0.53928626	-0.48782468	0.5020252	0.5348426	-0.46215943	0.5152481	0.4838266	-0.5357187	-0.51532453	0.4833845	0.4963236	0.53190625	-0.49890432	-0.48568365	0.37927455	0.47105354	-0.47216246	0.47417298	0.42438146	0.42512146	0.4085363	0.49430823	0.3949944	-0.4498444	-0.51550156	0.49916324	0.4210924	-0.5226195	0.4795935	-0.5139842	0.44835746	0.50036347	-0.45672637	0.4456114	-0.5541324
-0.57262176	-0.5700424	-0.5971636	0.6260597	-0.5927468	-0.52579	0.6215387	0.5695873	0.60986906	0.5789689	-0.6660974	-0.5793215	-0.58273023	0.65434617	-0.6329225	-0.56771344	0.604683	0.6173275	-0.66206706	-0.659661	-0.55626976	-0.6234828	0.6305245	0.6059734	0.63432795	0.59645194	-0.59657353	-0.5952847	0.5967257	0.6349858	-0.6475659	0.5987388	-0.6341303	-0.5786694	0.58009017	-0.6117527	-0.59168506	0.59707326	-0.6192008	0.6611468	0.5600077	-0.63003623	-0.57307225	-0.56407386	-0.65743405	0.6461575	-0.55737746	-0.5879653	0.61842155	0.6007312	-0.65941197	-0.6139435	-0.59929585	-0.5890101	-0.64020556	-0.5943451	0.65180135	-0.5989898	-0.6243725	-0.64770085	-0.5999896	0.59949225	0.6653966	-0.6346043	0.5990853	0.5991179	-0.61496377	0.6025295	0.6129298	-0.5673532	0.59469235	0.5867537	-0.59362525	-0.6550735	0.645883	0.6444179	0.61158246	-0.564086	-0.62035584	0.6161155	0.6345966	-0.6489942	0.63743675	0.5939552	0.6598702	0.63833	0.61004174	0.5696292	-0.615998	-0.60610354	0.5967947	0.5925702	-0.61934143	0.5274044	-0.64654386	0.5872188	0.6065943	-0.58550036	0.58130306	-0.5859602
-0.2877714	-0.34529963	-0.28590196	0.25907868	-0.26084325	-0.26499262	0.2988702	0.33166137	0.2570178	0.30094957	-0.30013394	-0.27583727	-0.27953583	0.28825513	-0.29627258	-0.27821884	0.2506318	0.28187883	-0.26987514	-0.3279344	-0.3259846	-0.32530499	0.30495355	0.33389395	0.31559435	0.28373972	-0.27928305	-0.28638142	0.3312519	0.2662806	-0.30237976	0.26097083	-0.27442104	-0.30023077	0.271029	-0.30266985	-0.3014267	0.28532463	-0.3196001	0.2568408	0.30560324	-0.28758028	-0.29883736	-0.2988228	-0.2734997	0.25234577	-0.3389093	-0.33674428	0.30823395	0.27217394	-0.3466581	-0.2683346	-0.29359096	-0.2517143	-0.30928144	-0.3175842	0.32237414	-0.27925423	-0.2684863	-0.26182485	-0.3291627	0.2609823	0.2792082	-0.26191226	0.26007792	0.31516966	-0.31365806	0.31778115	0.29433188	-0.25397876	0.27337587	0.29209492	-0.31923908	-0.32054108	0.3017003	0.32046628	0.2478562	-0.2852145	-0.31926647	0.31595924	0.30281407	-0.33030784	0.34108588	0.26956585	0.29799727	0.33184978	0.25952208	0.2609045	-0.28803033	-0.33618513	0.3188972	0.2711129	-0.34436208	0.33566648	-0.31172153	0.2578979	0.25688776	-0.28054985	0.2919159	-0.27577078
-0.21517397	-0.20161879	-0.19283219	0.22842318	-0.20145354	-0.16715479	0.18640593	0.23606661	0.20507932	0.23531306	-0.23978907	-0.18296638	-0.21389695	0.22000407	-0.23548049	-0.21881829	0.18519749	0.1758479	-0.17268251	-0.16918781	-0.22211397	-0.20956321	0.20075004	0.16998737	0.2332963	0.16159607	-0.22658338	-0.20448995	0.16360286	0.23293702	-0.22216518	0.13817307	-0.21658212	-0.23847887	0.16535702	-0.20772514	-0.20384488	0.24758081	-0.17582811	0.17641026	0.1882602	-0.14537394	-0.13644138	-0.2262851	-0.24037166	0.13757153	-0.15321532	-0.22928189	0.13995118	0.15716165	-0.20496373	-0.16965565	-0.22175756	-0.1580939	-0.17347838	-0.21305747	0.18296592	-0.20856473	-0.20860687	-0.19878067	-0.14816175	0.23215735	0.21965565	-0.23068795	0.19584268	0.19423807	-0.25578764	0.18752687	0.23411842	-0.1879275	0.19497511	0.14702031	-0.15225635	-0.2158769	0.1851855	0.18780659	0.23814212	-0.23220263	-0.21416491	0.24667743	0.21517771	-0.2018943	0.23580496	0.1983513	0.2229332	0.17727402	0.20878914	0.2465308	-0.15785258	-0.21252708	0.15933314	0.23307773	-0.22591962	0.1586273	-0.18768595	0.20594971	0.14934269	-0.24268073	0.22800532	-0.13749062
-0.3829364	-0.3838401	-0.3769235	0.32542464	-0.3228962	-0.34450933	0.38486513	0.3058511	0.41425294	0.31808394	-0.38674614	-0.35893992	-0.34446976	0.38614613	-0.31868136	-0.38008493	0.3079734	0.3009043	-0.303425	-0.32480216	-0.34604818	-0.3327324	0.3281348	0.30986157	0.36423162	0.3984845	-0.33562094	-0.35950863	0.40386575	0.40832177	-0.32912755	0.35866147	-0.370876	-0.3654586	0.35663965	-0.37131968	-0.28209826	0.38210756	-0.30143207	0.31999123	0.33195534	-0.36454672	-0.38275805	-0.4003921	-0.34895658	0.33520815	-0.3306827	-0.34862304	0.40500265	0.34463772	-0.28240117	-0.3838788	-0.3650239	-0.3764016	-0.318078	-0.39597353	0.33794603	-0.40849015	-0.3220169	-0.3309965	-0.3381441	0.32833517	0.30221686	-0.39646098	0.40305197	0.352124	-0.37135217	0.3410767	0.34104726	-0.3464348	0.36170724	0.37652135	-0.4014357	-0.38287392	0.35013852	0.32708836	0.37182754	-0.3317701	-0.3606731	0.3313227	0.36890993	-0.33064392	0.31595442	0.32255027	0.31589305	0.3673675	0.3090326	0.3351011	-0.3863518	-0.36247495	0.38825437	0.31074274	-0.33168384	0.32429057	-0.30953696	0.35783732	0.33660382	-0.30031243	0.34112337	-0.38070166
-0.33367783	-0.30269188	-0.32375017	0.3183446	-0.330803	-0.2840167	0.2907208	0.26780114	0.2726281	0.28657207	-0.30286542	-0.31402847	-0.34446603	0.27876425	-0.3316205	-0.2543111	0.263513	0.30982986	-0.27979073	-0.27187893	-0.25915894	-0.26150262	0.29707617	0.33493394	0.3302147	0.34686846	-0.34321198	-0.27242163	0.2667936	0.2719241	-0.3049638	0.3249801	-0.26828745	-0.31073502	0.2661378	-0.31667045	-0.29880983	0.3220402	-0.29882967	0.33164552	0.25430214	-0.3048002	-0.25108737	-0.31612295	-0.2999346	0.35069248	-0.34467605	-0.26942754	0.28398463	0.28002608	-0.34731585	-0.31090692	-0.27734762	-0.29146817	-0.34043267	-0.29189333	0.28194806	-0.3321079	-0.27597287	-0.3315564	-0.3326295	0.27310985	0.29390237	-0.30143028	0.25353009	0.3148807	-0.33653343	0.28906745	0.28129056	-0.3073397	0.2925261	0.27870706	-0.33434784	-0.26605356	0.25535074	0.26500857	0.35180598	-0.30642712	-0.2810258	0.34080744	0.29670632	-0.27393404	0.33741775	0.28629032	0.34486762	0.30555543	0.29858375	0.27742034	-0.31572726	-0.29895192	0.32150877	0.29552126	-0.25548884	0.33004722	-0.32586715	0.29963332	0.2553735	-0.27703384	0.27020994	-0.27529696
-0.5568411	-0.56940776	-0.63518065	0.60428053	-0.5987829	-0.5656904	0.59833646	0.5958858	0.65476394	0.59396666	-0.5421701	-0.59120715	-0.5301865	0.62409484	-0.5329797	-0.6292253	0.631064	0.66220707	-0.5748935	-0.61530715	-0.57532686	-0.59291345	0.6011057	0.6112517	0.63988966	0.56869626	-0.60335773	-0.5845429	0.5533613	0.6135656	-0.55605465	0.64505017	-0.6064126	-0.6289022	0.64088583	-0.6093909	-0.5827551	0.58944976	-0.5366804	0.55333686	0.55268854	-0.6032207	-0.5993586	-0.64520293	-0.6347929	0.565698	-0.6332069	-0.5885605	0.54144764	0.59706825	-0.62564313	-0.58503705	-0.56544036	-0.57506746	-0.62175214	-0.59411174	0.6314641	-0.549492	-0.56101346	-0.6403055	-0.55484635	0.567194	0.53092074	-0.6096371	0.6659368	0.5809771	-0.65547466	0.66377854	0.57544726	-0.6438307	0.59911436	0.5811322	-0.6281373	-0.58394974	0.60621214	0.62673616	0.56700563	-0.6388043	-0.53613514	0.5423711	0.6496018	-0.5770175	0.6284263	0.56720793	0.573124	0.62302977	0.61484957	0.6446736	-0.558911	-0.589402	0.5974015	0.6102192	-0.6331259	0.56517893	-0.6199464	0.6567677	0.640026	-0.5442176	0.6081144	-0.59047806
-0.07520264	-0.14843471	-0.15433292	0.10235405	-0.075160675	-0.1353431	0.07795891	0.08677619	0.0927319	0.14966127	-0.15003549	-0.07144357	-0.13490207	0.06870671	-0.13326618	-0.09257222	0.11632921	0.13076492	-0.095496155	-0.113607466	-0.092546955	-0.09024051	0.071329184	0.107480094	0.11483959	0.13535723	-0.10097682	-0.074532904	0.12357172	0.13847493	-0.13754794	0.067363776	-0.1513222	-0.15186225	0.09925589	-0.12351768	-0.10088818	0.068884164	-0.16469547	0.11983713	0.07019567	-0.067213014	-0.13341904	-0.12600648	-0.10727799	0.11787954	-0.15327066	-0.08228107	0.09573159	0.079436965	-0.13424222	-0.14851765	-0.1428763	-0.1052917	-0.0971273	-0.064186946	0.07045213	-0.107233174	-0.09984139	-0.14638093	-0.1281439	0.13442938	0.14752215	-0.08892332	0.11704738	0.14755546	-0.13147476	0.07347339	0.09730154	-0.13632248	0.1395086	0.1363282	-0.085164934	-0.07032086	0.09503046	0.08539747	0.087188974	-0.11490268	-0.093315765	0.13504541	0.068675116	-0.11902405	0.12966499	0.15340285	0.09614138	0.08685915	0.10557941	0.14213236	-0.13986021	-0.15937035	0.12230488	0.06830448	-0.08466366	0.12908737	-0.09204993	0.116546765	0.09711104	-0.16507687	0.1251851	-0.07974708
-0.50448984	-0.4786352	-0.45272225	0.41308886	-0.4471671	-0.4639951	0.51174307	0.44012588	0.44902977	0.50913674	-0.45070663	-0.48024023	-0.43142617	0.4310456	-0.4958648	-0.5011671	0.4567998	0.47231585	-0.47919765	-0.45287213	-0.4697904	-0.42746997	0.4694545	0.46158868	0.44096163	0.4190638	-0.46551323	-0.5086642	0.46048057	0.42016554	-0.48386043	0.49050468	-0.510868	-0.48243186	0.4512222	-0.46397623	-0.5050279	0.4299629	-0.5064545	0.5060253	0.4266137	-0.4965691	-0.47492212	-0.4584529	-0.465664	0.4491096	-0.47898692	-0.46532017	0.43184918	0.41013214	-0.4729235	-0.41615564	-0.46887043	-0.50644493	-0.44599596	-0.4163278	0.4454497	-0.42299533	-0.42142978	-0.43860212	-0.51056236	0.50074124	0.49931985	-0.42504165	0.4786731	0.49384376	-0.48639596	0.42634434	0.47264245	-0.48547786	0.4951422	0.46516234	-0.4263057	-0.46179655	0.47251198	0.44498995	0.42487192	-0.46079862	-0.43157405	0.41268447	0.44420543	-0.41752875	0.5023941	0.47914767	0.39709815	0.44220746	0.5048799	0.4622255	-0.50000864	-0.48905542	0.4243454	0.4731961	-0.42961934	0.44884697	-0.50182486	0.4281671	0.44292971	-0.45571575	0.4819525	-0.4212373
-0.48812777	-0.4799666	-0.4498138	0.5417091	-0.4856793	-0.4721982	0.4662124	0.44720414	0.54887855	0.5408868	-0.4906943	-0.55083966	-0.5385073	0.44410953	-0.49094307	-0.5528421	0.4826859	0.45308715	-0.5205308	-0.47046503	-0.5312977	-0.5134424	0.5400016	0.46390355	0.4942941	0.5208972	-0.4580954	-0.4473664	0.54939127	0.51263815	-0.5488251	0.55217916	-0.45875406	-0.500487	0.5204241	-0.45704538	-0.5023803	0.49948755	-0.46559116	0.48969218	0.49262324	-0.5071053	-0.47562695	-0.46489185	-0.49194336	0.4968108	-0.45797917	-0.4935732	0.5386221	0.532539	-0.49295592	-0.5441078	-0.43772694	-0.47378892	-0.542749	-0.5422839	0.51445264	-0.51998544	-0.5328732	-0.47178298	-0.47071245	0.5322876	0.44133794	-0.5319779	0.4847368	0.48501676	-0.4958679	0.48584718	0.45906034	-0.5039364	0.46822926	0.5049709	-0.5134464	-0.50433403	0.45934457	0.505684	0.46716613	-0.4638524	-0.521678	0.4237736	0.4589788	-0.5135491	0.45783535	0.5228243	0.47206956	0.54954636	0.48229814	0.5477871	-0.51237094	-0.48889506	0.53423303	0.49252012	-0.5459612	0.5086403	-0.45530394	0.54629713	0.47390053	-0.4163684	0.45501855	-0.51951605
-0.5709079	-0.8023864	-0.72110254	0.7495083	-0.6870802	-0.7681612	0.7136622	0.69265383	0.68534076	0.7473491	-0.7183523	-0.8010933	-0.81914514	0.67440647	-0.751593	-0.79523015	0.72486126	0.6459798	-0.7892936	-0.7347124	-0.78767663	-0.75810087	0.7605015	0.74333495	0.7362649	0.71976316	-0.66868407	-0.7274871	0.75480634	0.7839636	-0.7356183	0.8144806	-0.7285009	-0.69913846	0.7192013	-0.7141496	-0.7393506	0.6526719	-0.71100426	0.6847308	0.75659186	-0.71892416	-0.71532613	-0.75729793	-0.75345004	0.73391324	-0.7515611	-0.70680875	0.79304785	0.73307306	-0.59756684	-0.7520097	-0.70435315	-0.77614516	-0.7919923	-0.81051016	0.78280187	-0.7532205	-0.77261305	-0.60039943	-0.7185283	0.7563938	0.62059826	-0.81119955	0.8032679	0.7662308	-0.5699471	0.59812707	0.77441496	-0.81349915	0.7040269	0.7861156	-0.78967667	-0.74119073	0.72728944	0.7283807	0.7824963	-0.81552356	-0.7798105	0.6623592	0.6051854	-0.63812214	0.7101988	0.6752629	0.5123772	0.5929516	0.7046735	0.63043183	-0.75862736	-0.72396433	0.73284227	0.7140458	-0.76292527	0.78340155	-0.69317055	0.626039	0.8030649	-0.687385	0.7632939	-0.76616704
-0.2937813	-0.3180185	-0.26401508	0.3218797	-0.29145598	-0.36089668	0.30955005	0.2452871	0.29049832	0.2625603	-0.3224248	-0.3536993	-0.28216037	0.3416175	-0.28636095	-0.31231284	0.33879992	0.2598996	-0.35088423	-0.35393274	-0.29164863	-0.27871287	0.32609805	0.3149958	0.34968966	0.3046276	-0.3132354	-0.27745605	0.32974273	0.29824588	-0.26582924	0.36437938	-0.30991963	-0.24880591	0.3172575	-0.30266902	-0.32473984	0.32503596	-0.29329017	0.30176476	0.3582991	-0.34889075	-0.35781905	-0.334444	-0.25832257	0.3430709	-0.33003283	-0.35135144	0.3551754	0.26499313	-0.29811224	-0.2812387	-0.26163223	-0.26720572	-0.28419715	-0.33722886	0.28285795	-0.36537623	-0.31199104	-0.316663	-0.3243408	0.29752427	0.3183587	-0.29841366	0.33613363	0.3104537	-0.3258528	0.29393977	0.28086373	-0.27473667	0.31828836	0.3058929	-0.2733373	-0.35028356	0.3019487	0.27273571	0.28494608	-0.35479075	-0.28916892	0.25199068	0.2991061	-0.30623728	0.3134475	0.2693172	0.30616245	0.29048938	0.3196077	0.29352733	-0.25475365	-0.30094227	0.2666219	0.30859962	-0.30205378	0.32926044	-0.33169058	0.30483815	0.35871273	-0.31038436	0.30245686	-0.3599619
-0.4887417	-0.503787	-0.49457863	0.51276386	-0.46884242	-0.4932646	0.4739032	0.51693106	0.4848072	0.47581935	-0.48387763	-0.47889197	-0.5082604	0.54767704	-0.48047352	-0.5501702	0.5624779	0.52892584	-0.5106742	-0.47584087	-0.53005445	-0.5097292	0.5404744	0.46187347	0.54458404	0.549826	-0.4839575	-0.54180485	0.542867	0.51513225	-0.4762628	0.535629	-0.5346246	-0.4887717	0.48514515	-0.48935235	-0.5034546	0.49056607	-0.4602305	0.51849824	0.51726025	-0.5530712	-0.50830126	-0.5221829	-0.49668577	0.48519155	-0.48757827	-0.49761748	0.4734026	0.53302956	-0.48123807	-0.48428681	-0.5039929	-0.48053512	-0.5408132	-0.47933206	0.5536388	-0.4852263	-0.49552855	-0.47631785	-0.5011148	0.52752876	0.49474427	-0.53405476	0.49326685	0.49211305	-0.5459463	0.487001	0.5040348	-0.48000392	0.52170366	0.4959068	-0.5313079	-0.47486594	0.47371686	0.4553097	0.5245605	-0.5313616	-0.5303902	0.43333575	0.5400213	-0.5013848	0.47528446	0.5054152	0.37353474	0.50335747	0.4963985	0.5209067	-0.44454736	-0.5308359	0.46182615	0.5427831	-0.5182458	0.51566494	-0.49367407	0.5254562	0.5024359	-0.4046371	0.46108958	-0.5351094
-0.554976	-0.588617	-0.62709934	0.56905115	-0.55182946	-0.55853325	0.62550783	0.5517899	0.6398172	0.63427377	-0.5717119	-0.6113061	-0.657363	0.57430035	-0.58399665	-0.59351546	0.6150955	0.53893846	-0.5699591	-0.5820909	-0.6356524	-0.6158949	0.6566027	0.60649514	0.57466197	0.5958184	-0.60323155	-0.55481225	0.67732996	0.62103516	-0.6370683	0.58694255	-0.60638285	-0.5227045	0.63260597	-0.57445806	-0.56486297	0.6028406	-0.57688016	0.5972923	0.66823745	-0.62071383	-0.61984307	-0.6112638	-0.64848906	0.616479	-0.56957674	-0.59731513	0.62772536	0.5550106	-0.5590791	-0.68309945	-0.55936253	-0.6392668	-0.58340263	-0.6028951	0.5815272	-0.6497921	-0.5881924	-0.5752566	-0.5880644	0.6098381	0.5572013	-0.6305082	0.59853804	0.66070503	-0.56307894	0.5587397	0.65418446	-0.61607134	0.58501947	0.59377027	-0.5941301	-0.6272244	0.56860054	0.6135612	0.57867414	-0.60584337	-0.5593945	0.56019014	0.624369	-0.5698572	0.56563604	0.5739465	0.5386732	0.5470931	0.5900194	0.6167597	-0.6120288	-0.6368226	0.61747015	0.5908955	-0.59847975	0.6150321	-0.5680106	0.56365865	0.65336835	-0.49098507	0.6138028	-0.6633271
-0.50749123	-0.5497841	-0.5100327	0.49473268	-0.46422902	-0.49683726	0.47324473	0.45899126	0.48605016	0.52218986	-0.55230635	-0.5363337	-0.5365623	0.47976598	-0.5625889	-0.49459937	0.5056822	0.4917976	-0.504973	-0.4750462	-0.50002193	-0.55647916	0.5023818	0.511328	0.48807463	0.49733156	-0.49329245	-0.4749149	0.46425006	0.479427	-0.537218	0.5267249	-0.48683593	-0.48850662	0.53574556	-0.49746644	-0.5227146	0.49593422	-0.49012455	0.4949538	0.4875878	-0.46338767	-0.461481	-0.5152161	-0.521238	0.49430546	-0.46605125	-0.47678792	0.54305387	0.5087025	-0.45588928	-0.515351	-0.5096874	-0.5190197	-0.5167398	-0.5517934	0.55990416	-0.53802896	-0.5119532	-0.49721012	-0.53641003	0.49784583	0.5333756	-0.5584922	0.49462792	0.51402557	-0.55834377	0.47096944	0.5185402	-0.47265086	0.5490159	0.46992788	-0.49306476	-0.529948	0.50888705	0.47474468	0.5463973	-0.47643685	-0.5317013	0.5258499	0.5518771	-0.5016296	0.5140667	0.5387311	0.50993145	0.53690845	0.56282324	0.5570202	-0.5320179	-0.47099414	0.4954551	0.4867829	-0.56030715	0.48874933	-0.52753896	0.5014025	0.55381763	-0.4314318	0.4663054	-0.49112448
-0.08596262	-0.104774885	-0.0830251	0.14132017	-0.14226319	-0.09713924	0.07030518	0.121248774	0.13314246	0.054201175	-0.075336926	-0.09652508	-0.1269592	0.07830144	-0.0889781	-0.081530355	0.095099844	0.0913597	-0.09863698	-0.11736504	-0.14524277	-0.13947237	0.05970907	0.09167846	0.14277512	0.076670036	-0.09132205	-0.09325413	0.13217302	0.13859221	-0.09896252	0.13978536	-0.117249705	-0.12837663	0.07211199	-0.05975864	-0.106228486	0.14752151	-0.09368035	0.08114263	0.069018595	-0.14682655	-0.0694228	-0.116502814	-0.07476318	0.054876685	-0.11334283	-0.10283709	0.070853785	0.12546286	-0.10834829	-0.11164451	-0.115080744	-0.087552726	-0.12738474	-0.115058415	0.1576645	-0.094743505	-0.14125507	-0.14942177	-0.11421257	0.09687936	0.101784855	-0.0867039	0.07742239	0.14563398	-0.068633385	0.08959491	0.09389761	-0.15377566	0.12696278	0.10277085	-0.15259416	-0.1575223	0.08897592	0.11791901	0.15710302	-0.056809485	-0.100953475	0.08674871	0.102083914	-0.15347514	0.1335156	0.119774505	0.111212894	0.060725745	0.0842144	0.14704096	-0.06904715	-0.12668005	0.14760406	0.07474968	-0.11028477	0.039084718	-0.08784195	0.16021311	0.058713894	-0.08430881	0.13749826	-0.0811464
-0.18112281	-0.2641798	-0.20140281	0.22405174	-0.21307793	-0.28939697	0.25332665	0.25636306	0.2175854	0.22802535	-0.2519527	-0.2690567	-0.3001658	0.23264101	-0.22998616	-0.23723154	0.21055882	0.25330654	-0.21562186	-0.17807196	-0.23625797	-0.21237212	0.23884475	0.18901531	0.21405935	0.21722813	-0.24743366	-0.19154349	0.29519337	0.2865968	-0.21832208	0.21267533	-0.22296979	-0.2448199	0.21821211	-0.2608124	-0.14991742	0.22739744	-0.23192857	0.22429082	0.25905937	-0.2433661	-0.21395476	-0.20247538	-0.25736034	0.28469494	-0.25503486	-0.24627616	0.25336468	0.19156572	-0.19650958	-0.2594853	-0.20163481	-0.19249606	-0.2044239	-0.20936371	0.27735704	-0.29072273	-0.25753558	-0.23409636	-0.22180952	0.22675733	0.18279387	-0.27099955	0.2624142	0.26369026	-0.23880169	0.22042136	0.262552	-0.25686514	0.20976038	0.24725996	-0.2825082	-0.1869882	0.18671781	0.22288212	0.2530819	-0.19351183	-0.19571577	0.15821525	0.2100086	-0.18413463	0.23176841	0.19517834	0.15165268	0.19801131	0.20784469	0.21617912	-0.26189113	-0.22241159	0.234603	0.201851	-0.27024555	0.24085838	-0.24054857	0.20005926	0.21616505	-0.17930962	0.1945072	-0.2554988
-0.06382354	-0.06683162	-0.097125985	0.069806665	-0.12887497	-0.10258512	0.06898963	0.08633047	0.09188881	0.12098258	-0.1315738	-0.12024952	-0.07208733	0.07995671	-0.07024444	-0.1428912	0.062999	0.09857308	-0.13172844	-0.15108629	-0.14225411	-0.11140774	0.078169435	0.12795766	0.14615138	0.060886603	-0.12579387	-0.15339303	0.16486906	0.14937972	-0.10351132	0.13909161	-0.15644513	-0.13736078	0.10825064	-0.1461178	-0.05470643	0.121100776	-0.12265477	0.13014916	0.08897951	-0.15949295	-0.080674686	-0.09036744	-0.14418334	0.10760521	-0.07699832	-0.10848846	0.1093615	0.14671393	-0.068159126	-0.104138665	-0.14867604	-0.12096214	-0.09431465	-0.15455842	0.12976855	-0.11823784	-0.10480365	-0.09083439	-0.104048856	0.12886715	0.11585892	-0.09600451	0.13856001	0.14533927	-0.10507595	0.13892026	0.10210357	-0.062994175	0.070626736	0.12815046	-0.09383587	-0.15308632	0.11182509	0.13101442	0.08429291	-0.15919098	-0.0860223	0.06694755	0.09256428	-0.07829704	0.12093851	0.10607017	0.09168112	0.08108689	0.09059731	0.11641532	-0.1004221	-0.12272034	0.119198196	0.117175944	-0.11272753	0.14139864	-0.10138495	0.14807294	0.096338056	-0.07581247	0.08022883	-0.15420972
-0.5302264	-0.5608274	-0.58244914	0.5628695	-0.55274916	-0.5741989	0.58357155	0.6193941	0.5905941	0.5612652	-0.607262	-0.6047627	-0.5422575	0.56798786	-0.5827521	-0.5904956	0.5678776	0.5422448	-0.57861763	-0.57432127	-0.5478272	-0.54736567	0.59298885	0.62932074	0.619419	0.59811366	-0.55334026	-0.5819282	0.52567387	0.5669572	-0.54302424	0.5438874	-0.61628544	-0.5687528	0.57509047	-0.55336577	-0.55644107	0.5567812	-0.5834412	0.5701808	0.55781245	-0.5780823	-0.5842392	-0.5958153	-0.60479575	0.5512906	-0.5967203	-0.54039913	0.5680256	0.55446017	-0.5528072	-0.55025756	-0.5696933	-0.5876292	-0.5964959	-0.6097705	0.6335745	-0.544721	-0.5970256	-0.59138596	-0.5853918	0.56816715	0.5945485	-0.5939821	0.6243406	0.610888	-0.58096933	0.5409665	0.5413002	-0.569686	0.596932	0.53172547	-0.5957773	-0.6041742	0.592153	0.55788445	0.55528563	-0.5883901	-0.6053985	0.54343015	0.5859449	-0.5247926	0.59129846	0.5787692	0.49916434	0.5655249	0.5549799	0.58401346	-0.5764965	-0.5490985	0.57829446	0.55513054	-0.5876872	0.5383156	-0.54161704	0.56821525	0.5670723	-0.5125047	0.60532826	-0.61385626
-0.18948126	-0.15558922	-0.19597359	0.15383284	-0.22511713	-0.1445638	0.14054114	0.1734922	0.20390415	0.22103801	-0.16951828	-0.23336251	-0.16495664	0.18941702	-0.21572338	-0.23234709	0.14224206	0.14931622	-0.13915195	-0.21497735	-0.1994109	-0.1726164	0.19710551	0.14831094	0.19089292	0.20616639	-0.18028392	-0.1952666	0.21630353	0.16433051	-0.20590255	0.19382049	-0.14158583	-0.22319205	0.15282473	-0.20479928	-0.17219391	0.17352529	-0.17471018	0.14586522	0.19127621	-0.17128448	-0.1739759	-0.1779352	-0.15899305	0.2234004	-0.16666871	-0.17237715	0.1866443	0.15091833	-0.16138232	-0.22568844	-0.2227236	-0.18909213	-0.20422404	-0.17612776	0.17123587	-0.15309554	-0.14798413	-0.1888931	-0.21479969	0.19890116	0.19644476	-0.17647144	0.2002649	0.1819921	-0.1530733	0.13675949	0.18614577	-0.17154941	0.20321254	0.18420316	-0.13839154	-0.20179099	0.22108509	0.17631413	0.13871068	-0.14760435	-0.15415351	0.16340123	0.21717836	-0.18173741	0.15369554	0.19382897	0.22121634	0.19843155	0.17256688	0.18228321	-0.20686139	-0.18834156	0.1861177	0.17876057	-0.13746168	0.21911608	-0.1924619	0.19468376	0.13485527	-0.17173341	0.21061018	-0.22134794
-0.7868998	-0.806693	-0.8425982	0.8721906	-0.8000259	-0.7225822	0.7383342	0.7626789	0.83734053	0.8197585	-0.8329356	-0.81567454	-0.848405	0.7661967	-0.85885537	-0.87632746	0.80345416	0.76069826	-0.8249239	-0.85726386	-0.845791	-0.79121363	0.8667384	0.8175194	0.7741154	0.784371	-0.8021756	-0.79930997	0.86193633	0.8703635	-0.86482596	0.7810683	-0.8570995	-0.792558	0.7733417	-0.85164386	-0.76060915	0.8759317	-0.77005035	0.76959765	0.8146102	-0.840419	-0.76966095	-0.829066	-0.8331109	0.75717854	-0.79873765	-0.8128313	0.7755592	0.7801256	-0.73585635	-0.79984987	-0.81013715	-0.8532479	-0.8169715	-0.8751039	0.8593779	-0.82928693	-0.83615446	-0.8210381	-0.8409134	0.7719663	0.7697454	-0.82231164	0.8118572	0.82511616	-0.77235705	0.76874554	0.8523887	-0.8212001	0.83913046	0.79531777	-0.80349636	-0.83606195	0.86826015	0.8291639	0.78692776	-0.8755797	-0.73612446	0.68758285	0.8310439	-0.8177973	0.8656982	0.81470704	0.78299683	0.7969115	0.8351949	0.8266741	-0.7457329	-0.7872948	0.83396107	0.793091	-0.7864892	0.79832953	-0.75387883	0.81767136	0.8206528	-0.7243724	0.7914124	-0.8370734
-0.28763294	-0.36049455	-0.2904778	0.38225117	-0.36622658	-0.33008826	0.3601497	0.35922024	0.32929876	0.3041981	-0.3334142	-0.3145699	-0.39448264	0.3094565	-0.29869696	-0.3661087	0.32852232	0.30414626	-0.29888785	-0.33541635	-0.3473531	-0.3684032	0.3439132	0.3723738	0.32231772	0.2906292	-0.35259885	-0.37145996	0.3855647	0.35275835	-0.32742375	0.3054834	-0.33503002	-0.26468155	0.33004338	-0.38376403	-0.28146777	0.3041289	-0.35807437	0.3757178	0.32999358	-0.39364022	-0.37850416	-0.36700737	-0.3547455	0.375629	-0.3074013	-0.36547783	0.3923788	0.31659332	-0.3439076	-0.356451	-0.3427552	-0.37861332	-0.33649877	-0.36075377	0.3701059	-0.35623765	-0.38077396	-0.35827482	-0.31402957	0.28741	0.29517412	-0.3430349	0.36260116	0.32799876	-0.3712049	0.29653215	0.34706983	-0.298388	0.37734187	0.38413805	-0.3300372	-0.32935706	0.2973626	0.30151662	0.38038316	-0.3767505	-0.36497378	0.2698654	0.37673846	-0.3160549	0.36708048	0.2869571	0.26813594	0.36531892	0.35909927	0.37115645	-0.32466838	-0.3826431	0.3362165	0.31076312	-0.37249386	0.33191642	-0.31222644	0.3610996	0.30564326	-0.3080713	0.37717533	-0.39125246
-0.30604503	-0.27402502	-0.26548094	0.22208989	-0.2666627	-0.29418868	0.21310681	0.23263147	0.2564554	0.23092912	-0.28712946	-0.24317327	-0.22643968	0.2639914	-0.30299637	-0.31230152	0.24153829	0.27881733	-0.3070191	-0.27113068	-0.29095796	-0.30558982	0.2893811	0.28596506	0.21670638	0.27916315	-0.2402349	-0.30149925	0.2830238	0.25029233	-0.25561222	0.22179149	-0.26060185	-0.2716228	0.3052203	-0.2119801	-0.22911227	0.29149765	-0.25999776	0.25514212	0.27155262	-0.25455543	-0.2342262	-0.2624479	-0.21486673	0.26112297	-0.23163192	-0.24144432	0.299115	0.21782087	-0.2709732	-0.23070031	-0.27064487	-0.30756745	-0.27201098	-0.30156165	0.23937932	-0.22144891	-0.28099668	-0.26983386	-0.26669484	0.25438315	0.2333686	-0.28058583	0.2772201	0.31116423	-0.2991545	0.27697548	0.26231754	-0.21911654	0.30459487	0.24843349	-0.24009933	-0.2524128	0.2941294	0.2616862	0.2486458	-0.24991211	-0.20277023	0.20579626	0.2425199	-0.2746536	0.26707986	0.21853611	0.21128854	0.2564251	0.22347932	0.26457462	-0.29752985	-0.26235956	0.30916667	0.21865259	-0.3027459	0.26700637	-0.2514324	0.2324527	0.22069968	-0.25018847	0.2158569	-0.2854825
-0.1999042	-0.18006918	-0.17732067	0.1753259	-0.16342783	-0.19579977	0.14091404	0.14224555	0.1585825	0.1903716	-0.13772865	-0.18952532	-0.21345983	0.21227542	-0.14045018	-0.19065513	0.21201205	0.13029343	-0.19168904	-0.22288938	-0.17251478	-0.14952761	0.18523468	0.14511076	0.14568639	0.14057148	-0.17522064	-0.14566182	0.2063309	0.13143581	-0.15065883	0.17318147	-0.15842183	-0.16995381	0.14801736	-0.20996107	-0.21318316	0.13388345	-0.200947	0.22179785	0.19633143	-0.13592248	-0.21529305	-0.13078393	-0.207753	0.17425902	-0.15344426	-0.19812933	0.1780457	0.16041058	-0.20374188	-0.20378	-0.12526326	-0.1364976	-0.22172387	-0.2053678	0.15612781	-0.19317597	-0.15358926	-0.14400592	-0.20441331	0.21951358	0.14849032	-0.18667366	0.20729962	0.20274472	-0.15257253	0.21136771	0.19669348	-0.20970857	0.20345968	0.16590115	-0.15543407	-0.20788057	0.12678307	0.13578603	0.12815668	-0.16750582	-0.138889	0.19359863	0.15274312	-0.13782884	0.1303052	0.19157778	0.12691845	0.213647	0.15423433	0.13350596	-0.12465596	-0.19609493	0.20237963	0.15238185	-0.16476534	0.13742201	-0.21696545	0.12728061	0.18680477	-0.17562044	0.20600665	-0.21230952
-0.5507044	-0.6301809	-0.6053341	0.6605802	-0.63137	-0.63388973	0.5831199	0.62763745	0.6554814	0.5785129	-0.6191322	-0.6761253	-0.61312133	0.62478733	-0.6897853	-0.6338933	0.63107413	0.64953774	-0.66535646	-0.59697855	-0.6307125	-0.62435627	0.6251557	0.63849515	0.6203348	0.6255199	-0.6609045	-0.64784855	0.5893678	0.6374054	-0.62409693	0.6246664	-0.6846943	-0.56392354	0.615727	-0.63865817	-0.6200259	0.659926	-0.60976255	0.5820575	0.6312468	-0.64219236	-0.64465475	-0.5891608	-0.6302215	0.6458607	-0.64682823	-0.6228934	0.64755416	0.6085513	-0.5879194	-0.6269607	-0.6154704	-0.60500544	-0.6249099	-0.6751618	0.6124828	-0.6056024	-0.65615785	-0.6350078	-0.669008	0.5967509	0.61234313	-0.6035878	0.626452	0.68618697	-0.52924925	0.6123086	0.63641846	-0.6454313	0.5951495	0.6592086	-0.638999	-0.5962984	0.6702401	0.65421164	0.62045467	-0.6440623	-0.63923204	0.5581782	0.594121	-0.584349	0.6598075	0.58905286	0.5357171	0.60199267	0.62229925	0.5492709	-0.62772775	-0.6753265	0.6374239	0.59119916	-0.6535021	0.69020885	-0.6540713	0.666268	0.67655504	-0.52901095	0.6074239	-0.6270052
-0.64134264	-0.69557667	-0.6933433	0.7138681	-0.7500987	-0.6825817	0.7361234	0.66317827	0.6864393	0.6974283	-0.7356857	-0.78494024	-0.69279623	0.6920624	-0.7621761	-0.769995	0.7739439	0.6829606	-0.70975167	-0.6997029	-0.74065566	-0.74019545	0.69937706	0.76842934	0.73491186	0.73294014	-0.68757933	-0.70646983	0.7205867	0.7308939	-0.6946463	0.7403126	-0.73736423	-0.7058786	0.74752843	-0.7482269	-0.747479	0.65646064	-0.7547192	0.7302825	0.6799984	-0.6978923	-0.71072376	-0.7402947	-0.727975	0.761312	-0.6817159	-0.71427405	0.6980305	0.70883566	-0.633105	-0.70868003	-0.69466007	-0.6964728	-0.7144513	-0.7473602	0.7069261	-0.74830765	-0.6962477	-0.67424005	-0.7554717	0.6931691	0.6437531	-0.777618	0.74070805	0.77006066	-0.6429702	0.67589295	0.7411073	-0.7439175	0.7256386	0.70099795	-0.717043	-0.77297735	0.7827796	0.72090185	0.74263865	-0.7430986	-0.68272907	0.6203806	0.6872091	-0.6468377	0.67982316	0.66033363	0.5830447	0.6102932	0.7620539	0.7070055	-0.71626645	-0.7254728	0.7680957	0.6913607	-0.7689044	0.6618413	-0.7591718	0.7391201	0.7623114	-0.71119726	0.6899978	-0.7726191
-0.61139035	-0.60796785	-0.6061188	0.59072	-0.5936143	-0.60360175	0.52095246	0.51735544	0.57981145	0.5711339	-0.6233292	-0.65968907	-0.655294	0.5448606	-0.5252368	-0.60847366	0.58901894	0.5603596	-0.5505918	-0.5708459	-0.5936705	-0.58100426	0.6194268	0.5985514	0.57268196	0.6421554	-0.5999339	-0.6201359	0.655987	0.5988656	-0.54882646	0.63255477	-0.5577997	-0.4726659	0.5579341	-0.5985247	-0.44704825	0.5570023	-0.56988055	0.6032271	0.57657546	-0.56365997	-0.6028171	-0.63527876	-0.60868907	0.5740234	-0.5731502	-0.6161776	0.60261935	0.5710676	-0.46098202	-0.62083876	-0.52807885	-0.59170085	-0.57712334	-0.64017284	0.55015594	-0.5892692	-0.5706649	-0.5524173	-0.5776726	0.5496177	0.5665164	-0.6385681	0.6057658	0.62491643	-0.52848536	0.55752957	0.61797184	-0.6318829	0.62206554	0.6478501	-0.56619126	-0.59967864	0.5573521	0.50560373	0.5753208	-0.64886343	-0.5106537	0.39519036	0.55781776	-0.5427195	0.62978464	0.62448645	0.4827316	0.61687297	0.6383799	0.56228995	-0.5284184	-0.61958134	0.5491109	0.54662305	-0.5724502	0.5906239	-0.6165212	0.59389436	0.60073024	-0.42951673	0.5817013	-0.5888741
-0.369726	-0.34987885	-0.361524	0.3868257	-0.36715433	-0.37979588	0.33705544	0.35297328	0.32583135	0.3773661	-0.33929738	-0.31479493	-0.33594152	0.3548742	-0.32362083	-0.3952442	0.34995672	0.2984322	-0.35646328	-0.3278012	-0.40583852	-0.3200467	0.37850654	0.3064337	0.294224	0.32717395	-0.38681716	-0.29293495	0.361274	0.3144225	-0.35559937	0.32653666	-0.3490226	-0.2848604	0.38284287	-0.35595232	-0.25231358	0.3755147	-0.28322232	0.33373588	0.41713372	-0.37431517	-0.35601306	-0.34161916	-0.31708688	0.3987029	-0.3067411	-0.31470707	0.41488028	0.33860803	-0.3245525	-0.31469694	-0.2811257	-0.39048028	-0.34586832	-0.37290832	0.38507834	-0.40176165	-0.37632066	-0.32291788	-0.30779156	0.35285944	0.28047413	-0.31180832	0.34555593	0.38961568	-0.30931306	0.37416747	0.38510993	-0.37053663	0.3565999	0.32096758	-0.3426903	-0.34309873	0.33988947	0.3724064	0.35661584	-0.3247335	-0.30540448	0.3039252	0.36031035	-0.34409413	0.32697362	0.31713495	0.25857836	0.33939537	0.3750998	0.3446186	-0.31914952	-0.3702347	0.3802659	0.3747919	-0.3857661	0.36285424	-0.3069195	0.37349358	0.35985678	-0.2575255	0.34787124	-0.3765802
-0.22973952	-0.24680649	-0.25144854	0.21804689	-0.26650292	-0.25043985	0.2171451	0.18335465	0.22479738	0.2786727	-0.23131615	-0.27773792	-0.26346672	0.27489677	-0.22992067	-0.29404002	0.2504996	0.2715232	-0.25619474	-0.26613936	-0.26799315	-0.21708639	0.2555256	0.23591568	0.29148978	0.21354099	-0.23988387	-0.2429497	0.24527831	0.30670324	-0.2700917	0.27656966	-0.28437984	-0.18110733	0.19659886	-0.29134414	-0.26290116	0.2851009	-0.20757772	0.22032528	0.32407674	-0.25532886	-0.3100436	-0.21095198	-0.23198573	0.23267199	-0.25119412	-0.27085564	0.2863087	0.21616368	-0.19734152	-0.29102096	-0.27353463	-0.2451479	-0.24889654	-0.27076232	0.23619902	-0.31167212	-0.25218737	-0.18563686	-0.2960627	0.206471	0.24139114	-0.23732194	0.27697057	0.24008426	-0.25773826	0.20193936	0.30624387	-0.21048099	0.20580253	0.2878407	-0.25241128	-0.2901903	0.2453728	0.2594192	0.29500294	-0.30526033	-0.23319933	0.18191019	0.23236178	-0.22982183	0.25285083	0.23870578	0.23143002	0.28462332	0.26421848	0.25990084	-0.26949927	-0.2156544	0.27342737	0.26961362	-0.24625936	0.21042195	-0.29768983	0.2584586	0.2695937	-0.16141577	0.24063316	-0.26089597
-0.6056247	-0.68558997	-0.62379336	0.6045829	-0.62763005	-0.68360204	0.61302346	0.5683334	0.66743016	0.6095151	-0.67078424	-0.65483046	-0.67965186	0.6518012	-0.61565876	-0.6728742	0.6166654	0.6107686	-0.59557515	-0.6506451	-0.70567596	-0.60587037	0.6638733	0.62641853	0.68113846	0.6008017	-0.66304284	-0.66928333	0.6484066	0.6090153	-0.6213577	0.68317795	-0.61914665	-0.6194977	0.6413664	-0.6737081	-0.6303841	0.63412225	-0.62848824	0.6393008	0.682415	-0.59432673	-0.666778	-0.686743	-0.5971696	0.67834944	-0.5991869	-0.607501	0.6126188	0.64499885	-0.6457543	-0.672204	-0.67280406	-0.65672284	-0.6124742	-0.61626095	0.68825454	-0.6785226	-0.6121344	-0.6758768	-0.6393441	0.67472684	0.664268	-0.6385283	0.63464546	0.69206464	-0.59420943	0.6443883	0.67669976	-0.67629254	0.6093787	0.64001507	-0.67837703	-0.6707363	0.686446	0.57976115	0.6682279	-0.6492616	-0.5954284	0.58757144	0.6559368	-0.6481471	0.6099993	0.62130445	0.574313	0.6671953	0.6351844	0.599379	-0.6349394	-0.610106	0.6879458	0.6863756	-0.6717506	0.59576297	-0.6703047	0.6686763	0.67280227	-0.5237538	0.6435692	-0.6440794
-0.67745686	-0.77516544	-0.7434724	0.8275914	-0.8188061	-0.7662611	0.80043507	0.6664762	0.75087047	0.8484255	-0.79973525	-0.83783615	-0.8498322	0.7982462	-0.8226565	-0.83674717	0.8056872	0.70290995	-0.7813405	-0.7756755	-0.8923802	-0.7659621	0.779813	0.784343	0.77397317	0.71999806	-0.82193345	-0.79750526	0.9006106	0.8299604	-0.7799474	0.8837003	-0.77585506	-0.68144834	0.8056021	-0.8199264	-0.73793525	0.7286615	-0.7946567	0.7596957	0.85780895	-0.858148	-0.8324191	-0.81761706	-0.8053639	0.79817915	-0.7504769	-0.82133335	0.84599113	0.81300646	-0.6160668	-0.80532116	-0.7328259	-0.7657375	-0.8025879	-0.77344775	0.85724056	-0.8802781	-0.78404975	-0.7533038	-0.8213522	0.8002498	0.68230355	-0.7949681	0.8259353	0.8456039	-0.6549784	0.72490215	0.8716156	-0.84625375	0.7079648	0.82695776	-0.8540391	-0.765456	0.81459713	0.76241577	0.75387	-0.7817882	-0.7170137	0.65289575	0.7058693	-0.70656514	0.7470635	0.7784645	0.6085014	0.68027055	0.7790337	0.6984024	-0.8134686	-0.83695006	0.8268638	0.75109506	-0.77018726	0.8135098	-0.7720351	0.7743917	0.84764344	-0.6276342	0.8143461	-0.8591884
-0.56789124	-0.5764943	-0.54423636	0.57962686	-0.5090558	-0.46894613	0.48611137	0.536523	0.5563073	0.5127567	-0.45097187	-0.5424347	-0.50759625	0.4761721	-0.45866075	-0.55449945	0.5049847	0.48639646	-0.46116024	-0.47557256	-0.5608161	-0.5936797	0.4931362	0.5599576	0.5333036	0.53334713	-0.5643466	-0.5508332	0.565099	0.5580005	-0.5722564	0.5017301	-0.49257842	-0.4840005	0.5565416	-0.46767116	-0.39499623	0.4969985	-0.53868634	0.45772284	0.4973957	-0.5255168	-0.513516	-0.49860677	-0.5570715	0.47649214	-0.42839006	-0.4854501	0.5250064	0.47040886	-0.4356226	-0.5605565	-0.51281446	-0.50247246	-0.5459208	-0.52083623	0.5149894	-0.47316155	-0.5427333	-0.5209167	-0.54897195	0.44955108	0.45249915	-0.50405973	0.5616973	0.56798184	-0.47206888	0.5247337	0.48839095	-0.54396653	0.4762318	0.52269214	-0.5885145	-0.47149155	0.55150795	0.5111515	0.48506296	-0.55142486	-0.43000242	0.3726111	0.55303806	-0.5117928	0.56268144	0.46442157	0.44762155	0.6087841	0.5575519	0.5780124	-0.49019048	-0.54060477	0.4961147	0.45604888	-0.5607818	0.41086373	-0.5231612	0.5192633	0.5798508	-0.45022407	0.5656839	-0.58825564
-0.09915095	-0.12126674	-0.120847516	0.107192874	-0.0340993	-0.040878043	0.051954236	0.10453737	0.11704004	0.11538477	-0.033386033	-0.1580425	-0.18506475	0.085981116	-0.07111069	-0.1882498	0.10675845	0.14153187	-0.068402424	-0.13730393	-0.16121322	-0.1560079	0.101956256	0.12086521	0.0632505	0.13706233	-0.14566611	-0.07396704	0.15095949	0.12616204	-0.14055955	0.17807761	-0.12108593	-0.018179242	0.09514796	-0.102033265	-0.071230546	0.093520634	-0.09304032	0.07792082	0.1307036	-0.12287192	-0.14498518	-0.10736631	-0.13977091	0.13392663	-0.036336143	-0.09048276	0.12868552	0.06403522	-0.08719678	-0.13296531	-0.10137672	-0.082422994	-0.06849531	-0.1700733	0.086206734	-0.12903863	-0.1150448	-0.15087254	-0.13389976	0.061349995	0.037003446	-0.12533914	0.100577734	0.10439217	-0.08624684	0.08707233	0.14777064	-0.14342739	0.13917412	0.14605662	-0.08440608	-0.044392332	0.13400385	0.13381135	0.12759492	-0.0847625	-0.053088747	0.088270575	0.088076234	-0.04742176	0.07463923	0.03614026	0.059586715	0.14175953	0.17355365	0.14366104	-0.08726297	-0.121430464	0.16431397	0.08126246	-0.10068886	0.111616105	-0.1152103	0.16451979	0.15493366	-0.0024809386	0.055686455	-0.09384954
-0.5680102	-0.6565613	-0.5897492	0.6259576	-0.53264374	-0.5284777	0.53947175	0.5859758	0.5903304	0.6395431	-0.5783966	-0.62675637	-0.5616396	0.53248876	-0.6280724	-0.6276186	0.6326045	0.55063254	-0.5933096	-0.61824244	-0.63912714	-0.5958333	0.61460435	0.6157664	0.5392023	0.605358	-0.5802262	-0.616252	0.5769703	0.62883	-0.60851187	0.58551884	-0.5751269	-0.54569465	0.6079872	-0.55973935	-0.4544987	0.5742343	-0.60279715	0.548492	0.56413233	-0.5724585	-0.63999426	-0.5693535	-0.5577679	0.622146	-0.5382048	-0.592323	0.5303579	0.6099143	-0.60010105	-0.6027514	-0.59455764	-0.5964251	-0.5625286	-0.5616849	0.5688758	-0.5732299	-0.57047844	-0.6169883	-0.5624428	0.5317481	0.5683795	-0.5685848	0.632099	0.60552204	-0.6136005	0.551129	0.55666417	-0.6391376	0.58697635	0.58628	-0.6353406	-0.55566746	0.6104959	0.54671186	0.57556695	-0.6521975	-0.48773545	0.45813498	0.5707275	-0.5779512	0.6168577	0.59545696	0.5778801	0.59777373	0.63286597	0.62877864	-0.5596034	-0.57330203	0.6409528	0.59517765	-0.57110006	0.5166976	-0.5615357	0.641612	0.60904217	-0.52895087	0.576553	-0.61685693
-0.3706374	-0.5305748	-0.49529666	0.461944	-0.49357697	-0.4609505	0.4568358	0.4013188	0.42982778	0.46570086	-0.40859383	-0.44107977	-0.5005024	0.43964294	-0.49893552	-0.4776229	0.509988	0.44963372	-0.42463094	-0.48822978	-0.45586473	-0.50122994	0.49716884	0.5070272	0.44040793	0.46954718	-0.4650683	-0.43881497	0.4669744	0.43050936	-0.5021019	0.5153496	-0.45956343	-0.44682986	0.5109769	-0.46944356	-0.43831447	0.41958225	-0.5139424	0.42908818	0.48415878	-0.5076003	-0.4569668	-0.47847268	-0.45221126	0.43849966	-0.40255696	-0.49628842	0.49835473	0.42006505	-0.40301526	-0.49939612	-0.4202247	-0.5159186	-0.47698736	-0.504984	0.50066715	-0.5172027	-0.4244598	-0.48284104	-0.5290309	0.47399253	0.44808796	-0.48245886	0.4496013	0.4849938	-0.35067648	0.40616965	0.454372	-0.5099302	0.4969287	0.5176878	-0.50746787	-0.43965477	0.51853305	0.42830604	0.49103263	-0.4373407	-0.39172584	0.42748022	0.45642793	-0.4680234	0.44466513	0.43395045	0.29049274	0.36466885	0.45415458	0.40726608	-0.500335	-0.50698465	0.49757856	0.49081966	-0.5267267	0.43934697	-0.5250807	0.48396134	0.47617167	-0.4404908	0.45227227	-0.4689876
-0.68580306	-0.7349329	-0.6834102	0.73063046	-0.67813134	-0.67520875	0.64876616	0.58586663	0.65647024	0.7046977	-0.67444044	-0.67022073	-0.7383512	0.6266	-0.72710824	-0.6651979	0.68412364	0.6166745	-0.71888155	-0.73721147	-0.68791926	-0.7013002	0.69028735	0.68333215	0.67242503	0.7179453	-0.7288201	-0.70020187	0.68078	0.6710386	-0.726397	0.67042047	-0.7405795	-0.6267173	0.6532756	-0.6541355	-0.61301565	0.62135464	-0.71144176	0.6890835	0.7569487	-0.6525321	-0.6763577	-0.68343276	-0.6464407	0.6436932	-0.62373304	-0.7249924	0.720029	0.6444343	-0.6351969	-0.7453156	-0.66166955	-0.67744917	-0.66867983	-0.73155797	0.7077986	-0.7448945	-0.72879076	-0.677114	-0.6690046	0.61398876	0.65099424	-0.7138763	0.71335536	0.7268308	-0.62902606	0.62582356	0.7209926	-0.72273636	0.6989721	0.7388368	-0.7016191	-0.682585	0.67041856	0.6578314	0.7182036	-0.6849101	-0.6922471	0.5892825	0.61918396	-0.6010844	0.7284075	0.6481877	0.61353403	0.64144325	0.68380916	0.65411454	-0.6768507	-0.65934193	0.68257475	0.70594263	-0.7243115	0.72433686	-0.696233	0.66699445	0.75046414	-0.6265841	0.70513374	-0.7241522
-0.3498184	-0.45199522	-0.37059376	0.46595395	-0.41240278	-0.41230208	0.4079837	0.42101052	0.4587368	0.47609177	-0.44084024	-0.4163024	-0.4798641	0.37728214	-0.48430136	-0.4095731	0.46151122	0.36437818	-0.4331121	-0.4425471	-0.4360568	-0.47369716	0.4263634	0.41968858	0.47372222	0.46090385	-0.47087806	-0.4151358	0.4889049	0.43465105	-0.45336244	0.40959406	-0.47534227	-0.34470847	0.43763605	-0.45949215	-0.41161516	0.3952627	-0.39255843	0.3647023	0.45502135	-0.47825465	-0.40687945	-0.38243026	-0.40827852	0.47284168	-0.40650198	-0.45287836	0.43201983	0.4740412	-0.33319256	-0.49073154	-0.39242336	-0.4022048	-0.39898548	-0.42569914	0.45810542	-0.5015234	-0.42192644	-0.41001406	-0.4108751	0.41277564	0.3768535	-0.4770258	0.41591352	0.47447556	-0.36284897	0.42579594	0.473944	-0.43493485	0.43592203	0.47300556	-0.456935	-0.4509868	0.39735952	0.44824752	0.44090626	-0.4029075	-0.41671824	0.37414193	0.42591643	-0.39345053	0.4708042	0.42237395	0.36961052	0.36065832	0.416278	0.3905483	-0.4268006	-0.40124875	0.4793061	0.45822573	-0.40926903	0.41906402	-0.41960573	0.429854	0.46640417	-0.3496793	0.46680427	-0.45571554
-0.26518932	-0.25713083	-0.32823625	0.29998916	-0.23169516	-0.3404269	0.2643295	0.24653743	0.28124705	0.31959283	-0.33103368	-0.259344	-0.24723117	0.24378899	-0.25321066	-0.31739843	0.2877906	0.27414858	-0.34290552	-0.27649775	-0.33258244	-0.23741178	0.27009735	0.30915645	0.284229	0.25783637	-0.28857088	-0.28669855	0.3229543	0.30395648	-0.29855192	0.29383665	-0.31876925	-0.25466242	0.2690065	-0.24546948	-0.2904152	0.28406465	-0.29697087	0.30767015	0.29362407	-0.33455768	-0.27583498	-0.30629995	-0.3273721	0.31315288	-0.26720387	-0.31779146	0.30194268	0.28607455	-0.19279006	-0.31116945	-0.23470993	-0.27005568	-0.3015065	-0.29914418	0.32824394	-0.31564778	-0.28572792	-0.28529513	-0.2688222	0.32619083	0.23882662	-0.3383464	0.271945	0.2842233	-0.21404529	0.28719777	0.25558418	-0.30800053	0.22563688	0.30224103	-0.31976336	-0.31064835	0.2575039	0.24728529	0.26703423	-0.3201797	-0.3259969	0.27846134	0.26948014	-0.26703396	0.30283833	0.2226988	0.2403757	0.27024606	0.2618192	0.2138772	-0.2634495	-0.30640557	0.33972338	0.29591015	-0.30888045	0.32381237	-0.29226348	0.2315811	0.2646869	-0.28138515	0.25975195	-0.31281224
-0.7458855	-0.75572586	-0.7549423	0.76906484	-0.70753485	-0.6972802	0.73792624	0.6571561	0.70331514	0.7229887	-0.7266634	-0.7714698	-0.6872474	0.6862919	-0.73063093	-0.72805613	0.6622408	0.7627356	-0.6851302	-0.69358665	-0.70803255	-0.7538016	0.66727877	0.74895394	0.7457736	0.71611387	-0.71093947	-0.7709802	0.7285531	0.71213776	-0.69769067	0.7501206	-0.69792217	-0.6437476	0.72939014	-0.7202309	-0.7005766	0.7387923	-0.71797997	0.7257995	0.66914994	-0.75003886	-0.74864805	-0.77893806	-0.69594646	0.73828954	-0.6545324	-0.6957142	0.69154054	0.7167536	-0.7242509	-0.6842292	-0.73350716	-0.67943466	-0.6999855	-0.7012424	0.6900484	-0.73791397	-0.73609334	-0.7251373	-0.7358721	0.662906	0.6511762	-0.7099332	0.7120178	0.72296506	-0.6903437	0.7019986	0.6670083	-0.7688933	0.7235163	0.6867285	-0.708694	-0.7547353	0.71577823	0.73659605	0.67651826	-0.7472886	-0.66998583	0.601818	0.71155685	-0.73451114	0.739479	0.72220355	0.63685256	0.7182995	0.76314735	0.6988423	-0.70484406	-0.69272774	0.76566446	0.6971186	-0.7412784	0.643167	-0.6895552	0.7313853	0.7656495	-0.6174941	0.7541662	-0.73431146
0.06075424	0.045333482	-0.006905391	0.03384861	-0.0065555875	0.05975893	-0.072121225	0.019404035	-0.016020058	-0.042952314	0.05399629	0.041890513	0.03778693	-0.014241927	0.034515887	-0.03156099	-0.039423093	-0.050004955	-0.021768522	0.04231301	-0.008398388	-0.012660128	-0.029980736	0.03015323	0.0026911679	-0.023866918	-0.013336085	-0.0016167692	-0.058555353	-0.052128226	-0.019211056	-0.01041671	-0.032867648	0.016200775	-0.026029687	-0.026177943	0.024905693	0.012543016	-0.007941182	-0.024211967	-0.0033882114	0.06298154	0.038397856	0.021742526	-0.022136785	-0.012101042	0.10727798	-0.03430892	-0.014810949	-0.012361774	0.013572958	0.022876468	0.040419348	0.060321502	0.055121623	-0.028800145	-0.04506879	0.051909827	0.07386149	0.018025206	0.008560209	0.0260365	0.008823054	-0.00049989676	0.027595513	-0.016200872	-0.024302443	-0.025756931	-0.042368837	0.017925588	-0.04796494	0.029008849	0.062189497	0.0069661024	-0.012509233	0.013117231	-0.06528203	-0.032119155	0.02277614	-0.083184555	-0.05222087	0.05309475	-0.061243284	-0.052584052	-0.041217986	-0.0042877286	0.0127870515	-0.047998164	0.041848503	-0.024726119	-0.029069468	0.03211569	-0.012541019	0.0075791553	-0.030596359	0.012541889	-0.009178245	0.102080405	-0.008869595	-0.028453229
-0.33490837	-0.24411619	-0.2819807	0.27019668	-0.31111503	-0.20926826	0.28410572	0.2369514	0.2441104	0.2853322	-0.23130551	-0.3180834	-0.24763677	0.29235384	-0.22992006	-0.27725223	0.31185338	0.25497612	-0.264599	-0.26892528	-0.2573873	-0.31345922	0.26963687	0.30597696	0.2563184	0.25909215	-0.29059535	-0.26175562	0.27414525	0.2581196	-0.2845243	0.31882682	-0.25272366	-0.24838313	0.23741278	-0.25402024	-0.30209094	0.2761156	-0.3002104	0.2712364	0.29897988	-0.27447486	-0.2947515	-0.26821595	-0.26920286	0.30025324	-0.24144548	-0.28093213	0.23287128	0.28261667	-0.3284987	-0.25128618	-0.28504142	-0.24445254	-0.29949912	-0.306519	0.29395223	-0.22316305	-0.25426245	-0.25176418	-0.25198984	0.31054458	0.31694335	-0.25413787	0.3057262	0.28075293	-0.25494936	0.25941563	0.30806234	-0.27595705	0.29834437	0.30057785	-0.25920808	-0.30438015	0.23216693	0.309823	0.2807963	-0.254501	-0.22196929	0.30055058	0.30932763	-0.2745476	0.29583323	0.29931417	0.30076724	0.29578215	0.27253854	0.24696136	-0.30219382	-0.28289938	0.2619506	0.3095385	-0.2700648	0.26436147	-0.27117357	0.2929697	0.25319684	-0.2515901	0.26116672	-0.22980155
-0.38848144	-0.36714748	-0.44210926	0.37652	-0.39405245	-0.43609467	0.42743286	0.4521712	0.3699653	0.40653786	-0.4215861	-0.4108087	-0.4097556	0.44457194	-0.42039925	-0.41621044	0.47519565	0.34877607	-0.35438192	-0.4559115	-0.4442308	-0.34179094	0.41858414	0.3738084	0.40771696	0.44260842	-0.38267392	-0.390857	0.41811538	0.3904154	-0.43589652	0.43892777	-0.3626676	-0.41146934	0.42058024	-0.41165736	-0.4229829	0.3802475	-0.43389758	0.40874746	0.38186583	-0.44503033	-0.4115565	-0.4441404	-0.47245026	0.40771276	-0.40683144	-0.3735194	0.41044843	0.38324338	-0.44409344	-0.39027894	-0.34305918	-0.43772268	-0.35159627	-0.37524912	0.3473004	-0.42901552	-0.42068836	-0.40566197	-0.39306808	0.36178878	0.4402754	-0.39354396	0.3868225	0.4388363	-0.4564578	0.45482728	0.3660372	-0.3791963	0.39933318	0.37556195	-0.3832156	-0.36259407	0.4459984	0.39169794	0.46286035	-0.45149246	-0.3635586	0.35744032	0.44144797	-0.41288352	0.3956226	0.4726774	0.41191903	0.45044732	0.37510347	0.365512	-0.4377245	-0.36987767	0.38646245	0.38446504	-0.44364786	0.40079534	-0.40962142	0.38157383	0.36390594	-0.35919768	0.37902048	-0.4568253
-0.43917605	-0.52253234	-0.5304122	0.4981817	-0.5156362	-0.49942836	0.49363908	0.5261908	0.5199416	0.5141209	-0.44342867	-0.52430737	-0.52902925	0.52276003	-0.51408345	-0.4421471	0.5016959	0.45196772	-0.5025116	-0.44063893	-0.51491433	-0.4809343	0.46798074	0.5102479	0.50867563	0.4785417	-0.5010453	-0.4843368	0.44914827	0.49067712	-0.5078543	0.46251592	-0.5102488	-0.49393508	0.517257	-0.5169925	-0.45102838	0.52679914	-0.5093328	0.5100181	0.47407392	-0.46506432	-0.491052	-0.47371674	-0.52454007	0.47156304	-0.4697382	-0.4604314	0.5140169	0.43815383	-0.44660136	-0.5263555	-0.42529526	-0.53140074	-0.5076481	-0.47379202	0.4842661	-0.5253345	-0.5042122	-0.4485658	-0.50465196	0.5132835	0.48770455	-0.5038753	0.45435226	0.5330151	-0.47354892	0.4394485	0.53418374	-0.4473054	0.46225747	0.49725258	-0.45058206	-0.51530737	0.44308695	0.45989662	0.50370014	-0.5324693	-0.42077217	0.3852299	0.50890154	-0.42285967	0.47468373	0.5026562	0.5024071	0.5327971	0.52141684	0.43675038	-0.50012517	-0.5273876	0.43537587	0.47761574	-0.5263629	0.49212858	-0.4447871	0.45128775	0.4846262	-0.3828322	0.51651114	-0.48320606
-0.42788064	-0.38040644	-0.39569095	0.41584763	-0.38301787	-0.46686253	0.3610645	0.3309385	0.44021177	0.41478914	-0.37172854	-0.43075237	-0.42053068	0.38685185	-0.45259738	-0.43828207	0.40038243	0.3965754	-0.3925802	-0.3940053	-0.42699543	-0.43889436	0.40342006	0.38552836	0.44221392	0.38655856	-0.40265942	-0.42932147	0.4713037	0.46368206	-0.3783052	0.3999897	-0.4265783	-0.37995863	0.39018187	-0.39352924	-0.35178638	0.40104964	-0.36200044	0.405884	0.4190026	-0.43321267	-0.38568082	-0.42549652	-0.40962827	0.44138023	-0.41279513	-0.3582058	0.38084468	0.45910862	-0.4050835	-0.4352165	-0.36641	-0.41605982	-0.44670242	-0.39762327	0.38163817	-0.42224833	-0.4396445	-0.45126078	-0.4617522	0.36772537	0.38401625	-0.44414955	0.44591576	0.47374114	-0.4149227	0.36749303	0.4595278	-0.44755217	0.44521472	0.43641347	-0.41277727	-0.42524222	0.416802	0.39538378	0.3833099	-0.39425138	-0.38388437	0.39567512	0.4206108	-0.38193166	0.43427092	0.40875313	0.35975295	0.43558094	0.43969768	0.40559134	-0.3709046	-0.3927608	0.39100742	0.36710408	-0.42802775	0.44554204	-0.35662818	0.41768017	0.4033247	-0.3363926	0.41519207	-0.38650256
-0.6673488	-0.6470386	-0.72070867	0.6637287	-0.66111207	-0.5929003	0.6547181	0.6692899	0.70565784	0.6843198	-0.7026652	-0.6897504	-0.6616754	0.64097035	-0.6382822	-0.6445146	0.6290729	0.6318379	-0.6396169	-0.63090855	-0.69605863	-0.6719565	0.67776847	0.64843106	0.7021099	0.71442395	-0.67732394	-0.6160723	0.6753014	0.65094966	-0.6635269	0.6607778	-0.72988904	-0.5849406	0.7000753	-0.6590928	-0.6058165	0.7413898	-0.62535197	0.65779626	0.6722423	-0.70644075	-0.6324551	-0.6428761	-0.66270506	0.63597	-0.63877046	-0.7213644	0.7069334	0.64589	-0.57078856	-0.68489075	-0.5989929	-0.6959504	-0.6367302	-0.70348364	0.6636855	-0.6653783	-0.62261844	-0.7069714	-0.7232149	0.6127704	0.6213895	-0.73099333	0.69595265	0.7518433	-0.67486304	0.68346435	0.6402624	-0.6612331	0.7002332	0.70982516	-0.69543344	-0.6893702	0.7229673	0.67514676	0.6926167	-0.6843058	-0.5781124	0.49543837	0.6922423	-0.6010413	0.6556194	0.7036099	0.6014506	0.72063273	0.72564167	0.7123492	-0.6459319	-0.62003523	0.6822105	0.67912275	-0.7030838	0.68541473	-0.63863975	0.7347904	0.6833263	-0.48575968	0.62197566	-0.6750654
-0.21106075	-0.24453467	-0.24874811	0.27398878	-0.23349944	-0.21040572	0.28350592	0.27175996	0.21764919	0.2407511	-0.23066907	-0.30233422	-0.2622548	0.2840294	-0.21672203	-0.20696956	0.20966166	0.28382236	-0.26759106	-0.290095	-0.25882632	-0.24321894	0.26086694	0.20730315	0.2745857	0.2924965	-0.28657722	-0.23774244	0.1974716	0.2123108	-0.21294965	0.30108052	-0.3059374	-0.29238382	0.26920575	-0.23238432	-0.2825627	0.2553966	-0.21377043	0.2635478	0.28405118	-0.29263124	-0.29415947	-0.29036003	-0.22997144	0.2830981	-0.24356721	-0.21559511	0.2252538	0.22272283	-0.28590992	-0.22676007	-0.29099232	-0.26420537	-0.2542657	-0.2279623	0.26602614	-0.30376387	-0.28129518	-0.2512682	-0.20287138	0.22929904	0.23451068	-0.2429089	0.2548361	0.280947	-0.23798834	0.2599997	0.228393	-0.24718899	0.291445	0.25150192	-0.22710416	-0.2016377	0.26051724	0.23971026	0.21730864	-0.27164	-0.25435558	0.16551682	0.2915547	-0.19263156	0.2917696	0.23052025	0.20024373	0.2625748	0.26027483	0.28241944	-0.2777341	-0.28327906	0.22691202	0.2934608	-0.20778199	0.25538322	-0.21633421	0.28429744	0.22939605	-0.20833401	0.20216589	-0.21250883
-0.11891144	-0.1656796	-0.10007804	0.13584208	-0.12483075	-0.15903436	0.10321422	0.15495943	0.14593802	0.109453514	-0.11810784	-0.18385527	-0.15877998	0.13222387	-0.17138122	-0.14285061	0.17225961	0.12013802	-0.12864839	-0.15653941	-0.16427094	-0.12743834	0.14101313	0.114161134	0.14280291	0.15309547	-0.19724	-0.09914733	0.16904542	0.133119	-0.1709566	0.1184899	-0.19210492	-0.12620644	0.1498146	-0.13728783	-0.14328915	0.13928024	-0.18897617	0.10723794	0.18417087	-0.17354296	-0.1655992	-0.15647642	-0.12270079	0.17133032	-0.19298738	-0.14016701	0.08848861	0.09333455	-0.18077663	-0.145077	-0.11770921	-0.17880574	-0.13179885	-0.17881894	0.10248386	-0.09141349	-0.112254374	-0.16979265	-0.10124408	0.11932746	0.11403468	-0.1554705	0.13094315	0.17444035	-0.14178362	0.12871718	0.13541801	-0.11049141	0.15387045	0.18467218	-0.10480625	-0.17379645	0.15701118	0.14786886	0.13555175	-0.11415862	-0.13574037	0.1300438	0.10675524	-0.16722037	0.15790592	0.19609003	0.12553465	0.118548095	0.17420773	0.10177109	-0.14216517	-0.16409619	0.19894657	0.1301337	-0.19194888	0.10239742	-0.1060606	0.14419827	0.110270016	-0.1404102	0.16791524	-0.18464127
-0.11282438	-0.070218936	-0.13080968	0.1380838	-0.10294135	-0.08230986	0.11467332	0.11963104	0.14444567	0.051399093	-0.10686602	-0.10709372	-0.09917131	0.12554353	-0.08356469	-0.057426434	0.13150853	0.13955283	-0.09714946	-0.06208697	-0.09782826	-0.12297516	0.12128446	0.1329305	0.116013564	0.11115437	-0.09748643	-0.107605085	0.087668344	0.08568382	-0.11310089	0.13097264	-0.04920608	-0.072765514	0.050050974	-0.107794076	-0.10808456	0.14189865	-0.13615665	0.05480775	0.118393674	-0.10114433	-0.08691449	-0.0982981	-0.057464086	0.044477202	-0.12849069	-0.06955688	0.106118426	0.07076319	-0.1436726	-0.069236174	-0.06325301	-0.09595407	-0.10105943	-0.053919364	0.12685338	-0.12030488	-0.06046079	-0.09400088	-0.11800867	0.08337216	0.15228283	-0.07805285	0.106111236	0.07957074	-0.13230112	0.05791353	0.047294192	-0.12957539	0.05431701	0.060204983	-0.13810702	-0.11770538	0.08443285	0.104737036	0.0946191	-0.07436688	-0.0652064	0.11567226	0.11856456	-0.15050662	0.11551665	0.07634687	0.10539106	0.14780007	0.06824197	0.10246894	-0.06997789	-0.074061446	0.062461887	0.12877303	-0.13026223	0.09542132	-0.12502687	0.12584515	0.09355278	-0.067675576	0.07929065	-0.035103496
-0.11838222	-0.13016176	-0.10349571	0.08378122	-0.107427016	-0.18157946	0.11614363	0.091358036	0.09937468	0.17564777	-0.108344264	-0.09986952	-0.18187256	0.13331445	-0.14946753	-0.11070792	0.14391075	0.13566418	-0.1370108	-0.105903365	-0.15583514	-0.12812425	0.17048915	0.15407823	0.17100148	0.16840847	-0.16089435	-0.14546733	0.109196015	0.093140766	-0.096453525	0.117093705	-0.16594276	-0.086606905	0.13633423	-0.08798594	-0.13418078	0.07849692	-0.13784952	0.1634252	0.1544705	-0.10869138	-0.11329935	-0.16131721	-0.16677575	0.0979256	-0.1555876	-0.13466327	0.12536722	0.08110281	-0.14484325	-0.112616345	-0.1206652	-0.14541924	-0.16149078	-0.100339405	0.12611866	-0.14412609	-0.13984579	-0.12451284	-0.16603598	0.085111655	0.13400263	-0.083666444	0.14840156	0.11194368	-0.16676122	0.16285582	0.123822786	-0.16293761	0.14831938	0.1023174	-0.17215896	-0.083275124	0.10842955	0.1504504	0.17112719	-0.16551895	-0.0819373	0.08787868	0.13363959	-0.1103662	0.10826153	0.15716606	0.13859089	0.09210923	0.11737665	0.15126354	-0.15151988	-0.11944206	0.14081357	0.09903321	-0.12281246	0.13945617	-0.15593672	0.16378419	0.124662586	-0.15858014	0.14033727	-0.109292924
-0.52389055	-0.52475226	-0.5034776	0.44906366	-0.4369782	-0.44001555	0.4577627	0.4549356	0.48153177	0.44178945	-0.43984312	-0.5040111	-0.4737899	0.45665735	-0.48996675	-0.46801856	0.5152979	0.5147046	-0.52362895	-0.4401412	-0.4781307	-0.47700995	0.5248089	0.5326209	0.5247112	0.48279527	-0.517054	-0.4386956	0.52592504	0.5276846	-0.51411784	0.5137531	-0.5096707	-0.5196901	0.46207747	-0.45584783	-0.46035388	0.4887171	-0.47575697	0.49606195	0.44073138	-0.43461493	-0.4805453	-0.50819635	-0.49077436	0.4830695	-0.42401114	-0.4337567	0.5198019	0.4594485	-0.48019066	-0.5167208	-0.43521452	-0.5314612	-0.45361626	-0.51482403	0.520255	-0.50313514	-0.51048636	-0.5108118	-0.5196751	0.49465817	0.46030447	-0.45220518	0.43645206	0.49002966	-0.5355599	0.5394282	0.5316469	-0.53068143	0.5243699	0.49519315	-0.52757347	-0.49487323	0.53122675	0.45072913	0.51589376	-0.51020247	-0.4940137	0.4715552	0.53257936	-0.46603772	0.44954666	0.51590633	0.4529132	0.5105788	0.4942227	0.5238243	-0.48171672	-0.50499845	0.52204037	0.4667361	-0.47591075	0.526142	-0.4551476	0.51530427	0.47352317	-0.44074094	0.51017034	-0.4349084
-0.13298345	-0.07450355	-0.10231162	0.11593397	-0.0847344	-0.09214011	0.12191896	0.077026874	0.10120222	0.1293235	-0.082278006	-0.12694824	-0.10775012	0.09265382	-0.090701595	-0.08981327	0.059584506	0.08486467	-0.12815021	-0.04948976	-0.14504202	-0.12846869	0.07264793	0.06883884	0.13355213	0.101252615	-0.1302692	-0.085769385	0.08100269	0.059849445	-0.05522717	0.11349879	-0.06542431	-0.13852683	0.1545992	-0.12224518	-0.076146126	0.15214056	-0.15199472	0.07045858	0.057424325	-0.13154407	-0.13530761	-0.1630607	-0.078397386	0.065582655	-0.064353086	-0.10101419	0.1351971	0.060871057	-0.13862498	-0.15560582	-0.10830155	-0.13763887	-0.12628789	-0.10540263	0.06705524	-0.09735645	-0.122807525	-0.08686536	-0.1434689	0.113431625	0.12141187	-0.09019151	0.0734097	0.098803915	-0.092922874	0.16853374	0.044042494	-0.14463407	0.07236142	0.13027564	-0.08014426	-0.06981189	0.08464818	0.13349058	0.12381877	-0.062131986	-0.064741224	0.11277866	0.102293245	-0.15611766	0.12287376	0.06887758	0.096142076	0.11730919	0.13604027	0.18039815	-0.061631117	-0.045957692	0.1337682	0.080467336	-0.09482596	0.1378279	-0.1383025	0.11488764	0.11651681	-0.14647484	0.07115396	-0.15048021
-0.29334903	-0.26206225	-0.21937819	0.26714066	-0.3076928	-0.264433	0.29041108	0.24633849	0.3283255	0.27249	-0.26238984	-0.29713225	-0.26496562	0.28233334	-0.26615494	-0.28107357	0.2658741	0.25070438	-0.31602794	-0.23735479	-0.27542946	-0.27185944	0.27399233	0.3089899	0.2829465	0.30539095	-0.26376608	-0.29579687	0.3270976	0.23028122	-0.22197232	0.290892	-0.25811028	-0.23405294	0.28284013	-0.30669317	-0.2538592	0.27380028	-0.22508301	0.28710046	0.26925862	-0.2735501	-0.26906896	-0.2937874	-0.27129292	0.26236954	-0.2962177	-0.26910588	0.23083545	0.3064917	-0.28027773	-0.28944567	-0.25249672	-0.271771	-0.31917843	-0.23677635	0.27885342	-0.24088363	-0.2952605	-0.27548975	-0.29496008	0.2778614	0.23417321	-0.280134	0.30183813	0.3177211	-0.2788998	0.28490785	0.24874425	-0.3061104	0.25150493	0.3014521	-0.2566539	-0.27673885	0.259675	0.2638408	0.25493667	-0.30649424	-0.25019568	0.23199159	0.22462168	-0.26769334	0.2705366	0.2739718	0.23390006	0.31779358	0.2688865	0.29564062	-0.30735907	-0.30316752	0.30397728	0.21321183	-0.28729644	0.32674897	-0.24144007	0.24018392	0.24988073	-0.25334212	0.25127274	-0.23650312
-0.18799505	-0.2195923	-0.18573897	0.1885516	-0.25077492	-0.1672774	0.2386607	0.1805829	0.18478015	0.18895374	-0.22411017	-0.19153433	-0.15632951	0.2508298	-0.21773599	-0.2266756	0.16744144	0.24431714	-0.17131677	-0.24030116	-0.22628659	-0.21973196	0.22878362	0.2115895	0.21242033	0.20475684	-0.17185146	-0.21286403	0.18400484	0.14251377	-0.17564614	0.14238714	-0.2243098	-0.25931436	0.17002703	-0.16398816	-0.16727419	0.21021597	-0.23536478	0.24676806	0.17831904	-0.15371856	-0.1557546	-0.22110194	-0.16475044	0.20106165	-0.2051132	-0.21324304	0.14342684	0.22008245	-0.23819858	-0.19706449	-0.18464956	-0.22206482	-0.17068382	-0.15779999	0.21967733	-0.16510583	-0.21937202	-0.24174482	-0.20212126	0.24844575	0.1797609	-0.19339654	0.23237455	0.1604844	-0.24764462	0.17172804	0.14037086	-0.17899717	0.21097781	0.20711686	-0.24521305	-0.16562402	0.2003588	0.19908902	0.15107483	-0.1611863	-0.24361895	0.21539435	0.18690561	-0.19621348	0.23871987	0.19858064	0.17353931	0.17256522	0.20915934	0.20042543	-0.22797707	-0.17872183	0.17476898	0.16302304	-0.19819002	0.119127795	-0.17330588	0.19495712	0.15515064	-0.25434774	0.21644625	-0.12539157
-0.44461703	-0.42409375	-0.4375826	0.42619938	-0.42617553	-0.3471538	0.41105175	0.4540079	0.4517639	0.40183353	-0.46283305	-0.4196777	-0.38849935	0.40191048	-0.45386127	-0.42840818	0.44329378	0.40283287	-0.47958326	-0.44211686	-0.4585325	-0.40845412	0.37410963	0.43343073	0.4189799	0.39628604	-0.47280276	-0.4239501	0.36404562	0.39446554	-0.4685826	0.47093064	-0.40664133	-0.3741605	0.40960944	-0.38623962	-0.34914944	0.46265313	-0.4187818	0.44697726	0.4472445	-0.44296205	-0.47273818	-0.4620937	-0.4212782	0.46027982	-0.43223217	-0.4231314	0.44269398	0.40617275	-0.4242333	-0.39689672	-0.43244123	-0.40139297	-0.3871011	-0.47378996	0.40522587	-0.4388779	-0.41951492	-0.48889795	-0.48589367	0.40539056	0.400856	-0.37046674	0.48407513	0.41390592	-0.41702276	0.430701	0.41009122	-0.41184562	0.37069166	0.43412584	-0.48484597	-0.43873814	0.4201499	0.4246197	0.4148329	-0.41076297	-0.39194188	0.34781906	0.46667027	-0.41758657	0.4186092	0.46110564	0.3834013	0.47592753	0.40862444	0.41765916	-0.40526643	-0.42754057	0.46031603	0.40534878	-0.40556815	0.36769646	-0.38373953	0.4680852	0.39823323	-0.33013013	0.4236177	-0.42772982
-0.20972942	-0.14728127	-0.133398	0.21498139	-0.13103507	-0.19303769	0.14002587	0.17631115	0.16113028	0.14798382	-0.1732708	-0.22649254	-0.17268512	0.17683402	-0.22331458	-0.19546148	0.17302088	0.13835052	-0.17644359	-0.18773033	-0.20150219	-0.14399418	0.12737802	0.18622422	0.12987606	0.20212767	-0.16760938	-0.13589224	0.13684537	0.15718554	-0.14674099	0.17147492	-0.20314299	-0.12633248	0.17779078	-0.22415036	-0.16348451	0.14253998	-0.16362223	0.2142444	0.21292366	-0.17958476	-0.1699438	-0.1508236	-0.16704357	0.15428117	-0.18248193	-0.22389811	0.13508308	0.18527219	-0.129257	-0.22278652	-0.20210454	-0.20744054	-0.14933163	-0.12985668	0.14856642	-0.19057341	-0.15417264	-0.14546952	-0.17094621	0.18648969	0.14669265	-0.18182759	0.1434568	0.13452888	-0.18221715	0.21464026	0.19275808	-0.15455298	0.1425386	0.22549994	-0.13164514	-0.22417879	0.14305972	0.17784858	0.19589104	-0.14458174	-0.16755038	0.20425645	0.22268789	-0.21828876	0.1520659	0.20906168	0.13790926	0.16929491	0.1533548	0.17195736	-0.20926319	-0.19563921	0.16717921	0.15451849	-0.14867738	0.13051227	-0.15670238	0.18346013	0.15646149	-0.1232161	0.16640885	-0.16399059
-0.6370087	-0.63394237	-0.6179161	0.62347716	-0.5708815	-0.56374294	0.5366011	0.6283674	0.62471414	0.5830087	-0.57778335	-0.6301119	-0.64788276	0.5572412	-0.5583767	-0.55943865	0.61899245	0.5905709	-0.57408047	-0.6459085	-0.573561	-0.61257654	0.57243454	0.57339346	0.57764363	0.59112245	-0.6031018	-0.60546434	0.6154173	0.6281294	-0.56321514	0.6152555	-0.59451455	-0.5780148	0.6019417	-0.5729666	-0.54925126	0.59601283	-0.6329497	0.5902094	0.5698543	-0.55104923	-0.58797824	-0.6043248	-0.5753369	0.57733476	-0.5899365	-0.5829339	0.5678093	0.5574353	-0.5336999	-0.6452004	-0.6057789	-0.59818685	-0.5704688	-0.62985855	0.56295425	-0.61338204	-0.6157634	-0.6602979	-0.625154	0.63602173	0.6061869	-0.62059283	0.5936402	0.60039985	-0.5753693	0.6315045	0.58029854	-0.64509475	0.6226321	0.60327184	-0.6300482	-0.63274235	0.5566783	0.56823134	0.57974046	-0.5990228	-0.5918446	0.4936242	0.6169035	-0.58899564	0.59847105	0.62739617	0.58392364	0.65573907	0.6087098	0.65665376	-0.5787558	-0.54323316	0.63333136	0.6372105	-0.6281169	0.542299	-0.6143922	0.6626387	0.64414924	-0.525634	0.5960349	-0.6290496
-0.5342919	-0.5641799	-0.48101783	0.5283446	-0.54311454	-0.5007842	0.533828	0.5640425	0.50948626	0.4714695	-0.54286015	-0.5275547	-0.476304	0.5863736	-0.49504498	-0.5477034	0.4751381	0.5185991	-0.48877612	-0.5540789	-0.5355193	-0.6051406	0.46369714	0.5585688	0.5057699	0.551084	-0.5323186	-0.56546015	0.558405	0.5033735	-0.5315207	0.5244962	-0.5143031	-0.44277894	0.5073169	-0.4785168	-0.47794747	0.55796695	-0.5228878	0.5095461	0.589905	-0.56555516	-0.49465925	-0.5487406	-0.5833563	0.5393576	-0.5064777	-0.55883586	0.55829555	0.5335062	-0.53884584	-0.5159728	-0.5237804	-0.568006	-0.5520756	-0.5341684	0.526448	-0.548915	-0.4639956	-0.5387277	-0.5576941	0.5886664	0.5072661	-0.50122255	0.6028185	0.5322272	-0.518673	0.5138508	0.47806424	-0.5213626	0.55402815	0.50807595	-0.5113664	-0.5128762	0.5390076	0.4943274	0.55505234	-0.5955921	-0.52851015	0.48766142	0.57736385	-0.5382361	0.53344005	0.50943756	0.4608725	0.50484204	0.5986701	0.47615123	-0.52676576	-0.4838838	0.53128356	0.5370772	-0.55700296	0.45981684	-0.5730577	0.57427925	0.4944087	-0.44244137	0.4688113	-0.5217072
-0.35754183	-0.31732273	-0.3748752	0.31056082	-0.29485482	-0.3535734	0.3286315	0.35878643	0.37970757	0.35143384	-0.35165226	-0.3366375	-0.36627018	0.36619306	-0.34497926	-0.334675	0.38342968	0.369736	-0.312382	-0.3033892	-0.36947644	-0.29735583	0.34442863	0.2985403	0.353291	0.34189948	-0.3593687	-0.36453745	0.2941942	0.33761665	-0.33880427	0.32578927	-0.3283958	-0.29199606	0.38227743	-0.33156934	-0.296714	0.31115368	-0.3774525	0.31206936	0.3045521	-0.32339686	-0.35575882	-0.38114926	-0.37937206	0.31008673	-0.36894494	-0.3295532	0.34977424	0.3786918	-0.29560438	-0.29369506	-0.30814123	-0.3702318	-0.37312964	-0.31241313	0.32498825	-0.2977531	-0.3683995	-0.32543957	-0.34360275	0.35944703	0.3517295	-0.34795573	0.30353516	0.2979512	-0.36950758	0.3442838	0.38392258	-0.2991755	0.29316413	0.3565005	-0.31849882	-0.35199907	0.35914958	0.33482072	0.36331597	-0.30999228	-0.34883466	0.30308896	0.38714325	-0.32109448	0.3348594	0.33063495	0.30598772	0.3858425	0.3264864	0.31588906	-0.36701956	-0.30246916	0.30394214	0.35088977	-0.36848968	0.3071953	-0.35763946	0.38580996	0.3712097	-0.37650302	0.34707257	-0.32225513
-0.71930766	-0.69917053	-0.7372189	0.68766284	-0.74872285	-0.68966097	0.71204466	0.7061167	0.7014145	0.6924572	-0.7311313	-0.7423112	-0.69728047	0.6724525	-0.70829207	-0.6880175	0.74328744	0.67042226	-0.66359466	-0.71442866	-0.74656147	-0.760392	0.69468445	0.7179078	0.7012086	0.6994365	-0.72849214	-0.75817615	0.7363114	0.7668881	-0.7633932	0.73258066	-0.7043393	-0.65542376	0.7185245	-0.6670011	-0.64377433	0.7795346	-0.7099664	0.6878664	0.76010734	-0.72110367	-0.74088335	-0.6938232	-0.72373337	0.7311565	-0.6765233	-0.73415405	0.74640024	0.6489248	-0.7444756	-0.7487459	-0.72098976	-0.6958232	-0.72345287	-0.75228477	0.70909333	-0.7167021	-0.69276106	-0.7511019	-0.75360423	0.7396798	0.6962087	-0.73687786	0.68820316	0.73709553	-0.73976123	0.7626931	0.72081274	-0.7687217	0.67979825	0.7066135	-0.6830648	-0.6623605	0.66914606	0.6973006	0.7070994	-0.7725463	-0.6195775	0.6583448	0.6787403	-0.6714359	0.7154641	0.6836051	0.7032264	0.7778918	0.7193049	0.7785467	-0.7136879	-0.735535	0.6959285	0.7383131	-0.774833	0.6390487	-0.7499653	0.75223523	0.7473464	-0.65033036	0.72203755	-0.7125622
-0.44495046	-0.48748007	-0.44977528	0.5273915	-0.42215213	-0.39975286	0.47213465	0.47792527	0.44697553	0.44737446	-0.43004867	-0.47094813	-0.45113063	0.48744085	-0.50042236	-0.47226098	0.4895907	0.46694154	-0.45084578	-0.46115732	-0.496285	-0.50911015	0.46418306	0.48257622	0.49184555	0.4622246	-0.4989545	-0.47127694	0.48837414	0.4519213	-0.490496	0.47753114	-0.46002108	-0.39707765	0.47106588	-0.45569053	-0.441221	0.46307683	-0.4438014	0.4894611	0.4241303	-0.49589348	-0.42404705	-0.45144707	-0.44248846	0.47904295	-0.3746053	-0.5206386	0.41588813	0.47668606	-0.4427143	-0.46862346	-0.5046699	-0.46326587	-0.4904552	-0.4724011	0.47782987	-0.4022562	-0.45892313	-0.5275893	-0.5195223	0.49051285	0.43166533	-0.4143362	0.44993845	0.47114444	-0.46645275	0.49670225	0.4237944	-0.4530598	0.47689804	0.44693926	-0.43551975	-0.46381727	0.44276416	0.4438955	0.48345926	-0.47790554	-0.37880656	0.46575662	0.4513861	-0.47007683	0.4429177	0.4608879	0.4000521	0.49418867	0.5247471	0.5263494	-0.39333108	-0.40525174	0.49346918	0.5143878	-0.50032073	0.4429628	-0.44307396	0.52711135	0.43933672	-0.4016498	0.43913165	-0.46541414
-0.14931262	-0.1715909	-0.22181343	0.15603034	-0.1762847	-0.17978458	0.19322273	0.18283413	0.15078215	0.20724371	-0.14218536	-0.14038472	-0.16628858	0.18758252	-0.14497891	-0.14563982	0.19985011	0.14548492	-0.19363129	-0.17095572	-0.1446631	-0.16207027	0.21014076	0.1426865	0.19310719	0.16566981	-0.20701349	-0.21130297	0.1508642	0.22042695	-0.14809315	0.14146025	-0.20754647	-0.17334849	0.22146568	-0.13229701	-0.124639444	0.212556	-0.12736753	0.1670075	0.13401225	-0.16011861	-0.18641621	-0.16530795	-0.18318155	0.22318196	-0.18384403	-0.14600459	0.20410931	0.17715454	-0.15088254	-0.2087357	-0.21396494	-0.13623501	-0.21365404	-0.16165127	0.1739058	-0.15551649	-0.19778004	-0.13277782	-0.21661039	0.19815283	0.2051034	-0.20913118	0.20026693	0.15105185	-0.12736987	0.18416111	0.1611817	-0.18825504	0.1900149	0.22849178	-0.15913151	-0.1510662	0.21230158	0.16794413	0.19739853	-0.14560078	-0.13576916	0.12958585	0.16240506	-0.17334248	0.22438206	0.12906402	0.123122975	0.14814508	0.12942056	0.19782208	-0.12663868	-0.20455746	0.16640459	0.1488633	-0.16704153	0.117573656	-0.21928291	0.15152018	0.18410513	-0.18086402	0.16018105	-0.14947307
-0.4918189	-0.46906593	-0.46321505	0.5026193	-0.5547376	-0.44860867	0.47360858	0.48540044	0.5285024	0.49226344	-0.43756673	-0.5482101	-0.46527848	0.50223	-0.5139697	-0.46965703	0.54173183	0.4608036	-0.4805941	-0.51333004	-0.4856599	-0.480681	0.46445516	0.5029741	0.4925131	0.4998242	-0.5361251	-0.45163295	0.44748962	0.54711056	-0.5038651	0.48826087	-0.4524199	-0.52939963	0.5103661	-0.4255936	-0.47147262	0.49102122	-0.46054876	0.49778074	0.48755166	-0.45489404	-0.49748203	-0.52929074	-0.51527464	0.48335162	-0.48336416	-0.45993856	0.5306702	0.5176088	-0.42369303	-0.45981884	-0.48928264	-0.5010984	-0.4838422	-0.5071798	0.5187186	-0.46823642	-0.5101279	-0.5320491	-0.49174455	0.45038068	0.54213446	-0.5550796	0.5479951	0.5411663	-0.5148416	0.47174776	0.5592215	-0.54798263	0.43476555	0.49807024	-0.51779026	-0.5340499	0.53371924	0.43017402	0.44964752	-0.50674504	-0.43380913	0.42840508	0.49285704	-0.4946019	0.519729	0.44370747	0.5385621	0.5192587	0.49269345	0.48260996	-0.44274366	-0.52673167	0.4945972	0.44931173	-0.5531826	0.46265247	-0.5008496	0.49834818	0.5018869	-0.46727246	0.5462977	-0.44863975
-0.51920545	-0.53483653	-0.52498853	0.53009486	-0.46673718	-0.54856217	0.4375819	0.4972715	0.49422914	0.45764613	-0.47967055	-0.49794993	-0.5436904	0.5362684	-0.5501713	-0.5677178	0.56059116	0.49929228	-0.47323424	-0.5077044	-0.5524582	-0.5221727	0.49405643	0.47400305	0.5024331	0.528308	-0.5239775	-0.51384723	0.57286614	0.5493053	-0.55015516	0.5033941	-0.5730226	-0.4681643	0.48848054	-0.5475211	-0.45784488	0.49918467	-0.50276035	0.47782817	0.5083521	-0.54044133	-0.5381188	-0.47306433	-0.5449481	0.5064173	-0.47867283	-0.47610012	0.4883232	0.51189494	-0.49094293	-0.5459422	-0.44537503	-0.55568427	-0.4981394	-0.5694709	0.52114564	-0.56508607	-0.47256655	-0.49674347	-0.5013117	0.47776976	0.46146518	-0.5262333	0.51588124	0.52951384	-0.4939748	0.49030474	0.5142035	-0.56584036	0.47011688	0.5501852	-0.54528683	-0.4911813	0.5100703	0.47822237	0.53427076	-0.4854404	-0.48497084	0.3865763	0.52947277	-0.51041454	0.538919	0.5605722	0.43526703	0.560883	0.5717775	0.49044558	-0.46251774	-0.5117624	0.47673768	0.50797856	-0.48968634	0.40639225	-0.5242691	0.48807427	0.52924365	-0.44306153	0.476582	-0.59500664
-0.40371037	-0.45780876	-0.47877705	0.48687413	-0.41735673	-0.4143813	0.4009823	0.44428936	0.47567573	0.43359324	-0.44535124	-0.45224923	-0.4738513	0.4677192	-0.43736136	-0.48691556	0.40134048	0.45313454	-0.44238168	-0.4784959	-0.41604102	-0.47557563	0.41854268	0.4158864	0.40882513	0.41443366	-0.4397822	-0.48884115	0.42781338	0.49372783	-0.48383325	0.44053835	-0.46040794	-0.44500047	0.47312868	-0.41112638	-0.44224557	0.47222516	-0.42037398	0.46799776	0.46212357	-0.48189685	-0.43086857	-0.47454455	-0.40244326	0.4695336	-0.37697554	-0.48280218	0.41376483	0.43106225	-0.3938142	-0.4702358	-0.45813015	-0.4219146	-0.45593143	-0.45947033	0.42225665	-0.4180236	-0.45619792	-0.43431348	-0.42866763	0.40231434	0.43682483	-0.49331194	0.46593714	0.48048377	-0.4783137	0.41738337	0.45535445	-0.47461563	0.4374072	0.44465524	-0.44313508	-0.45729622	0.48240462	0.45713964	0.41260335	-0.49729764	-0.38824576	0.45056862	0.41187528	-0.39494765	0.43003505	0.4293485	0.467338	0.43775395	0.4051166	0.41580376	-0.40330774	-0.39454257	0.39484996	0.4632824	-0.45540944	0.5004376	-0.39806813	0.4296458	0.42708567	-0.417038	0.48241118	-0.4179489
-0.46314073	-0.51685387	-0.48184177	0.5360023	-0.4603366	-0.45752436	0.4519807	0.49239776	0.52913666	0.5265532	-0.48458555	-0.5521113	-0.5267777	0.4692689	-0.5243194	-0.5130897	0.5308665	0.45607752	-0.5199812	-0.4679676	-0.5461247	-0.5285273	0.5301637	0.5107902	0.46686548	0.47634676	-0.55151856	-0.45578676	0.549858	0.5031582	-0.52232534	0.55092347	-0.45780373	-0.47647834	0.49896783	-0.5137373	-0.45932266	0.5433746	-0.4908225	0.48222622	0.501586	-0.48351166	-0.49739605	-0.48481068	-0.46142656	0.53867286	-0.4323911	-0.45807308	0.46925154	0.4497471	-0.47047755	-0.53881073	-0.44794253	-0.53692305	-0.45044857	-0.5145659	0.54382616	-0.48207152	-0.4329785	-0.4862657	-0.53391194	0.46795624	0.499291	-0.5263377	0.4500752	0.5189742	-0.46027008	0.515919	0.45358405	-0.5125967	0.48731294	0.5412189	-0.49108014	-0.48414597	0.48746604	0.47990954	0.452886	-0.46686032	-0.44088754	0.41154748	0.50563645	-0.5306077	0.4941113	0.47037876	0.4110088	0.52211326	0.4708375	0.5027937	-0.43853924	-0.44668195	0.4770124	0.44930142	-0.49254528	0.48493946	-0.528688	0.47906643	0.51503074	-0.39996672	0.50610346	-0.5126478
-0.6390603	-0.62169266	-0.60158134	0.6162072	-0.6421631	-0.5537123	0.6387452	0.6096283	0.6151567	0.58391035	-0.5916989	-0.5819222	-0.58376247	0.56623274	-0.56364393	-0.5649306	0.58307976	0.63371444	-0.5898995	-0.64877737	-0.5766705	-0.600695	0.64060694	0.583166	0.61210114	0.5730721	-0.61974454	-0.5719197	0.52505916	0.63292295	-0.62782973	0.6556886	-0.5511215	-0.6148615	0.6210583	-0.5664465	-0.53681487	0.6012442	-0.57565534	0.6087144	0.54156107	-0.6320506	-0.6303441	-0.6693287	-0.6395883	0.60386664	-0.5225367	-0.59901315	0.56620836	0.5923168	-0.6068613	-0.6386874	-0.6087068	-0.5628588	-0.6083892	-0.63406295	0.62736964	-0.54680395	-0.6073548	-0.62202626	-0.60112333	0.5780863	0.60783255	-0.586481	0.57223547	0.6219769	-0.65444314	0.66247666	0.5573	-0.6364294	0.6405787	0.5913231	-0.61098784	-0.54233384	0.60000503	0.6216632	0.58480984	-0.6040504	-0.6164733	0.5706468	0.66462076	-0.59288174	0.59668446	0.6059221	0.55285704	0.6017112	0.5826053	0.64500374	-0.6211468	-0.54710734	0.5718129	0.6279049	-0.67849755	0.473323	-0.5943767	0.5861127	0.5805316	-0.5775052	0.5671108	-0.59302443
-0.5647682	-0.53408194	-0.617343	0.5858686	-0.5195023	-0.6105766	0.5196389	0.5470105	0.5565951	0.6029338	-0.59518844	-0.6024774	-0.5968795	0.5355991	-0.5712821	-0.58006924	0.5920079	0.5507791	-0.6197993	-0.62096894	-0.60311365	-0.61451995	0.5961549	0.57216996	0.5876007	0.5860577	-0.5303639	-0.58821565	0.58580905	0.561257	-0.5963746	0.573923	-0.6057465	-0.5611069	0.5817392	-0.55485094	-0.5020736	0.5406579	-0.57032925	0.6039327	0.63019055	-0.56800294	-0.5616503	-0.6050236	-0.6182459	0.53292125	-0.55006325	-0.59018606	0.54516745	0.5553311	-0.56584597	-0.61188054	-0.5199544	-0.55240315	-0.5841498	-0.5924877	0.61445886	-0.60933924	-0.5676528	-0.6089291	-0.5760643	0.53261685	0.50114	-0.58452386	0.58595586	0.59858304	-0.50566596	0.6091552	0.58698267	-0.5908602	0.5347922	0.6054054	-0.6185444	-0.54435676	0.5364785	0.5619985	0.594911	-0.5437703	-0.6124504	0.51340854	0.5167752	-0.56092966	0.58177376	0.54466856	0.54115856	0.58991015	0.58597624	0.5523928	-0.6192616	-0.6147786	0.54940337	0.5726286	-0.5778832	0.64001834	-0.61644804	0.58310443	0.53490776	-0.56522894	0.55695945	-0.57838076
-0.65534776	-0.7019521	-0.71820647	0.7297345	-0.69619334	-0.6777425	0.6366797	0.64531374	0.7143076	0.6627081	-0.6238946	-0.7562242	-0.71329576	0.6777219	-0.71159554	-0.71570134	0.73931843	0.6974406	-0.7098771	-0.680445	-0.72019583	-0.68895	0.7277653	0.6729372	0.67504287	0.6904399	-0.75468105	-0.7005168	0.7040377	0.7291617	-0.6566502	0.7075673	-0.71452564	-0.62559557	0.7395938	-0.72001445	-0.61310077	0.67355293	-0.658536	0.6311576	0.73185533	-0.65536857	-0.6678075	-0.68643403	-0.6436494	0.6499161	-0.6342327	-0.7391753	0.70890635	0.6828396	-0.6416063	-0.73952055	-0.6776448	-0.6755293	-0.74551463	-0.6841272	0.6985662	-0.7025434	-0.6947529	-0.62944347	-0.7198496	0.66027766	0.6225777	-0.7505799	0.74255836	0.7436092	-0.58696795	0.6758951	0.70944136	-0.6802276	0.67675924	0.68934506	-0.7405501	-0.6462064	0.664116	0.6523104	0.73033285	-0.7347859	-0.60734695	0.58245456	0.6841248	-0.587854	0.67241734	0.7050283	0.5786124	0.67944217	0.6734695	0.6920767	-0.6789513	-0.7124474	0.66755855	0.7225299	-0.70366675	0.6200189	-0.7436016	0.66532123	0.7280883	-0.57657987	0.6961307	-0.7292451
-0.42352968	-0.4606111	-0.4342595	0.4617993	-0.47584245	-0.4298042	0.38109115	0.45122027	0.46506926	0.41704923	-0.4782947	-0.50053924	-0.43671155	0.4103294	-0.45455033	-0.49795425	0.47437832	0.44990173	-0.40200493	-0.46441257	-0.4978354	-0.47559127	0.49362117	0.42699525	0.42467842	0.4522852	-0.4967608	-0.46644774	0.44289038	0.5061073	-0.39775163	0.45073152	-0.45753786	-0.38982797	0.43684202	-0.4570861	-0.44155565	0.4899557	-0.39264312	0.4019412	0.47371387	-0.40614027	-0.4162268	-0.40584147	-0.40219504	0.42687342	-0.36862478	-0.4192141	0.46054822	0.4653624	-0.45602953	-0.49090856	-0.4464907	-0.50618887	-0.4703327	-0.48856157	0.41089842	-0.5009873	-0.4468606	-0.4902759	-0.42956364	0.40931284	0.37950087	-0.4328467	0.44480783	0.47709858	-0.4687626	0.393943	0.4929277	-0.40854228	0.45227683	0.441695	-0.47197336	-0.44997418	0.47672468	0.39936244	0.43915212	-0.5150307	-0.4238417	0.37085238	0.4854704	-0.37470272	0.41114163	0.4689282	0.36233708	0.49260452	0.50620943	0.41782412	-0.41081336	-0.42096096	0.45165023	0.38921362	-0.5113881	0.3770544	-0.44263864	0.4827502	0.5020808	-0.3984997	0.45824122	-0.47798538
-0.24204165	-0.22554852	-0.24568468	0.23163855	-0.26199606	-0.21295282	0.25494775	0.18995245	0.25348994	0.20172717	-0.20914476	-0.21471071	-0.21334136	0.17852423	-0.18865748	-0.20095953	0.20605534	0.18584274	-0.17341015	-0.25530097	-0.19861484	-0.23677188	0.2201009	0.27257755	0.17455192	0.24512464	-0.22974177	-0.2271121	0.17554677	0.24785106	-0.26482055	0.18373118	-0.20903078	-0.21308574	0.26737285	-0.17997624	-0.19468087	0.24787177	-0.26937228	0.17221937	0.18700236	-0.20580053	-0.23871587	-0.26504898	-0.22184381	0.23373513	-0.17471062	-0.18598883	0.26324	0.1852863	-0.1868509	-0.2614064	-0.25048888	-0.20973583	-0.24960582	-0.266079	0.22118258	-0.20308262	-0.20224924	-0.2102733	-0.20942126	0.2532735	0.23194136	-0.24621114	0.2528426	0.20871696	-0.20452206	0.18504903	0.24915306	-0.26400843	0.21813375	0.21958767	-0.2171941	-0.2385316	0.20937023	0.24004339	0.16988924	-0.21425776	-0.1744686	0.21125743	0.2338816	-0.21321087	0.19125715	0.23654756	0.1718555	0.213875	0.20925008	0.25899664	-0.17690656	-0.2534424	0.18070406	0.21006526	-0.28016657	0.1778005	-0.2035794	0.29558614	0.18711706	-0.18489455	0.22132067	-0.21316025
-0.20785797	-0.19512379	-0.24633008	0.18052866	-0.24958855	-0.1757829	0.20519197	0.25219375	0.20947352	0.1984275	-0.2162677	-0.17557132	-0.18196033	0.26577723	-0.22129977	-0.17792611	0.25713143	0.19215263	-0.24279138	-0.22305478	-0.16784711	-0.18139966	0.2220915	0.21645872	0.2381047	0.18608463	-0.26472944	-0.18004802	0.24781051	0.21330047	-0.1968928	0.25115225	-0.2450937	-0.22867137	0.17763361	-0.19414137	-0.21381226	0.25172058	-0.23520355	0.1863028	0.2399403	-0.19540042	-0.20792171	-0.23388964	-0.2483918	0.21551637	-0.20465614	-0.24381721	0.22650334	0.24846563	-0.21583214	-0.2224087	-0.21394205	-0.23295347	-0.18932463	-0.25068593	0.26099077	-0.22215307	-0.18829194	-0.22354192	-0.17340174	0.23903248	0.21851493	-0.24257126	0.19399606	0.20075463	-0.21712147	0.26515126	0.2050273	-0.20539448	0.24436751	0.26299804	-0.18228088	-0.17793742	0.25978243	0.21981159	0.22749647	-0.21684414	-0.17505659	0.25133428	0.20850015	-0.22458485	0.19481622	0.22513282	0.21388702	0.23339988	0.2189518	0.23829277	-0.21879674	-0.25695458	0.2559663	0.24404126	-0.2504791	0.20519944	-0.17461579	0.21342357	0.25558993	-0.19465695	0.22915593	-0.17855844
-0.40567896	-0.5291114	-0.5475109	0.5513399	-0.52898985	-0.5462614	0.48808125	0.451624	0.5074708	0.48679864	-0.55024046	-0.49513134	-0.5304105	0.5212275	-0.56583923	-0.5582295	0.48283446	0.5290398	-0.49058133	-0.5044542	-0.5045121	-0.5002279	0.544131	0.52125055	0.5292196	0.52258456	-0.52366996	-0.5272136	0.5272428	0.5656352	-0.5280122	0.5643936	-0.52704555	-0.52908176	0.48839822	-0.5188338	-0.5203657	0.5174326	-0.5036946	0.52600986	0.5601466	-0.5022615	-0.542303	-0.52343625	-0.5399834	0.5646916	-0.55519426	-0.5118771	0.49831164	0.545486	-0.45699605	-0.5238104	-0.51139784	-0.5019373	-0.47339576	-0.53654367	0.48334488	-0.4890951	-0.47041073	-0.47025022	-0.5504161	0.5567885	0.48793954	-0.5190807	0.5101579	0.5480819	-0.46188027	0.47743267	0.49314734	-0.51865846	0.5102302	0.4790547	-0.5752258	-0.46688998	0.47569	0.5133323	0.53276455	-0.5379262	-0.48944375	0.53185767	0.52555186	-0.47020945	0.5326562	0.507874	0.46580115	0.42337605	0.51689583	0.43282765	-0.46449474	-0.53788537	0.54094565	0.5587722	-0.5006867	0.49669322	-0.5100378	0.49764055	0.49899846	-0.5298838	0.53810704	-0.49005905
-0.6827641	-0.7092421	-0.7514043	0.74087435	-0.7178562	-0.6841698	0.71459615	0.70621234	0.7600309	0.69631803	-0.6940919	-0.7221685	-0.7965673	0.7474445	-0.77136326	-0.80174935	0.72950363	0.74946076	-0.75442266	-0.72076184	-0.7415146	-0.76724166	0.7641289	0.76996183	0.73551637	0.7772746	-0.79067236	-0.7053469	0.7491731	0.7809309	-0.7794497	0.7362294	-0.79614806	-0.5810121	0.77111006	-0.771855	-0.58919466	0.7223777	-0.69563633	0.66378653	0.7592804	-0.76636875	-0.78433883	-0.72191817	-0.6843342	0.78326195	-0.6792951	-0.77289194	0.76859236	0.7486	-0.6636036	-0.81288993	-0.65094775	-0.76214135	-0.76684797	-0.7199649	0.7066463	-0.7897113	-0.7572045	-0.7732212	-0.7029715	0.68562686	0.64696413	-0.7158258	0.72035855	0.7425698	-0.7312704	0.6759596	0.7392945	-0.716041	0.74395764	0.7185721	-0.7555128	-0.7449671	0.7579075	0.69640785	0.71862096	-0.7797381	-0.68193704	0.5454828	0.6940058	-0.6857511	0.78876644	0.75099134	0.6009151	0.7280295	0.76008445	0.7009481	-0.7399522	-0.70894355	0.74199027	0.7396942	-0.75093496	0.749549	-0.77841383	0.74700516	0.74740463	-0.5468342	0.72719735	-0.7552937
-0.25262606	-0.23967034	-0.2600992	0.21207386	-0.22518629	-0.28312287	0.23739944	0.27211478	0.2968641	0.2898668	-0.26950958	-0.2786478	-0.22220841	0.2491208	-0.24740444	-0.28736207	0.29139042	0.24316235	-0.22114162	-0.30080837	-0.28584936	-0.27526483	0.23324707	0.25025815	0.28874078	0.27297574	-0.2927107	-0.27082482	0.25019434	0.24666601	-0.26226664	0.27107313	-0.21205798	-0.21372718	0.28061533	-0.2319436	-0.22185652	0.24120946	-0.20011875	0.26266193	0.30370158	-0.29865652	-0.2527026	-0.26692355	-0.21443316	0.282825	-0.290492	-0.29230374	0.23978448	0.25077638	-0.27752975	-0.2241306	-0.26949134	-0.23691276	-0.25030547	-0.22440577	0.21238641	-0.28787607	-0.29018945	-0.21446088	-0.2588779	0.28600988	0.24557999	-0.22985877	0.20737842	0.2642434	-0.27642363	0.26715794	0.26500466	-0.20652747	0.22402196	0.2672582	-0.21381119	-0.25881487	0.20352727	0.2667497	0.27263802	-0.2345147	-0.28143802	0.2647612	0.2709383	-0.2203085	0.2693959	0.27002168	0.24807297	0.29035363	0.30698866	0.2286623	-0.1978281	-0.27642226	0.27051753	0.20829721	-0.2731251	0.2914358	-0.2535916	0.24846369	0.2243032	-0.20288779	0.29696319	-0.24886239
-0.08136845	-0.08382117	-0.09897314	0.107301824	-0.1598264	-0.16841708	0.118189335	0.17970644	0.12352191	0.12220008	-0.17743851	-0.113905706	-0.10311899	0.14197324	-0.097641274	-0.09980376	0.13719665	0.110198826	-0.17786568	-0.15095615	-0.106161706	-0.15101203	0.16608785	0.14216901	0.12981692	0.1810754	-0.10113339	-0.13869904	0.13971339	0.10082411	-0.13045539	0.17678668	-0.10783778	-0.08970818	0.09315823	-0.1187002	-0.17118703	0.17505	-0.15277356	0.102143504	0.1593041	-0.14934263	-0.12887427	-0.16479951	-0.15474774	0.12477479	-0.13314565	-0.099509954	0.16021225	0.098267026	-0.09976725	-0.17331822	-0.122829914	-0.15386203	-0.1459187	-0.08726928	0.14318663	-0.119391255	-0.13998589	-0.08544272	-0.100920886	0.15613651	0.15123154	-0.13406332	0.08615641	0.093123496	-0.14731698	0.120710075	0.10172799	-0.092117175	0.11589249	0.15408733	-0.08722929	-0.13641958	0.09227986	0.13902704	0.1449318	-0.16915938	-0.16156027	0.076489255	0.11067417	-0.12726818	0.11248814	0.14698705	0.14030692	0.11513448	0.14657554	0.18114617	-0.115383565	-0.14489786	0.15164813	0.16386269	-0.15911317	0.17104635	-0.1681737	0.121079944	0.16066393	-0.049035724	0.15695399	-0.15127844
-0.5615476	-0.6864796	-0.66821253	0.66728973	-0.6323143	-0.5603205	0.56209725	0.54932225	0.6173046	0.6545006	-0.55571616	-0.6892316	-0.58467925	0.6023261	-0.5875216	-0.69055957	0.6417485	0.5690314	-0.5923465	-0.59955096	-0.6971963	-0.60287184	0.6479941	0.6792587	0.58853793	0.6390107	-0.68577206	-0.6614534	0.622397	0.60541594	-0.66365635	0.67445415	-0.6700901	-0.5699594	0.69146615	-0.63270056	-0.5101142	0.6496355	-0.61425334	0.6157141	0.5666694	-0.57338244	-0.62564063	-0.6486637	-0.64910716	0.6288154	-0.5186854	-0.6110704	0.60391515	0.5508877	-0.53556454	-0.6213827	-0.5848356	-0.6558559	-0.60211074	-0.6924883	0.6354223	-0.57105356	-0.64780784	-0.60411525	-0.5889472	0.61407876	0.60313076	-0.58884925	0.6422789	0.6109432	-0.5992779	0.60352904	0.6168558	-0.6001357	0.6182815	0.6061796	-0.62571114	-0.59222263	0.63838154	0.6453354	0.55831754	-0.69336766	-0.5773507	0.49314702	0.6478617	-0.61057884	0.67983806	0.56269187	0.60673404	0.6724601	0.6520368	0.649741	-0.5646453	-0.58868194	0.6244126	0.62972105	-0.6666305	0.5665277	-0.5831952	0.67648065	0.6367609	-0.51075333	0.5860137	-0.6246212
-0.5143243	-0.55299836	-0.5622248	0.57689285	-0.5495586	-0.48486924	0.4971941	0.50494176	0.53473395	0.49165714	-0.53612363	-0.5439312	-0.6379143	0.4960292	-0.5852653	-0.54869205	0.59840953	0.51399076	-0.5723026	-0.52123797	-0.6013212	-0.54972637	0.5572083	0.5665079	0.5151262	0.6034799	-0.5986084	-0.53034717	0.57507896	0.59152377	-0.5494746	0.5528511	-0.614674	-0.4870044	0.5404162	-0.57708675	-0.45839122	0.53043705	-0.5725718	0.48476976	0.60099274	-0.5304598	-0.5289162	-0.57787937	-0.57465255	0.5735228	-0.48546034	-0.59345156	0.55625254	0.49271098	-0.53306794	-0.5280903	-0.49057978	-0.56132066	-0.5086895	-0.61101544	0.5494684	-0.5717659	-0.48958328	-0.5930199	-0.51730436	0.47878683	0.5558796	-0.51708055	0.56523263	0.5671433	-0.57130414	0.59141177	0.55412066	-0.53848696	0.53389597	0.5999623	-0.5454872	-0.5894948	0.553107	0.50446314	0.51766545	-0.4980988	-0.4880239	0.4856618	0.48070362	-0.5550507	0.520334	0.5425816	0.5245269	0.54484147	0.5794382	0.5618012	-0.54378945	-0.50963235	0.569899	0.47282487	-0.5830177	0.5291134	-0.49350557	0.5657035	0.5328421	-0.45833713	0.5778403	-0.5381687
-0.6859434	-0.78885275	-0.78103954	0.8143452	-0.73640054	-0.746307	0.7752065	0.7507037	0.8176714	0.78921634	-0.747002	-0.8468108	-0.75958425	0.7964373	-0.80153805	-0.7892997	0.8309704	0.7702435	-0.74346495	-0.7938901	-0.8309218	-0.7767476	0.81217295	0.77897304	0.7615392	0.7849756	-0.7631119	-0.76044834	0.8402272	0.7836838	-0.7847162	0.8051314	-0.7584761	-0.72823554	0.8276488	-0.82892424	-0.7080744	0.7377308	-0.7797353	0.71860296	0.8128024	-0.7852427	-0.80625457	-0.7489022	-0.7965268	0.79171205	-0.68092465	-0.7332775	0.7549372	0.7310381	-0.6947801	-0.8493771	-0.75299644	-0.84391	-0.7764883	-0.81970423	0.7978836	-0.8230599	-0.7560979	-0.7127958	-0.7508471	0.7820461	0.6926359	-0.7545274	0.82346165	0.78672683	-0.73854274	0.7369002	0.8085146	-0.78814256	0.7538756	0.82983094	-0.78735536	-0.80757767	0.80480325	0.7764912	0.72503304	-0.84773874	-0.70466876	0.6690077	0.7669162	-0.73243827	0.7622524	0.7645618	0.74127305	0.7676469	0.8087223	0.738094	-0.7444497	-0.745222	0.77637184	0.72675943	-0.7779585	0.7534535	-0.82015026	0.78632164	0.79493266	-0.6912244	0.8090404	-0.7713638
-0.6186134	-0.66294485	-0.6664356	0.7200131	-0.6573298	-0.57179666	0.6531549	0.6049516	0.6768529	0.70598215	-0.6473892	-0.75854546	-0.6831965	0.6199375	-0.6268878	-0.74369663	0.6941624	0.66451615	-0.68694854	-0.689291	-0.7610432	-0.6885181	0.72281	0.7056613	0.6573376	0.66168463	-0.73500854	-0.6155406	0.7047708	0.6581043	-0.72553706	0.7349928	-0.74442184	-0.53868425	0.65896684	-0.6808552	-0.561906	0.73419183	-0.65367323	0.6655621	0.66975296	-0.6320222	-0.70241094	-0.67332155	-0.6135489	0.6849175	-0.61779195	-0.65713996	0.65245795	0.63858515	-0.6120221	-0.74079	-0.63668674	-0.6657025	-0.69797397	-0.71251976	0.6604263	-0.7466656	-0.70260227	-0.6555305	-0.7259194	0.68088096	0.6608521	-0.6669652	0.6518067	0.747207	-0.624185	0.6480575	0.73474497	-0.7018785	0.65824616	0.6855959	-0.7246179	-0.6401356	0.654853	0.60734344	0.59973586	-0.6938429	-0.64306146	0.5756027	0.66933566	-0.64106137	0.6482782	0.6894025	0.56336325	0.7581694	0.70223475	0.7041507	-0.6506403	-0.6521616	0.6834988	0.7042295	-0.74362284	0.6522727	-0.70648783	0.65540797	0.74476165	-0.59544384	0.6590022	-0.7432039
-0.4536368	-0.5312778	-0.49748832	0.54809743	-0.5032627	-0.5031555	0.46159884	0.42900422	0.52427906	0.4600354	-0.44534177	-0.45381412	-0.5345196	0.49157074	-0.49809802	-0.46748847	0.53046745	0.47230604	-0.47346368	-0.53801334	-0.47593644	-0.5274721	0.48294333	0.49022484	0.5080982	0.47964892	-0.46361947	-0.49173653	0.5217178	0.4983206	-0.5113083	0.46032333	-0.4761577	-0.4692494	0.4841066	-0.48019555	-0.39350548	0.4636699	-0.46681497	0.45978656	0.5468298	-0.53801817	-0.5203219	-0.5415489	-0.48003545	0.47844872	-0.47441447	-0.5164153	0.5550873	0.48342276	-0.47450572	-0.539851	-0.48132914	-0.5313065	-0.46889585	-0.46430537	0.48161277	-0.5244747	-0.52233857	-0.4509893	-0.46918365	0.4537452	0.4475214	-0.54389095	0.4921178	0.53463113	-0.4713773	0.4518549	0.5089788	-0.5359576	0.5138491	0.5431009	-0.54072887	-0.51128495	0.4646758	0.44669995	0.5020701	-0.5398812	-0.46030298	0.37617958	0.49649173	-0.45596927	0.46467265	0.46015128	0.4608019	0.4675855	0.532882	0.47491306	-0.5107335	-0.48639205	0.52622813	0.52600074	-0.47506446	0.46446094	-0.5100373	0.4998353	0.5409767	-0.384359	0.4664006	-0.49299097
-0.6307308	-0.6533253	-0.6254281	0.60414255	-0.6490103	-0.5595676	0.6186885	0.56063193	0.65571165	0.58291876	-0.5868609	-0.5706557	-0.60313314	0.6319763	-0.5859958	-0.5693631	0.5665314	0.63348496	-0.63625973	-0.5729375	-0.5852966	-0.6070293	0.6538463	0.62682617	0.5856843	0.64404273	-0.601075	-0.56563276	0.56385076	0.6447804	-0.57975894	0.6360133	-0.6251949	-0.5953883	0.6196819	-0.59754366	-0.54547435	0.65487355	-0.5979523	0.56685805	0.6236293	-0.5821289	-0.6461603	-0.60878354	-0.6138992	0.5690708	-0.56764334	-0.59766364	0.5426557	0.60138834	-0.5684944	-0.6262614	-0.62683076	-0.5919836	-0.62510586	-0.5839841	0.5600616	-0.5644936	-0.61420286	-0.65738815	-0.5773904	0.6271465	0.5910348	-0.6421028	0.6541335	0.5755125	-0.66599697	0.58700657	0.5860372	-0.61726767	0.64230555	0.58433354	-0.60132086	-0.61319584	0.6368844	0.5676526	0.6177528	-0.6321729	-0.60515106	0.51207405	0.5968076	-0.59576344	0.59323245	0.6400835	0.59907585	0.6395878	0.59913015	0.65637994	-0.5501279	-0.5688527	0.5684135	0.5783494	-0.64373565	0.50850713	-0.6545858	0.59078276	0.6058879	-0.5629013	0.6203053	-0.60268396
-0.26590994	-0.3134294	-0.24147718	0.25874898	-0.30012304	-0.2718321	0.24777438	0.23304802	0.33080176	0.29523817	-0.2841046	-0.29972804	-0.30700555	0.323305	-0.2874589	-0.2836423	0.30393583	0.27159566	-0.2477257	-0.25399524	-0.31894532	-0.25633144	0.2691017	0.29956484	0.32187867	0.27577206	-0.25352368	-0.2944805	0.25360298	0.2951371	-0.23998475	0.30199862	-0.23500732	-0.31376475	0.32295987	-0.258107	-0.28699607	0.31600747	-0.26136348	0.30525815	0.30792737	-0.226694	-0.21969865	-0.27770728	-0.3105347	0.27390966	-0.30033374	-0.25139356	0.3011204	0.2557474	-0.29677063	-0.28832802	-0.29988116	-0.2668337	-0.24816558	-0.24678709	0.320836	-0.24552752	-0.26904	-0.27117813	-0.2594134	0.2966202	0.24743937	-0.32045716	0.3104283	0.3031577	-0.3189086	0.3267291	0.25409406	-0.2270037	0.23942058	0.2720635	-0.2612082	-0.30983743	0.22702016	0.30313852	0.28678825	-0.23171425	-0.26538303	0.3175593	0.2733652	-0.26119652	0.3278548	0.28410167	0.29863566	0.30286193	0.25204384	0.2903563	-0.29523018	-0.30968973	0.2908683	0.3193583	-0.2715258	0.25480103	-0.27745005	0.2593979	0.23487675	-0.3133087	0.32648808	-0.22741441
-0.6091467	-0.5864948	-0.60963726	0.53765506	-0.5165051	-0.4143236	0.59017384	0.56765825	0.5618632	0.5384791	-0.49987006	-0.5838582	-0.50196487	0.53910404	-0.55059165	-0.53602344	0.5045728	0.57594174	-0.5188657	-0.57475525	-0.5179209	-0.57179296	0.5587623	0.6026522	0.5762044	0.60778433	-0.5522906	-0.5702598	0.51094973	0.5518996	-0.5573308	0.5843693	-0.56536925	-0.56505114	0.53726125	-0.5143982	-0.55750185	0.63406855	-0.6105356	0.56539	0.51043963	-0.5446771	-0.50526834	-0.53739697	-0.6030358	0.5637889	-0.47426075	-0.58286685	0.5121106	0.54405165	-0.59888643	-0.5800675	-0.5185046	-0.62302357	-0.5711344	-0.5417093	0.5979846	-0.46749127	-0.4854676	-0.5666588	-0.60644215	0.5392264	0.5522803	-0.49573702	0.55045	0.61109453	-0.5369071	0.6285937	0.54281247	-0.6052002	0.5663529	0.56546146	-0.5214565	-0.5193522	0.59438914	0.5109587	0.50188327	-0.5872267	-0.4710045	0.46923375	0.55005383	-0.53089255	0.63162667	0.5424888	0.58298784	0.579769	0.56620944	0.555751	-0.5060001	-0.5000132	0.6142592	0.52653074	-0.6314076	0.4949817	-0.56075	0.6049491	0.5164775	-0.5445737	0.51609904	-0.57818174
-0.46989232	-0.400258	-0.41349238	0.4267291	-0.4225167	-0.31699008	0.3871523	0.45704472	0.43770298	0.46010163	-0.3892692	-0.37780634	-0.317992	0.42806128	-0.42431018	-0.40654638	0.4294702	0.40144417	-0.36850563	-0.44553733	-0.3837952	-0.47201866	0.4018365	0.45938113	0.38027003	0.42223898	-0.4267893	-0.4432634	0.34082592	0.4578425	-0.41811517	0.3537073	-0.34461555	-0.45439884	0.4121965	-0.43103462	-0.4715555	0.4043993	-0.4191958	0.41900048	0.32902673	-0.3930353	-0.40025243	-0.4498887	-0.4688753	0.4022827	-0.3691081	-0.38368726	0.33503425	0.4186937	-0.5209048	-0.4410319	-0.4139435	-0.4395917	-0.44239458	-0.38508174	0.43123686	-0.32910404	-0.36428148	-0.41554418	-0.4468857	0.45054963	0.4295513	-0.39089906	0.40261877	0.42030495	-0.46383068	0.521117	0.37028962	-0.39578265	0.45260224	0.3984857	-0.36569914	-0.4386518	0.4273303	0.3932207	0.42258692	-0.36990812	-0.3628285	0.455208	0.46849975	-0.40965897	0.4727002	0.48224863	0.42470965	0.4286043	0.41296116	0.49505892	-0.36989468	-0.38747764	0.4402039	0.4775415	-0.37947428	0.29042011	-0.4131202	0.45730442	0.36780652	-0.41317758	0.47194317	-0.40973684
-0.048492793	-0.080536224	-0.04942963	0.05795515	-0.015709575	-0.02760025	0.069913	0.019487454	0.06316517	0.05930598	-0.09028112	-0.047921672	-0.06727213	0.013099906	-0.06891869	-0.013881318	0.025430162	0.05802638	-0.07573461	-0.048081934	-0.0360271	-0.016529582	0.09504436	0.007174513	0.074970394	0.030511718	-0.014092829	-0.027375566	0.05918941	0.066925086	-0.06284409	0.014253433	-0.07228197	-0.07091495	0.037869487	-0.035091706	-0.09153148	0.0062592677	-0.04902342	0.04128798	0.0632087	-0.008422978	-0.0633417	-0.0056193294	-0.01294238	0.001378501	-0.025825195	-0.02549935	0.071430445	0.095928445	-0.03427894	-0.06374963	-0.07984703	-0.07698661	-0.073381335	-0.0153819835	0.062536314	-0.009604374	-0.08497371	-0.052403998	-0.021274406	0.045327574	0.030348288	-0.046818215	0.0064194417	0.050587457	-0.025301421	0.020657208	0.09657476	-0.059336454	0.016365098	0.07296101	-0.03007754	-0.07841938	0.054998927	0.06781147	0.019340206	-0.0019291269	-0.09688182	0.057152625	0.058720767	-0.03649106	0.009921825	0.050699864	0.10634299	0.023191303	0.0460326	0.049574796	-0.032179877	-0.05334901	0.031161683	0.05077952	-0.026161043	0.09499594	-0.014390962	0.09960975	0.081972696	-0.053192347	0.07234236	-0.09360262
-0.40634724	-0.48699388	-0.4576287	0.4609892	-0.4609263	-0.41012034	0.37106457	0.38105673	0.5182848	0.4466682	-0.44721106	-0.47047853	-0.43679312	0.46374518	-0.48708668	-0.4816975	0.44815946	0.4877542	-0.48104072	-0.4708876	-0.52348167	-0.4998433	0.48196387	0.44125023	0.437343	0.4166475	-0.5296427	-0.46136543	0.43710297	0.43090934	-0.4063079	0.501477	-0.47652566	-0.41978136	0.47421494	-0.51136506	-0.37276372	0.5171379	-0.4539928	0.4542859	0.5031121	-0.45465058	-0.4133492	-0.47157308	-0.41187644	0.45121655	-0.34244376	-0.41087413	0.4989104	0.40690663	-0.44980428	-0.43454117	-0.4418462	-0.5146095	-0.43776658	-0.48751166	0.48220906	-0.44280562	-0.48524347	-0.48395365	-0.43613848	0.44302344	0.4232975	-0.5008182	0.450778	0.48584658	-0.41034597	0.43212885	0.4487172	-0.50354075	0.47039768	0.45635659	-0.4728804	-0.44174916	0.40758324	0.4628033	0.38264436	-0.51537246	-0.44362125	0.33529153	0.48262972	-0.3839182	0.42416292	0.45966896	0.3741216	0.45665276	0.48324752	0.47634673	-0.39972895	-0.42818388	0.44761744	0.41347077	-0.4962136	0.42109844	-0.4759064	0.4597791	0.44227254	-0.33630002	0.45991573	-0.51288193
-0.5380068	-0.53965294	-0.51499295	0.6085495	-0.54551715	-0.5264556	0.55070513	0.52572316	0.5597575	0.5413131	-0.5253445	-0.59008837	-0.54367393	0.51352197	-0.603214	-0.55010444	0.57149565	0.6127613	-0.5907954	-0.5347846	-0.5765743	-0.60660714	0.6097975	0.56004524	0.5928895	0.5733963	-0.6241782	-0.5680783	0.56620234	0.5820912	-0.6035767	0.54306483	-0.56402004	-0.5638258	0.56382257	-0.54086	-0.5783377	0.54352427	-0.5239465	0.60525006	0.5912345	-0.5065158	-0.50036496	-0.5639292	-0.527369	0.5548554	-0.54149216	-0.5880894	0.57843924	0.5256783	-0.6133515	-0.52024055	-0.5629853	-0.5824572	-0.51974255	-0.59296894	0.5475595	-0.49568248	-0.51676476	-0.5838609	-0.61771965	0.5170827	0.5826679	-0.5472326	0.55979866	0.5910053	-0.52810985	0.54144996	0.5884885	-0.5762644	0.59463036	0.591555	-0.59617	-0.5783516	0.5225752	0.5396931	0.50190514	-0.59840745	-0.45254377	0.5815219	0.6148941	-0.5477155	0.58275354	0.5457606	0.54328257	0.6102946	0.6060034	0.60834616	-0.5115373	-0.57317126	0.55568343	0.49876267	-0.5988093	0.5540901	-0.59212464	0.5462061	0.6033292	-0.58717036	0.5688899	-0.57132286
-0.21178886	-0.17822254	-0.22450714	0.18733305	-0.16843301	-0.13332045	0.17146479	0.19688787	0.1965156	0.14042671	-0.18258846	-0.16780847	-0.14311294	0.21872614	-0.21602516	-0.19386852	0.1369147	0.22744378	-0.19511114	-0.16117235	-0.14961068	-0.23315509	0.19701694	0.2281179	0.2132478	0.21931143	-0.14444122	-0.17131226	0.22363694	0.22512144	-0.20517427	0.21592344	-0.17772573	-0.18534884	0.20575115	-0.17160434	-0.089478455	0.16866043	-0.20806493	0.13421337	0.2235757	-0.19650927	-0.21751785	-0.19571677	-0.22247657	0.13920897	-0.16239327	-0.16971251	0.20682561	0.14304234	-0.16817541	-0.1722483	-0.18936919	-0.16314176	-0.18582422	-0.17135222	0.18855374	-0.18227412	-0.1685522	-0.19059488	-0.13932373	0.16146249	0.14847235	-0.13032332	0.21595486	0.22109753	-0.14966767	0.14463603	0.23013102	-0.19547746	0.16090617	0.20689505	-0.21631312	-0.14364244	0.16640624	0.15963238	0.1988132	-0.19241837	-0.12972063	0.117392525	0.15261026	-0.12931311	0.21637021	0.2245456	0.17466807	0.22984271	0.13856232	0.16869247	-0.18120982	-0.20314366	0.16541386	0.20268315	-0.2070484	0.17410377	-0.16598737	0.1466852	0.14952756	-0.06313478	0.16470698	-0.15441532
-0.14947401	-0.19927238	-0.12583895	0.12927237	-0.18882565	-0.10824818	0.09671866	0.18724957	0.103982106	0.18576457	-0.111125536	-0.10253264	-0.117813595	0.14487062	-0.18930867	-0.16954839	0.112467535	0.18490018	-0.106187016	-0.1374318	-0.14906201	-0.14484352	0.14403	0.15060835	0.11003331	0.18927422	-0.14759567	-0.1516507	0.11811543	0.13855612	-0.1605749	0.12331493	-0.13581209	-0.14146778	0.12442914	-0.11611468	-0.122146	0.123374894	-0.13259715	0.17062066	0.15339765	-0.16806439	-0.13038744	-0.17402582	-0.17469141	0.16211696	-0.16114143	-0.15310898	0.16661945	0.09830376	-0.10640239	-0.13446191	-0.15962651	-0.17208762	-0.18615279	-0.10535444	0.18737724	-0.1424788	-0.11848157	-0.20442513	-0.1719433	0.14501284	0.14852816	-0.11624484	0.17293732	0.11152052	-0.14982024	0.14624175	0.11862714	-0.13687646	0.11640414	0.18409064	-0.14566085	-0.15600091	0.108815305	0.16990982	0.101606146	-0.17697975	-0.17959812	0.11337189	0.18459073	-0.15162787	0.17846222	0.1320525	0.092734136	0.18382743	0.16778123	0.20072286	-0.17678767	-0.099644326	0.17656095	0.12657146	-0.102272466	0.14129435	-0.18878518	0.14977643	0.1844862	-0.16596636	0.1831272	-0.15426151
-0.22699201	-0.32305464	-0.30882356	0.2750389	-0.25314674	-0.24040678	0.30127382	0.2829086	0.3197226	0.24705693	-0.3023062	-0.31326917	-0.25756064	0.3028826	-0.24654761	-0.26340798	0.30643725	0.23846215	-0.2981848	-0.23984692	-0.26064822	-0.22551537	0.27781424	0.23247562	0.25347683	0.3079043	-0.28828686	-0.23335323	0.27367014	0.2829098	-0.25421962	0.2383311	-0.2797608	-0.22191161	0.30459726	-0.3017974	-0.31144676	0.31190246	-0.28040758	0.27005312	0.2574553	-0.29638818	-0.2764271	-0.28769386	-0.23754868	0.24174307	-0.30461866	-0.2731862	0.26134735	0.28601032	-0.31489822	-0.26611137	-0.24180228	-0.28237316	-0.29905578	-0.25970733	0.25060126	-0.25736618	-0.23159465	-0.32316002	-0.26434472	0.2833416	0.24159995	-0.3241545	0.2559844	0.28925705	-0.30968195	0.2807198	0.32847098	-0.2962934	0.27533084	0.24144897	-0.31166458	-0.3121031	0.22923656	0.2908191	0.29181063	-0.25803393	-0.2138577	0.23550001	0.23789881	-0.29034278	0.3202214	0.291138	0.23176464	0.3049135	0.26013768	0.27199945	-0.30828446	-0.2917246	0.22925238	0.2773377	-0.24621521	0.29591787	-0.24921776	0.24947326	0.28210422	-0.26482883	0.31348124	-0.29549313
-0.5632092	-0.6306238	-0.58985394	0.5585812	-0.57661	-0.5494239	0.560675	0.5019585	0.56561846	0.5678877	-0.5342264	-0.61852396	-0.63793683	0.5487805	-0.56117857	-0.5977077	0.62276477	0.5829426	-0.61760956	-0.5436468	-0.5505905	-0.60731494	0.5564498	0.59417456	0.5790002	0.5562096	-0.5758093	-0.59795344	0.5686553	0.56722105	-0.6082819	0.56128025	-0.5893998	-0.5366622	0.5390418	-0.62230015	-0.5013161	0.5298693	-0.60066	0.6039597	0.60317457	-0.5723701	-0.56630826	-0.52151984	-0.57309884	0.6098184	-0.52469313	-0.5583053	0.5796523	0.5427536	-0.5265011	-0.5848405	-0.57202595	-0.6253062	-0.6132891	-0.5447798	0.6190796	-0.58791196	-0.5967909	-0.55916077	-0.6058469	0.51772475	0.51406115	-0.60745394	0.5577557	0.6249136	-0.5677145	0.52956223	0.56747556	-0.56985825	0.54977804	0.54674566	-0.5829897	-0.5292707	0.573573	0.5095512	0.5942994	-0.6084871	-0.5527635	0.48074394	0.5989381	-0.5710944	0.54031277	0.5578325	0.5600551	0.5704503	0.5921793	0.60486686	-0.55421287	-0.6185371	0.57184803	0.55554134	-0.5619697	0.6122344	-0.599916	0.5951457	0.5421234	-0.46583667	0.601059	-0.6141623
-0.2105171	-0.16853301	-0.21254669	0.1740464	-0.15199772	-0.15413283	0.21181387	0.20861553	0.22465555	0.17208168	-0.19484831	-0.19144002	-0.14639959	0.22001551	-0.22149631	-0.22932258	0.13439094	0.16092633	-0.19342288	-0.2163648	-0.1527695	-0.21427795	0.1453759	0.2269171	0.21939342	0.16218862	-0.16833778	-0.17985436	0.14882426	0.22389662	-0.21796688	0.16018322	-0.17733078	-0.14527373	0.19712648	-0.1754004	-0.19997324	0.19146693	-0.14001738	0.16629255	0.15214077	-0.22380747	-0.18672793	-0.14438865	-0.19952321	0.18847041	-0.22492184	-0.143337	0.1437837	0.19775419	-0.20651272	-0.16373457	-0.19197743	-0.15881291	-0.21798588	-0.2313788	0.1687771	-0.17083578	-0.20381846	-0.13981336	-0.15791729	0.22501902	0.14368758	-0.21429	0.21184935	0.15406391	-0.22604875	0.16276234	0.19692743	-0.13444103	0.16791181	0.13466062	-0.21527103	-0.14465426	0.18271802	0.20757692	0.15210418	-0.14628565	-0.16804142	0.13332735	0.21132724	-0.13747565	0.15607305	0.1499783	0.21004523	0.173795	0.22436944	0.21485318	-0.17056562	-0.21906738	0.18255906	0.15327805	-0.18198436	0.15833397	-0.1397531	0.14354683	0.13750613	-0.19787253	0.20505445	-0.18279397
-0.7566753	-0.70557284	-0.6584381	0.7203376	-0.7351286	-0.69958985	0.6743076	0.7395788	0.71318793	0.6663314	-0.73279035	-0.722695	-0.7264849	0.68861693	-0.67229205	-0.67504025	0.7312738	0.71193874	-0.69458026	-0.6838502	-0.75525117	-0.71244943	0.69578296	0.75506103	0.7559484	0.69626486	-0.76476455	-0.7255944	0.6623546	0.6689939	-0.76941615	0.73710406	-0.7211109	-0.6495636	0.767935	-0.6919376	-0.6999939	0.68556136	-0.69510573	0.68873584	0.65214217	-0.7000798	-0.6514999	-0.72700876	-0.7279785	0.6952954	-0.69747716	-0.7022932	0.7310225	0.7309651	-0.67094785	-0.68365425	-0.656347	-0.7581631	-0.6911748	-0.68578947	0.7356236	-0.6454005	-0.67424643	-0.7471071	-0.76007015	0.7353245	0.7246273	-0.72827566	0.71630853	0.726692	-0.76222986	0.7597753	0.71305037	-0.75335896	0.75683933	0.72004265	-0.72268677	-0.71968335	0.7041538	0.70788425	0.71534395	-0.717612	-0.6291854	0.61487854	0.6801754	-0.714328	0.7578488	0.7431224	0.6761446	0.70921314	0.73881954	0.7040382	-0.7237284	-0.6993303	0.68110716	0.66379154	-0.68078035	0.61368245	-0.7560269	0.7563289	0.701089	-0.6671823	0.7471684	-0.7349564
-0.46832383	-0.5007141	-0.42699388	0.50500965	-0.4296933	-0.4292378	0.48550957	0.4288844	0.47390172	0.5094498	-0.4819742	-0.49928308	-0.44128594	0.45208335	-0.4495348	-0.5214149	0.46204615	0.47505823	-0.4762671	-0.5062374	-0.46189958	-0.45637292	0.5060734	0.5061198	0.5032611	0.50432944	-0.5317071	-0.44310227	0.49374992	0.4714404	-0.44204968	0.5226944	-0.45690963	-0.4014669	0.44030032	-0.50516737	-0.4473565	0.4791694	-0.4483578	0.47692463	0.4582094	-0.3991253	-0.51945144	-0.5003931	-0.4484668	0.4872488	-0.41650584	-0.4543293	0.42006218	0.48894972	-0.46931523	-0.50788254	-0.42383146	-0.52743864	-0.52189976	-0.50648063	0.49780133	-0.52674943	-0.41466013	-0.4590441	-0.4876207	0.42166907	0.4587198	-0.43573454	0.45937616	0.42876834	-0.44111854	0.4443025	0.42944792	-0.49051416	0.49780858	0.50411564	-0.4957989	-0.4551095	0.44300905	0.4353184	0.3896223	-0.46987385	-0.42814404	0.3577961	0.45418265	-0.50080305	0.4383326	0.4842555	0.45399296	0.45238143	0.42767742	0.4831699	-0.42852807	-0.4922758	0.47762042	0.4925179	-0.44891554	0.42588443	-0.45960337	0.47983965	0.46106395	-0.41706508	0.5076519	-0.52635723
-0.44836223	-0.44145492	-0.40162718	0.49982184	-0.42098823	-0.41321984	0.41897446	0.45377198	0.48177558	0.42224947	-0.5009	-0.5059061	-0.4379549	0.46335307	-0.50472504	-0.52235067	0.4403314	0.4402719	-0.5031065	-0.41527423	-0.49356005	-0.47582608	0.50847924	0.506478	0.45713437	0.49749985	-0.431009	-0.44037515	0.4428791	0.5057404	-0.4910173	0.4629013	-0.49876526	-0.42666894	0.46951896	-0.47426715	-0.41971645	0.4166068	-0.4358754	0.4794557	0.5322411	-0.44591275	-0.506064	-0.4523694	-0.42781436	0.45951286	-0.44751588	-0.48573312	0.46020302	0.4261052	-0.44963133	-0.5057393	-0.42658192	-0.509184	-0.4323409	-0.4412752	0.45015797	-0.51136816	-0.46188033	-0.46751654	-0.49125323	0.45603177	0.4108694	-0.44836408	0.47880292	0.46067563	-0.45855904	0.48642272	0.53065723	-0.51509887	0.42834708	0.44859168	-0.48227227	-0.4748823	0.45321125	0.46078584	0.5018935	-0.4267824	-0.41878268	0.38846308	0.42210114	-0.4256118	0.43058255	0.41595748	0.40112463	0.52000964	0.5023753	0.5172753	-0.48460743	-0.4041961	0.44920215	0.49806517	-0.44543996	0.44945827	-0.43947265	0.44488895	0.43752474	-0.36745965	0.4948336	-0.49322516
-0.6454709	-0.6075534	-0.55098987	0.6324599	-0.54529405	-0.56748956	0.58623594	0.58165365	0.6632292	0.5296193	-0.5955143	-0.6204994	-0.64217645	0.5560145	-0.56318873	-0.5639583	0.62562835	0.6281473	-0.61501515	-0.5602127	-0.575683	-0.65105635	0.5875006	0.54811186	0.5704054	0.5880551	-0.60338223	-0.6100692	0.58066165	0.6461209	-0.6306987	0.5859553	-0.61725813	-0.54284537	0.589544	-0.58493596	-0.54509234	0.5804527	-0.6041823	0.5648583	0.5934588	-0.5883401	-0.5373678	-0.60022485	-0.5392442	0.55807745	-0.49813092	-0.5482765	0.59400934	0.55785483	-0.51180387	-0.59191453	-0.5266615	-0.62828	-0.5725155	-0.6222301	0.5637042	-0.61851805	-0.6154742	-0.6011698	-0.5833992	0.56206214	0.5628485	-0.6207133	0.5898551	0.61619246	-0.60432863	0.6008817	0.58649737	-0.61713153	0.5618835	0.66117877	-0.600363	-0.5647452	0.58734185	0.5881238	0.5374722	-0.57449085	-0.520468	0.4816693	0.6388058	-0.5831429	0.5933297	0.60796547	0.5874357	0.61118376	0.6275472	0.66175526	-0.5699411	-0.60369635	0.60040444	0.57048213	-0.57453275	0.5338063	-0.60467625	0.5922647	0.59928876	-0.493625	0.5710026	-0.62100285
-0.221226	-0.22680052	-0.1863609	0.19258788	-0.18076488	-0.23371911	0.16360125	0.22271119	0.18462926	0.18455617	-0.18970528	-0.19709909	-0.21491447	0.23349188	-0.20547174	-0.14871643	0.18529035	0.16761634	-0.15768899	-0.20886405	-0.15724066	-0.16355455	0.23150413	0.1444524	0.23509355	0.17244239	-0.22338778	-0.21693152	0.15554142	0.15574194	-0.22123732	0.18138424	-0.21092434	-0.23597641	0.15161043	-0.22645074	-0.22485785	0.22462936	-0.1649633	0.1944376	0.16451782	-0.19925728	-0.13735048	-0.18042965	-0.2173388	0.1509067	-0.15821376	-0.13921927	0.18920855	0.17940345	-0.2322739	-0.19785619	-0.16403902	-0.21079712	-0.1897992	-0.1688222	0.22149575	-0.17812206	-0.19587442	-0.19896142	-0.21070851	0.20462203	0.18477522	-0.17794728	0.14704221	0.1412934	-0.20098065	0.190817	0.19777235	-0.2153253	0.20347948	0.17922403	-0.20887674	-0.16657498	0.14115565	0.15925418	0.14158857	-0.2049739	-0.15367942	0.1611714	0.21079515	-0.2299309	0.16502482	0.20155105	0.16208681	0.17424564	0.2195969	0.21468417	-0.14468688	-0.15684451	0.14360365	0.21160409	-0.1476952	0.20858456	-0.13901226	0.16417328	0.21396299	-0.20197693	0.19201885	-0.217722
-0.46230668	-0.5045125	-0.4873134	0.48253897	-0.4901457	-0.47387084	0.43579033	0.51580405	0.50823706	0.4330715	-0.4229822	-0.4926446	-0.47268936	0.5160259	-0.48715633	-0.4627196	0.44327834	0.4708738	-0.43829185	-0.5226754	-0.4562396	-0.49458042	0.4326416	0.44085166	0.4998191	0.48429513	-0.48229876	-0.44440326	0.46847218	0.48839492	-0.46033475	0.5097461	-0.44754684	-0.5014312	0.46701586	-0.48666304	-0.4872664	0.44224775	-0.4317438	0.45177183	0.4962756	-0.5090949	-0.47197324	-0.49615258	-0.4328026	0.510383	-0.4290313	-0.5017505	0.47717944	0.49238923	-0.444489	-0.43401915	-0.42278877	-0.4873028	-0.49833253	-0.49154577	0.44757587	-0.4540925	-0.4148687	-0.4325026	-0.5067823	0.42327368	0.46574408	-0.47953445	0.49456793	0.48889023	-0.49394086	0.4670355	0.48375952	-0.43741333	0.43258905	0.46587616	-0.4551461	-0.44312036	0.4431307	0.4350376	0.47063076	-0.4535989	-0.48225036	0.43991	0.45199353	-0.4206575	0.45903087	0.51280105	0.4484767	0.45222297	0.4389574	0.4422535	-0.43428364	-0.42691272	0.5222851	0.42928126	-0.49989578	0.491163	-0.46473992	0.528973	0.46983814	-0.46283323	0.5215758	-0.45917034
-0.43471885	-0.39988574	-0.48326692	0.4480014	-0.43825674	-0.39898935	0.3846564	0.39305675	0.44116879	0.41535842	-0.43430024	-0.44743636	-0.36766338	0.4372734	-0.4192563	-0.45098013	0.37471035	0.42355916	-0.42097795	-0.39593875	-0.47373548	-0.42737523	0.40331715	0.45211995	0.44140685	0.47559515	-0.47903633	-0.4251986	0.4369782	0.42643338	-0.3856707	0.4139431	-0.41703376	-0.4182861	0.39535508	-0.42364395	-0.37651744	0.46224165	-0.43061167	0.39691412	0.4217338	-0.46857902	-0.37164375	-0.43745363	-0.38122073	0.40448526	-0.4158	-0.3979287	0.3997644	0.37542236	-0.40389213	-0.3935238	-0.45138463	-0.48111403	-0.40575045	-0.3982485	0.41355157	-0.45161337	-0.4039161	-0.46192408	-0.4637946	0.44464648	0.46390924	-0.45113975	0.45469669	0.4692279	-0.40948898	0.4663707	0.39204407	-0.4455334	0.42096964	0.4095073	-0.44571793	-0.37144157	0.4652657	0.40640566	0.42858276	-0.47130597	-0.38570735	0.3775074	0.41900668	-0.47097686	0.4214619	0.43937808	0.3864849	0.47530603	0.45573404	0.46745577	-0.39020255	-0.3720332	0.44953	0.46293926	-0.4664845	0.37198085	-0.48057738	0.4745953	0.383687	-0.3889207	0.44904095	-0.43668425
-0.3460875	-0.36986694	-0.390517	0.3620751	-0.4059115	-0.34524804	0.3563922	0.39474836	0.37175426	0.36703753	-0.39452443	-0.32958546	-0.3893952	0.3680776	-0.3828846	-0.39515144	0.33078367	0.406564	-0.34834257	-0.4107543	-0.4084697	-0.35493386	0.3667055	0.38118556	0.41008937	0.35440084	-0.33277443	-0.4040632	0.3466243	0.3947827	-0.32616535	0.34515923	-0.4112144	-0.33862475	0.4056705	-0.40771928	-0.36627665	0.3620842	-0.3952092	0.31881797	0.3458286	-0.3096118	-0.32871723	-0.39934736	-0.33435968	0.398479	-0.36870122	-0.365865	0.37310615	0.3639832	-0.34834507	-0.3547845	-0.37689057	-0.37444493	-0.4115944	-0.42724967	0.3614549	-0.404426	-0.37718025	-0.34006172	-0.40715885	0.3915195	0.342712	-0.38449475	0.34654924	0.36883655	-0.3958068	0.3679456	0.37337217	-0.3965118	0.37844154	0.39395586	-0.37235406	-0.39295852	0.3743538	0.3896858	0.32160687	-0.3825144	-0.37114072	0.3316544	0.34405434	-0.37577754	0.32671982	0.34901848	0.36468405	0.4221062	0.32446912	0.41268134	-0.33747935	-0.3546298	0.3578232	0.3519546	-0.39564997	0.40500897	-0.34660873	0.39641577	0.36586013	-0.2422996	0.3220621	-0.33024296
-0.571085	-0.5641824	-0.55353975	0.6314686	-0.5510764	-0.57174104	0.5364344	0.6253778	0.65990365	0.56906414	-0.57958883	-0.60458237	-0.59622335	0.5857645	-0.56367916	-0.60066235	0.57772183	0.55928934	-0.5497744	-0.62847483	-0.6022531	-0.59404194	0.61204016	0.5989194	0.5458747	0.5936767	-0.649706	-0.5702342	0.5917574	0.6051903	-0.61983496	0.57202584	-0.60647374	-0.5366397	0.6388592	-0.5683483	-0.59222966	0.57383513	-0.61678666	0.55653447	0.57948977	-0.6062184	-0.5388781	-0.6396655	-0.59600914	0.54283476	-0.58716995	-0.62962747	0.6070496	0.62392765	-0.63860273	-0.5969044	-0.5708804	-0.5953561	-0.63227206	-0.6381399	0.63043594	-0.6146803	-0.60243136	-0.5820665	-0.56038433	0.57630205	0.57874644	-0.5933142	0.5483465	0.5724731	-0.61637014	0.60975546	0.5536772	-0.6184294	0.6205125	0.5707169	-0.58950853	-0.55057234	0.6117216	0.5585001	0.58029336	-0.604454	-0.6063644	0.57841355	0.6297289	-0.6110262	0.63748443	0.61234576	0.6287639	0.5949485	0.6397223	0.56534773	-0.5789488	-0.60032946	0.554029	0.5460592	-0.6176368	0.47997743	-0.6363473	0.5965643	0.5740729	-0.53773755	0.57442594	-0.6205577
-0.3344833	-0.37790015	-0.3704857	0.41484433	-0.35896444	-0.408341	0.36408547	0.35116264	0.33410573	0.35715935	-0.40342402	-0.3964468	-0.3660627	0.3925032	-0.33115584	-0.35621545	0.3613076	0.34316942	-0.3553277	-0.34962428	-0.35650346	-0.33025634	0.33473942	0.36577135	0.3299713	0.35225618	-0.37325042	-0.35278645	0.3400894	0.39698383	-0.31811404	0.35105675	-0.33974555	-0.3120737	0.39919743	-0.365282	-0.31896222	0.34845492	-0.36379775	0.34117168	0.33281037	-0.32455328	-0.38245782	-0.37079585	-0.37228325	0.4145334	-0.33591706	-0.3613816	0.38856483	0.3782331	-0.3933844	-0.33194286	-0.34961975	-0.36962312	-0.3308143	-0.34184685	0.41081014	-0.36814743	-0.32756206	-0.3655836	-0.39629114	0.3240642	0.3367603	-0.35818958	0.37565163	0.36324298	-0.3511288	0.35656363	0.41219345	-0.4195409	0.3965278	0.35184106	-0.3350096	-0.32657567	0.4053496	0.3350355	0.33201423	-0.4000173	-0.39567566	0.31177273	0.40140605	-0.4043691	0.3250023	0.3609006	0.34821406	0.34950772	0.32695535	0.32012418	-0.34220627	-0.35617787	0.3871985	0.40772468	-0.35021847	0.41546172	-0.3950602	0.31857467	0.3810947	-0.34765795	0.40507445	-0.33405352
-0.57053936	-0.6134866	-0.51504153	0.53695565	-0.56405175	-0.5515484	0.5560781	0.49046108	0.58350515	0.59311515	-0.53458786	-0.5887266	-0.59036255	0.5240465	-0.6219862	-0.61834294	0.60285115	0.5466708	-0.5473088	-0.5701887	-0.5762976	-0.60912114	0.56804895	0.5633813	0.57891405	0.5531478	-0.58105683	-0.54513454	0.5713045	0.5836319	-0.5903715	0.5791291	-0.55290604	-0.5113721	0.5367253	-0.5779586	-0.5486116	0.5265117	-0.5881703	0.53543884	0.6272473	-0.5559328	-0.58326054	-0.5743986	-0.60065734	0.59941167	-0.56376666	-0.5774901	0.57388514	0.5413126	-0.5439491	-0.54139256	-0.55844295	-0.55300814	-0.5900864	-0.61113185	0.60957885	-0.5745273	-0.5679389	-0.5772618	-0.6166305	0.60173523	0.5182403	-0.54633534	0.5690607	0.63016397	-0.5657067	0.5321733	0.5487098	-0.56268185	0.600597	0.5867555	-0.5482654	-0.59638774	0.6043729	0.5952396	0.5547268	-0.5486539	-0.55864114	0.54942274	0.5244308	-0.5569404	0.5714286	0.5488406	0.48415822	0.5247361	0.5765947	0.5698572	-0.5436792	-0.5818727	0.59759986	0.5538049	-0.61082035	0.61147773	-0.5591019	0.6018748	0.5784617	-0.52453417	0.5650966	-0.55182725
-0.34779796	-0.39133188	-0.3298411	0.3812398	-0.35559726	-0.30208093	0.35547686	0.3611328	0.39290768	0.39185837	-0.38346314	-0.3527496	-0.36149862	0.36371982	-0.37670544	-0.3175733	0.35911012	0.36729667	-0.416151	-0.32099086	-0.35338736	-0.3833218	0.3934403	0.33527115	0.34973615	0.3663472	-0.40271303	-0.40455702	0.3197122	0.36071393	-0.40177038	0.3948192	-0.38018146	-0.37335017	0.39746597	-0.41497704	-0.3539522	0.3716569	-0.35285467	0.4139602	0.3136085	-0.33856156	-0.38992903	-0.4000495	-0.35644737	0.33406496	-0.3392662	-0.38158286	0.33908954	0.40062308	-0.3869468	-0.31714767	-0.3462645	-0.41192773	-0.32021618	-0.36394134	0.36597767	-0.39313036	-0.35588875	-0.32658532	-0.3863169	0.34667355	0.30828986	-0.3804758	0.34748766	0.31757036	-0.31555837	0.39292362	0.370231	-0.38291138	0.31857786	0.38500726	-0.39418367	-0.38753328	0.3634444	0.32882774	0.38821122	-0.4121916	-0.40180853	0.39430287	0.37492418	-0.3775876	0.32888594	0.4116362	0.30655274	0.39459196	0.39208782	0.35363436	-0.32676557	-0.33230275	0.32479483	0.34466276	-0.38021994	0.32937393	-0.37617108	0.38081864	0.3142595	-0.3642765	0.34411284	-0.3926563
-0.4893107	-0.5623886	-0.5225199	0.5045029	-0.5488966	-0.5680707	0.5085981	0.4126289	0.48459712	0.50035787	-0.51202154	-0.5012809	-0.5761601	0.4989384	-0.47846037	-0.55024	0.5467986	0.50278497	-0.55973965	-0.46605238	-0.5721778	-0.5292889	0.51682806	0.46242526	0.544574	0.5227614	-0.51173025	-0.44259408	0.48285577	0.51350003	-0.52203107	0.5347958	-0.50449616	-0.44400206	0.5558084	-0.51921636	-0.47216737	0.47097024	-0.47079384	0.46814448	0.49167916	-0.555125	-0.53915477	-0.44846573	-0.52710897	0.48992538	-0.50060505	-0.44913507	0.5347235	0.5355745	-0.4069784	-0.47347423	-0.42162493	-0.50853187	-0.5360925	-0.5683157	0.49792048	-0.5155772	-0.5001296	-0.5409384	-0.47421867	0.4844878	0.48128703	-0.47508857	0.4505446	0.53367937	-0.48343846	0.48762375	0.5018254	-0.55863935	0.47105843	0.54213953	-0.482929	-0.46720332	0.47318906	0.4781988	0.46612892	-0.49497417	-0.4954714	0.45897457	0.5259265	-0.45691186	0.5240129	0.5447745	0.4100427	0.51358974	0.53045624	0.46661684	-0.48149207	-0.4958192	0.5475564	0.50342315	-0.5534986	0.5261562	-0.5195411	0.53563917	0.56396776	-0.42636365	0.5232889	-0.5270247
-0.6393236	-0.7224744	-0.705072	0.7134342	-0.6767449	-0.6589891	0.62999856	0.64498097	0.6858552	0.68079495	-0.63082075	-0.64947	-0.6555528	0.64781797	-0.6564688	-0.63113785	0.6282165	0.6864288	-0.7071655	-0.7131625	-0.691959	-0.6587582	0.63095325	0.65316874	0.65645623	0.71266866	-0.72437626	-0.61264634	0.67603874	0.69947046	-0.70401543	0.7228672	-0.7306118	-0.55597126	0.6708744	-0.64530367	-0.624849	0.6891542	-0.6395718	0.6253387	0.6965193	-0.67806613	-0.65501285	-0.6716051	-0.6180947	0.6679807	-0.6388554	-0.62306684	0.6908823	0.62595755	-0.59069544	-0.6740245	-0.6303263	-0.67786914	-0.69444144	-0.6973972	0.6280535	-0.6381706	-0.6956989	-0.71976095	-0.68829703	0.696934	0.5727948	-0.62113994	0.7065114	0.7148039	-0.60815835	0.62422967	0.7149823	-0.6274089	0.70718175	0.63041073	-0.6476814	-0.61527807	0.62335056	0.6027553	0.5950125	-0.70765585	-0.5608223	0.5533784	0.6372702	-0.5846313	0.66290003	0.66126496	0.6151328	0.6526371	0.62967175	0.6330211	-0.6550352	-0.67182875	0.6948472	0.6073192	-0.690943	0.6406871	-0.70926094	0.7264483	0.68240124	-0.55882764	0.64515275	-0.6555925
-0.14468056	-0.14116894	-0.14951633	0.18028387	-0.22183365	-0.16165055	0.1456845	0.18897912	0.13482037	0.1462394	-0.18580624	-0.21300618	-0.14910567	0.22774667	-0.19020115	-0.2089495	0.21118541	0.17128481	-0.19116445	-0.19373506	-0.15740539	-0.1876155	0.17649925	0.18508704	0.21105768	0.21811412	-0.19865899	-0.16726068	0.14800705	0.14635779	-0.22469397	0.180237	-0.19195004	-0.22270535	0.19548106	-0.2192299	-0.19771099	0.20631887	-0.15046087	0.14290845	0.19518198	-0.19675872	-0.14543451	-0.15921284	-0.19210362	0.13691866	-0.13489242	-0.2245653	0.19014461	0.18718818	-0.15833284	-0.1498653	-0.21092157	-0.20087948	-0.22718592	-0.1476766	0.14253326	-0.15298106	-0.21304952	-0.17111674	-0.15223706	0.2269385	0.17030767	-0.19679746	0.21157381	0.18877687	-0.17138653	0.17790182	0.19294709	-0.21662195	0.19179548	0.15007468	-0.2083696	-0.13526413	0.21760389	0.14145607	0.22694194	-0.14816707	-0.1473303	0.20864743	0.13154687	-0.1365919	0.18280755	0.19534294	0.13474901	0.21155758	0.18941773	0.22867319	-0.20002091	-0.13899212	0.21829136	0.14520657	-0.15470497	0.2195576	-0.13403094	0.17075995	0.14719191	-0.14014624	0.22759184	-0.15608397
-0.71208644	-0.7287183	-0.71110106	0.70659554	-0.631877	-0.668096	0.5948527	0.65515053	0.6834569	0.67528045	-0.6898499	-0.6659487	-0.63617814	0.6681738	-0.7205629	-0.73168284	0.7263697	0.70853615	-0.7055857	-0.6795467	-0.6582072	-0.6945347	0.67575985	0.6860408	0.6440873	0.70695055	-0.68011457	-0.6503295	0.638561	0.68963784	-0.70772445	0.6654247	-0.6420751	-0.582817	0.6522847	-0.6476651	-0.6079159	0.66364354	-0.6567367	0.6186213	0.6439703	-0.6836191	-0.7054522	-0.632932	-0.6632466	0.6525018	-0.66052836	-0.6255538	0.63254005	0.6740361	-0.6663824	-0.6469789	-0.62939847	-0.6292166	-0.71033543	-0.7089716	0.713033	-0.6607389	-0.64814895	-0.71444017	-0.67703176	0.6188192	0.6390329	-0.6285866	0.66392165	0.7296399	-0.6372392	0.70081407	0.710612	-0.6281196	0.7142859	0.6640733	-0.6835626	-0.682711	0.63967246	0.67138064	0.64938676	-0.73444587	-0.6506624	0.6248071	0.66443324	-0.6333958	0.6490071	0.6993317	0.66229117	0.7376958	0.6881194	0.6699567	-0.6464353	-0.69184095	0.707309	0.6651963	-0.73153186	0.6080826	-0.7072572	0.6829236	0.6771454	-0.64195013	0.6229227	-0.6443508
-0.65317434	-0.8107852	-0.7388079	0.7828848	-0.7577402	-0.7710992	0.7948907	0.72814876	0.7286548	0.7427804	-0.8074798	-0.8258277	-0.7843996	0.7234428	-0.8334653	-0.78553873	0.80983156	0.75287306	-0.7703902	-0.81422025	-0.79221606	-0.7154826	0.7405407	0.80078757	0.80084485	0.73192185	-0.7329246	-0.7856331	0.8108226	0.7575025	-0.7303053	0.8183281	-0.8181509	-0.655282	0.7514398	-0.8448375	-0.6457204	0.74687135	-0.76046324	0.74463755	0.85282576	-0.83425874	-0.8511332	-0.78664136	-0.75378305	0.79615915	-0.7463934	-0.7456317	0.86388665	0.84168655	-0.6352868	-0.7814243	-0.68653107	-0.7088039	-0.8264826	-0.7902719	0.78293145	-0.85932916	-0.7517106	-0.7150627	-0.8129328	0.73044944	0.7296106	-0.7966624	0.7621329	0.8266129	-0.6249297	0.6732537	0.8269439	-0.75067735	0.7376348	0.74994445	-0.7873721	-0.8260033	0.789425	0.7292421	0.7135482	-0.7647607	-0.8184079	0.6934885	0.7091451	-0.64697814	0.79167926	0.7533814	0.5619624	0.7310346	0.7477056	0.68763274	-0.7101143	-0.82282925	0.81537724	0.80975336	-0.7313245	0.7952	-0.73033607	0.71444905	0.77473056	-0.6836808	0.7375065	-0.84935224
-0.65242344	-0.71625406	-0.67956245	0.6991389	-0.6593604	-0.6818449	0.6487652	0.71364665	0.74032193	0.6550427	-0.6992692	-0.69219476	-0.68561834	0.7409505	-0.69974434	-0.7131961	0.6878435	0.68857163	-0.65406466	-0.67895216	-0.6809974	-0.6949741	0.7127203	0.7133501	0.71684486	0.6806836	-0.73189455	-0.69863045	0.7410138	0.7027634	-0.6689363	0.71239936	-0.65475774	-0.71175444	0.739801	-0.719524	-0.5993442	0.7512977	-0.7350507	0.67498326	0.69730264	-0.73413527	-0.72222733	-0.6807042	-0.68887925	0.6503129	-0.67226607	-0.7219204	0.6751265	0.71677655	-0.6591281	-0.6642789	-0.6938477	-0.6741885	-0.70888567	-0.6803096	0.71445805	-0.6540572	-0.66333485	-0.679964	-0.6795733	0.69603074	0.7191996	-0.6768408	0.6769113	0.7225974	-0.69829816	0.6462035	0.6782293	-0.72572386	0.74440736	0.7175608	-0.6949097	-0.71109396	0.74675024	0.68617576	0.7148154	-0.71109945	-0.69499755	0.717602	0.71784353	-0.69493884	0.6849764	0.6494874	0.68411225	0.7295835	0.6879857	0.6622186	-0.6799255	-0.6916404	0.7139274	0.6834631	-0.74662644	0.65756065	-0.7222074	0.6951221	0.68734294	-0.6382423	0.705047	-0.7296292
-0.4310895	-0.36196485	-0.4136375	0.36949548	-0.3752448	-0.39597675	0.3946809	0.3525511	0.37040302	0.39979938	-0.4006972	-0.37900427	-0.426928	0.38037416	-0.35825342	-0.38121724	0.42861694	0.41812968	-0.3973055	-0.3738382	-0.39930668	-0.40902194	0.35859925	0.38595614	0.40287724	0.35750213	-0.4330887	-0.39326328	0.35950992	0.43963972	-0.34588176	0.3593612	-0.41303894	-0.41900608	0.40812916	-0.35362208	-0.3706005	0.37467042	-0.4334263	0.41353014	0.4259033	-0.3546445	-0.4414535	-0.44066435	-0.37287402	0.41214415	-0.363878	-0.40618065	0.3742445	0.3805715	-0.42837346	-0.42282286	-0.41561526	-0.42211515	-0.3608475	-0.4315303	0.4230246	-0.38264403	-0.41184804	-0.3969286	-0.44355997	0.42088503	0.355219	-0.44372505	0.4215644	0.44254336	-0.43488327	0.3433602	0.40333375	-0.3843491	0.37646472	0.41919634	-0.44177112	-0.41841573	0.35745108	0.41628653	0.3547695	-0.41045213	-0.37033328	0.42047936	0.39508763	-0.36150014	0.4403671	0.38959473	0.37392446	0.40829217	0.39831758	0.4349621	-0.3765	-0.43047825	0.4057558	0.35387987	-0.43407375	0.35651058	-0.39807752	0.3989663	0.4212851	-0.35073608	0.38085255	-0.38251808
-0.3735272	-0.53160477	-0.4656022	0.5083949	-0.5491442	-0.48281845	0.47755	0.459966	0.42726997	0.48732558	-0.49074852	-0.5310715	-0.5765489	0.4919016	-0.55630815	-0.50345856	0.49931136	0.46273807	-0.5746293	-0.51887196	-0.5780504	-0.50199294	0.51083416	0.52961814	0.5443998	0.45817223	-0.45597163	-0.53953534	0.555091	0.5727538	-0.45668492	0.5340027	-0.50989443	-0.45547363	0.5127681	-0.56391895	-0.5307496	0.44359782	-0.5132255	0.4830512	0.5823246	-0.505087	-0.5746021	-0.51217836	-0.53775525	0.5216587	-0.522195	-0.48613048	0.514067	0.4943349	-0.42347264	-0.5170015	-0.44827616	-0.5350616	-0.5741657	-0.501716	0.5628603	-0.57479364	-0.548124	-0.4109113	-0.50782764	0.5156599	0.4127415	-0.48508918	0.5354117	0.46471557	-0.45864537	0.42732543	0.53072935	-0.5165706	0.5096046	0.50427103	-0.50298274	-0.53129923	0.5124075	0.49248946	0.5680503	-0.53908354	-0.48791686	0.53593135	0.4705734	-0.4107491	0.53201854	0.44700822	0.38848767	0.4132613	0.51570785	0.4423229	-0.5486219	-0.5067465	0.49676526	0.5314624	-0.5434442	0.5908811	-0.49668485	0.51393825	0.48359156	-0.45432544	0.51640236	-0.5055494
-0.32626122	-0.3693184	-0.42210478	0.35708296	-0.3868326	-0.41764745	0.36390543	0.34218907	0.35672635	0.4062061	-0.36906904	-0.42883584	-0.43267864	0.34682506	-0.40951103	-0.37859315	0.43880558	0.35589817	-0.40191308	-0.3687847	-0.45429778	-0.38016835	0.44946015	0.37674636	0.36925426	0.37429592	-0.4256961	-0.37089643	0.42419896	0.37488598	-0.37952456	0.3705204	-0.40175477	-0.3171103	0.43663192	-0.43650392	-0.3878271	0.34345123	-0.31362784	0.3653986	0.42340678	-0.4265083	-0.37193134	-0.38800004	-0.4300518	0.43448925	-0.39218882	-0.33905536	0.40749454	0.37835976	-0.3512465	-0.39785963	-0.34787622	-0.44169345	-0.45156056	-0.4570787	0.3998638	-0.4463807	-0.42271918	-0.32289362	-0.43039975	0.43311116	0.3445636	-0.41398382	0.3765926	0.44479653	-0.3731327	0.32235742	0.3742859	-0.41481614	0.39158615	0.36479297	-0.39063475	-0.40580648	0.37836212	0.41907552	0.43065685	-0.41682944	-0.44530293	0.32492468	0.38434753	-0.34730068	0.40890202	0.3471798	0.3726132	0.40670773	0.35575062	0.3710206	-0.40282437	-0.44584504	0.40054566	0.39978912	-0.3616189	0.4043021	-0.44755647	0.4246799	0.37915	-0.29103494	0.4288974	-0.41352323
-0.40461802	-0.5658437	-0.51183325	0.56047946	-0.50600135	-0.58784693	0.48099148	0.4243	0.55642754	0.5503828	-0.518053	-0.5520688	-0.60153556	0.5362657	-0.5196712	-0.5863636	0.5333704	0.44231522	-0.56351715	-0.5530409	-0.59341246	-0.5343895	0.55786943	0.50026286	0.508222	0.5487863	-0.54710686	-0.48887172	0.63091695	0.55697966	-0.52891505	0.5659962	-0.58068067	-0.45891967	0.47203776	-0.5737742	-0.39030257	0.5455463	-0.50422126	0.4456695	0.5690041	-0.5276399	-0.49724063	-0.51423395	-0.56719357	0.54914695	-0.4398372	-0.56649894	0.56475264	0.5607826	-0.43230784	-0.57643676	-0.48064962	-0.50054616	-0.48319885	-0.60507435	0.56723386	-0.6452838	-0.54146355	-0.49188402	-0.5024926	0.44900182	0.43121967	-0.56632835	0.49671894	0.55202734	-0.4278134	0.48353383	0.5323093	-0.4913951	0.47915322	0.54135364	-0.5730942	-0.55636543	0.5399798	0.47091067	0.5214531	-0.5089616	-0.5147768	0.43966675	0.41803437	-0.40293714	0.5568948	0.48402664	0.434521	0.51420623	0.5306637	0.42940357	-0.4925617	-0.5840837	0.5221006	0.48348105	-0.5898887	0.5516212	-0.5069817	0.5191569	0.57888335	-0.40933678	0.518525	-0.5256643
-0.37096423	-0.4154947	-0.45467043	0.45759955	-0.4587262	-0.38715565	0.4542148	0.33707768	0.44198975	0.47995776	-0.39988828	-0.48601156	-0.4396446	0.3882991	-0.39964375	-0.49190387	0.41531187	0.42087677	-0.41004264	-0.43393964	-0.49861035	-0.42731604	0.41323408	0.49207512	0.4426901	0.4486551	-0.50472385	-0.41506562	0.42032337	0.4851002	-0.48488048	0.49668765	-0.48818788	-0.32340068	0.47079512	-0.4213236	-0.35277992	0.43061182	-0.42507845	0.41329208	0.49980435	-0.4040754	-0.4909786	-0.43191049	-0.41753545	0.4673297	-0.38053763	-0.44123876	0.40679723	0.39323515	-0.3170035	-0.51704085	-0.4100147	-0.44697848	-0.41257435	-0.49200743	0.41516468	-0.49890816	-0.38997415	-0.41550273	-0.4233892	0.42577296	0.41780442	-0.49737933	0.44367668	0.51197404	-0.3958346	0.40987846	0.4857025	-0.4702576	0.42534882	0.41166854	-0.43803358	-0.4148972	0.48443556	0.42925408	0.45855644	-0.45758578	-0.37405062	0.3578685	0.4398378	-0.36834463	0.45513386	0.435821	0.2818263	0.47060937	0.4908591	0.42431056	-0.43954933	-0.46797717	0.41883627	0.4630923	-0.41800782	0.4956664	-0.43277547	0.45843577	0.4675648	-0.36588255	0.46843845	-0.4217675
-0.49280173	-0.5729988	-0.5703317	0.58247614	-0.5487964	-0.5003434	0.53692704	0.46782082	0.5101564	0.5051815	-0.5498468	-0.5509969	-0.53293365	0.49844417	-0.5514593	-0.5605074	0.48551878	0.50012934	-0.49463144	-0.55392206	-0.5166306	-0.5888706	0.482915	0.48736748	0.5649899	0.5848629	-0.5232918	-0.5330811	0.50969094	0.5655677	-0.5124004	0.4857568	-0.57232755	-0.43446943	0.5303897	-0.5398175	-0.5038927	0.5244604	-0.5308712	0.5605645	0.5806451	-0.50640124	-0.5637339	-0.5566611	-0.5320501	0.47120184	-0.5151816	-0.54343545	0.56949294	0.4909937	-0.54249907	-0.5848359	-0.48417115	-0.5170584	-0.5722687	-0.5639085	0.56420493	-0.52902716	-0.5319354	-0.51604587	-0.4890361	0.45766523	0.5234853	-0.5675885	0.55874556	0.58500403	-0.55727434	0.5367702	0.57723606	-0.5373222	0.55740577	0.5786067	-0.51882106	-0.48439044	0.5216564	0.49448556	0.4771279	-0.5311294	-0.46177772	0.42571658	0.55840826	-0.516473	0.5193259	0.48754433	0.5433295	0.5330827	0.5336695	0.52270377	-0.5210205	-0.47635812	0.5621995	0.48315135	-0.57714397	0.5295174	-0.5618117	0.5227836	0.56545615	-0.44993627	0.54862547	-0.5118816
-0.3013135	-0.36016908	-0.31066436	0.3018257	-0.31881258	-0.24665725	0.32908386	0.30712298	0.36551228	0.27616078	-0.25882363	-0.28440836	-0.26914844	0.27174485	-0.3010525	-0.29107484	0.32631046	0.3017254	-0.3286611	-0.35369164	-0.3820361	-0.37677008	0.35724986	0.35529977	0.36353245	0.3235707	-0.3194081	-0.29743272	0.3372468	0.34301573	-0.32888207	0.3192719	-0.3114499	-0.25479865	0.29890624	-0.29859704	-0.3396283	0.36204904	-0.28898364	0.30936337	0.35834095	-0.2879551	-0.29992348	-0.3041174	-0.33172265	0.2992518	-0.33028752	-0.2946317	0.3345192	0.32678434	-0.35323563	-0.30139214	-0.3374411	-0.30631226	-0.3654553	-0.346027	0.37611148	-0.34610006	-0.317504	-0.3364264	-0.31370026	0.29085764	0.30598593	-0.35329932	0.2884952	0.30778998	-0.3360736	0.2841073	0.2902416	-0.3620952	0.3061572	0.28563398	-0.3176036	-0.35647887	0.28497455	0.29495803	0.24009918	-0.36366808	-0.2517221	0.22847413	0.28839943	-0.30772716	0.30833575	0.30253378	0.31973374	0.33587706	0.33746296	0.30830002	-0.27868372	-0.326665	0.37517098	0.30730253	-0.357592	0.29693714	-0.34504205	0.33579376	0.31496933	-0.27159584	0.31361046	-0.30425537
-0.54860115	-0.57919514	-0.5440334	0.6416253	-0.6183704	-0.59322006	0.60703146	0.5446812	0.61703515	0.5970335	-0.5421448	-0.6037263	-0.58033776	0.53379893	-0.593155	-0.6220118	0.59598947	0.569727	-0.59215844	-0.5794625	-0.5962207	-0.5910373	0.64234924	0.60398686	0.60612625	0.57908994	-0.6438675	-0.596899	0.5542852	0.571879	-0.5483857	0.64751744	-0.56068116	-0.5463372	0.6310668	-0.5922594	-0.5603677	0.5810923	-0.6090762	0.5938241	0.5618377	-0.59993374	-0.5764458	-0.631074	-0.6005846	0.54550517	-0.5282464	-0.6337051	0.6267475	0.6388758	-0.52206874	-0.6270162	-0.5736362	-0.62237823	-0.6113302	-0.5795854	0.55401677	-0.6186455	-0.6035092	-0.60304815	-0.61651784	0.6070435	0.5873753	-0.5709667	0.5933532	0.5664402	-0.49436066	0.5526115	0.6431665	-0.6034964	0.58847797	0.6387538	-0.55616444	-0.5857388	0.5595512	0.56455415	0.60017794	-0.5779571	-0.59251505	0.5378203	0.5930533	-0.5370623	0.61839175	0.5739743	0.4901895	0.59254104	0.5859548	0.5917025	-0.60830873	-0.64245945	0.59921306	0.6402793	-0.58748263	0.522059	-0.615291	0.58797354	0.61044174	-0.4856038	0.543688	-0.60853475
-0.5712605	-0.79051167	-0.6854654	0.7804463	-0.67884773	-0.80074555	0.70368564	0.64243084	0.76346374	0.80574363	-0.7643148	-0.76558036	-0.8019929	0.70690465	-0.7904058	-0.7794505	0.8365315	0.6621249	-0.78361076	-0.72518337	-0.7715132	-0.79190576	0.8103358	0.82319504	0.8191224	0.74819475	-0.79512393	-0.7498669	0.8063477	0.83424336	-0.6987082	0.82252383	-0.80036074	-0.63473874	0.78596836	-0.84477395	-0.62438166	0.7039268	-0.6586295	0.6996959	0.8636078	-0.8358674	-0.80639833	-0.75416344	-0.7331526	0.75481	-0.7244319	-0.7732064	0.8092889	0.7697134	-0.53046036	-0.74807346	-0.69299674	-0.7455002	-0.75011855	-0.7923564	0.7986427	-0.84622407	-0.8320691	-0.6569379	-0.7925314	0.7639432	0.62082756	-0.771125	0.7612242	0.750281	-0.59966063	0.66606957	0.78451276	-0.80451	0.7146135	0.7932912	-0.76637226	-0.7644073	0.7829707	0.76641387	0.78099227	-0.8149817	-0.8040978	0.6551301	0.60716474	-0.60215545	0.74911493	0.69093716	0.5846339	0.64620894	0.7797845	0.70985454	-0.7617588	-0.7628461	0.7951748	0.7158053	-0.78852504	0.7489508	-0.7029816	0.69421655	0.79920846	-0.62753636	0.7121498	-0.78009915
-0.3505865	-0.43372336	-0.45263213	0.43349242	-0.49812853	-0.44831476	0.50055045	0.40148652	0.4627732	0.45645866	-0.5111269	-0.44711655	-0.51946557	0.46018583	-0.46755967	-0.4557611	0.5142481	0.40201297	-0.4834199	-0.45617926	-0.4325558	-0.4950332	0.5146497	0.47488278	0.51278853	0.44548568	-0.43956426	-0.47800088	0.52285165	0.51527095	-0.47710842	0.44466165	-0.431819	-0.41786885	0.5099242	-0.48492822	-0.43808275	0.432031	-0.45369524	0.47321597	0.50058764	-0.4512091	-0.48561856	-0.45647204	-0.4575007	0.47565794	-0.5033161	-0.42230377	0.49486053	0.47453904	-0.3739239	-0.4416736	-0.47502387	-0.46954286	-0.5081562	-0.4444675	0.47132704	-0.4516715	-0.4996653	-0.3843498	-0.49088526	0.4651887	0.42760113	-0.44417116	0.43958598	0.51508087	-0.37115338	0.46029338	0.50477844	-0.5179717	0.4028837	0.45306182	-0.44730797	-0.45736519	0.45237848	0.44584012	0.49179748	-0.51080275	-0.46818912	0.4054885	0.435229	-0.35700154	0.4842837	0.43876353	0.33646283	0.39170825	0.46775275	0.4410025	-0.48912895	-0.49441445	0.42164215	0.42680305	-0.5098245	0.43945995	-0.43562648	0.49878487	0.478285	-0.46483156	0.47866425	-0.5032349
-0.6320619	-0.81867856	-0.7280397	0.7592137	-0.7036516	-0.80851555	0.73552275	0.6661304	0.7665321	0.7890966	-0.7492944	-0.84313977	-0.8424449	0.80751544	-0.7843568	-0.8020078	0.7936454	0.72234356	-0.79637504	-0.7705982	-0.8340729	-0.80590254	0.84110373	0.8108472	0.7909013	0.71839434	-0.7940214	-0.7716358	0.8380693	0.8237707	-0.7692878	0.8829912	-0.84528935	-0.6519777	0.82161695	-0.83179945	-0.6479956	0.7234924	-0.764914	0.7256028	0.8315931	-0.78371775	-0.8439608	-0.7671026	-0.7855285	0.8529202	-0.73611444	-0.79020983	0.80730224	0.7642814	-0.6677693	-0.86242855	-0.7241518	-0.7632886	-0.80878913	-0.86718804	0.83121055	-0.82105035	-0.79752606	-0.7648314	-0.7746441	0.70865846	0.6827423	-0.81255746	0.8638508	0.8446647	-0.66749907	0.74907964	0.8079914	-0.8006217	0.7356859	0.82775444	-0.7869336	-0.8430624	0.79103565	0.8068389	0.75448126	-0.8574346	-0.7496971	0.70377237	0.6891618	-0.6991652	0.7899399	0.7610332	0.6118045	0.73145694	0.82275987	0.7464441	-0.7521767	-0.7973254	0.82840645	0.7526459	-0.7478752	0.7652136	-0.8335855	0.7686095	0.8847939	-0.6302391	0.76033044	-0.8508512
-0.39401984	-0.35259485	-0.41609916	0.41920564	-0.32487002	-0.39847317	0.36714536	0.34726435	0.37272292	0.34401363	-0.32822374	-0.3319284	-0.39063942	0.38782123	-0.36031413	-0.38042668	0.32282522	0.41502762	-0.3729234	-0.34366763	-0.38621894	-0.3351011	0.37637213	0.34110823	0.34073594	0.325291	-0.39260775	-0.32912207	0.387708	0.34568655	-0.38570854	0.40474206	-0.37476125	-0.39979672	0.37193295	-0.35030147	-0.4101593	0.4205412	-0.38993856	0.32389903	0.37129584	-0.41296542	-0.369674	-0.3825947	-0.35155758	0.3770282	-0.40362012	-0.38682815	0.40321994	0.39756474	-0.39060995	-0.41724685	-0.40265292	-0.36350366	-0.390395	-0.36490968	0.37588137	-0.37407175	-0.3681047	-0.41564143	-0.37444592	0.4206668	0.3745049	-0.32183105	0.39360163	0.35561424	-0.32948822	0.39728558	0.36722508	-0.32746017	0.41728443	0.3420544	-0.3886294	-0.37296733	0.41189876	0.34033206	0.40720972	-0.3389328	-0.32427937	0.41417715	0.39743653	-0.37037772	0.3842622	0.38638493	0.36735058	0.35672802	0.35676223	0.33317745	-0.35668525	-0.33393335	0.36382508	0.34620842	-0.4181202	0.3255342	-0.40705806	0.4157993	0.37630674	-0.41734415	0.3512602	-0.40588224
-0.7478549	-0.78426343	-0.7637495	0.74545884	-0.70728874	-0.6676013	0.71976465	0.66177356	0.79099154	0.69450366	-0.6822023	-0.7915156	-0.75311816	0.67517376	-0.7363196	-0.7733519	0.7041758	0.68359137	-0.74416286	-0.69880456	-0.74943453	-0.8171215	0.7500433	0.7219086	0.7654573	0.7805297	-0.76603985	-0.7666637	0.73775715	0.738414	-0.7532712	0.78492725	-0.7475299	-0.61903876	0.79701763	-0.7607945	-0.62087405	0.72696567	-0.7108101	0.65452194	0.7253831	-0.6712908	-0.7666736	-0.77603185	-0.6661054	0.7127984	-0.57498807	-0.7683485	0.7239846	0.67429084	-0.6277267	-0.74397343	-0.70931333	-0.7803516	-0.7272564	-0.7637025	0.729042	-0.7933456	-0.7014445	-0.8010853	-0.7052876	0.68699664	0.63885033	-0.72611725	0.7037323	0.76858264	-0.71430737	0.67149764	0.78550816	-0.7122515	0.7120883	0.7287704	-0.7973534	-0.7517773	0.7510503	0.6605356	0.7169082	-0.7810005	-0.64411986	0.6105709	0.7344342	-0.64985913	0.72845423	0.74041	0.6627446	0.747079	0.75988406	0.7149315	-0.7090354	-0.6901032	0.75999093	0.7308388	-0.7442325	0.7639677	-0.71509683	0.727973	0.73938394	-0.5825813	0.71172655	-0.7807563
-0.48308098	-0.42248398	-0.50070983	0.5013134	-0.4040289	-0.4499282	0.4563248	0.4826019	0.50322384	0.47285995	-0.45616388	-0.48792318	-0.49294198	0.41923195	-0.4449649	-0.43388242	0.42552632	0.45818076	-0.47253823	-0.41326818	-0.42152768	-0.45537838	0.40603217	0.46416163	0.44855994	0.48868808	-0.43576935	-0.43848768	0.41299373	0.5061399	-0.50538146	0.431315	-0.4088174	-0.4446718	0.45491144	-0.4332396	-0.42777577	0.4432598	-0.41521543	0.44194284	0.43261412	-0.40789637	-0.4714115	-0.44369033	-0.4357488	0.4487702	-0.4348233	-0.44623026	0.44536853	0.45669046	-0.4549304	-0.42388618	-0.41554698	-0.42094776	-0.4354756	-0.46905774	0.4833177	-0.42574435	-0.4800132	-0.46510416	-0.47665325	0.44707853	0.48511037	-0.39492923	0.35486534	0.42667207	-0.46412492	0.42781866	0.4920194	-0.43828318	0.4721005	0.4458511	-0.4655924	-0.43528152	0.48120585	0.4790519	0.39798728	-0.41983476	-0.43136486	0.42467183	0.4075437	-0.46598044	0.42275658	0.46333155	0.40488863	0.47085306	0.4947044	0.506655	-0.44399256	-0.4268917	0.41440973	0.4731961	-0.41595876	0.37386048	-0.41870657	0.42263195	0.41823563	-0.44745055	0.49989146	-0.46329704
-0.5323974	-0.5902331	-0.55684125	0.59941924	-0.52016455	-0.5361562	0.56683075	0.5579975	0.5403403	0.60631293	-0.54400426	-0.5054016	-0.56141317	0.5571209	-0.5100476	-0.5923708	0.5588382	0.50338733	-0.5857962	-0.5099941	-0.5231139	-0.52149993	0.5183913	0.50953734	0.5984089	0.54433465	-0.54014266	-0.56127155	0.50126195	0.58952636	-0.58598787	0.5788473	-0.547573	-0.49018756	0.5650124	-0.5112107	-0.51157033	0.57268846	-0.5782844	0.5383483	0.58572537	-0.5738783	-0.5471178	-0.5621395	-0.5732556	0.5112056	-0.54347765	-0.503476	0.50149304	0.59267765	-0.520631	-0.5254901	-0.550955	-0.51372826	-0.5608761	-0.5195954	0.5742175	-0.56571805	-0.55808896	-0.57832205	-0.54885346	0.5248799	0.5275355	-0.57412696	0.5217435	0.5641596	-0.5562288	0.5863439	0.5267873	-0.5661584	0.53879315	0.52589035	-0.5687737	-0.5130596	0.5246996	0.4935602	0.5078547	-0.51131415	-0.5145925	0.5270964	0.6016793	-0.5269196	0.5580637	0.5893467	0.53075886	0.5728535	0.5955923	0.5666648	-0.51391387	-0.5493634	0.56278926	0.5678144	-0.50799537	0.48837325	-0.57230574	0.573055	0.5902753	-0.4737062	0.53498614	-0.52677196
-0.37351698	-0.41981146	-0.4209542	0.40260452	-0.4202168	-0.3550543	0.3978402	0.4067809	0.43987152	0.3772571	-0.33035675	-0.3442648	-0.35753518	0.39485118	-0.33353773	-0.33521056	0.40347424	0.41236585	-0.4108231	-0.4089354	-0.35185027	-0.36194295	0.36765277	0.38269076	0.3660019	0.4013441	-0.4266328	-0.4097683	0.3444477	0.3884049	-0.38259754	0.375137	-0.3730973	-0.3571571	0.3856216	-0.4140719	-0.34889242	0.35867447	-0.41152707	0.36034346	0.40165043	-0.3458774	-0.33064947	-0.3806749	-0.39159417	0.3681799	-0.41626698	-0.39552024	0.3281621	0.37948102	-0.39370784	-0.41619375	-0.38064298	-0.43191016	-0.39130723	-0.3744301	0.42732453	-0.41853637	-0.34231925	-0.38232154	-0.35749257	0.40594637	0.3992255	-0.3692885	0.39744514	0.35722438	-0.4437133	0.38401434	0.36705548	-0.35999355	0.34923717	0.37168896	-0.3552446	-0.43127576	0.42146772	0.34750965	0.41079196	-0.41377234	-0.34690323	0.37270913	0.39218548	-0.4175853	0.43508688	0.44033062	0.38212618	0.41332528	0.39317846	0.41711053	-0.3334208	-0.39091876	0.36725864	0.42364872	-0.4222371	0.34877428	-0.3859021	0.41323167	0.36735743	-0.34060526	0.37930778	-0.36367938
-0.53309345	-0.658838	-0.6236707	0.57548016	-0.5539633	-0.56894875	0.6304124	0.56206983	0.655305	0.63660765	-0.5811106	-0.6261666	-0.6283829	0.57537085	-0.6213831	-0.60712755	0.63590354	0.6168161	-0.62368286	-0.60749155	-0.6615409	-0.6580298	0.66084325	0.5847594	0.5983572	0.6394666	-0.5953832	-0.6007973	0.6632291	0.60251564	-0.5955906	0.6674555	-0.6317502	-0.5529687	0.5864962	-0.60378957	-0.52530015	0.6453653	-0.5550279	0.5490221	0.62979025	-0.64687276	-0.6717773	-0.570854	-0.5951836	0.6494186	-0.568482	-0.6273446	0.6083159	0.6551705	-0.5354222	-0.6349071	-0.54211664	-0.60481596	-0.6625039	-0.6074123	0.6505818	-0.62600154	-0.6577271	-0.617273	-0.5904789	0.58331215	0.55695057	-0.6740839	0.62951374	0.6219817	-0.6041982	0.64167434	0.59474325	-0.59473795	0.573608	0.65739137	-0.63088304	-0.62754285	0.6413273	0.6463791	0.65868604	-0.65791553	-0.5899188	0.5783102	0.5707364	-0.5989965	0.63194764	0.6153181	0.58957934	0.6100432	0.6190313	0.59947914	-0.6385289	-0.574597	0.61157185	0.6354927	-0.6134855	0.58837456	-0.5974812	0.5621617	0.65383923	-0.5795553	0.58588666	-0.64904594
-0.47743273	-0.4949901	-0.41980073	0.46787274	-0.4615061	-0.43947142	0.44048554	0.44286153	0.45088854	0.44814345	-0.45808867	-0.4777767	-0.4435534	0.42581525	-0.4410166	-0.45037678	0.47062662	0.4934669	-0.486398	-0.45386416	-0.44636402	-0.4798024	0.50330347	0.5205642	0.5102934	0.48149207	-0.47247618	-0.43770814	0.45701197	0.4758836	-0.5028861	0.5173625	-0.45181432	-0.4834307	0.47508577	-0.51239777	-0.41626018	0.4691475	-0.43486843	0.45711902	0.50011617	-0.48188937	-0.5021789	-0.48422	-0.45464525	0.4944304	-0.50678355	-0.50482047	0.52330923	0.48018456	-0.47354954	-0.49119177	-0.44133815	-0.43222678	-0.46879038	-0.4288807	0.471577	-0.46782497	-0.44125915	-0.4629171	-0.4284188	0.41732472	0.44438046	-0.45615706	0.44048777	0.4969398	-0.4898915	0.44552967	0.4576384	-0.44709274	0.41677955	0.46580955	-0.51695824	-0.4260551	0.46597013	0.5114957	0.46820366	-0.48404086	-0.47044656	0.42611548	0.45522037	-0.41859895	0.4795102	0.48172358	0.45903513	0.48934555	0.49487263	0.43183643	-0.48159674	-0.49315932	0.50791943	0.44213673	-0.5038853	0.46952	-0.43555808	0.50555223	0.43086293	-0.44826984	0.45959496	-0.5015428
-0.4200784	-0.3935972	-0.43580955	0.4231108	-0.43381912	-0.3877991	0.41916373	0.3440538	0.41715077	0.3939286	-0.42058483	-0.43566394	-0.38510612	0.42857578	-0.4284077	-0.35358697	0.41192746	0.36218822	-0.38403854	-0.37387776	-0.42417064	-0.43779367	0.40305805	0.41325665	0.38368005	0.4361884	-0.35115093	-0.4308233	0.43659666	0.37560967	-0.4007777	0.41065177	-0.41850933	-0.33764026	0.40843126	-0.37335122	-0.37707344	0.4244043	-0.40251496	0.4122303	0.3756529	-0.35551143	-0.3925933	-0.4118126	-0.44205132	0.41268072	-0.39496228	-0.38456547	0.36848125	0.382829	-0.38529482	-0.40229473	-0.40215418	-0.43131682	-0.44444707	-0.42545325	0.40941703	-0.36071825	-0.4035065	-0.4095118	-0.39501455	0.41421616	0.37631834	-0.4189736	0.41561761	0.43169087	-0.39892122	0.36808315	0.36269218	-0.41306683	0.420974	0.40841398	-0.35528642	-0.348432	0.3501801	0.37022972	0.42672384	-0.37576005	-0.36912784	0.36286914	0.37841788	-0.42736477	0.40315613	0.36200023	0.3986536	0.38537723	0.3579008	0.4330924	-0.40928236	-0.37880906	0.3949119	0.40268174	-0.42979887	0.42401573	-0.41698998	0.4158942	0.41234452	-0.39631632	0.3455253	-0.3594974
-0.63733155	-0.637123	-0.6469592	0.73767364	-0.6446173	-0.6909988	0.6924805	0.6346982	0.73163533	0.6871534	-0.667724	-0.7110362	-0.71428525	0.6879327	-0.7405563	-0.6914468	0.7129645	0.67183685	-0.65593696	-0.65380543	-0.71308535	-0.6743088	0.7414325	0.6483368	0.6383157	0.695863	-0.6815483	-0.6431389	0.6769884	0.67414474	-0.71527374	0.6503128	-0.6435422	-0.6135559	0.73218757	-0.6935288	-0.6730737	0.67278546	-0.65131253	0.6814226	0.6426134	-0.63504606	-0.7037696	-0.7008787	-0.6795907	0.6647712	-0.6765681	-0.66037935	0.6295488	0.6656761	-0.7220081	-0.66693956	-0.7027012	-0.7456791	-0.6968334	-0.7069363	0.7188694	-0.68375665	-0.6418383	-0.6700573	-0.65946907	0.6916403	0.6898378	-0.7036058	0.65486765	0.64821917	-0.68295115	0.7298085	0.7085349	-0.62780917	0.6912397	0.68515533	-0.708986	-0.62457377	0.6579058	0.6491586	0.6379879	-0.7123849	-0.6084415	0.6940276	0.7031115	-0.64917964	0.6911211	0.68666273	0.67089003	0.6973368	0.6405734	0.65172637	-0.68315583	-0.6575017	0.6641497	0.6195467	-0.63994664	0.70142037	-0.6535429	0.68954295	0.67349225	-0.6217401	0.64301157	-0.6591857
-0.6845078	-0.63687533	-0.678601	0.70388055	-0.69154966	-0.6347771	0.6205816	0.5993063	0.71230435	0.6199139	-0.63327694	-0.67890215	-0.72285223	0.6899055	-0.68753666	-0.65304327	0.6752059	0.6704312	-0.61987287	-0.679075	-0.69672245	-0.6604373	0.712176	0.6560067	0.63563406	0.6656754	-0.65718716	-0.6331905	0.7229583	0.7210547	-0.7009596	0.673035	-0.6413869	-0.62896293	0.68490314	-0.72868115	-0.63019544	0.63042223	-0.69134533	0.661955	0.7218113	-0.66682917	-0.65893716	-0.62811893	-0.6769284	0.6953921	-0.6792948	-0.69440687	0.7125987	0.6570664	-0.62479764	-0.68605155	-0.64444464	-0.64893556	-0.7116447	-0.685567	0.72103435	-0.6500028	-0.64038026	-0.72230446	-0.69374394	0.66757977	0.64890957	-0.7001612	0.65907025	0.7133041	-0.6376749	0.6828205	0.6922216	-0.7091119	0.66236866	0.66545606	-0.72335595	-0.71293205	0.6398154	0.6368319	0.671544	-0.7024912	-0.6203136	0.52886695	0.64284766	-0.666284	0.6637271	0.6597709	0.60666484	0.7166322	0.71860844	0.6630843	-0.6635311	-0.7058357	0.6586444	0.62604415	-0.6635842	0.6731161	-0.7222034	0.6195557	0.6474901	-0.56352097	0.6253497	-0.71142066
-0.388302	-0.5327702	-0.5364804	0.5936114	-0.5929049	-0.63395864	0.5458654	0.5061856	0.4997621	0.5862371	-0.5579721	-0.6210446	-0.5769299	0.5318386	-0.5768606	-0.64162165	0.56275994	0.52004385	-0.5675423	-0.6164413	-0.5848436	-0.60020494	0.6093746	0.5694524	0.56681645	0.4980121	-0.5143256	-0.5824876	0.60597885	0.560249	-0.5740281	0.6088295	-0.5921606	-0.5663597	0.5746469	-0.59537053	-0.55332243	0.4781546	-0.5857555	0.5954171	0.56178224	-0.5669816	-0.5895731	-0.5405601	-0.5862101	0.6472233	-0.58604175	-0.5388065	0.55004954	0.6102888	-0.40503916	-0.5519495	-0.5251514	-0.61669636	-0.55425245	-0.58808845	0.5622682	-0.62249076	-0.5634346	-0.4738388	-0.5454409	0.6042724	0.49853906	-0.5869858	0.5508526	0.5851173	-0.4968573	0.5169807	0.56805974	-0.5804225	0.553742	0.5858979	-0.62671834	-0.5812902	0.55040264	0.56182003	0.6266186	-0.63870424	-0.58497006	0.48924738	0.50954515	-0.437069	0.5247706	0.554211	0.4219366	0.422653	0.57125044	0.5003316	-0.55827963	-0.56185186	0.5998613	0.58008426	-0.50653106	0.6079551	-0.5576995	0.4952584	0.6031105	-0.5252909	0.52251506	-0.5652673
-0.6763759	-0.78974754	-0.75247395	0.74881387	-0.7744529	-0.7237933	0.6963362	0.65505064	0.7362859	0.80364716	-0.76141906	-0.79610807	-0.8261904	0.6766611	-0.775277	-0.762367	0.7999632	0.6985918	-0.7279791	-0.71366733	-0.82645136	-0.75740755	0.8091304	0.75613433	0.8077344	0.7037348	-0.817064	-0.7370035	0.7886432	0.7526847	-0.7396122	0.81585187	-0.8044205	-0.650494	0.7262272	-0.82568544	-0.60476553	0.77066207	-0.7522647	0.7279373	0.8226371	-0.74228156	-0.74736696	-0.77482927	-0.7344359	0.7558084	-0.6884639	-0.7404525	0.8237847	0.72092354	-0.66000223	-0.846275	-0.67443943	-0.72861326	-0.78619283	-0.7730578	0.78410554	-0.8196728	-0.7684413	-0.70742846	-0.7715755	0.7437271	0.7060604	-0.81978023	0.7429442	0.8336184	-0.6675644	0.7308472	0.7821318	-0.73736936	0.73204273	0.81216425	-0.7587394	-0.798959	0.76699436	0.7166081	0.74104095	-0.7998463	-0.73930883	0.64085627	0.7373445	-0.7140646	0.8002197	0.682946	0.6492165	0.7060085	0.79130125	0.7551418	-0.6932141	-0.7457316	0.78862464	0.73462033	-0.76856744	0.7527365	-0.7600754	0.7582219	0.7962082	-0.58803207	0.7001006	-0.8332087
-0.23771054	-0.29446393	-0.25053534	0.27177957	-0.24356158	-0.29333726	0.33055866	0.27306378	0.31605187	0.34155086	-0.2752279	-0.32997584	-0.2937396	0.27220434	-0.29024714	-0.25695634	0.25615293	0.26373973	-0.2910944	-0.29452288	-0.2952842	-0.322725	0.30847007	0.24743955	0.29243702	0.24474715	-0.32718968	-0.2857663	0.3263097	0.32896057	-0.32887015	0.26686597	-0.27021748	-0.2408102	0.25172153	-0.27154574	-0.30088076	0.29579902	-0.24537966	0.22952238	0.27341357	-0.30152714	-0.311585	-0.3171107	-0.26140523	0.25094336	-0.3064565	-0.2905633	0.30371305	0.26341835	-0.30268556	-0.31470934	-0.2875912	-0.28993645	-0.3084198	-0.31982172	0.2908448	-0.336982	-0.28043067	-0.2843481	-0.2834944	0.27026647	0.2606119	-0.27740866	0.34547183	0.33429182	-0.32143903	0.29656422	0.32726914	-0.25185454	0.24170855	0.28851607	-0.31760818	-0.3190204	0.27314633	0.29122144	0.25897697	-0.2556771	-0.23422521	0.24743037	0.29870117	-0.28847194	0.27494448	0.32463884	0.24397719	0.31664312	0.25783134	0.2631795	-0.26950878	-0.2886373	0.24640173	0.237953	-0.32270777	0.2994979	-0.33391	0.3172456	0.30812603	-0.23711804	0.3164811	-0.31773904
-0.46630663	-0.50653297	-0.45757204	0.5276074	-0.45288143	-0.46675643	0.48712108	0.4157005	0.5549602	0.50201374	-0.5337482	-0.47230297	-0.5475866	0.43986726	-0.5133916	-0.47269255	0.45066103	0.44525868	-0.5034135	-0.45851284	-0.4846451	-0.52319944	0.51703966	0.48566476	0.5063726	0.49179122	-0.5223294	-0.4872442	0.48926216	0.5449222	-0.5183671	0.46499962	-0.46903494	-0.43825144	0.44197106	-0.47033677	-0.36945295	0.43075934	-0.43155736	0.41252363	0.54549414	-0.5317599	-0.45169362	-0.5026338	-0.5198539	0.52891004	-0.42163083	-0.53250146	0.54344994	0.43861398	-0.43617263	-0.48593536	-0.50331235	-0.49983183	-0.53895515	-0.54285306	0.5459442	-0.48380974	-0.46754313	-0.5234436	-0.5530307	0.41957432	0.45490065	-0.4716909	0.474716	0.51093704	-0.5046532	0.5017002	0.47729975	-0.52430415	0.45308697	0.45825738	-0.50920403	-0.48767456	0.43609312	0.42129484	0.49751934	-0.47995263	-0.4599558	0.30902767	0.51829135	-0.4641387	0.53754705	0.5011918	0.44497222	0.5246525	0.49448952	0.47691187	-0.49696702	-0.45574903	0.47837177	0.4966653	-0.4758556	0.4384968	-0.5301362	0.48220077	0.5129867	-0.3708729	0.49111006	-0.5609403
-0.21470013	-0.23006396	-0.21506253	0.24760179	-0.20218167	-0.18388085	0.23282798	0.2531344	0.27821657	0.23470429	-0.28478965	-0.28278476	-0.19409192	0.30516008	-0.25319606	-0.2085681	0.29699025	0.25310338	-0.2702575	-0.26741377	-0.27950367	-0.2628832	0.29771656	0.28993395	0.30495894	0.28347307	-0.23887193	-0.26359797	0.23531823	0.21204884	-0.27481043	0.20523545	-0.24246228	-0.18461268	0.2566325	-0.23329014	-0.21040772	0.27499938	-0.2705439	0.24383715	0.22214794	-0.20313723	-0.26605305	-0.26088262	-0.27151233	0.20726734	-0.19672996	-0.28724056	0.24740236	0.2330365	-0.22292593	-0.2632879	-0.21239641	-0.22705123	-0.2547949	-0.2756732	0.23945294	-0.18825653	-0.21398988	-0.2336831	-0.24361311	0.29173192	0.26925796	-0.23323269	0.20641682	0.25000376	-0.25666508	0.23673293	0.2382527	-0.2937428	0.25920224	0.28199494	-0.23498438	-0.27121353	0.21629812	0.25761437	0.27899674	-0.20301424	-0.28061655	0.19241796	0.30144215	-0.22068247	0.19694652	0.20367122	0.17260517	0.23149958	0.20677517	0.21343742	-0.2242447	-0.21700318	0.24015674	0.28910232	-0.26736084	0.19703853	-0.2790684	0.2284421	0.27191338	-0.10222505	0.27871302	-0.17966262
-0.31798598	-0.30672368	-0.27465647	0.3267692	-0.29195917	-0.27968216	0.28349158	0.33192408	0.25249922	0.31818688	-0.29787502	-0.2905197	-0.2735808	0.3088395	-0.30824977	-0.23691612	0.31428894	0.2821116	-0.258025	-0.24717394	-0.32705006	-0.2644748	0.27428398	0.3186167	0.2638877	0.24904165	-0.30628425	-0.31282097	0.25054815	0.3255033	-0.33042914	0.28002235	-0.25262943	-0.31191656	0.2801181	-0.31164178	-0.2337058	0.30051556	-0.30110458	0.24751906	0.32490537	-0.275014	-0.2510681	-0.24180987	-0.2836855	0.28525397	-0.29198077	-0.312449	0.29736406	0.24157457	-0.3285641	-0.2491983	-0.3065915	-0.2690411	-0.23025486	-0.28949422	0.33222798	-0.27622947	-0.25221068	-0.2824851	-0.27786323	0.2397313	0.2684687	-0.26738608	0.25320482	0.32563305	-0.278835	0.27715805	0.2874161	-0.27150828	0.31424826	0.23112702	-0.23915277	-0.3088136	0.3007024	0.27159542	0.24097817	-0.27561876	-0.30745062	0.22385314	0.32445535	-0.29407927	0.25225484	0.26701877	0.28467128	0.28159744	0.32096753	0.3257641	-0.28739855	-0.31179056	0.2642193	0.30412948	-0.32267404	0.28344634	-0.33642682	0.31062168	0.23792797	-0.23464479	0.23280269	-0.3078863
-0.8740062	-0.8390617	-0.8184615	0.8096622	-0.8329353	-0.8055194	0.7519667	0.8314969	0.91579664	0.8581285	-0.88051134	-0.8768853	-0.9394254	0.7573109	-0.86984724	-0.9119971	0.9036659	0.88672906	-0.8360624	-0.8131063	-0.89047927	-0.9084577	0.84052587	0.8786938	0.7856075	0.85347456	-0.8870731	-0.8367811	0.9206875	0.8197974	-0.86761534	0.88058376	-0.93030596	-0.715201	0.90289694	-0.856721	-0.82840866	0.9020029	-0.8699453	0.8547204	0.82482594	-0.82219577	-0.8630134	-0.8617226	-0.8566056	0.8359378	-0.7173557	-0.825033	0.81620705	0.8119174	-0.76766294	-0.8506383	-0.79415596	-0.8076213	-0.85804564	-0.843116	0.86475724	-0.83500564	-0.7568545	-0.85563177	-0.89438164	0.8004328	0.8082728	-0.8603376	0.8562352	0.8545296	-0.7727106	0.79012614	0.8648352	-0.8612667	0.8274234	0.87225753	-0.77617335	-0.8728942	0.7784482	0.7837039	0.81447345	-0.9074608	-0.7027083	0.7346695	0.80307204	-0.7995855	0.84810555	0.8426353	0.8201215	0.86540765	0.8152666	0.85680306	-0.77852595	-0.7903265	0.8752208	0.8279713	-0.8640808	0.8958273	-0.87152827	0.84073806	0.903145	-0.7235688	0.86410826	-0.8116181
-0.33279747	-0.42240345	-0.35674763	0.3508808	-0.3953998	-0.39844707	0.38769764	0.3517377	0.41020304	0.35147077	-0.35111365	-0.41759607	-0.34154007	0.34428853	-0.3466391	-0.41142017	0.38985366	0.3822428	-0.36187753	-0.335999	-0.3383639	-0.36904708	0.40071094	0.36182725	0.3931668	0.36797386	-0.36197475	-0.37402612	0.34448627	0.4137341	-0.38623998	0.40286472	-0.4220922	-0.38374722	0.41846687	-0.36155888	-0.32167014	0.41932526	-0.382557	0.4090278	0.38304558	-0.33743507	-0.35100946	-0.3247403	-0.4194928	0.4193312	-0.3559661	-0.41446584	0.35698855	0.31963533	-0.36961377	-0.37603772	-0.3608952	-0.35868806	-0.34992826	-0.3941421	0.36870062	-0.38799495	-0.34400544	-0.40529248	-0.38788176	0.36099476	0.40071192	-0.36033943	0.37682772	0.42716643	-0.31982356	0.35097885	0.3682662	-0.40634927	0.37777907	0.41271818	-0.4129189	-0.34157065	0.39547208	0.32005668	0.3927523	-0.40395942	-0.34782496	0.3726755	0.40560117	-0.34186488	0.36353242	0.3968208	0.33606958	0.31451133	0.34212726	0.31688842	-0.3214615	-0.34672436	0.41196886	0.37536815	-0.41855016	0.35597557	-0.39662218	0.3373871	0.34227815	-0.31104222	0.40105632	-0.34019768
-0.46631175	-0.4405692	-0.47864768	0.42309728	-0.40017495	-0.4600853	0.40000328	0.48578528	0.43908024	0.50110453	-0.42299515	-0.43510973	-0.48632044	0.46558467	-0.4062083	-0.518721	0.41581127	0.44096887	-0.4103422	-0.4731506	-0.4947711	-0.4782187	0.44181168	0.4872844	0.47502148	0.48559323	-0.5207655	-0.48679054	0.52088696	0.4706815	-0.43682557	0.5014262	-0.4788701	-0.45507458	0.44801107	-0.42216092	-0.4620903	0.46925524	-0.40977365	0.4597329	0.43629095	-0.46123213	-0.50417244	-0.5111864	-0.45862296	0.4351269	-0.43561614	-0.43861672	0.526212	0.4339251	-0.43752566	-0.49603721	-0.49504033	-0.5009195	-0.42250594	-0.42419812	0.48930192	-0.44445914	-0.43284538	-0.4911804	-0.47893283	0.43122047	0.4779673	-0.43991846	0.51432794	0.50188166	-0.45907897	0.44433424	0.48253056	-0.49515018	0.48430178	0.46473327	-0.41824728	-0.49786502	0.50612605	0.42907527	0.40138552	-0.43826374	-0.4226434	0.4348446	0.49424797	-0.4549331	0.49460873	0.4753301	0.48375732	0.49148613	0.50596935	0.5073541	-0.42196435	-0.4776564	0.46595418	0.43556353	-0.49811494	0.46908918	-0.47018626	0.48017868	0.47846028	-0.35816193	0.4792506	-0.45402104
-0.49002895	-0.5174384	-0.46435982	0.5384775	-0.51306605	-0.49652514	0.48125055	0.44112968	0.47109056	0.53881687	-0.46035856	-0.50558406	-0.5413603	0.43305096	-0.49240324	-0.5064822	0.4605183	0.44233465	-0.49697718	-0.49928528	-0.48996645	-0.49757728	0.49254504	0.5095342	0.44874936	0.50224537	-0.48188275	-0.43590623	0.47503322	0.46748346	-0.45569173	0.47437808	-0.49845392	-0.46785727	0.45758763	-0.4565652	-0.43360037	0.45026174	-0.52235276	0.5148571	0.5236179	-0.4684775	-0.49853256	-0.4975547	-0.5040728	0.43934873	-0.50796556	-0.48732218	0.47053352	0.46397215	-0.4766155	-0.44820932	-0.523575	-0.5355463	-0.44842938	-0.51438904	0.516074	-0.5220097	-0.5117791	-0.5147983	-0.43894994	0.4702724	0.48901156	-0.48878694	0.47647873	0.52143395	-0.4745996	0.4932893	0.51400614	-0.533144	0.43209213	0.5124466	-0.543453	-0.5267251	0.45899266	0.5080977	0.45570138	-0.53334355	-0.4262273	0.4479101	0.52323496	-0.49714738	0.4439451	0.43275708	0.46886572	0.4610823	0.5369656	0.46347204	-0.48603734	-0.50322586	0.5104161	0.53095186	-0.45039508	0.5003011	-0.5317817	0.532447	0.5229897	-0.41043225	0.5135592	-0.47190633
-0.52870923	-0.5546681	-0.5190938	0.58247775	-0.61201906	-0.50272965	0.5883175	0.5427607	0.6162758	0.56578445	-0.58403414	-0.55752885	-0.5455271	0.55931634	-0.58261734	-0.60053825	0.5282846	0.5158026	-0.5671514	-0.6131695	-0.58763635	-0.51004046	0.55737484	0.56726944	0.5747579	0.57864213	-0.53640956	-0.56641304	0.513946	0.5835334	-0.5547075	0.5932311	-0.5864066	-0.5786867	0.6005167	-0.52348745	-0.5230024	0.604571	-0.53495646	0.5176134	0.57133436	-0.51121235	-0.5728043	-0.5604368	-0.6043837	0.53098387	-0.56213635	-0.5359977	0.60249645	0.5577809	-0.5398328	-0.5808049	-0.54450977	-0.60448265	-0.5524515	-0.5744988	0.5848418	-0.5544346	-0.5582431	-0.5824518	-0.5288182	0.56682426	0.5226937	-0.52406955	0.5375826	0.5760305	-0.5327235	0.6066349	0.5224671	-0.5406749	0.5174878	0.5498188	-0.59053135	-0.58253586	0.5577723	0.541828	0.52640104	-0.56223834	-0.5342753	0.55426747	0.50796133	-0.5179678	0.5814233	0.559472	0.51565593	0.5755568	0.51690084	0.57869595	-0.50345826	-0.55364966	0.58816046	0.5949146	-0.5242625	0.60182714	-0.5602578	0.6097967	0.5692015	-0.5622463	0.5369877	-0.58210397
-0.50242275	-0.49010885	-0.5431265	0.5072576	-0.4737981	-0.49090415	0.4979448	0.4903506	0.5163753	0.56362784	-0.47370434	-0.5020389	-0.5252663	0.48046654	-0.5398717	-0.48463488	0.5191851	0.45996782	-0.47677448	-0.5351163	-0.5715425	-0.5108271	0.48473376	0.46759495	0.5577162	0.5001747	-0.5429018	-0.5442939	0.46390674	0.5505948	-0.47372442	0.5654454	-0.49781337	-0.45693806	0.5519748	-0.46573249	-0.4567203	0.44237682	-0.5129133	0.5522521	0.44546837	-0.55921817	-0.5330727	-0.48767817	-0.49998814	0.46867114	-0.4662386	-0.53896725	0.54427207	0.54668814	-0.4133088	-0.5132755	-0.45349845	-0.55453736	-0.48422626	-0.5610518	0.51216334	-0.5259889	-0.54427654	-0.4637859	-0.5468074	0.4760214	0.4709322	-0.53315294	0.5502989	0.5642286	-0.5257664	0.52559406	0.5504896	-0.506035	0.45711058	0.5278954	-0.5261652	-0.5420265	0.47689578	0.51126057	0.47191378	-0.49911174	-0.5521324	0.43343	0.4995956	-0.4935939	0.5200495	0.4953119	0.41156393	0.50442827	0.48154134	0.5373241	-0.5347033	-0.4722422	0.50271684	0.48765692	-0.5547441	0.48452792	-0.55578065	0.4696357	0.5626434	-0.47627345	0.49973318	-0.5421439
-0.2618091	-0.2588288	-0.24474722	0.24722588	-0.26371238	-0.20765762	0.2850254	0.2218136	0.30281207	0.25442702	-0.26750895	-0.20783266	-0.25451124	0.2723767	-0.21894908	-0.2180389	0.21194088	0.21086943	-0.25560325	-0.24320665	-0.2162853	-0.28251266	0.22200228	0.28424653	0.2130033	0.2541761	-0.2711754	-0.2947898	0.25429198	0.26276314	-0.24674107	0.2744505	-0.30317977	-0.2626636	0.23797064	-0.25665057	-0.21033771	0.2985896	-0.29369175	0.28835115	0.27478358	-0.2697069	-0.20073353	-0.30222046	-0.29088333	0.22754595	-0.24896517	-0.2500616	0.2320719	0.27585533	-0.22856037	-0.28548175	-0.21190509	-0.20678791	-0.22180772	-0.22664346	0.2921876	-0.19646165	-0.22776133	-0.2283168	-0.3041412	0.2937627	0.2867901	-0.26859424	0.24048425	0.27241495	-0.2490481	0.26707464	0.26336533	-0.2268329	0.30593273	0.25969312	-0.26757315	-0.2727021	0.30391595	0.23680119	0.2892722	-0.24070273	-0.28942996	0.26567635	0.23654087	-0.26513276	0.272922	0.268197	0.26236892	0.3076525	0.24536356	0.21958262	-0.28365886	-0.25868112	0.22319376	0.24169008	-0.25055686	0.27136755	-0.25575283	0.25110462	0.2324135	-0.21022177	0.25676987	-0.29265437
-0.48372725	-0.5417698	-0.54458237	0.5782662	-0.5679658	-0.560504	0.59237486	0.49508753	0.5837199	0.5909878	-0.6054722	-0.6305302	-0.566085	0.57039016	-0.6031092	-0.61774594	0.5835071	0.549264	-0.5541989	-0.624662	-0.58410895	-0.5793211	0.61414385	0.54848737	0.5838588	0.59050345	-0.60608256	-0.5937807	0.5651586	0.617688	-0.53479636	0.6268304	-0.55478686	-0.4742102	0.58239704	-0.6272193	-0.4905728	0.5832986	-0.5281733	0.5254666	0.6059036	-0.6308104	-0.58883005	-0.5867868	-0.606021	0.58606565	-0.5889973	-0.5848281	0.5817301	0.59068227	-0.52119666	-0.57644194	-0.5189532	-0.5385338	-0.60470814	-0.58053446	0.6091701	-0.5539502	-0.54261565	-0.5784878	-0.54661906	0.59538317	0.5180352	-0.6089202	0.54764235	0.5856101	-0.53609836	0.5656139	0.60353595	-0.6372002	0.588616	0.5380905	-0.531323	-0.60988814	0.52609545	0.5226115	0.5274893	-0.61456513	-0.60786873	0.44817457	0.5216624	-0.48250517	0.58407724	0.583382	0.48655716	0.5746677	0.5367048	0.548229	-0.5969324	-0.61481965	0.6155419	0.5686648	-0.60620606	0.5558428	-0.59293634	0.598013	0.588578	-0.5053992	0.52245235	-0.6420791
-0.600977	-0.709101	-0.7556513	0.6903595	-0.6544834	-0.7393152	0.7260266	0.6401519	0.7076137	0.7242237	-0.7244806	-0.7507031	-0.7515975	0.75126266	-0.69966394	-0.737579	0.74979186	0.6615557	-0.7191009	-0.67725515	-0.7566904	-0.74383056	0.7525673	0.7302533	0.7007236	0.6856457	-0.67123413	-0.7166061	0.7263937	0.7558504	-0.7044262	0.7689968	-0.7321639	-0.6376254	0.6853935	-0.7630925	-0.6339791	0.65079445	-0.7352066	0.6859895	0.7420804	-0.7264881	-0.72499186	-0.70088714	-0.7477831	0.6855426	-0.7078144	-0.7231128	0.7178207	0.69514835	-0.57837665	-0.7647874	-0.73589945	-0.7649322	-0.73822194	-0.7109267	0.7189371	-0.7330187	-0.75713736	-0.7119204	-0.71553683	0.71351814	0.6202852	-0.71483064	0.74420065	0.7555127	-0.5814367	0.6733061	0.71128225	-0.722619	0.7139592	0.7249615	-0.778493	-0.73365635	0.7304487	0.7384729	0.74564797	-0.7423533	-0.67331433	0.6960474	0.651108	-0.6183248	0.6999768	0.7124133	0.59706056	0.65943426	0.7766327	0.7129129	-0.69865584	-0.685934	0.6926347	0.7656522	-0.7437763	0.7085454	-0.7718487	0.7210482	0.7638575	-0.6101844	0.7631685	-0.71676373
-0.18006034	-0.15070757	-0.18702322	0.18052793	-0.14764167	-0.2089241	0.13540643	0.11816092	0.12492668	0.1654489	-0.21476069	-0.15083267	-0.17497224	0.19458996	-0.1730507	-0.1715001	0.20216373	0.13315742	-0.17548722	-0.18418631	-0.19950311	-0.22168058	0.18471044	0.16367202	0.20235993	0.2061066	-0.16528831	-0.12374075	0.19401099	0.1900787	-0.16856158	0.20239677	-0.17491043	-0.117673956	0.1837437	-0.17882589	-0.21161306	0.1882696	-0.21059664	0.14398967	0.1524362	-0.18251172	-0.21909167	-0.17614108	-0.19452469	0.17358446	-0.16874234	-0.13558881	0.15293787	0.18912551	-0.17368892	-0.21452312	-0.15774892	-0.14740133	-0.1543943	-0.18058349	0.16690975	-0.17713282	-0.22377428	-0.12988006	-0.1987223	0.19349653	0.20221208	-0.17255196	0.18099701	0.15598054	-0.13718984	0.15577745	0.15857919	-0.1854964	0.12741026	0.13371539	-0.21846561	-0.20145084	0.14056803	0.15415488	0.22324269	-0.13665812	-0.17135553	0.11826435	0.1655489	-0.21320489	0.16087846	0.21173944	0.18447405	0.1428594	0.18374002	0.13870057	-0.13461083	-0.19480571	0.15426719	0.12776156	-0.13958327	0.1500061	-0.1459786	0.20300624	0.19752002	-0.20048963	0.21965341	-0.16757739
-0.13939264	-0.16009109	-0.18718213	0.1641292	-0.23755667	-0.18692842	0.19327986	0.14628221	0.20765035	0.21062592	-0.21209772	-0.19179325	-0.19932851	0.15284769	-0.1950801	-0.21219912	0.156438	0.16068348	-0.15987574	-0.19524659	-0.20930886	-0.13894902	0.19483276	0.13807833	0.23314285	0.14122136	-0.20029238	-0.1709132	0.14128256	0.21528614	-0.1393248	0.22034831	-0.14839637	-0.19144973	0.2084444	-0.18586443	-0.17529097	0.22574185	-0.17110793	0.14244564	0.15317683	-0.1587954	-0.2379441	-0.18092874	-0.14984986	0.21402524	-0.19646797	-0.19440903	0.14395535	0.18737917	-0.16422199	-0.19540592	-0.14428867	-0.15005173	-0.17369549	-0.15046804	0.14020227	-0.14031802	-0.17432612	-0.13953146	-0.23626852	0.13973545	0.17093806	-0.22599567	0.147166	0.1507284	-0.17637551	0.1477302	0.15574111	-0.15967117	0.21841188	0.23689431	-0.17793268	-0.19914743	0.17122746	0.20710291	0.21432425	-0.18227495	-0.19589624	0.18945667	0.1529675	-0.17156951	0.16297527	0.18349239	0.21648858	0.15337472	0.14532425	0.2156675	-0.20654415	-0.15072404	0.18591297	0.21980909	-0.15990159	0.17988567	-0.19539002	0.15949151	0.16999061	-0.2222884	0.14310153	-0.17106192
-0.64128953	-0.7095653	-0.6917198	0.6976383	-0.64541084	-0.7094003	0.6433934	0.69970924	0.71927464	0.73482263	-0.6803245	-0.71336424	-0.7635051	0.6955936	-0.72622925	-0.6645598	0.70599204	0.65918624	-0.6775936	-0.69659114	-0.6784313	-0.7254159	0.7076142	0.7100062	0.64090407	0.660867	-0.7518728	-0.6499419	0.711706	0.7310212	-0.64963704	0.6553071	-0.6908884	-0.6207055	0.7217137	-0.68981415	-0.65303266	0.7086165	-0.72586036	0.7223366	0.70613474	-0.64539343	-0.7329408	-0.6973972	-0.72193265	0.7181285	-0.6625995	-0.709708	0.6651596	0.64417243	-0.60886383	-0.67446214	-0.6415196	-0.733716	-0.7035482	-0.71590245	0.6727443	-0.6959609	-0.72076803	-0.73427796	-0.7507882	0.71766037	0.6689116	-0.6949952	0.71897787	0.73965764	-0.6504887	0.6951169	0.7142214	-0.7038914	0.65530825	0.72876763	-0.6814872	-0.6916485	0.71859884	0.72113115	0.63817585	-0.6655118	-0.59427744	0.5560893	0.6715611	-0.68740857	0.72139645	0.6959105	0.6279413	0.6808249	0.65113705	0.75136864	-0.6656565	-0.66091514	0.72222745	0.7071839	-0.70934916	0.70714134	-0.6597707	0.73806584	0.71974045	-0.6260667	0.68483114	-0.67916435
-0.6378813	-0.7707949	-0.68793297	0.79027224	-0.6848327	-0.8252002	0.6616619	0.67823195	0.7238057	0.7782799	-0.78428215	-0.80165535	-0.79696566	0.69120103	-0.7914194	-0.75622857	0.820879	0.71191245	-0.73053706	-0.7212402	-0.76465833	-0.78872085	0.7505983	0.7512315	0.8109299	0.71961284	-0.77082354	-0.6760324	0.7894885	0.76379573	-0.77768564	0.77547234	-0.78861547	-0.64375865	0.720572	-0.80670303	-0.61009485	0.79226536	-0.7378293	0.70095474	0.7643525	-0.7982984	-0.7969522	-0.7106377	-0.7922065	0.74865246	-0.6520689	-0.7449796	0.78687936	0.7265478	-0.67101055	-0.76682526	-0.70364195	-0.75445616	-0.797771	-0.80727273	0.72753525	-0.81428844	-0.8107528	-0.698927	-0.72171575	0.6896553	0.673472	-0.7757128	0.74343807	0.77866024	-0.6547164	0.69714403	0.7997512	-0.7953591	0.75172716	0.8171026	-0.7129024	-0.76262903	0.7350505	0.6896204	0.7507253	-0.76563597	-0.7364126	0.56913936	0.6806036	-0.5932694	0.79972494	0.6908429	0.6126503	0.76816183	0.77529395	0.76836944	-0.75676155	-0.7808572	0.7088823	0.7409267	-0.8073268	0.7385615	-0.71331644	0.7919508	0.7909648	-0.59853345	0.7087556	-0.7342758
-0.23005822	-0.2288755	-0.24702989	0.19283968	-0.21042116	-0.29230034	0.24469095	0.19258668	0.15937632	0.19513093	-0.27108777	-0.2799828	-0.2683425	0.21891376	-0.26328924	-0.29091004	0.21776022	0.22287045	-0.28908542	-0.17372485	-0.25526518	-0.22496784	0.25756642	0.20350413	0.22706701	0.20925507	-0.20202322	-0.19634655	0.2722972	0.26232624	-0.1876295	0.27090013	-0.20427148	-0.20519099	0.16084558	-0.22138985	-0.19814928	0.23737736	-0.26502082	0.18867245	0.24119891	-0.2150928	-0.25190353	-0.23644204	-0.26250058	0.27916488	-0.24224752	-0.20076595	0.23391117	0.21900834	-0.1976075	-0.19251108	-0.15389033	-0.22184137	-0.2714205	-0.22243655	0.23101483	-0.29915738	-0.25656968	-0.21643414	-0.17233028	0.21185249	0.23102735	-0.2613757	0.2632699	0.2469787	-0.21114922	0.19719909	0.22618149	-0.26336262	0.1849583	0.20924559	-0.20688677	-0.23942667	0.18104061	0.23467754	0.25919992	-0.23005018	-0.29669124	0.19504261	0.2054795	-0.21476792	0.24009481	0.19579421	0.20406958	0.23419909	0.19445357	0.23180632	-0.27220002	-0.26725334	0.24653637	0.21022886	-0.2367121	0.28242457	-0.18100151	0.22258925	0.21884571	-0.1961509	0.19483826	-0.20393261
-0.59747803	-0.57114804	-0.62432283	0.6036248	-0.6276999	-0.56848043	0.5408355	0.60816294	0.5917214	0.5887612	-0.5905202	-0.6080706	-0.6396996	0.5465965	-0.6126056	-0.6259442	0.57393575	0.58114374	-0.58535355	-0.6216018	-0.5695148	-0.6037413	0.63965106	0.5907166	0.56240577	0.60506946	-0.5448355	-0.6211918	0.5652699	0.6232378	-0.60955065	0.5647706	-0.64476097	-0.5288614	0.52278656	-0.6073389	-0.53581125	0.5390577	-0.6339827	0.56474775	0.642901	-0.595453	-0.6165302	-0.53013253	-0.6098352	0.5776851	-0.58430946	-0.56461924	0.5598434	0.5789689	-0.59632653	-0.5607732	-0.5320672	-0.62944084	-0.63912797	-0.59960395	0.63540494	-0.5992133	-0.5615913	-0.5602981	-0.5498295	0.5879516	0.5389444	-0.62797296	0.6097874	0.60261816	-0.6012497	0.57117945	0.61566186	-0.6334931	0.61358184	0.6310375	-0.5434238	-0.54548407	0.6327682	0.6297816	0.63381284	-0.55961275	-0.5683545	0.5285243	0.5262554	-0.5465991	0.58491564	0.6272743	0.54053974	0.5991681	0.6172771	0.54358333	-0.5999502	-0.55150527	0.59745616	0.6380519	-0.60239416	0.6224435	-0.5417689	0.5837185	0.58087546	-0.613586	0.57359236	-0.60656416
-0.42073762	-0.47131634	-0.47410202	0.43440875	-0.45244142	-0.5065563	0.42401642	0.4296454	0.4949226	0.49420038	-0.4401339	-0.52910644	-0.49723634	0.3832213	-0.47897542	-0.53851795	0.46975368	0.46486515	-0.5144352	-0.4744114	-0.44690412	-0.40982845	0.4372209	0.5151168	0.46503562	0.45073625	-0.47776923	-0.43732506	0.47848204	0.46815765	-0.45554945	0.4643186	-0.47585273	-0.36409062	0.4665097	-0.51633596	-0.4408401	0.4298937	-0.40524462	0.39303377	0.45865697	-0.4872066	-0.5076884	-0.48717663	-0.44778702	0.52711636	-0.39362004	-0.43779582	0.51754254	0.4276115	-0.44859514	-0.467997	-0.43905672	-0.45474184	-0.44340023	-0.5155088	0.5114153	-0.56001514	-0.52378654	-0.4657454	-0.43424165	0.40553954	0.38721362	-0.4720507	0.4835296	0.535165	-0.42625973	0.44240898	0.44126227	-0.42778382	0.39165437	0.42854553	-0.5018716	-0.46639258	0.44948888	0.49088794	0.47347865	-0.4952061	-0.41998893	0.40583605	0.4204584	-0.38597718	0.4307374	0.47209606	0.39081904	0.4366759	0.4842985	0.40527657	-0.50026274	-0.50664955	0.42257106	0.44378734	-0.40762684	0.47698867	-0.5018779	0.46258682	0.47324163	-0.37708944	0.43241638	-0.44642448
-0.60223025	-0.5864801	-0.60044277	0.6099674	-0.55851346	-0.58387434	0.64454496	0.6015231	0.5703469	0.63707936	-0.57415867	-0.62051725	-0.6525587	0.5943345	-0.6366824	-0.58351856	0.6532463	0.58710134	-0.6664355	-0.5985705	-0.6689062	-0.6440532	0.5927543	0.6441021	0.6056923	0.6171132	-0.5938462	-0.54966015	0.6010537	0.63417304	-0.58464104	0.61975425	-0.58769524	-0.58098155	0.6050261	-0.6314798	-0.6053299	0.632508	-0.5873703	0.54630685	0.6247966	-0.622201	-0.6398217	-0.573889	-0.5949564	0.5742415	-0.581889	-0.6370623	0.6150183	0.6001066	-0.5575906	-0.62513185	-0.54252833	-0.64793974	-0.6044027	-0.6572377	0.60620767	-0.63729846	-0.5824113	-0.5580438	-0.59087086	0.55232775	0.55274075	-0.6288744	0.64039403	0.6617626	-0.57177144	0.57518125	0.67054856	-0.62494946	0.57620424	0.5880222	-0.6453567	-0.5654686	0.6515094	0.58674115	0.6542352	-0.644995	-0.5872765	0.54597574	0.537001	-0.51975393	0.6150434	0.54407793	0.52520114	0.6063892	0.66385263	0.6011121	-0.6409281	-0.6246098	0.57145697	0.57189614	-0.58618224	0.6333025	-0.6638548	0.60309124	0.6262363	-0.4988739	0.61279225	-0.5886782
-0.5051281	-0.6222812	-0.5954688	0.532035	-0.5502499	-0.464431	0.5271285	0.54715586	0.548747	0.55834025	-0.61313814	-0.54406023	-0.5230707	0.52830327	-0.5731253	-0.5382566	0.5519784	0.5504545	-0.5729394	-0.57717144	-0.57726926	-0.5823251	0.5564194	0.6173748	0.627325	0.5736598	-0.5525537	-0.5322077	0.55565834	0.55384755	-0.57973534	0.54910463	-0.52336925	-0.51698583	0.56079096	-0.5472121	-0.5937735	0.6135299	-0.5443039	0.5469392	0.5428002	-0.62723106	-0.6237478	-0.5826852	-0.55776155	0.57631445	-0.53867775	-0.57542765	0.5570708	0.6108537	-0.48888785	-0.6371728	-0.5489373	-0.5754291	-0.55550313	-0.6061489	0.5759051	-0.5508923	-0.5627556	-0.51893723	-0.5824675	0.5194566	0.5531095	-0.5951714	0.6237561	0.56693196	-0.50918883	0.5245839	0.6253185	-0.63954693	0.6005015	0.5357877	-0.5366254	-0.592156	0.5630756	0.5401444	0.5692498	-0.62294626	-0.55343574	0.49615657	0.5702615	-0.4832282	0.59651095	0.5255702	0.5097549	0.5221294	0.5282237	0.58678734	-0.57479453	-0.60405964	0.638071	0.604147	-0.61090165	0.52498186	-0.623198	0.5950598	0.62336636	-0.5828422	0.57197034	-0.5513566
-0.71653247	-0.86859214	-0.7903117	0.7647697	-0.7894203	-0.7572654	0.84245753	0.72861093	0.8140615	0.8787556	-0.8023488	-0.8430814	-0.82485884	0.7812758	-0.7681587	-0.8552696	0.78652954	0.76772004	-0.8463767	-0.77998596	-0.80815554	-0.8357516	0.8287557	0.82315713	0.78655213	0.8219494	-0.757041	-0.8193523	0.7937411	0.8353258	-0.78022426	0.86113316	-0.7651989	-0.73668766	0.7986193	-0.84871453	-0.7903812	0.7468451	-0.8193956	0.83279765	0.8275379	-0.8114199	-0.8671704	-0.8066544	-0.80301905	0.8233457	-0.77257663	-0.84515774	0.8167614	0.8482257	-0.6845456	-0.8759347	-0.7795443	-0.85455394	-0.80648357	-0.8369577	0.7859419	-0.8064204	-0.78052694	-0.74847406	-0.8310661	0.7712851	0.775793	-0.79883665	0.8370099	0.7888715	-0.7011835	0.76937103	0.8658339	-0.8831297	0.7743544	0.8391952	-0.8525473	-0.8044332	0.78997207	0.82421446	0.8643672	-0.8447527	-0.8074122	0.68755955	0.7525715	-0.6988978	0.78356624	0.7817945	0.68153757	0.7552342	0.79333675	0.76230186	-0.8219803	-0.81586176	0.81216574	0.78625363	-0.79500735	0.7657874	-0.7795792	0.78848845	0.8520754	-0.6693575	0.8185827	-0.82975173
-0.4795704	-0.4441499	-0.4559034	0.4816651	-0.490312	-0.52164435	0.41909987	0.4735638	0.51913345	0.5216272	-0.49133584	-0.43436489	-0.5075461	0.50163025	-0.5003249	-0.43920112	0.44007257	0.505465	-0.5177473	-0.449431	-0.5097796	-0.48336717	0.4312162	0.4633234	0.5246069	0.50384015	-0.45198613	-0.48216465	0.50165117	0.47580045	-0.47770226	0.4716317	-0.44299304	-0.42363644	0.48689303	-0.48794532	-0.40274024	0.49744505	-0.4614798	0.47397384	0.4400967	-0.44134128	-0.5020185	-0.4326157	-0.50106424	0.50607103	-0.49181154	-0.47816372	0.5229579	0.42948374	-0.4513769	-0.45494652	-0.44871816	-0.48020962	-0.49210355	-0.44346997	0.5258111	-0.5225324	-0.51157904	-0.5084634	-0.5015482	0.4692175	0.4290073	-0.45242202	0.47003013	0.44787392	-0.41668972	0.5022538	0.4579372	-0.46550488	0.44193912	0.4804338	-0.4984302	-0.42663953	0.47749564	0.4816397	0.44391322	-0.48032734	-0.41431788	0.46508047	0.5143775	-0.4625922	0.49539185	0.42800575	0.44992286	0.48500705	0.4780412	0.4664955	-0.46466932	-0.488796	0.49629346	0.49749523	-0.45901996	0.47453356	-0.47511646	0.49805513	0.4341058	-0.39881462	0.46465424	-0.4730888
-0.70268625	-0.77312785	-0.72970086	0.7421153	-0.7277407	-0.7524187	0.7294023	0.6688576	0.69468987	0.7832118	-0.7833686	-0.7768922	-0.77387947	0.6958907	-0.75083166	-0.77611464	0.7131933	0.6494994	-0.7098573	-0.78362554	-0.72259057	-0.7130312	0.7140492	0.70941293	0.75881445	0.68388164	-0.69627994	-0.6774312	0.7980884	0.70369476	-0.7583126	0.7379615	-0.7751048	-0.6912193	0.75371236	-0.71853966	-0.6931641	0.695588	-0.6760877	0.7486084	0.75188595	-0.7807596	-0.7780985	-0.721189	-0.7530908	0.7820565	-0.7114978	-0.70846236	0.7373911	0.72615623	-0.64171314	-0.78932285	-0.74151546	-0.7526232	-0.7318356	-0.75278825	0.7383562	-0.7446493	-0.7371725	-0.7067136	-0.69812495	0.6976	0.66220015	-0.732113	0.7495928	0.7763181	-0.6303954	0.71932554	0.7342622	-0.7474102	0.66779333	0.7727004	-0.72598773	-0.69933206	0.7802979	0.7746175	0.7282843	-0.733422	-0.7834269	0.68962127	0.69324225	-0.6516402	0.74589723	0.6903663	0.603158	0.7336049	0.7258387	0.70020235	-0.73295575	-0.7800822	0.77290726	0.74136925	-0.7761563	0.74345	-0.7754927	0.72974217	0.74393225	-0.6912536	0.7304546	-0.80644596
-0.5530999	-0.606136	-0.5492397	0.62386453	-0.60095894	-0.61520475	0.5702663	0.49468926	0.6386449	0.6135336	-0.58461833	-0.6127063	-0.6642126	0.5442221	-0.6430781	-0.59045386	0.61056894	0.59386	-0.5889643	-0.66440773	-0.6163498	-0.58714396	0.54411024	0.5932387	0.5980371	0.56895405	-0.6406671	-0.58052385	0.69152397	0.6230305	-0.58617693	0.61501056	-0.6898439	-0.50066596	0.5860929	-0.65219414	-0.46920973	0.6090362	-0.56718475	0.52041423	0.6787672	-0.6052566	-0.6009233	-0.6013147	-0.63229084	0.6220197	-0.52867466	-0.5998985	0.66784304	0.5687621	-0.46787402	-0.6180581	-0.5322636	-0.61436826	-0.6402465	-0.6430952	0.5651976	-0.6319594	-0.63273335	-0.54884404	-0.6526162	0.60286456	0.5166938	-0.5852322	0.5911018	0.5928954	-0.54859555	0.56278056	0.61016905	-0.5975501	0.53861594	0.58548945	-0.5868934	-0.5770903	0.6293811	0.56280935	0.61575836	-0.64681065	-0.5447905	0.49104416	0.5200405	-0.4934081	0.6702352	0.6237213	0.44344163	0.58717144	0.57536525	0.5775727	-0.6348293	-0.5898053	0.5492841	0.54497707	-0.5492451	0.5921405	-0.6117768	0.5689344	0.6684537	-0.4805709	0.6146717	-0.6695438
0.02523648	-0.012648807	-0.029843295	0.10811176	-0.09532039	-0.071563646	0.07442258	0.09962808	0.10299332	0.097279936	-0.09395801	-0.014732867	-0.11238093	0.041764937	-0.04307096	-0.04675647	0.08724715	0.09817507	-0.07706544	-0.107602075	-0.10237045	-0.08954338	0.116313726	0.09023987	0.07431532	0.101808414	-0.061573055	-0.08721933	0.12456307	0.056175236	-0.08061084	0.084552936	-0.07837841	-0.0759121	0.09310773	-0.016265914	-0.06120815	0.047336403	-0.08983818	0.015180281	0.07309313	-0.082315795	-0.022663165	-0.026545187	-0.116934136	0.09028196	-0.020061096	-0.032013416	0.11167517	0.059790485	-0.10675031	-0.0116732465	-0.10368086	-0.08384814	-0.050280914	-0.10454657	0.03978959	-0.029454378	-0.10459655	-0.09319655	-0.060774993	0.043911304	0.038250335	-0.02767949	0.10682961	0.05694308	-0.018107295	0.023967523	0.021998448	-0.08869101	0.10073922	0.1007254	-0.046802454	-0.061955843	0.019460486	0.06696125	0.03707606	-0.10474773	-0.05529779	0.072571516	0.07352769	-0.010654037	0.060292136	0.12401579	0.011787691	0.016476175	0.027101582	0.024363436	-0.11219191	-0.03848698	0.072792806	0.10587361	-0.083815366	0.09370659	-0.060257882	0.04961431	0.03305367	-0.0063330852	0.05538667	-0.064508244
-0.57543135	-0.6390381	-0.64270896	0.60541236	-0.6737455	-0.6093899	0.60128194	0.5995797	0.6502403	0.58407533	-0.6486971	-0.63513935	-0.59494495	0.5886093	-0.58872557	-0.62766737	0.5999565	0.6492049	-0.57179743	-0.5934994	-0.68231297	-0.6076635	0.5872589	0.6396019	0.6701167	0.6340126	-0.66562563	-0.66293806	0.6232236	0.69108534	-0.65435886	0.6103679	-0.62361485	-0.5882419	0.6440092	-0.58103085	-0.585741	0.6694121	-0.6381983	0.6177178	0.6561168	-0.5775987	-0.6354264	-0.6643299	-0.6423364	0.60019356	-0.58833164	-0.6182909	0.5762731	0.634847	-0.6282181	-0.61657727	-0.6416734	-0.6442588	-0.63838625	-0.6123805	0.626581	-0.6588781	-0.58070785	-0.5820413	-0.61300176	0.60556734	0.57554483	-0.66512084	0.6230812	0.62112886	-0.64135075	0.65339804	0.6679018	-0.6669273	0.6661323	0.6850869	-0.6697212	-0.6418162	0.6659696	0.5845145	0.55894285	-0.67222327	-0.5218141	0.5324831	0.5646201	-0.6078591	0.6025934	0.5884944	0.57267237	0.62440014	0.617233	0.6469789	-0.55027664	-0.6355946	0.61271125	0.6704274	-0.66800237	0.6328295	-0.6762501	0.645571	0.5977569	-0.5643222	0.6304709	-0.66891044
-0.4890744	-0.5978166	-0.5679663	0.53801745	-0.5677408	-0.59188867	0.55697924	0.546781	0.50908947	0.5900087	-0.54875684	-0.5688154	-0.60932744	0.5018463	-0.5725911	-0.6060895	0.56575376	0.5758817	-0.5363718	-0.5080669	-0.5250232	-0.5374367	0.50191486	0.5548278	0.5303738	0.54332983	-0.5230065	-0.4889215	0.5379418	0.5404709	-0.571859	0.5341092	-0.5743722	-0.50966924	0.5867636	-0.5088962	-0.47177175	0.51997876	-0.5507062	0.48633948	0.60726994	-0.56574154	-0.5419576	-0.57775426	-0.52691966	0.5596448	-0.52304065	-0.49780038	0.52650523	0.51818514	-0.46425995	-0.5743599	-0.50842017	-0.5015049	-0.5494201	-0.5666814	0.53096175	-0.52727187	-0.5797191	-0.52753854	-0.55163366	0.52581054	0.55157375	-0.56349295	0.55809337	0.5911889	-0.5358962	0.5630583	0.6046594	-0.5161205	0.5121474	0.50287527	-0.5642791	-0.50654584	0.5831701	0.5067232	0.5416166	-0.55905294	-0.5232435	0.42771426	0.5268509	-0.4933133	0.5332197	0.4858561	0.4937612	0.5619353	0.56689805	0.558909	-0.51627296	-0.5048586	0.57502884	0.57158	-0.514028	0.51408374	-0.5717545	0.5817983	0.5355462	-0.42912978	0.56497717	-0.51718426
-0.27107722	-0.30068964	-0.25392163	0.3034801	-0.22384188	-0.2397566	0.30725917	0.2644965	0.3078662	0.24498811	-0.22548363	-0.23182079	-0.2182814	0.2683437	-0.26608232	-0.2862259	0.2928404	0.31125328	-0.21866898	-0.25974533	-0.2626711	-0.288079	0.29298908	0.23634045	0.23120996	0.23306155	-0.27380472	-0.24161793	0.22046447	0.31651405	-0.2280294	0.30864912	-0.2602811	-0.33005992	0.26811954	-0.2513502	-0.24533059	0.24589305	-0.27477276	0.28151718	0.25801268	-0.24859726	-0.23253036	-0.2916422	-0.30563632	0.27180338	-0.29054388	-0.24158649	0.2521686	0.22387199	-0.2815563	-0.22939627	-0.26349753	-0.2706119	-0.23495468	-0.29066882	0.30470103	-0.22410332	-0.22181524	-0.3053319	-0.2932077	0.24996814	0.28120846	-0.27775118	0.26855022	0.22077528	-0.2952626	0.23586899	0.23779272	-0.25683856	0.312423	0.28606534	-0.22490513	-0.2790265	0.23379745	0.27923977	0.26085806	-0.23342013	-0.27742705	0.29624903	0.22743545	-0.31019565	0.2648063	0.2952125	0.270461	0.31702468	0.24365915	0.27991876	-0.28144693	-0.25473917	0.29116467	0.26558357	-0.26002002	0.22512017	-0.25559932	0.23948632	0.22611912	-0.30643073	0.3136039	-0.25468943
-0.5240223	-0.5957443	-0.55487305	0.55760914	-0.5376666	-0.41781482	0.5596993	0.58114386	0.5962511	0.5589277	-0.55708563	-0.588636	-0.56863034	0.5167064	-0.522534	-0.51569873	0.48676723	0.57957107	-0.58205163	-0.52201116	-0.5148924	-0.53115827	0.58156186	0.60396993	0.49722046	0.54078156	-0.5408376	-0.51144916	0.5346927	0.5694986	-0.5465957	0.499629	-0.49608552	-0.4896806	0.54992324	-0.5008919	-0.4907162	0.61404896	-0.50986665	0.58321476	0.48608223	-0.5746629	-0.55344373	-0.53753215	-0.5547534	0.54890203	-0.47272867	-0.5659443	0.5346113	0.5512458	-0.56808764	-0.53131855	-0.5292786	-0.5864942	-0.5306602	-0.5436224	0.54168326	-0.5276529	-0.52986765	-0.5620469	-0.59535	0.5191836	0.55832213	-0.543654	0.5267134	0.51143616	-0.5664255	0.51655596	0.5161621	-0.55319583	0.5583835	0.5708588	-0.5598227	-0.5414934	0.57039076	0.5697724	0.5231946	-0.5409979	-0.49532512	0.46289548	0.576856	-0.56303275	0.5574429	0.54141116	0.51267827	0.52902174	0.5248094	0.57399	-0.54057187	-0.5208681	0.5067502	0.5673164	-0.56636137	0.44821692	-0.58433163	0.5187977	0.57260376	-0.46774265	0.49995977	-0.5849213
-0.18598448	-0.14436598	-0.15648672	0.14061934	-0.16875184	-0.18347907	0.13522808	0.18136697	0.21582338	0.1633221	-0.17763986	-0.14913248	-0.21756633	0.2056932	-0.18919948	-0.1464886	0.16338551	0.1345483	-0.20740315	-0.16600439	-0.20952217	-0.14699748	0.18876101	0.2138402	0.16384101	0.1347055	-0.18567552	-0.18681476	0.23088358	0.2064144	-0.19848002	0.18761915	-0.168056	-0.20592147	0.14930905	-0.22847204	-0.20903334	0.21525396	-0.2149584	0.2185991	0.1605456	-0.20743085	-0.22660492	-0.13831167	-0.21723448	0.14815785	-0.16182949	-0.1693366	0.16016293	0.16755864	-0.212846	-0.16684547	-0.15413785	-0.21298975	-0.17537987	-0.18003334	0.22963837	-0.1562275	-0.19247526	-0.18923712	-0.20083895	0.2273975	0.14737125	-0.14798541	0.21155237	0.231038	-0.22263162	0.22381814	0.1725842	-0.21528333	0.18136463	0.20718971	-0.18643638	-0.16964208	0.16685809	0.18023278	0.14380701	-0.18408065	-0.18331634	0.20803103	0.20940787	-0.17361099	0.13577007	0.13704899	0.21898627	0.16855805	0.13915285	0.19653255	-0.14864044	-0.151372	0.21479043	0.22092617	-0.15241052	0.20260021	-0.20205916	0.20832337	0.2288783	-0.22135343	0.21556287	-0.17259347
-0.35288674	-0.30195165	-0.35755384	0.32100028	-0.31162533	-0.27972016	0.3337332	0.33791885	0.35576117	0.30943808	-0.314194	-0.35164705	-0.319083	0.349943	-0.32848656	-0.31911236	0.3383556	0.28389797	-0.30989605	-0.25932872	-0.2716607	-0.32240552	0.29987013	0.26393855	0.2620173	0.28337532	-0.30128524	-0.29823235	0.27309278	0.34819004	-0.27192676	0.31942284	-0.26290736	-0.2653371	0.30332786	-0.27379382	-0.27745208	0.30008373	-0.29732576	0.26440012	0.34866428	-0.26214847	-0.32972255	-0.3601678	-0.28594694	0.26163003	-0.32113257	-0.3130969	0.30993703	0.26279846	-0.2973247	-0.3064684	-0.2742909	-0.31353384	-0.31661943	-0.34251598	0.31751096	-0.34934106	-0.34039137	-0.29134968	-0.27806175	0.3047588	0.31875095	-0.293882	0.26873505	0.27401373	-0.28135404	0.257499	0.26223895	-0.334202	0.35559052	0.31999058	-0.29487476	-0.3555118	0.25748596	0.2679454	0.29044777	-0.35588786	-0.30339462	0.28211233	0.3430795	-0.2765729	0.3063431	0.28881612	0.25428745	0.34384817	0.30278793	0.26936305	-0.33650365	-0.31365144	0.33687994	0.32243	-0.29585707	0.30590466	-0.29916584	0.32469198	0.26904008	-0.29924655	0.33118707	-0.33949333
-0.5420337	-0.6359174	-0.609496	0.6723302	-0.5925454	-0.6380235	0.5397533	0.5295907	0.5864942	0.5458759	-0.5300016	-0.58718276	-0.6860627	0.5606613	-0.6433208	-0.6235233	0.6752182	0.6087204	-0.57796735	-0.57737625	-0.60818595	-0.6152056	0.61225766	0.6214928	0.63879865	0.6166323	-0.6432783	-0.62045646	0.68671876	0.6169023	-0.6443374	0.58893764	-0.63081056	-0.54871076	0.64764994	-0.5831029	-0.53941226	0.61559856	-0.58640254	0.5805332	0.6090379	-0.6275116	-0.6227733	-0.6273331	-0.5535977	0.58680075	-0.56201905	-0.6225844	0.6099948	0.5926745	-0.5644987	-0.63627905	-0.5526802	-0.5971234	-0.6180054	-0.6238723	0.6232199	-0.64931196	-0.6220685	-0.5659169	-0.6455837	0.5814627	0.61364555	-0.67638856	0.5941685	0.64663917	-0.61904305	0.5445997	0.6243589	-0.6374922	0.5884117	0.67093253	-0.58447	-0.5705857	0.6340794	0.64168173	0.6375958	-0.62400895	-0.59916013	0.52812654	0.59230465	-0.53966695	0.6602379	0.62145805	0.59533626	0.5668665	0.63545483	0.6172619	-0.63876283	-0.5892008	0.5494104	0.6480175	-0.6102449	0.6107412	-0.6276102	0.56713194	0.5939808	-0.51837844	0.5556645	-0.6334544
-0.013951343	-0.07860259	-0.05905909	0.042765066	-0.038128898	-0.102533765	0.0675085	-0.006587322	0.0063489527	0.10188773	-0.032492947	-0.10137865	-0.042006	0.093123004	-0.074753135	-0.09574985	0.10296265	-0.0018918851	-0.074818455	-0.026942952	-0.054777727	-0.03676804	0.059309643	0.05256895	0.045339063	0.056751467	-0.08944793	-0.059319053	0.08006054	0.04680228	-0.005868945	0.058889177	-0.08901776	-0.001555896	0.068029165	-0.06665709	-0.020203456	0.0415304	-0.03822346	0.0451905	0.108054005	-0.047654167	-0.0632111	-0.08615249	-0.059798375	0.045913383	-0.074902736	-0.028773237	0.072584495	0.04087332	-0.017853655	-0.06881168	-0.07992137	-0.051631868	-0.1106738	-0.10361259	0.06776495	-0.09391544	-0.043292873	-0.06779605	-0.030076817	0.01517799	0.02066928	-0.060216326	0.07432678	0.071251206	-0.013700039	0.06501077	0.067449294	-0.04885197	0.081745334	0.0009598701	-0.034041382	-0.08425199	0.0057933433	0.0051165386	0.062338553	-0.037770122	-0.096764766	0.015379094	0.022204686	-0.00972252	0.100996755	0.039875746	0.029315678	0.025428796	0.06579942	0.039042965	-0.10107465	-0.09743731	0.019382183	0.041884225	-0.10106861	0.06893401	-0.05310875	0.0147761805	0.04884971	-0.045703366	0.054168526	-0.0949971
-0.1747792	-0.2127146	-0.22989722	0.258603	-0.22100227	-0.27217534	0.3094384	0.23715463	0.22167183	0.31520313	-0.27778196	-0.2883517	-0.27269655	0.23834871	-0.27376047	-0.27969784	0.24817222	0.23534957	-0.28727096	-0.21495001	-0.25172928	-0.24519078	0.265436	0.30168256	0.27285168	0.24756326	-0.30599862	-0.26539087	0.24602994	0.2181444	-0.24111824	0.27057314	-0.19579007	-0.24922869	0.21963646	-0.25025642	-0.3032739	0.2279974	-0.27691883	0.22939833	0.28313157	-0.26569572	-0.23797126	-0.22845358	-0.30406782	0.23085316	-0.3198185	-0.26820248	0.20571005	0.29553527	-0.21914755	-0.25331953	-0.23358677	-0.2580619	-0.26300412	-0.276995	0.29644734	-0.24879861	-0.27627772	-0.24749617	-0.25119603	0.28777847	0.30366182	-0.20712978	0.24771047	0.29391634	-0.24548815	0.2738104	0.20722163	-0.25074747	0.2294631	0.30560625	-0.24199586	-0.24004668	0.23505656	0.22311111	0.24750693	-0.30301693	-0.2755619	0.24867186	0.23176748	-0.2625163	0.28865615	0.24684061	0.22628932	0.23376149	0.21926558	0.20154391	-0.24250448	-0.24987741	0.24003245	0.24967922	-0.30069417	0.20006199	-0.28233606	0.25652888	0.2226365	-0.23410037	0.23393624	-0.24850287
-0.55559003	-0.53741693	-0.55371094	0.5036281	-0.49553514	-0.44041574	0.570559	0.54118633	0.5432333	0.50831294	-0.55288696	-0.57327867	-0.5495444	0.56792563	-0.49943018	-0.57542914	0.5689862	0.5661001	-0.5477145	-0.52115345	-0.50512594	-0.5877862	0.53670084	0.600619	0.594081	0.5277316	-0.54242563	-0.50959796	0.49459782	0.51015955	-0.52354777	0.5129967	-0.5716659	-0.5161633	0.60130274	-0.52344537	-0.48891553	0.54619133	-0.5125406	0.50836	0.49383497	-0.5811839	-0.5583618	-0.60379714	-0.5495347	0.5210172	-0.49804106	-0.5752194	0.50479376	0.5193413	-0.57251656	-0.5929445	-0.59173036	-0.55333966	-0.58391273	-0.5692199	0.546341	-0.49276787	-0.51177293	-0.5546671	-0.5927253	0.5827194	0.58303034	-0.51329595	0.5819139	0.601451	-0.56328624	0.60738355	0.4863991	-0.5852152	0.52721274	0.5089884	-0.57917154	-0.52098554	0.57846117	0.5183396	0.5535158	-0.5658073	-0.5281472	0.55546594	0.56862223	-0.50541544	0.5417175	0.5424934	0.5657801	0.5824616	0.58174384	0.5404074	-0.5482581	-0.5096094	0.54162914	0.5176158	-0.5204098	0.4525011	-0.5216985	0.50908935	0.53523403	-0.4643879	0.5661641	-0.5445333
-0.2867794	-0.28726676	-0.30074155	0.26832542	-0.25610578	-0.28385	0.25095642	0.18987311	0.26124167	0.24228296	-0.23229153	-0.24245979	-0.240049	0.23918326	-0.27026442	-0.28496838	0.2780013	0.27251288	-0.2591899	-0.2868168	-0.24216628	-0.22710785	0.2684121	0.22793996	0.22771445	0.2920348	-0.28433037	-0.2372539	0.31659013	0.26995853	-0.25767186	0.2484365	-0.28762788	-0.24992837	0.31057093	-0.3104296	-0.2069872	0.2996241	-0.28781042	0.26934135	0.24340236	-0.22512364	-0.30663952	-0.3026248	-0.21122415	0.23752517	-0.2609223	-0.29155415	0.27125752	0.27992758	-0.19253604	-0.26318032	-0.20923996	-0.30727884	-0.22703616	-0.2867561	0.29115614	-0.24603872	-0.25830376	-0.24584974	-0.2517407	0.29956582	0.21038201	-0.32817593	0.23372047	0.30087245	-0.2683269	0.19702192	0.29196072	-0.22082466	0.22386295	0.22547157	-0.23535058	-0.24706163	0.22024067	0.2684686	0.26438403	-0.29023957	-0.1883361	0.17841516	0.28889084	-0.23362449	0.30195063	0.23936574	0.20396715	0.2359079	0.22138788	0.2726202	-0.21509916	-0.30258277	0.24717131	0.22647263	-0.26762357	0.24734136	-0.28758702	0.20958449	0.2854063	-0.25534144	0.22767371	-0.24674273
-0.7249819	-0.7645763	-0.74692285	0.71690553	-0.74059004	-0.71483654	0.693564	0.61902344	0.75762916	0.69321483	-0.6951511	-0.7600589	-0.7344153	0.68107307	-0.7356232	-0.7453716	0.7277528	0.7441721	-0.73420334	-0.71121	-0.731285	-0.72757095	0.7416345	0.79453164	0.72693104	0.69624984	-0.76850194	-0.7596341	0.7949903	0.7960211	-0.76887274	0.7383178	-0.7652468	-0.58221155	0.7101722	-0.80998063	-0.57798415	0.7824623	-0.6949097	0.69842726	0.7258098	-0.77142245	-0.71845174	-0.772285	-0.6718854	0.71879065	-0.6718205	-0.75778216	0.756935	0.7832675	-0.66127235	-0.73112977	-0.6636297	-0.7443718	-0.77079827	-0.7785127	0.79491436	-0.76019233	-0.79055905	-0.77208227	-0.79562193	0.6773983	0.69588864	-0.7279271	0.75432533	0.74693125	-0.6493978	0.6592153	0.7642993	-0.75563854	0.72299165	0.7131344	-0.7196227	-0.7331786	0.7171727	0.67260945	0.6914811	-0.716275	-0.6783563	0.55618244	0.6841665	-0.6177516	0.7792465	0.6510683	0.636142	0.7971045	0.7168658	0.7014441	-0.669593	-0.76089215	0.78511435	0.7156325	-0.78632575	0.66381687	-0.7426373	0.78964597	0.78549135	-0.58584046	0.77390355	-0.8198786
-0.45185378	-0.41625962	-0.47220108	0.49611923	-0.46003938	-0.44892624	0.47349793	0.38443708	0.45415705	0.45612377	-0.44155896	-0.4116062	-0.47345716	0.4339846	-0.43920544	-0.48618686	0.4631247	0.4608963	-0.40330735	-0.48360294	-0.48025355	-0.4924566	0.40525836	0.47464666	0.49557936	0.41250363	-0.42885026	-0.43564075	0.42760563	0.41466	-0.41706038	0.41540232	-0.40106687	-0.44053125	0.45599976	-0.4136181	-0.3632793	0.4589078	-0.46878493	0.3761282	0.42878187	-0.43393347	-0.4719218	-0.44589514	-0.44437754	0.41320452	-0.4335611	-0.47158957	0.45208567	0.43940672	-0.3676974	-0.44246113	-0.4508307	-0.45860147	-0.399508	-0.4094724	0.47317314	-0.44320014	-0.47772247	-0.4362874	-0.41608608	0.45336747	0.41780746	-0.4506784	0.45645	0.4131915	-0.42372417	0.4455406	0.4443302	-0.49035087	0.43148258	0.46998876	-0.41585225	-0.45344892	0.43904203	0.4777742	0.46162724	-0.49126694	-0.40352392	0.3786577	0.42966583	-0.44316494	0.4479124	0.47494784	0.44304907	0.4925744	0.42123047	0.41442364	-0.4238526	-0.4737233	0.46485868	0.40123633	-0.41800398	0.48274896	-0.43359202	0.48456442	0.47981516	-0.39677078	0.43110391	-0.4524221
-0.13986672	-0.17820033	-0.21649182	0.18593875	-0.14311883	-0.16011004	0.12892589	0.19545798	0.15383965	0.22146472	-0.17427607	-0.15468517	-0.13766594	0.16086349	-0.1687341	-0.14842945	0.15206009	0.15131307	-0.18996179	-0.16790755	-0.20723008	-0.20343046	0.16026323	0.2228256	0.15841807	0.15174678	-0.16149262	-0.14826654	0.20062244	0.16223165	-0.1962048	0.1554002	-0.22257438	-0.13147062	0.15687455	-0.22253618	-0.122523166	0.17633955	-0.17873488	0.14821792	0.1639733	-0.21283685	-0.2172856	-0.16372655	-0.18104659	0.14747514	-0.17318425	-0.14146897	0.19829586	0.19002305	-0.1567178	-0.19995731	-0.18461198	-0.21323994	-0.18913502	-0.1879799	0.15362	-0.19126643	-0.12789664	-0.16871084	-0.13079382	0.22117937	0.16435617	-0.19580778	0.13285637	0.1834112	-0.20995463	0.14827631	0.1821525	-0.15410718	0.14390743	0.12770195	-0.20288353	-0.15189627	0.18344045	0.16021869	0.19520381	-0.15012741	-0.14435087	0.0706007	0.1344799	-0.15613745	0.19796786	0.1710808	0.123508036	0.18286343	0.21372612	0.21448806	-0.1970264	-0.18293053	0.1643694	0.14206834	-0.15780684	0.14082894	-0.16132711	0.12860233	0.18409877	-0.12570114	0.19562268	-0.21549241
-0.5718858	-0.6167297	-0.635708	0.65350723	-0.5650403	-0.5491814	0.6264821	0.62620145	0.63593847	0.5628394	-0.58740586	-0.57231915	-0.56916344	0.61222553	-0.5863986	-0.5737771	0.57555884	0.58331937	-0.5907557	-0.5861177	-0.6172959	-0.5870288	0.6381089	0.61743015	0.6505019	0.5977482	-0.6063887	-0.6201984	0.6502539	0.5807819	-0.5824237	0.5745615	-0.57833815	-0.54880804	0.62412924	-0.5882435	-0.52765894	0.5908356	-0.615838	0.5972547	0.6478751	-0.554133	-0.58821654	-0.6190121	-0.53631926	0.6018499	-0.5339258	-0.58042204	0.62934864	0.54422146	-0.61409044	-0.5786848	-0.5483973	-0.64225715	-0.59304005	-0.65406835	0.5617397	-0.60161924	-0.60831314	-0.67701954	-0.6525323	0.6237359	0.63638264	-0.57701397	0.5811048	0.6612965	-0.61796445	0.66695726	0.61573905	-0.6087055	0.60563004	0.62026495	-0.6262978	-0.5643473	0.6219654	0.613438	0.5476055	-0.64857066	-0.50012183	0.54737055	0.65443027	-0.5920318	0.6104095	0.6542339	0.5793174	0.5925424	0.6123702	0.6636213	-0.5303579	-0.5847243	0.6424861	0.59537107	-0.6242685	0.5888177	-0.65397686	0.65875775	0.65005016	-0.5833946	0.63329995	-0.6207041
-0.65473455	-0.79345286	-0.7157759	0.7606417	-0.75210106	-0.8218877	0.7450173	0.71290356	0.7883846	0.7460501	-0.7943504	-0.81903857	-0.8328495	0.7299646	-0.7585214	-0.8352059	0.854855	0.7442098	-0.8187003	-0.7413081	-0.8683844	-0.8097023	0.7205555	0.7521889	0.7623003	0.8063964	-0.7734435	-0.71900856	0.78924704	0.8267705	-0.72417814	0.8051305	-0.7640185	-0.66478974	0.7950647	-0.79312384	-0.6834611	0.7999391	-0.6976398	0.71841496	0.8723501	-0.7755421	-0.76627564	-0.7331344	-0.7465311	0.8126279	-0.7562606	-0.78729105	0.8329537	0.8158372	-0.63612455	-0.79364526	-0.7334384	-0.80624133	-0.8044365	-0.8164179	0.7975184	-0.79534686	-0.79271024	-0.76894313	-0.8121571	0.73275185	0.7506238	-0.8463749	0.7999072	0.77143073	-0.6882846	0.7485998	0.87132174	-0.81145126	0.72019863	0.84155405	-0.7899904	-0.79800045	0.7931842	0.78114474	0.78439236	-0.79633975	-0.805845	0.64727294	0.6967561	-0.73641187	0.8079447	0.78046304	0.65106153	0.7319443	0.7491923	0.7916433	-0.80247456	-0.7517081	0.7314832	0.8025762	-0.7497801	0.77973586	-0.73191154	0.7287088	0.8174861	-0.6285195	0.7231723	-0.834899
-0.46268544	-0.60794634	-0.51385593	0.62121433	-0.55659616	-0.6095113	0.56703144	0.5663704	0.52342457	0.5289623	-0.5686724	-0.6146464	-0.55027384	0.538436	-0.53924143	-0.6041139	0.565173	0.5156293	-0.52137995	-0.6084493	-0.56259066	-0.59811825	0.5534808	0.5854997	0.5426938	0.5474435	-0.5674887	-0.525707	0.6163133	0.57227844	-0.5162472	0.62433535	-0.6108086	-0.53730214	0.5872844	-0.5345443	-0.51904815	0.5358892	-0.50399226	0.5127431	0.59045565	-0.5589216	-0.54966855	-0.5888867	-0.5384461	0.5845482	-0.5369721	-0.5808397	0.62228316	0.5293573	-0.52270913	-0.5916947	-0.5476762	-0.5646344	-0.5455902	-0.6165936	0.59904444	-0.5645192	-0.6058151	-0.48951656	-0.58639	0.49793532	0.4935423	-0.5493166	0.58043134	0.58511716	-0.46776178	0.56151676	0.5407512	-0.55944425	0.554058	0.5277856	-0.5368177	-0.5272338	0.5365311	0.530178	0.5319699	-0.5640541	-0.58241767	0.47572306	0.49120066	-0.53298926	0.5845238	0.5371342	0.506584	0.4949491	0.59355044	0.52610224	-0.50154996	-0.5853938	0.61492693	0.53085434	-0.5245233	0.56336117	-0.5920431	0.5179145	0.56443834	-0.45378762	0.59263444	-0.56873983
-0.6624742	-0.70805556	-0.76481205	0.7193505	-0.7073584	-0.71169525	0.6566618	0.6094541	0.7366259	0.7376377	-0.70286936	-0.76375574	-0.7663757	0.7129693	-0.75054586	-0.75230753	0.7711002	0.6887094	-0.73965275	-0.74554414	-0.7239422	-0.769256	0.76107067	0.75847995	0.78153205	0.66786444	-0.77858686	-0.69016844	0.73944503	0.79810685	-0.7468921	0.769471	-0.75279653	-0.5866328	0.7604678	-0.7533789	-0.6358525	0.7088461	-0.71236956	0.6591632	0.7162423	-0.79108626	-0.76138467	-0.77489656	-0.71407944	0.7591399	-0.71818596	-0.7352606	0.7070501	0.7162856	-0.59643954	-0.7383437	-0.6356438	-0.7051274	-0.80146503	-0.74309385	0.7912505	-0.71209824	-0.72319853	-0.7470467	-0.778237	0.65583515	0.6937019	-0.7935834	0.75151575	0.7763507	-0.655547	0.6251962	0.7310933	-0.7798138	0.704887	0.7383435	-0.7583071	-0.7391181	0.7509956	0.6889708	0.733751	-0.71850985	-0.6865725	0.609041	0.71463144	-0.60275596	0.7558188	0.62776756	0.5670535	0.7515621	0.70945865	0.67780775	-0.6937346	-0.71376354	0.69667095	0.7115389	-0.7851918	0.71005857	-0.6838798	0.7422332	0.709408	-0.6342518	0.70340043	-0.7519663
-0.5423694	-0.69306636	-0.6246709	0.68548435	-0.643122	-0.65068954	0.5916525	0.5674182	0.6923579	0.6751142	-0.68449074	-0.6480922	-0.7310847	0.6269539	-0.6225072	-0.67106783	0.6260164	0.6233047	-0.63811994	-0.6671382	-0.68267035	-0.6276176	0.64195246	0.6999237	0.67885375	0.6017665	-0.689398	-0.6639261	0.71384746	0.6845905	-0.59654754	0.6465029	-0.65990806	-0.57957846	0.64874476	-0.67991555	-0.52913773	0.6384425	-0.6230378	0.59079635	0.7470264	-0.634174	-0.6905055	-0.65293163	-0.69093144	0.71789503	-0.5448092	-0.67337155	0.65131646	0.66012007	-0.5543057	-0.6827235	-0.5946842	-0.68959326	-0.64263904	-0.6529658	0.7176443	-0.6775276	-0.6781002	-0.63028294	-0.68208575	0.5864137	0.5828816	-0.6804708	0.7003282	0.71886253	-0.64014775	0.60553247	0.6684142	-0.6882953	0.64646906	0.62726367	-0.65708756	-0.65342486	0.6561779	0.6325055	0.6192777	-0.65081084	-0.6143219	0.51600343	0.5778743	-0.5869008	0.66047806	0.6036092	0.56835026	0.65895575	0.63813835	0.6807917	-0.6604791	-0.6839913	0.64433444	0.65992504	-0.71240807	0.6374761	-0.62389266	0.6165903	0.7223542	-0.5116467	0.63138443	-0.7170383
-0.39470014	-0.49606284	-0.42295405	0.49953097	-0.41676316	-0.449544	0.4415268	0.44554412	0.44260848	0.4433876	-0.46371594	-0.45790082	-0.4652206	0.49528366	-0.4224641	-0.4668715	0.4228964	0.396885	-0.4973555	-0.47629064	-0.429407	-0.48586324	0.45272696	0.44118938	0.501726	0.42921838	-0.47700006	-0.40550107	0.49851114	0.47028497	-0.47151673	0.45979595	-0.4584716	-0.45684716	0.41367525	-0.48972058	-0.4614058	0.45034167	-0.437929	0.47406614	0.51974887	-0.49808937	-0.4797836	-0.42936406	-0.43733588	0.44857472	-0.41054904	-0.4170937	0.4882788	0.41729224	-0.44818306	-0.43395972	-0.48178226	-0.4927427	-0.5006734	-0.5079971	0.41803256	-0.51601374	-0.4714818	-0.49096844	-0.44019482	0.4826766	0.47031173	-0.4984663	0.41885266	0.42517728	-0.45121264	0.47317535	0.49984986	-0.4935271	0.42767626	0.41604066	-0.4487715	-0.42646042	0.46534425	0.41337427	0.47915566	-0.4409663	-0.40623552	0.43152654	0.41637942	-0.42136627	0.44366604	0.49032822	0.46518037	0.47460118	0.44221106	0.4410349	-0.41379452	-0.43619838	0.4132091	0.46319112	-0.45206803	0.41974792	-0.42184427	0.42791435	0.50338656	-0.42396837	0.40232956	-0.50733227
-0.5218237	-0.50561255	-0.5408877	0.57578605	-0.54692656	-0.45926872	0.527134	0.4887708	0.57318515	0.5651723	-0.49972236	-0.5450847	-0.57576287	0.54628557	-0.4999748	-0.5548018	0.54710937	0.5067481	-0.53262216	-0.5239648	-0.56254524	-0.55829173	0.52588713	0.5026753	0.4829835	0.54285777	-0.56382143	-0.51003057	0.5296215	0.58948547	-0.509517	0.57034546	-0.578142	-0.46388125	0.60450107	-0.5104594	-0.45341057	0.58597744	-0.54727393	0.5376096	0.59510535	-0.50892246	-0.5308896	-0.54100364	-0.49855357	0.5551774	-0.46985754	-0.52112675	0.49080965	0.48739794	-0.53114575	-0.55691344	-0.48490563	-0.5802012	-0.5672528	-0.51525176	0.55894476	-0.5079375	-0.4666262	-0.5400144	-0.6013669	0.480137	0.50056183	-0.6189206	0.548413	0.5816024	-0.59735435	0.58019793	0.5724845	-0.5327288	0.5576508	0.5118946	-0.6021069	-0.56089634	0.5162681	0.52180487	0.49731258	-0.55123436	-0.5475753	0.44506732	0.5851931	-0.5185085	0.58959424	0.55770504	0.5126299	0.5942929	0.5953978	0.5480606	-0.46451515	-0.56166065	0.53051037	0.4781455	-0.55172676	0.4777197	-0.53838384	0.59551436	0.5504583	-0.48253903	0.57053924	-0.6232954
-0.60099596	-0.7192077	-0.74401647	0.781356	-0.71462065	-0.69306517	0.70732987	0.6725678	0.76733714	0.677508	-0.67126167	-0.68980277	-0.7874753	0.70966256	-0.68294483	-0.73877496	0.6803332	0.7166262	-0.72651005	-0.7191028	-0.71441126	-0.6928115	0.7027106	0.76252604	0.7640659	0.75723463	-0.72299623	-0.6627183	0.7562956	0.7702886	-0.73755294	0.7465464	-0.75983536	-0.55179214	0.77538854	-0.7374651	-0.5515178	0.6813005	-0.72214687	0.6972281	0.7719854	-0.7518861	-0.6928265	-0.7545955	-0.7130639	0.7649831	-0.5950024	-0.6722356	0.76360404	0.66837525	-0.58509225	-0.70576155	-0.71000904	-0.74031687	-0.73598874	-0.74924594	0.68787146	-0.7035933	-0.67940015	-0.72879916	-0.777663	0.6931541	0.59934133	-0.779418	0.7539531	0.7390149	-0.59404445	0.6399892	0.73593974	-0.7763554	0.652445	0.76050866	-0.68141264	-0.6597657	0.7464289	0.6745967	0.67720956	-0.7550757	-0.6230557	0.5578778	0.65215325	-0.6621646	0.72292143	0.7151367	0.5789105	0.77787256	0.6785489	0.6976778	-0.6013069	-0.6541567	0.6897888	0.6590779	-0.7444566	0.7835812	-0.65864074	0.76280886	0.7338673	-0.46625218	0.70585763	-0.7110612
-0.6255789	-0.6634546	-0.65925246	0.68405646	-0.7183728	-0.68770486	0.65860724	0.701705	0.6989049	0.68586844	-0.72322696	-0.7362871	-0.68196905	0.66711277	-0.6651951	-0.7501959	0.7472152	0.71973807	-0.73871017	-0.7286254	-0.7559161	-0.7168314	0.73855907	0.7616108	0.77526784	0.68432456	-0.7124685	-0.6579596	0.73499835	0.75246286	-0.7046756	0.749944	-0.7453766	-0.6705075	0.7174586	-0.6828315	-0.67072505	0.64760447	-0.64287007	0.651776	0.771767	-0.75880367	-0.7512936	-0.75453895	-0.70146495	0.6734655	-0.64419234	-0.69945097	0.6864752	0.6799957	-0.6385534	-0.73486096	-0.6452143	-0.7097087	-0.6793445	-0.74060106	0.74294937	-0.7300834	-0.6800633	-0.6879979	-0.6648733	0.686622	0.67263794	-0.7582242	0.7575101	0.7510711	-0.6977323	0.6483488	0.7204125	-0.76577884	0.6682764	0.67821926	-0.70165586	-0.70169413	0.6825074	0.6925724	0.7704401	-0.6812922	-0.71175086	0.650817	0.71410936	-0.64279014	0.6712782	0.64665943	0.6171838	0.68908846	0.6749501	0.7178915	-0.7168336	-0.68413997	0.7450878	0.68522537	-0.6843296	0.7712278	-0.67976594	0.73489034	0.7028484	-0.59194875	0.6613182	-0.7188668
-0.22217016	-0.13573897	-0.18354876	0.14482215	-0.22069982	-0.1434361	0.14441334	0.21124545	0.21693178	0.14943962	-0.14550744	-0.22040902	-0.21729656	0.17361364	-0.17327283	-0.16153291	0.17794341	0.16581798	-0.1508148	-0.17989053	-0.22585052	-0.15802246	0.15284476	0.17974444	0.16855516	0.22359389	-0.13653164	-0.12620488	0.19670516	0.1450866	-0.20835924	0.17187405	-0.15439762	-0.2174628	0.17121127	-0.18095578	-0.219089	0.22660688	-0.16952017	0.21101925	0.18924789	-0.17123562	-0.19238178	-0.21087942	-0.21418032	0.15393153	-0.20709693	-0.21194668	0.15680364	0.18380964	-0.19605356	-0.18520167	-0.21896832	-0.18562895	-0.15217131	-0.20614818	0.16131395	-0.22509733	-0.19066797	-0.13130085	-0.17294635	0.16372766	0.13941553	-0.16901238	0.17899074	0.20001812	-0.22594263	0.16350028	0.2141563	-0.21947323	0.1758941	0.14891966	-0.189451	-0.13971369	0.12959881	0.2066637	0.21644953	-0.18592827	-0.13522023	0.20422016	0.16234264	-0.19839093	0.21301752	0.13804367	0.21026479	0.13182265	0.152302	0.18979394	-0.19813292	-0.18105417	0.20720372	0.16893074	-0.19239776	0.18741345	-0.16308157	0.15557411	0.19302896	-0.19214027	0.13974406	-0.12806508
-0.6022786	-0.69701385	-0.595462	0.70613587	-0.6612236	-0.6279102	0.5602419	0.54708683	0.6322233	0.59363204	-0.6509905	-0.6972239	-0.6513944	0.6481038	-0.6487023	-0.6608557	0.57930076	0.6080136	-0.57470185	-0.630109	-0.63961846	-0.6589494	0.6389805	0.65709895	0.566813	0.6548395	-0.593974	-0.5829054	0.61314607	0.6277899	-0.6131696	0.6817855	-0.592248	-0.54547006	0.5847051	-0.675063	-0.5864984	0.6400097	-0.6345768	0.6788729	0.65771365	-0.59435046	-0.59608454	-0.64478487	-0.6053479	0.6472111	-0.5838009	-0.62606007	0.7044512	0.5884342	-0.600471	-0.6935937	-0.637801	-0.62121946	-0.6707282	-0.6168316	0.69338924	-0.6202905	-0.64407104	-0.58858967	-0.6144656	0.59724635	0.61973387	-0.6250239	0.61853766	0.6506404	-0.6373007	0.5877761	0.6435736	-0.65654945	0.6795428	0.59493375	-0.6541824	-0.696285	0.6417777	0.62995416	0.5749663	-0.6471251	-0.55532384	0.49858513	0.64028263	-0.5667629	0.6932157	0.62004316	0.5838023	0.6021093	0.67356473	0.6643176	-0.5411973	-0.6309794	0.64222527	0.6590514	-0.6564596	0.7142797	-0.6441266	0.6375258	0.5894798	-0.5362375	0.65917605	-0.65862304
-0.30715132	-0.29158074	-0.30514932	0.34223306	-0.32718578	-0.33134767	0.32592523	0.27027398	0.28606442	0.25902912	-0.3458619	-0.2821018	-0.323336	0.26644275	-0.2533732	-0.32828918	0.28281537	0.2846826	-0.29185265	-0.27995703	-0.3119162	-0.3479903	0.25519544	0.31127518	0.31476316	0.33314937	-0.27829057	-0.34730217	0.2679187	0.3435296	-0.29809684	0.34403595	-0.31175113	-0.34389302	0.2991614	-0.32401577	-0.32962844	0.3201793	-0.31033322	0.25360635	0.27379584	-0.28308016	-0.2578885	-0.3135965	-0.29070917	0.3276969	-0.34310895	-0.28645283	0.31599826	0.28209153	-0.33142728	-0.2709126	-0.29574063	-0.26089635	-0.3111225	-0.28021416	0.29297647	-0.26105273	-0.26693702	-0.32526422	-0.301248	0.29375	0.3082272	-0.3535413	0.34666744	0.27979487	-0.3142453	0.26122913	0.2781063	-0.27058145	0.26435173	0.2657739	-0.30257797	-0.31555992	0.34021896	0.29093236	0.26522857	-0.29008225	-0.24794224	0.327298	0.29022935	-0.30019692	0.2684008	0.27824116	0.25090706	0.2906547	0.29181716	0.34520695	-0.25527543	-0.25711295	0.34557852	0.27504864	-0.2757959	0.2629045	-0.34081033	0.3128864	0.33573592	-0.2947882	0.34557307	-0.34608158
-0.3105772	-0.27711755	-0.34238046	0.2968843	-0.3306173	-0.35016802	0.34002522	0.33343974	0.2857896	0.29566723	-0.3427842	-0.26834625	-0.324895	0.31905112	-0.3435761	-0.29264858	0.29696473	0.31317207	-0.34088212	-0.30579495	-0.27676105	-0.25706977	0.34679836	0.3181175	0.3338919	0.3114923	-0.2738447	-0.25479367	0.34742832	0.26282147	-0.2797845	0.26412335	-0.34663695	-0.25157714	0.30697984	-0.3523569	-0.32952636	0.32545957	-0.2734948	0.2599894	0.3111866	-0.28760132	-0.2861495	-0.25287813	-0.29865453	0.2889428	-0.35083738	-0.3431562	0.29352725	0.34006485	-0.2936651	-0.33361384	-0.27377814	-0.2949699	-0.2946977	-0.3403438	0.34384626	-0.3447033	-0.3426312	-0.30302504	-0.32662076	0.31217846	0.2607038	-0.335331	0.31567177	0.3007803	-0.31464073	0.30802113	0.27859136	-0.2853337	0.29435363	0.273261	-0.33436605	-0.28553516	0.3479594	0.25748518	0.29914466	-0.28905016	-0.2673444	0.2615056	0.29958576	-0.28854737	0.29920244	0.3466104	0.24998607	0.3428848	0.33404234	0.31268227	-0.29734218	-0.31231475	0.27582118	0.26487416	-0.2847821	0.32704005	-0.2758068	0.34524614	0.3029525	-0.3157925	0.3462656	-0.28017852
-0.6019009	-0.63409656	-0.59198064	0.6231918	-0.53555477	-0.5433699	0.5249951	0.5158304	0.68377686	0.55638754	-0.62547594	-0.5756257	-0.6411195	0.5341212	-0.5547688	-0.5976728	0.65399075	0.5849821	-0.5946566	-0.5843267	-0.6554199	-0.57221615	0.5570735	0.5722731	0.6114311	0.64121443	-0.5829721	-0.5254902	0.6745114	0.64606297	-0.60556895	0.60999095	-0.5805611	-0.55616015	0.6147765	-0.6537553	-0.4763919	0.5939225	-0.6058991	0.5772429	0.63032246	-0.6314598	-0.57971054	-0.5928119	-0.587803	0.6313161	-0.48801693	-0.5621107	0.6582605	0.5519672	-0.5933192	-0.6017655	-0.59126747	-0.56463975	-0.6427541	-0.6678497	0.6280798	-0.6657933	-0.58386195	-0.58776766	-0.57343894	0.53558445	0.5735123	-0.586251	0.59789675	0.62595886	-0.61167186	0.5730728	0.616374	-0.58594203	0.5707345	0.5945282	-0.64660096	-0.6099135	0.55249965	0.6011597	0.545122	-0.5943503	-0.5661836	0.50702786	0.5452772	-0.56426805	0.65921986	0.5698758	0.50711745	0.6000841	0.6242755	0.61868066	-0.5768047	-0.5268743	0.60234237	0.5671747	-0.5699628	0.55740017	-0.64093876	0.58163244	0.5947347	-0.44512457	0.6294878	-0.66813415
-0.5289948	-0.5355762	-0.47110477	0.5026104	-0.53070265	-0.4422532	0.5131746	0.50880116	0.48163974	0.4677045	-0.45055056	-0.47198752	-0.47807267	0.5186138	-0.49046728	-0.53680253	0.4789447	0.4564953	-0.51922166	-0.49485752	-0.48432475	-0.5329621	0.5464785	0.5447	0.47405067	0.48821992	-0.5547998	-0.55098397	0.53051275	0.4896001	-0.5254225	0.4772502	-0.4881391	-0.48916095	0.5522888	-0.51019084	-0.473611	0.5137586	-0.5213249	0.5080809	0.5403199	-0.56462073	-0.46862686	-0.48747793	-0.48330352	0.45895955	-0.51541317	-0.4984726	0.50695276	0.47254735	-0.4586066	-0.5156712	-0.51571566	-0.5194053	-0.5576715	-0.48852152	0.53358287	-0.46754876	-0.5391263	-0.5199863	-0.5593467	0.45661414	0.43646273	-0.5253445	0.5729093	0.5628079	-0.4833624	0.49315414	0.5604766	-0.5463004	0.5315966	0.54960924	-0.5124324	-0.5149841	0.5461341	0.5320471	0.47734958	-0.57142764	-0.48586458	0.44206512	0.53131574	-0.43800864	0.5311335	0.4834136	0.47384164	0.49279803	0.47644377	0.5250069	-0.4901402	-0.5509303	0.5514743	0.4755564	-0.5362905	0.40325707	-0.4776495	0.49657294	0.50641644	-0.38499042	0.55884635	-0.5096238
-0.44323266	-0.43299377	-0.46851256	0.4093225	-0.43009654	-0.40259773	0.41009584	0.40680563	0.40856108	0.41135767	-0.47436118	-0.45676315	-0.41238737	0.46388367	-0.41154167	-0.48110613	0.43682277	0.4389674	-0.40120414	-0.37947002	-0.4328886	-0.4406641	0.45323154	0.47360626	0.46964332	0.410849	-0.48669592	-0.37848428	0.39515248	0.3944649	-0.43519354	0.45142272	-0.45700338	-0.397914	0.45360318	-0.46674284	-0.35375282	0.38407704	-0.44525868	0.4330021	0.4099824	-0.439856	-0.44177854	-0.47320917	-0.48066542	0.41774273	-0.41627485	-0.46493733	0.44205675	0.40646067	-0.3710266	-0.44115862	-0.37295175	-0.4329045	-0.40142235	-0.43559888	0.48406932	-0.4568224	-0.42663527	-0.4788832	-0.44959688	0.42835543	0.40532327	-0.40464848	0.4237348	0.44394603	-0.4188977	0.4381115	0.4920317	-0.4550372	0.43063205	0.4421071	-0.43150708	-0.46855226	0.47319	0.38286954	0.43104184	-0.46096304	-0.35667256	0.40432242	0.42087454	-0.3894779	0.46257383	0.4415023	0.3647631	0.41918975	0.4326436	0.40592697	-0.39171132	-0.46003446	0.39508587	0.41244155	-0.41014102	0.35595846	-0.47841015	0.47668874	0.39859468	-0.42107475	0.4742225	-0.46565473
-0.63500255	-0.7315437	-0.7014534	0.6902683	-0.6439609	-0.68228364	0.64080507	0.6514627	0.6798716	0.6535325	-0.65290177	-0.7351316	-0.7176646	0.6738745	-0.6636255	-0.73910385	0.67984957	0.675693	-0.7148515	-0.6460592	-0.7426373	-0.66160685	0.74671346	0.67516154	0.728197	0.67514884	-0.67292917	-0.7287159	0.73838735	0.7585164	-0.7024608	0.74973124	-0.6773806	-0.6064085	0.7099485	-0.73081124	-0.65754354	0.68859076	-0.6956911	0.6995101	0.6909225	-0.7447884	-0.7110676	-0.69187886	-0.6830885	0.68047756	-0.6913364	-0.74633193	0.7174165	0.6634228	-0.67811906	-0.70016074	-0.6840018	-0.723966	-0.70938385	-0.68284774	0.6684011	-0.7230598	-0.66804236	-0.71204174	-0.7250313	0.67607427	0.6304077	-0.7277676	0.69036204	0.7338984	-0.66189545	0.68615156	0.6567645	-0.7483385	0.6610603	0.69528	-0.73967785	-0.6710416	0.7373649	0.7272062	0.7124075	-0.7387374	-0.64049727	0.5553179	0.71604824	-0.6160185	0.7287914	0.6379446	0.6211965	0.7048654	0.7330536	0.74791336	-0.660507	-0.70310944	0.72396535	0.6730023	-0.76174647	0.65645945	-0.69911677	0.7041462	0.7048923	-0.5835738	0.6586633	-0.6798508
-0.74060965	-0.6920591	-0.7615606	0.7615789	-0.7206885	-0.69067365	0.69425964	0.7116134	0.76472217	0.76302487	-0.71876776	-0.7481358	-0.7120186	0.6715581	-0.70660156	-0.7779295	0.7514292	0.71706957	-0.6756521	-0.71464825	-0.7434529	-0.72759783	0.6783168	0.68107235	0.7441169	0.67401636	-0.7837595	-0.68672806	0.7196404	0.7303326	-0.6920865	0.7659317	-0.759913	-0.6463437	0.7786767	-0.6691616	-0.6475138	0.71849644	-0.6736508	0.68641794	0.7217086	-0.7596209	-0.7098381	-0.7645275	-0.6781862	0.66284734	-0.61416745	-0.70555663	0.73671633	0.67057484	-0.7010938	-0.7629336	-0.7165717	-0.70043266	-0.7569958	-0.7005699	0.7472062	-0.68306357	-0.6900145	-0.7647584	-0.69372344	0.7168354	0.63914865	-0.7136243	0.7418207	0.7188216	-0.71043164	0.7140864	0.74008274	-0.7547948	0.724579	0.7355237	-0.72042716	-0.72442037	0.72723615	0.7293611	0.70094293	-0.73847085	-0.65261984	0.63297516	0.7239196	-0.6301601	0.7580774	0.6845118	0.651078	0.77864796	0.76820666	0.7047599	-0.6601963	-0.7288829	0.7071709	0.68814206	-0.7094362	0.64507675	-0.6843631	0.6965506	0.7719465	-0.6407204	0.76293975	-0.74621505
-0.45942485	-0.68194026	-0.6297538	0.70246154	-0.6212133	-0.6162108	0.6513672	0.6640013	0.5775482	0.69959396	-0.6276516	-0.64740014	-0.63785243	0.6704664	-0.69795364	-0.6367171	0.6956784	0.65795827	-0.68463427	-0.63693637	-0.68790615	-0.65314305	0.6942686	0.7216207	0.6423621	0.66765606	-0.63063335	-0.645026	0.69227415	0.6940073	-0.64845186	0.7037616	-0.6832822	-0.59367126	0.5998476	-0.728093	-0.59681445	0.67831165	-0.6852418	0.6425059	0.6576023	-0.7091449	-0.70587254	-0.6405635	-0.6266852	0.69818324	-0.6448694	-0.62829113	0.7078617	0.6705581	-0.51803255	-0.63300747	-0.6830361	-0.6945514	-0.66890955	-0.6337071	0.72854036	-0.63548666	-0.65819097	-0.5927633	-0.64581954	0.6447165	0.67299294	-0.7023955	0.63123083	0.6857572	-0.5874341	0.5454525	0.67381835	-0.68846774	0.6603439	0.7123078	-0.6600948	-0.6439845	0.62944436	0.64256763	0.6359975	-0.6678204	-0.6851313	0.65214485	0.5553408	-0.5647896	0.64987147	0.6850515	0.5336712	0.5741009	0.67113435	0.5135627	-0.715119	-0.6467684	0.62913454	0.66678274	-0.66193247	0.66996026	-0.67767	0.6382619	0.7285274	-0.58608943	0.6346793	-0.6371459
-0.7452856	-0.7559929	-0.8109108	0.8086203	-0.75614405	-0.75517213	0.6286679	0.7208089	0.7698535	0.7292965	-0.7647715	-0.80046123	-0.80394924	0.68276286	-0.75214005	-0.74715185	0.81179756	0.7191197	-0.73356164	-0.73969376	-0.7691316	-0.76897436	0.7557172	0.7477743	0.7289372	0.7210076	-0.8342156	-0.7266375	0.7493377	0.8284852	-0.78821623	0.7845803	-0.7945972	-0.62791026	0.7688218	-0.72194034	-0.57356215	0.75051916	-0.68046474	0.7175738	0.76007116	-0.78263724	-0.7917597	-0.7971758	-0.76931447	0.7301083	-0.6640198	-0.78678036	0.7114452	0.7556037	-0.65172464	-0.82230026	-0.69289386	-0.7343179	-0.8026964	-0.82067615	0.76003957	-0.7813934	-0.7216062	-0.746674	-0.78056824	0.7449476	0.70076054	-0.82171506	0.7550708	0.7428681	-0.6749052	0.79156774	0.7595979	-0.8030641	0.8048161	0.8117917	-0.8276619	-0.7687067	0.77206033	0.7078748	0.7322885	-0.81517386	-0.6431725	0.57652974	0.7461828	-0.66199934	0.7634995	0.7596053	0.6639483	0.7496337	0.80068976	0.75896484	-0.69699514	-0.74827784	0.7194334	0.7090665	-0.7879691	0.7599834	-0.77081144	0.8045622	0.80813146	-0.58235085	0.72460806	-0.73602897
-0.29254755	-0.22818552	-0.23547502	0.24749915	-0.2655995	-0.24325347	0.25254485	0.22118112	0.2585614	0.29948342	-0.2828064	-0.29183677	-0.28486028	0.2022121	-0.2942804	-0.31023204	0.25524655	0.23475468	-0.24161267	-0.2855362	-0.24012943	-0.25145543	0.2229079	0.27393436	0.24600132	0.31108117	-0.24722266	-0.22593981	0.31141618	0.3073831	-0.26066953	0.23363955	-0.30648467	-0.22075893	0.2755715	-0.28090513	-0.27404654	0.29810652	-0.20016643	0.26174557	0.27642858	-0.2401021	-0.24486345	-0.21814331	-0.29284188	0.2607617	-0.26153383	-0.28275573	0.25369862	0.24248032	-0.278827	-0.22472844	-0.2566415	-0.25093237	-0.25817373	-0.24642983	0.27466488	-0.32617453	-0.2768633	-0.25239554	-0.31769177	0.28183052	0.2456756	-0.23577611	0.21630149	0.3247893	-0.24017486	0.24711637	0.30622876	-0.22887821	0.29791343	0.29580146	-0.21742497	-0.28957877	0.25814962	0.29289633	0.2594119	-0.2282608	-0.27587438	0.25872058	0.28135324	-0.2477405	0.29451308	0.2131162	0.2733325	0.24511434	0.214633	0.2472755	-0.25788864	-0.28100005	0.22774577	0.2637253	-0.29284963	0.25206015	-0.24107459	0.25984308	0.27503702	-0.17867233	0.24933985	-0.25014147
-0.021130338	-0.054288942	-0.011682217	0.047825944	-0.05162316	-0.085223205	0.014007024	0.047190018	0.019470379	0.013530156	-0.026978454	-0.08055368	-0.083692364	0.049780075	-0.09930137	-0.0065188045	0.086040154	-0.000683417	-0.09129882	-0.0048435084	-0.10297941	-0.022086507	0.06457169	0.046020366	0.06383589	0.052920356	-0.06906049	-0.043937568	0.057590004	0.08432063	-0.003989052	0.06786119	-0.058771033	-0.05864494	0.0580332	-0.103839636	-0.043786537	0.05220398	0.008465771	0.0019651025	0.020364901	-0.043932974	-0.0644696	-0.08263717	-0.02003596	0.05092289	-0.016383229	-0.0046702065	0.0956928	0.06705562	-0.043575995	-0.059924748	-0.019906491	-0.049647566	-0.008738314	-0.030071277	0.021721983	-0.085940905	-0.087612726	-0.03742314	-0.04956208	0.0025991155	0.022637641	-0.09047501	0.02593303	0.10078547	-0.05560351	0.03544247	0.039866924	-0.093578555	-0.0073459093	0.03192621	-0.03474237	-0.029005976	0.06978353	0.091374986	0.09124209	-0.05805141	-0.07545709	0.031098783	0.016195308	-0.0075659794	0.057864085	0.020181144	0.05369772	0.08438632	0.058505297	0.032042556	-0.07435748	-0.09129382	0.017384611	0.037389643	-0.031385627	0.042624768	-0.07035858	0.06980144	0.048425745	-0.066308714	0.043169923	-0.10728591
-0.65074235	-0.69374114	-0.6838218	0.6774391	-0.619364	-0.64265746	0.6458128	0.66833144	0.7039598	0.73446643	-0.64914185	-0.6662274	-0.70621496	0.63238025	-0.6917643	-0.6959649	0.7284223	0.643189	-0.7069101	-0.73267037	-0.7619683	-0.73687804	0.7135985	0.73776525	0.6485693	0.6867969	-0.7407492	-0.65852904	0.69973606	0.6572454	-0.6657986	0.7053718	-0.7071345	-0.61411256	0.74005675	-0.66415393	-0.54949707	0.6661179	-0.6713633	0.6779166	0.6499129	-0.7105766	-0.712202	-0.67511183	-0.71408063	0.6569401	-0.61154	-0.74214154	0.71513444	0.6358054	-0.674233	-0.7488708	-0.63306004	-0.693958	-0.68767947	-0.7219465	0.6815162	-0.7378082	-0.70164275	-0.70831203	-0.72935677	0.6918952	0.69742596	-0.71378404	0.7449495	0.7587627	-0.69167566	0.6810975	0.6922189	-0.76017314	0.69629675	0.73995167	-0.6841577	-0.68881625	0.7254619	0.71575165	0.7038347	-0.6823976	-0.6153673	0.5576633	0.72131735	-0.64401686	0.69847995	0.6568955	0.60532844	0.74942017	0.73411816	0.6693779	-0.69054896	-0.67694926	0.6497388	0.69719505	-0.7217174	0.67456514	-0.73124164	0.71305996	0.73825854	-0.52108246	0.6779855	-0.71269333
-0.4489681	-0.5582834	-0.5167185	0.5496538	-0.49139303	-0.49037522	0.57202524	0.49771172	0.51765174	0.50552964	-0.52140975	-0.49526787	-0.51117116	0.5507371	-0.52446127	-0.48197582	0.5213341	0.45957893	-0.5765661	-0.48609385	-0.56672525	-0.528462	0.48544222	0.57636803	0.53238046	0.50327677	-0.50207585	-0.550007	0.46810526	0.56294686	-0.5039345	0.49812075	-0.5315539	-0.5472945	0.56338567	-0.5037177	-0.54168016	0.45501068	-0.486962	0.5515372	0.5351656	-0.5922636	-0.49314177	-0.5468295	-0.56260926	0.4833499	-0.5056754	-0.5929525	0.54269296	0.5348695	-0.42144117	-0.49220607	-0.5300979	-0.55862623	-0.5497799	-0.48647204	0.568884	-0.50842977	-0.53584194	-0.50072986	-0.5569711	0.51829845	0.50311726	-0.5234937	0.5545825	0.580579	-0.46751708	0.51927906	0.5348521	-0.53951454	0.5155497	0.5177413	-0.5301916	-0.5030129	0.53306895	0.5990986	0.5658788	-0.499724	-0.5154538	0.48119038	0.53003573	-0.46526545	0.48009118	0.46595043	0.41764143	0.4097034	0.5873918	0.5321901	-0.5739976	-0.54087555	0.58040833	0.5134278	-0.5043109	0.47069237	-0.52095926	0.4983602	0.5483884	-0.4960649	0.57532704	-0.5372762
-0.63410383	-0.7212134	-0.7041549	0.7875734	-0.7511349	-0.7277337	0.7284027	0.69750684	0.76964027	0.78122413	-0.7232687	-0.7426979	-0.74817324	0.67677796	-0.7010353	-0.7441351	0.7798232	0.67731494	-0.71366745	-0.71075344	-0.7697928	-0.7496864	0.6917102	0.79530007	0.72448057	0.66958743	-0.6959171	-0.73802876	0.71414274	0.7309619	-0.74195725	0.74345607	-0.78327465	-0.6998203	0.76631415	-0.74548197	-0.6512409	0.72786033	-0.6697378	0.73764163	0.7325861	-0.69987243	-0.76507777	-0.7367831	-0.75337595	0.73252237	-0.73487246	-0.752117	0.75193006	0.7229041	-0.5815695	-0.74572814	-0.69219935	-0.7299586	-0.71972907	-0.7242022	0.76295537	-0.78130627	-0.7611718	-0.6826688	-0.7534602	0.68546927	0.7018279	-0.7362116	0.72880167	0.77037656	-0.71635616	0.6881306	0.7590729	-0.7565132	0.6869605	0.7892057	-0.7933469	-0.7291827	0.7411838	0.75219154	0.73419356	-0.73802394	-0.7369696	0.66913897	0.7144846	-0.6233723	0.7588639	0.65989554	0.58006936	0.6787644	0.7992725	0.7296712	-0.75789213	-0.76185733	0.70027566	0.8031885	-0.74001235	0.69275004	-0.7008445	0.70925516	0.7215799	-0.6594426	0.74320173	-0.7613722
-0.2201226	-0.23523575	-0.27309826	0.27537113	-0.19983241	-0.19097424	0.22950657	0.20114093	0.27770215	0.27088085	-0.20405841	-0.27444068	-0.2479259	0.23559368	-0.22120276	-0.2402284	0.22537069	0.2711572	-0.19058515	-0.22435886	-0.24161373	-0.26730493	0.26425418	0.25069928	0.20874728	0.26624402	-0.27358827	-0.21120721	0.23993021	0.22326814	-0.2177315	0.27308682	-0.2519947	-0.25424808	0.19918293	-0.28371003	-0.2434698	0.2639422	-0.2693659	0.2062947	0.21377103	-0.2881086	-0.21486829	-0.26521957	-0.22733173	0.24339724	-0.3003702	-0.26799408	0.22609527	0.28803232	-0.21663228	-0.26825416	-0.23713377	-0.28328404	-0.28600886	-0.28141874	0.23067147	-0.24515752	-0.29300237	-0.22147971	-0.25649393	0.2551467	0.22774199	-0.28761128	0.2331681	0.18812795	-0.28878245	0.24064025	0.24741928	-0.2286701	0.2310772	0.21460725	-0.25765803	-0.2839125	0.2258852	0.26567885	0.2505483	-0.2308988	-0.29253307	0.26001853	0.2595099	-0.2943151	0.19851373	0.2838711	0.19576667	0.26950926	0.25880608	0.20734441	-0.20487708	-0.26662534	0.26433203	0.2327015	-0.19841516	0.24436933	-0.19343638	0.26021847	0.18966517	-0.28393617	0.19204412	-0.20775664
-0.48787865	-0.4851289	-0.483067	0.4601766	-0.46863082	-0.5166026	0.52086836	0.43208882	0.52340496	0.5475676	-0.49563268	-0.4762042	-0.49331963	0.5426704	-0.5065515	-0.5131105	0.475532	0.5259668	-0.53615576	-0.46659377	-0.5063758	-0.5593065	0.5048153	0.53508323	0.507194	0.49267158	-0.5072011	-0.5440558	0.47560504	0.4762974	-0.5090138	0.56072974	-0.4927092	-0.47229075	0.47651088	-0.53645813	-0.4751288	0.5206096	-0.5132296	0.5082246	0.5034181	-0.5314111	-0.49832433	-0.46527925	-0.50413305	0.46748015	-0.46131986	-0.54049474	0.4820539	0.48932514	-0.42722523	-0.5631714	-0.5032037	-0.55718744	-0.5205988	-0.56223637	0.532179	-0.47756156	-0.47189966	-0.5369429	-0.49989134	0.54784286	0.4343425	-0.5130649	0.56787866	0.5273575	-0.43950164	0.51102275	0.4729591	-0.5250564	0.52219695	0.47086853	-0.55692387	-0.49068546	0.5233958	0.47885707	0.54357535	-0.5010512	-0.46037152	0.4951709	0.52031344	-0.43220925	0.5329444	0.5135695	0.4614607	0.5194163	0.5055081	0.4703856	-0.5032099	-0.54098606	0.5296105	0.54736793	-0.5646216	0.5128801	-0.5303468	0.47463015	0.5057042	-0.48169434	0.55749166	-0.49374613
-0.21935685	-0.21816677	-0.17650488	0.20143414	-0.13634685	-0.20965314	0.15896957	0.15133654	0.13727704	0.20417908	-0.15981232	-0.14685927	-0.12971598	0.19338326	-0.16403386	-0.17745893	0.23423094	0.18942043	-0.15204833	-0.22817184	-0.15744531	-0.15161364	0.15701583	0.20901799	0.22217582	0.19327994	-0.1534433	-0.17123201	0.20339553	0.20436549	-0.12659791	0.19286992	-0.20145145	-0.16690637	0.21555455	-0.20880799	-0.15356192	0.15911736	-0.18845695	0.18170264	0.1733436	-0.22568326	-0.16870049	-0.20693827	-0.17383875	0.16376407	-0.22949472	-0.14243995	0.13170163	0.23690178	-0.1258974	-0.16658701	-0.20147435	-0.21366487	-0.19383334	-0.20550658	0.19889109	-0.19222887	-0.23142238	-0.21652064	-0.1484378	0.1467145	0.21263379	-0.19556513	0.21452282	0.20278369	-0.21396019	0.21111505	0.14274327	-0.17711446	0.1649637	0.14498876	-0.15465069	-0.21437317	0.1952924	0.16282219	0.13544792	-0.15976357	-0.15849169	0.16863288	0.1806375	-0.21875753	0.17034757	0.15009058	0.14534172	0.16030994	0.22526187	0.19173366	-0.23401308	-0.18097727	0.20092578	0.1583921	-0.15618548	0.20189072	-0.20684628	0.13850524	0.21518	-0.15427625	0.13644154	-0.17546861
-0.5522366	-0.59761876	-0.53689945	0.57941294	-0.5189464	-0.5539983	0.5433722	0.47954765	0.48242578	0.5393497	-0.55768245	-0.5247092	-0.57359505	0.54854715	-0.5298211	-0.5694968	0.5261958	0.51905566	-0.5789855	-0.5474382	-0.61133116	-0.59892803	0.5034666	0.5733307	0.57571614	0.56041735	-0.5564376	-0.5650448	0.561959	0.5089874	-0.5377627	0.567007	-0.5899043	-0.47651887	0.5661927	-0.5404812	-0.56890833	0.5101251	-0.5415819	0.49212056	0.53579825	-0.60359573	-0.58180296	-0.51873296	-0.6052845	0.54511166	-0.5286921	-0.50552607	0.5240004	0.5502447	-0.44494212	-0.52059233	-0.51569945	-0.5386333	-0.50741744	-0.5490439	0.5742287	-0.5237797	-0.54338515	-0.55788493	-0.5330623	0.5674094	0.49989992	-0.6130077	0.5051681	0.5210025	-0.47378117	0.54972917	0.53728336	-0.5563566	0.46648446	0.5634362	-0.6016881	-0.5608208	0.5765344	0.5072659	0.60377187	-0.54022205	-0.53237647	0.5182883	0.5327998	-0.51102734	0.5196809	0.5355757	0.43805248	0.54453075	0.526081	0.5487076	-0.55236655	-0.53441966	0.56012094	0.503131	-0.5926687	0.55709136	-0.5457924	0.5335026	0.6066731	-0.49861315	0.49951568	-0.6046073
0.17267098	0.18698005	0.14916985	-0.12708516	0.19101164	0.18897921	-0.2226268	-0.17208432	-0.170099	-0.13810384	0.19037049	0.18245119	0.21689223	-0.20516174	0.22240493	0.17026064	-0.1878694	-0.16683023	0.18281871	0.16435762	0.1956754	0.19634566	-0.15627691	-0.14937153	-0.16876379	-0.20332433	0.19482188	0.16385213	-0.21907893	-0.19877514	0.2033118	-0.18391927	0.20119543	0.19534504	-0.18874659	0.22048174	0.1639484	-0.151084	0.22269942	-0.20451434	-0.18606983	0.2000962	0.13717365	0.14403345	0.17364116	-0.21024075	0.18105023	0.15319619	-0.19417106	-0.1577523	0.22405593	0.18751433	0.15834053	0.2126582	0.14692163	0.17371105	-0.13422963	0.21133438	0.17662436	0.14484756	0.21229236	-0.21658781	-0.19834718	0.1710952	-0.13608757	-0.20836344	0.13778141	-0.13088894	-0.15150616	0.19569427	-0.20923781	-0.18359877	0.13625963	0.16496979	-0.2157322	-0.21551703	-0.20952766	0.15417291	0.15613158	-0.21921939	-0.19107424	0.18282937	-0.15887912	-0.16476816	-0.146894	-0.14663456	-0.1774551	-0.18169573	0.21709658	0.1719666	-0.18272461	-0.17978519	0.20094757	-0.19263607	0.13066004	-0.20588292	-0.19598271	0.12931341	-0.2115872	0.14747618
-0.075502224	-0.069301926	-0.14095536	0.1183323	-0.061680943	-0.016902698	0.119180694	0.16338255	0.10701634	0.13949355	-0.107312374	-0.09116235	-0.05444093	0.12326492	-0.102902554	-0.04627258	0.1255	0.107367575	-0.054513995	-0.08326309	-0.12429527	-0.11472153	0.14142163	0.05728796	0.062096607	0.1384934	-0.10330519	-0.12769511	0.05920376	0.13400097	-0.12804832	0.053716827	-0.056533307	-0.17735237	0.13602677	-0.07687805	-0.13156246	0.12970161	-0.129184	0.10846539	0.030582106	-0.0525298	-0.117363214	-0.09980029	-0.13483763	0.021719394	-0.07021719	-0.056155723	0.047714863	0.03886876	-0.13314894	-0.051880144	-0.07242248	-0.07524306	-0.09439887	-0.05968916	0.12789948	-0.06985767	-0.0343313	-0.11272232	-0.079376444	0.088989004	0.16527876	-0.12826006	0.12874725	0.07183392	-0.14298138	0.11420029	0.0741201	-0.09217154	0.111570604	0.099180914	-0.081924796	-0.13182165	0.070946924	0.082974955	0.1293155	-0.068957075	-0.11757804	0.15756062	0.11835582	-0.10718683	0.09489962	0.0880693	0.1517275	0.02536058	0.13817713	0.025535392	-0.109262265	-0.12461538	0.11858665	0.119416855	-0.033353876	0.11178319	-0.09986813	0.054830283	0.110375606	-0.11701477	0.11266779	-0.09615012
-0.32515204	-0.4288521	-0.41522917	0.40047234	-0.35537297	-0.28945762	0.4043688	0.40945932	0.4113898	0.37544787	-0.3863948	-0.3546962	-0.38969332	0.33506933	-0.34822282	-0.3782584	0.36156207	0.3681335	-0.33323687	-0.42203796	-0.40727517	-0.37121668	0.395877	0.35596496	0.33091518	0.38524196	-0.40237993	-0.41749728	0.4145682	0.35320798	-0.35376832	0.34707105	-0.39302266	-0.37230903	0.39703718	-0.37176436	-0.32500774	0.385773	-0.42655668	0.41147068	0.3979186	-0.4258067	-0.38682267	-0.34431517	-0.4075228	0.33541068	-0.3267735	-0.37875015	0.4107594	0.36319137	-0.37763283	-0.3452234	-0.4141024	-0.39329064	-0.3754108	-0.35558107	0.35383272	-0.4099756	-0.35157606	-0.3990549	-0.37834513	0.36498603	0.41795716	-0.40731764	0.36784297	0.35833377	-0.37173274	0.3571457	0.36543766	-0.36091155	0.34776443	0.39310843	-0.38443986	-0.3882297	0.34425265	0.38441634	0.4172392	-0.40900055	-0.38204148	0.39915594	0.36990345	-0.39265287	0.38727927	0.37791154	0.3785556	0.4238403	0.4329892	0.38060457	-0.31551245	-0.37083024	0.35885465	0.38630167	-0.35181034	0.41461015	-0.37434036	0.42318797	0.42276672	-0.40527812	0.3972793	-0.33644474
-0.40768826	-0.34769264	-0.41815355	0.39426732	-0.37367725	-0.3606007	0.34236485	0.3656226	0.41944474	0.42545775	-0.38362858	-0.35850242	-0.42082372	0.35478285	-0.41724312	-0.39323145	0.34816277	0.42948756	-0.4105336	-0.43296188	-0.39667144	-0.35541877	0.4036826	0.4221309	0.4340382	0.38375017	-0.42746803	-0.34678218	0.3501764	0.38234872	-0.36907008	0.39634234	-0.34918794	-0.30637896	0.4300195	-0.39155462	-0.39185053	0.40399384	-0.39657885	0.35935408	0.37903494	-0.35970473	-0.38148052	-0.3564613	-0.34933248	0.4336466	-0.39405122	-0.40040147	0.3685028	0.3571279	-0.3674573	-0.40245125	-0.372831	-0.36715016	-0.37290445	-0.41668835	0.44407484	-0.3891986	-0.36111495	-0.3565602	-0.4372844	0.36544827	0.3610583	-0.38645625	0.38825566	0.36166602	-0.33851936	0.34394783	0.38789716	-0.35472718	0.3898349	0.3995232	-0.43041477	-0.35388708	0.42601958	0.353856	0.36485025	-0.3724319	-0.40762007	0.34331992	0.3432462	-0.3785762	0.37997398	0.4233968	0.35189283	0.3577306	0.4236467	0.4099601	-0.39405513	-0.4234425	0.3557287	0.34082595	-0.35994038	0.34102395	-0.34231868	0.4094494	0.43964893	-0.34825245	0.34963316	-0.43747514
-0.25270933	-0.27891558	-0.18397817	0.28034878	-0.23546793	-0.25106713	0.19681661	0.1964651	0.20678833	0.21381783	-0.22749738	-0.28661832	-0.25982255	0.20057717	-0.2564411	-0.2235883	0.29137117	0.2019818	-0.21452497	-0.23617741	-0.27957645	-0.216671	0.20923479	0.2188046	0.25431818	0.25721952	-0.2361736	-0.26788083	0.28954208	0.28050235	-0.24280457	0.24598226	-0.27267605	-0.15568742	0.26940298	-0.22563872	-0.16886838	0.19377951	-0.25206178	0.19738309	0.2138705	-0.26125774	-0.29547474	-0.2685355	-0.22342284	0.21887316	-0.26828626	-0.24676125	0.23915653	0.23106916	-0.17125043	-0.2307649	-0.22890976	-0.19353646	-0.21503547	-0.27079472	0.24337976	-0.22214228	-0.20593512	-0.2230389	-0.25102037	0.20520142	0.22518249	-0.2516805	0.2651439	0.24597217	-0.16775557	0.24746726	0.24408208	-0.29010943	0.21466152	0.26761264	-0.2030552	-0.2242287	0.28589737	0.18300681	0.26843017	-0.25320807	-0.20176284	0.15710601	0.2628216	-0.23370792	0.24236701	0.20680152	0.23344754	0.19016802	0.19624376	0.22433831	-0.231032	-0.27155757	0.24243906	0.19349155	-0.26737118	0.28381127	-0.2771368	0.26867017	0.22401811	-0.17803672	0.22618002	-0.28343388
-0.29951522	-0.43990487	-0.47072965	0.45500854	-0.4437561	-0.4974641	0.4050811	0.39536208	0.43122736	0.4527087	-0.50705737	-0.47926307	-0.46151578	0.444592	-0.48881894	-0.513043	0.48225817	0.4349572	-0.45961463	-0.49167705	-0.47015586	-0.45650417	0.44957256	0.4746983	0.45092028	0.39899582	-0.42910627	-0.49799576	0.46565923	0.5198406	-0.44960058	0.55135393	-0.45341077	-0.4093009	0.45408368	-0.51804686	-0.43661392	0.4587955	-0.43003842	0.45383945	0.4878354	-0.5518968	-0.48811358	-0.43007338	-0.49788684	0.5194453	-0.45054832	-0.4363985	0.48570397	0.54757947	-0.3371879	-0.47461256	-0.46415606	-0.44439667	-0.49124414	-0.4924532	0.509398	-0.47359258	-0.5285765	-0.3581329	-0.47546488	0.43192345	0.36367673	-0.4922218	0.54237646	0.47422487	-0.35114485	0.43021482	0.48190495	-0.5173488	0.4220008	0.53209007	-0.44404948	-0.49220753	0.45266673	0.4304988	0.42999658	-0.48565188	-0.45170262	0.40364826	0.38309166	-0.40688825	0.4357084	0.43658528	0.32249293	0.35076946	0.48428127	0.41281724	-0.4670837	-0.4760253	0.47331873	0.45060083	-0.49051288	0.5519	-0.46755	0.43233785	0.52616733	-0.41395903	0.49212041	-0.4386989
-0.5830537	-0.7298955	-0.71546865	0.72201943	-0.6914462	-0.8331777	0.7698965	0.6162417	0.7140456	0.7216881	-0.74947965	-0.81423205	-0.776202	0.6428285	-0.80739653	-0.766044	0.7409404	0.60073	-0.75654733	-0.8034152	-0.82334906	-0.7113343	0.7198157	0.7784469	0.7380052	0.6857225	-0.7481048	-0.6866362	0.8457129	0.8281012	-0.7190761	0.7304354	-0.833003	-0.58719546	0.69749725	-0.7683972	-0.6498122	0.67201006	-0.66973406	0.6493851	0.81913924	-0.75807965	-0.8094622	-0.7707509	-0.64711416	0.75687224	-0.70042247	-0.6981194	0.77513	0.8043959	-0.5050656	-0.7778751	-0.6034329	-0.6957489	-0.7605339	-0.7577571	0.73002535	-0.79777366	-0.7559238	-0.6423445	-0.7547408	0.73827827	0.55892396	-0.7592286	0.73716867	0.77864236	-0.60111815	0.6599049	0.78068566	-0.811124	0.68071574	0.7891677	-0.74401945	-0.70281833	0.7497737	0.7079468	0.7749557	-0.75011885	-0.74371797	0.5835184	0.5787047	-0.59606546	0.7210506	0.67334735	0.52057964	0.634104	0.7290356	0.5945964	-0.7287313	-0.7529902	0.7328794	0.7413532	-0.7879922	0.7657444	-0.7517707	0.6621591	0.81989735	-0.59915835	0.7290937	-0.79935664
-0.52012116	-0.66562307	-0.69680613	0.65333736	-0.70422775	-0.71689934	0.7335769	0.6075006	0.6007126	0.75732774	-0.70886886	-0.673576	-0.77761686	0.6709854	-0.7401651	-0.72452646	0.6872512	0.60962546	-0.7496699	-0.695375	-0.7603537	-0.68204737	0.67934096	0.66782236	0.73353595	0.62048906	-0.68243104	-0.6384081	0.7276473	0.7570797	-0.5999729	0.70329845	-0.73763674	-0.56792307	0.6994955	-0.73416305	-0.5871643	0.5893071	-0.60425246	0.6788291	0.75642693	-0.7720827	-0.7415502	-0.72240025	-0.72712034	0.74691767	-0.70269465	-0.6806627	0.72682214	0.7095562	-0.46633148	-0.73553175	-0.65008557	-0.67587894	-0.7259911	-0.6892542	0.65966356	-0.75463027	-0.7228856	-0.62771153	-0.73192495	0.71380436	0.60671455	-0.6815575	0.76019156	0.6703093	-0.48083803	0.5808022	0.7231535	-0.69974244	0.5768891	0.67998815	-0.75582075	-0.6591467	0.70432186	0.71382904	0.7020266	-0.668419	-0.73685366	0.62775743	0.5141396	-0.54706824	0.7095105	0.6161743	0.46971667	0.5860195	0.67418194	0.58578044	-0.6885476	-0.6853419	0.67238194	0.69234776	-0.72650737	0.7729713	-0.6922408	0.6060466	0.72371006	-0.63542867	0.6520965	-0.68102
-0.4671411	-0.68864065	-0.65359145	0.6590653	-0.5980434	-0.7186311	0.6806632	0.60962546	0.67349845	0.66817147	-0.729807	-0.6687225	-0.73750585	0.70414585	-0.69629437	-0.72319716	0.7186792	0.58397776	-0.7215052	-0.68803364	-0.7194075	-0.6744455	0.71746415	0.6790152	0.72862124	0.63290805	-0.65514654	-0.65780795	0.752158	0.6822971	-0.6510695	0.73977274	-0.72029895	-0.5398498	0.67886055	-0.7661111	-0.6152603	0.61808044	-0.68650955	0.66560924	0.72741073	-0.6649506	-0.6763415	-0.72172594	-0.6611505	0.76197594	-0.72286755	-0.70698667	0.7361888	0.7416243	-0.52443093	-0.7642779	-0.59033084	-0.6473016	-0.68989813	-0.7386148	0.7015258	-0.75708985	-0.6742627	-0.6574601	-0.6570233	0.65747166	0.58896303	-0.70158947	0.71474844	0.65919197	-0.5816849	0.56668144	0.68499184	-0.67225164	0.59105927	0.69038445	-0.7430933	-0.6916467	0.7241675	0.66233635	0.7529095	-0.7474666	-0.66307896	0.58703154	0.5656677	-0.5575702	0.6976964	0.60003805	0.5227502	0.5838845	0.72573197	0.6340422	-0.701794	-0.74436283	0.6586786	0.64584374	-0.70153165	0.7156079	-0.71826744	0.59759694	0.75147426	-0.56230986	0.70829296	-0.7382144
-0.6577902	-0.7545557	-0.6577027	0.7518402	-0.73615223	-0.809228	0.63821876	0.6132014	0.7459193	0.75941074	-0.7622428	-0.7691974	-0.7517968	0.6910307	-0.7137674	-0.77425843	0.7466647	0.6469862	-0.7760573	-0.67801243	-0.7353688	-0.7191495	0.6840957	0.77006716	0.7538726	0.65944904	-0.6795292	-0.6915847	0.7660261	0.71957266	-0.71506125	0.7942387	-0.7425554	-0.6038218	0.72260094	-0.7556574	-0.6137572	0.7251565	-0.6877881	0.625506	0.81014216	-0.7451184	-0.72608185	-0.7437861	-0.7156951	0.78263855	-0.6558981	-0.7355954	0.74770415	0.6905191	-0.6339826	-0.79658246	-0.6492033	-0.7639852	-0.7587834	-0.6985502	0.7153301	-0.7892802	-0.7681803	-0.6569547	-0.7216216	0.7135589	0.61590785	-0.7344684	0.7809999	0.75979817	-0.64802283	0.6694322	0.7050506	-0.75073606	0.6927525	0.7809058	-0.73197836	-0.7612929	0.67124444	0.7307812	0.6707995	-0.69199854	-0.6144646	0.532596	0.6630997	-0.589489	0.7424707	0.7281181	0.5935163	0.65795636	0.6958732	0.7011032	-0.73644984	-0.75670356	0.69620246	0.72994494	-0.76261556	0.73749995	-0.690053	0.68464845	0.7986164	-0.5634034	0.72724646	-0.80606836
-0.4316157	-0.49504787	-0.5027004	0.52209634	-0.49977592	-0.48027226	0.49558303	0.4627429	0.4923835	0.5150342	-0.5027724	-0.5604699	-0.525465	0.46983612	-0.54456294	-0.48287886	0.54573125	0.45722586	-0.52987146	-0.5016277	-0.50320596	-0.5292401	0.5174949	0.51034814	0.55248487	0.44869348	-0.51290727	-0.52443594	0.548469	0.5265719	-0.5274944	0.5003027	-0.48100907	-0.42300993	0.4609414	-0.48972502	-0.44663137	0.4552331	-0.4430026	0.51870334	0.50161415	-0.54163224	-0.5067174	-0.5463615	-0.48108515	0.5555339	-0.47528136	-0.5443709	0.4999896	0.47391155	-0.43415606	-0.5313694	-0.49902272	-0.49506372	-0.5239089	-0.5550678	0.53977466	-0.48588789	-0.47141436	-0.45487827	-0.54633874	0.48360595	0.4742479	-0.5355048	0.5544472	0.49627402	-0.49435848	0.43780527	0.51001436	-0.5362935	0.45775393	0.5185011	-0.4899505	-0.488448	0.52567494	0.44581652	0.5279912	-0.5220375	-0.5181885	0.4667232	0.46671447	-0.44383806	0.5076299	0.43829796	0.49402714	0.53713655	0.49481267	0.53405875	-0.50665027	-0.5465054	0.5339218	0.4788957	-0.4905423	0.39170015	-0.4797536	0.5117016	0.4771039	-0.43456572	0.54063463	-0.5561579
-0.37565213	-0.40171388	-0.37115854	0.3737412	-0.3912814	-0.37377575	0.35228842	0.33072513	0.446011	0.3987734	-0.36659122	-0.43605497	-0.3659261	0.39020076	-0.42572007	-0.44096276	0.40484515	0.3432241	-0.41675994	-0.4043536	-0.37634233	-0.3973919	0.4429733	0.3838477	0.41526538	0.42213488	-0.36263743	-0.3420754	0.41420567	0.3857494	-0.37003398	0.36643383	-0.39975494	-0.34498554	0.37098363	-0.42623958	-0.37900555	0.33575663	-0.431718	0.4027711	0.41960865	-0.39043686	-0.36816874	-0.4371409	-0.38581896	0.39315903	-0.38976607	-0.36324146	0.4062849	0.422258	-0.35522562	-0.44690415	-0.36289147	-0.37564954	-0.41592845	-0.42196774	0.43235582	-0.44597757	-0.3750821	-0.33350852	-0.35140067	0.33976743	0.39654776	-0.38485277	0.4677817	0.38072437	-0.3551189	0.38006234	0.38761535	-0.37320074	0.3314695	0.40420088	-0.39174375	-0.38123053	0.42053005	0.43639162	0.44473806	-0.40045598	-0.4145935	0.31371439	0.39696634	-0.37096417	0.392868	0.3620538	0.38244456	0.38491303	0.4204135	0.42311904	-0.36109146	-0.39862588	0.36971068	0.44174266	-0.41197962	0.35022566	-0.4467569	0.41487816	0.36303338	-0.27543634	0.43455738	-0.38452318
-0.5100274	-0.46705586	-0.47109848	0.48931548	-0.44661453	-0.43409035	0.49862695	0.46831462	0.5268414	0.50744426	-0.45456868	-0.5323211	-0.46823484	0.43950865	-0.4962068	-0.48055616	0.45335007	0.503763	-0.44240683	-0.49556687	-0.56237054	-0.51339597	0.5045742	0.5511545	0.50321454	0.5278394	-0.47747108	-0.5015301	0.5169577	0.46725616	-0.4787351	0.46584895	-0.47504678	-0.4481768	0.47732997	-0.44291937	-0.46254522	0.54025996	-0.47619206	0.45175257	0.45325458	-0.44744313	-0.46890566	-0.47134325	-0.54278547	0.5218508	-0.402674	-0.49907094	0.4713865	0.48417044	-0.45125175	-0.5202962	-0.4574557	-0.52724576	-0.4531992	-0.46115315	0.470444	-0.4642113	-0.49873978	-0.52066773	-0.45152888	0.42112952	0.49969333	-0.47663063	0.5651293	0.52651787	-0.4792776	0.51467687	0.489561	-0.5061554	0.44440293	0.50911313	-0.50893897	-0.4715558	0.5502981	0.54202044	0.47779518	-0.47441792	-0.45742518	0.46101794	0.48502627	-0.47949547	0.52972054	0.429861	0.43271345	0.5508437	0.48337686	0.5104731	-0.48739108	-0.4713295	0.5348948	0.48754242	-0.56440365	0.38792238	-0.48098734	0.51443803	0.5248036	-0.41288206	0.5075932	-0.47521335
-0.50371015	-0.52581185	-0.5170282	0.48577625	-0.51579255	-0.4728597	0.562491	0.5383796	0.55831814	0.5492464	-0.5124148	-0.51024187	-0.49241182	0.5106295	-0.5033197	-0.5251389	0.50007164	0.54925793	-0.50634265	-0.5734743	-0.5089348	-0.57974666	0.4778721	0.5846167	0.49135786	0.5800262	-0.58436614	-0.5396373	0.48526365	0.5628113	-0.57888514	0.5848371	-0.5062755	-0.48430967	0.53053665	-0.5229303	-0.50102085	0.56345075	-0.52087414	0.5413764	0.57248616	-0.53058106	-0.58461064	-0.5890029	-0.51873803	0.55647427	-0.47033033	-0.5573676	0.5135014	0.55382645	-0.5232674	-0.54763013	-0.5241284	-0.57700753	-0.51404923	-0.5844717	0.49870598	-0.5405229	-0.5402028	-0.572387	-0.58099276	0.51382667	0.5259573	-0.55862975	0.50039816	0.5530381	-0.52515495	0.5326093	0.5767839	-0.56517583	0.5396504	0.527051	-0.57300067	-0.57686055	0.5628234	0.54431164	0.4845566	-0.5456899	-0.55275655	0.3888379	0.5347666	-0.5419964	0.5044749	0.51911247	0.5222673	0.56596404	0.49097496	0.5160915	-0.520945	-0.49502185	0.509128	0.5463825	-0.5482518	0.47230688	-0.57634294	0.52646047	0.53730565	-0.4905348	0.5194341	-0.5367339
-0.1719242	-0.19270004	-0.20176175	0.10581076	-0.20879504	-0.07928278	0.11566761	0.21580249	0.12090776	0.19646327	-0.102769285	-0.193797	-0.10052871	0.20506568	-0.16200511	-0.14517145	0.18445915	0.20513462	-0.1009454	-0.15746483	-0.14624828	-0.17004293	0.15740255	0.118601754	0.14708085	0.19897147	-0.17700656	-0.17991967	0.12310471	0.13174613	-0.11758792	0.102516085	-0.15007576	-0.21564324	0.11951727	-0.13297091	-0.16537485	0.16854729	-0.1687797	0.16042255	0.07809711	-0.14149304	-0.09313231	-0.13488296	-0.13672723	0.10501814	-0.17405374	-0.16374537	0.092707306	0.14268994	-0.18591627	-0.109001204	-0.21018468	-0.117219724	-0.14522141	-0.19506162	0.13991003	-0.10465853	-0.15477216	-0.1442081	-0.15561032	0.15631951	0.12097078	-0.13847977	0.1965625	0.1512207	-0.20568897	0.16302496	0.091551095	-0.1570608	0.20339353	0.1767333	-0.1679233	-0.16903648	0.15175676	0.15832344	0.1643826	-0.18734862	-0.16165721	0.20507774	0.17298512	-0.18000852	0.16295259	0.1963126	0.22088234	0.17991632	0.12265559	0.20290378	-0.121185355	-0.13379578	0.15420382	0.16710149	-0.19983543	0.15563978	-0.19495182	0.12672369	0.16141096	-0.18769643	0.16706873	-0.1366427
-0.24265243	-0.18718617	-0.22552367	0.2596073	-0.19306222	-0.15196237	0.21082518	0.26636204	0.27924362	0.21409309	-0.24405897	-0.18140885	-0.16785261	0.24756433	-0.18195374	-0.18284878	0.17066826	0.22175096	-0.21056157	-0.26841712	-0.22254816	-0.19182958	0.22704695	0.22952591	0.18630722	0.22823504	-0.19567023	-0.20014954	0.19796358	0.23788965	-0.20632547	0.1881118	-0.24760146	-0.19454534	0.22565325	-0.20060512	-0.2290163	0.2472953	-0.18453331	0.22278252	0.24239972	-0.1842956	-0.22947215	-0.23349546	-0.23865739	0.22104591	-0.174236	-0.18533126	0.17069742	0.23730986	-0.2206296	-0.23328121	-0.22261429	-0.2504788	-0.25958198	-0.2273069	0.25284028	-0.19594146	-0.16030224	-0.19365297	-0.27765977	0.23529169	0.27826908	-0.24305844	0.19219968	0.27804786	-0.2593105	0.24124052	0.19307603	-0.2570646	0.19691037	0.22798172	-0.24007025	-0.2476465	0.21475299	0.26281145	0.20295124	-0.26922065	-0.18120025	0.20172769	0.23801337	-0.21601506	0.23847702	0.2841358	0.25945103	0.27542552	0.23727027	0.2617447	-0.17999509	-0.21096312	0.23247847	0.22108026	-0.22715716	0.18880437	-0.22413784	0.23472407	0.20952828	-0.269681	0.1943484	-0.24835373
-0.20243894	-0.24557444	-0.2555792	0.19430172	-0.22360422	-0.2453434	0.19046742	0.2176298	0.24103501	0.2576605	-0.23748106	-0.2152531	-0.1923366	0.189046	-0.19044608	-0.20038559	0.24438545	0.26970387	-0.22129825	-0.24056469	-0.27720895	-0.282419	0.24568576	0.26189035	0.2172124	0.27481687	-0.25472134	-0.2771457	0.29473773	0.24138817	-0.27924484	0.27815494	-0.21156627	-0.27851212	0.19124699	-0.23914753	-0.24216689	0.21007845	-0.27869737	0.26475438	0.23767762	-0.26435423	-0.23318495	-0.21520215	-0.2371103	0.2405219	-0.26090938	-0.23159586	0.26641837	0.20989253	-0.21849029	-0.2260775	-0.22351114	-0.21161243	-0.22112355	-0.19979943	0.23028609	-0.2162947	-0.29021603	-0.27212578	-0.21033686	0.19178462	0.19096239	-0.22070031	0.2408075	0.24782932	-0.22797456	0.22833802	0.2509334	-0.19498095	0.25154108	0.28228992	-0.29762682	-0.22911672	0.19524889	0.19755758	0.2456339	-0.19592756	-0.285978	0.22170107	0.2352594	-0.30279085	0.19222113	0.1905924	0.21857463	0.24189107	0.29000714	0.2506432	-0.25729576	-0.29728204	0.24986888	0.30690163	-0.22706512	0.26485032	-0.22543825	0.28237748	0.22144587	-0.28555512	0.27498403	-0.21972574
-0.099016316	-0.071041025	-0.14241233	0.082720935	-0.08656481	-0.1044926	0.09821978	0.0959517	0.13938999	0.0674239	-0.10359849	-0.05511727	-0.11984601	0.13624865	-0.085011244	-0.065506056	0.11872593	0.11483303	-0.08492992	-0.14537647	-0.11077422	-0.1386902	0.14064391	0.10997539	0.099351004	0.13606551	-0.11633715	-0.13988274	0.12572134	0.13136105	-0.11819647	0.07162156	-0.124098524	-0.11487302	0.053070135	-0.11115596	-0.1203457	0.10108759	-0.1662588	0.14161944	0.07832774	-0.13387074	-0.10953571	-0.072794	-0.12660724	0.11374061	-0.15143287	-0.12806582	0.08288509	0.13925342	-0.16445099	-0.062045578	-0.12830763	-0.13960461	-0.093931496	-0.070476584	0.054627743	-0.03614985	-0.12926833	-0.0799626	-0.08314027	0.09744526	0.12615418	-0.10963942	0.06934182	0.13108541	-0.078556776	0.08602535	0.13449743	-0.113094345	0.06645703	0.14607936	-0.129524	-0.053320415	0.08318981	0.17289262	0.11905846	-0.102674976	-0.13660847	0.1338438	0.09587078	-0.14618261	0.11496983	0.09249031	0.096632265	0.09715584	0.15901725	0.14730664	-0.1294129	-0.067738906	0.14030834	0.13181703	-0.0820958	0.11321821	-0.0956931	0.06673745	0.119085334	-0.16246285	0.07014083	-0.12118809
-0.3851895	-0.36890605	-0.39462736	0.42236128	-0.4059686	-0.35460237	0.34750906	0.3482307	0.3710955	0.3780769	-0.40367022	-0.3759815	-0.37686622	0.37408966	-0.3979578	-0.42462647	0.38747028	0.36267403	-0.36389232	-0.4223565	-0.45143107	-0.36260805	0.39592785	0.41205835	0.35352036	0.38871685	-0.3999006	-0.40995374	0.40836	0.3867436	-0.3750702	0.393271	-0.40650442	-0.3108611	0.43572527	-0.4576184	-0.36265308	0.4354088	-0.3818895	0.39768824	0.4038199	-0.43089035	-0.45475984	-0.43627322	-0.43552086	0.4466993	-0.38089645	-0.38738132	0.3917053	0.3534078	-0.3280684	-0.45656794	-0.35732234	-0.35302827	-0.43841678	-0.40991879	0.39857292	-0.3600086	-0.37838957	-0.42730868	-0.36931977	0.38669485	0.38854578	-0.4057077	0.38322833	0.40150955	-0.40330225	0.41838083	0.4218715	-0.3950535	0.41194904	0.4402459	-0.42771184	-0.41833603	0.39985323	0.3864003	0.36320758	-0.41571605	-0.33151892	0.30756444	0.4418188	-0.39519015	0.3749056	0.43144333	0.3823995	0.42496818	0.4495955	0.40588433	-0.3632611	-0.37562352	0.4295263	0.38877827	-0.37881833	0.4179866	-0.3689479	0.38713637	0.38219863	-0.40608558	0.37607965	-0.39668632
-0.17223176	-0.15392256	-0.17319284	0.11690112	-0.13477288	-0.13049787	0.17856269	0.120592274	0.15858647	0.13543317	-0.19952467	-0.13689098	-0.15331149	0.18345639	-0.1329763	-0.18047595	0.11629968	0.13975693	-0.1947389	-0.1475673	-0.16853566	-0.12018578	0.12414929	0.11676627	0.13104194	0.17414004	-0.1222302	-0.15674049	0.12983386	0.114908084	-0.11848703	0.11760383	-0.20424551	-0.15361182	0.13384086	-0.17314859	-0.16697074	0.15034616	-0.1523916	0.12438884	0.16167162	-0.12789641	-0.1888623	-0.14630246	-0.14562705	0.13443333	-0.19587657	-0.20289159	0.12237917	0.18840708	-0.16408958	-0.19928263	-0.19376977	-0.1414401	-0.16892898	-0.16520478	0.17392734	-0.18486425	-0.13920142	-0.14194714	-0.10933435	0.1795516	0.10624995	-0.19776763	0.15091021	0.14948061	-0.11733685	0.19581404	0.13867553	-0.14208123	0.17334689	0.12864773	-0.20627545	-0.18390992	0.12491254	0.16669396	0.112735964	-0.11866019	-0.1950432	0.13164853	0.18875006	-0.107849926	0.15040947	0.111707546	0.096632175	0.18683396	0.13935332	0.113976836	-0.1405422	-0.14274132	0.10843166	0.14978978	-0.13018698	0.18455702	-0.18503886	0.110474356	0.18505687	-0.11656431	0.14891292	-0.110727705
-0.37410894	-0.4817787	-0.4419768	0.3952621	-0.3783493	-0.39626822	0.40766183	0.46383044	0.4114574	0.46305084	-0.3859668	-0.44515935	-0.44290754	0.40137422	-0.4601081	-0.43863538	0.38089147	0.47146818	-0.39947626	-0.4093831	-0.47633603	-0.41288996	0.39066663	0.4169325	0.37752938	0.4728154	-0.39303002	-0.4038831	0.47081745	0.42790586	-0.46996492	0.45919487	-0.47882444	-0.3733158	0.44897863	-0.4673787	-0.41647607	0.4165667	-0.41958642	0.38185984	0.45630383	-0.47051802	-0.4301543	-0.4218932	-0.3889426	0.42687774	-0.3738834	-0.4246345	0.3662967	0.40338326	-0.42975417	-0.42227677	-0.44557473	-0.42755497	-0.43316686	-0.38618416	0.43334153	-0.395245	-0.39021736	-0.4707535	-0.39982277	0.4005561	0.413948	-0.42681637	0.44479	0.44862282	-0.44138888	0.39408886	0.405326	-0.42833674	0.47380894	0.4687573	-0.38673106	-0.41312733	0.46848446	0.37547857	0.36471406	-0.40923893	-0.40691856	0.34723997	0.45915282	-0.45640427	0.46064848	0.44184196	0.4416443	0.3982641	0.39119956	0.40815002	-0.39344907	-0.4648155	0.39064467	0.39207986	-0.4570028	0.41902748	-0.40496153	0.47012407	0.43565843	-0.38618633	0.39051428	-0.4326654
-0.7424898	-0.8732176	-0.8224161	0.8128993	-0.824904	-0.83837396	0.75999457	0.718427	0.89497155	0.87565285	-0.8649151	-0.8046394	-0.8132479	0.83970547	-0.82621527	-0.8361954	0.80670244	0.8056391	-0.8106851	-0.8521815	-0.8943369	-0.86208075	0.84574455	0.88572574	0.8140901	0.82633823	-0.80548763	-0.83062845	0.8606652	0.8182916	-0.8533655	0.879323	-0.8268185	-0.65376157	0.79882073	-0.88998985	-0.68411416	0.8155668	-0.75378275	0.770792	0.85173357	-0.88503736	-0.8893987	-0.81004024	-0.8084603	0.871921	-0.79322	-0.81382674	0.8730871	0.79708076	-0.7154874	-0.85971373	-0.806774	-0.7999116	-0.8363162	-0.8555155	0.86211985	-0.8513765	-0.86954224	-0.80030507	-0.8267433	0.7672733	0.74898386	-0.81567997	0.82025015	0.8874716	-0.8055616	0.7624024	0.8277848	-0.800818	0.8523144	0.8254588	-0.8674862	-0.8405697	0.81274563	0.81841946	0.8137938	-0.8458943	-0.8078221	0.662934	0.7854482	-0.7455783	0.86566365	0.7338297	0.6299367	0.83772874	0.8287959	0.8006341	-0.84278166	-0.7950796	0.81135386	0.84750533	-0.80907494	0.89829344	-0.8096025	0.84751517	0.8674944	-0.6191173	0.8228615	-0.90039676
-0.4543436	-0.46475533	-0.46167538	0.55261445	-0.5412801	-0.5228327	0.49655098	0.4720146	0.52498466	0.4658877	-0.53114116	-0.5132416	-0.53496355	0.5328782	-0.54077625	-0.55355406	0.53734934	0.52198285	-0.51417065	-0.5288245	-0.56737816	-0.56542295	0.54262495	0.4637615	0.5219824	0.520901	-0.5351	-0.485708	0.51643085	0.5244371	-0.51038444	0.54540527	-0.4787867	-0.44402263	0.5553432	-0.5668453	-0.52793896	0.53505534	-0.51480836	0.49076298	0.5330889	-0.53004724	-0.5436507	-0.5448335	-0.5231023	0.5360967	-0.50820315	-0.5441264	0.5569852	0.4696423	-0.4578851	-0.54226774	-0.46282962	-0.5031595	-0.47715074	-0.5384495	0.5538841	-0.53953665	-0.5243916	-0.4589105	-0.5326295	0.5112965	0.4830234	-0.5104132	0.5194553	0.52811676	-0.47044182	0.47960678	0.52291983	-0.4738566	0.46979144	0.49355194	-0.55604154	-0.55527675	0.46297705	0.5120021	0.49499375	-0.52382046	-0.4855016	0.46921068	0.45837203	-0.5264712	0.5146585	0.47608364	0.5045311	0.4764061	0.5451268	0.5159196	-0.5092314	-0.5520997	0.52949923	0.5488174	-0.46484458	0.5399069	-0.48257896	0.5469146	0.49468344	-0.52671236	0.4874776	-0.5588854
-0.5789698	-0.64890456	-0.66162664	0.6621642	-0.63085884	-0.6671761	0.6131217	0.6075449	0.66196597	0.62072223	-0.617251	-0.6383018	-0.6860239	0.63111645	-0.63406307	-0.66771334	0.69042474	0.6734781	-0.6672816	-0.67491174	-0.7127597	-0.686176	0.7088282	0.6649012	0.6752637	0.6637016	-0.67313975	-0.6744818	0.7236345	0.6810594	-0.63658005	0.6773605	-0.7086067	-0.574915	0.6421456	-0.6380293	-0.6029251	0.6832352	-0.64059466	0.5884023	0.6701487	-0.6566319	-0.6803164	-0.6919278	-0.64653754	0.6623938	-0.6498162	-0.6742852	0.71449995	0.61987895	-0.55858123	-0.65324306	-0.60789615	-0.7192224	-0.7087781	-0.64893204	0.63952345	-0.69229096	-0.6217982	-0.6520051	-0.6597007	0.62246084	0.5670039	-0.63406533	0.7090608	0.636699	-0.605123	0.6338919	0.7109182	-0.62951696	0.5980114	0.61865705	-0.71125525	-0.6591841	0.68441606	0.6774683	0.67544776	-0.6955206	-0.6002101	0.58174276	0.5824979	-0.58343405	0.6933139	0.60932195	0.58901113	0.6747639	0.63692135	0.64477694	-0.6607806	-0.64801747	0.63659513	0.6334277	-0.6677783	0.6518813	-0.6822565	0.6652725	0.6415676	-0.56536645	0.67664045	-0.67349136
-0.51810986	-0.58637047	-0.5612219	0.6304411	-0.58909017	-0.5852988	0.59617096	0.55010927	0.6046064	0.6050437	-0.6139077	-0.6164417	-0.56427705	0.560712	-0.53375316	-0.5537247	0.5750208	0.5090104	-0.6115841	-0.541831	-0.5724082	-0.57538027	0.53877705	0.54042834	0.5971587	0.6091713	-0.54928607	-0.5915547	0.5612365	0.60181415	-0.6073417	0.5957888	-0.57966506	-0.5064492	0.6180659	-0.6069717	-0.50323945	0.5545715	-0.5778197	0.54403675	0.64236647	-0.5853779	-0.6192609	-0.6145707	-0.61571306	0.61210537	-0.5240498	-0.6003576	0.56788296	0.5429473	-0.4704765	-0.5567744	-0.51442534	-0.59435624	-0.5676867	-0.57318294	0.61856765	-0.64459425	-0.6108129	-0.58417886	-0.57479763	0.5572133	0.5160796	-0.5998797	0.5967399	0.5957839	-0.5138818	0.5426701	0.54955155	-0.53498423	0.5832455	0.5828804	-0.5544355	-0.58332634	0.625428	0.53937304	0.5984911	-0.57526255	-0.5911254	0.46446696	0.5298575	-0.5100896	0.61750555	0.5944697	0.4434325	0.5733428	0.5340499	0.594109	-0.5405254	-0.5271619	0.61678416	0.5178984	-0.62537086	0.56200475	-0.52897495	0.55578005	0.5621886	-0.5224916	0.5310984	-0.55808747
-0.5448186	-0.55803055	-0.5587084	0.61028075	-0.5774786	-0.6581276	0.59503764	0.5765894	0.5681795	0.5921247	-0.5688034	-0.62711734	-0.57801956	0.59684473	-0.603448	-0.5823262	0.6232528	0.53062886	-0.6301638	-0.63612235	-0.59265924	-0.5777236	0.6138332	0.5527123	0.55192536	0.5466906	-0.56546426	-0.5694955	0.6578085	0.54846156	-0.5541919	0.5787644	-0.55793035	-0.5695854	0.55764097	-0.58531123	-0.53981	0.54127115	-0.55334765	0.51427245	0.60613924	-0.6470718	-0.56685585	-0.60007226	-0.599297	0.5980394	-0.5695654	-0.63316506	0.602913	0.5881059	-0.4753663	-0.6014492	-0.5286363	-0.6158131	-0.593804	-0.60067505	0.5896962	-0.63463426	-0.5767619	-0.5224803	-0.5539936	0.5802594	0.565123	-0.5760773	0.64234644	0.5721985	-0.50360984	0.53504235	0.62560517	-0.59257424	0.51084024	0.5671294	-0.6430855	-0.58201766	0.5591676	0.6187033	0.6231296	-0.6318003	-0.601023	0.54749453	0.5879191	-0.5419553	0.5570213	0.53616744	0.4555253	0.5385933	0.5348134	0.5750459	-0.6267084	-0.57784	0.602642	0.5544414	-0.56346244	0.63010734	-0.5831093	0.6148297	0.59808445	-0.5253522	0.62694544	-0.5618188
-0.52315366	-0.60161823	-0.5408648	0.5666485	-0.5664922	-0.57751	0.5347995	0.52296245	0.52135575	0.5988201	-0.5124217	-0.51410204	-0.54587173	0.5643207	-0.5668645	-0.5392681	0.5223792	0.5411461	-0.524383	-0.5091445	-0.5477589	-0.5887513	0.5893196	0.5324701	0.58280563	0.54070055	-0.57826865	-0.5393607	0.547357	0.52597845	-0.54710484	0.5965928	-0.5734116	-0.48412988	0.5670354	-0.51806766	-0.5566569	0.5995993	-0.54966766	0.605693	0.54124343	-0.51530635	-0.6026507	-0.5993413	-0.5742897	0.5706084	-0.5658194	-0.5432547	0.51203126	0.56864184	-0.5447819	-0.55976695	-0.546164	-0.6114064	-0.5895648	-0.55005527	0.5127951	-0.57169765	-0.5889632	-0.58730453	-0.5788424	0.533606	0.57091606	-0.558052	0.5164716	0.5091663	-0.5869919	0.5833081	0.5991455	-0.5445031	0.6034227	0.59462506	-0.5180125	-0.5456714	0.5501265	0.5305872	0.59681964	-0.5367046	-0.53184116	0.47562057	0.5339928	-0.5307377	0.57813853	0.58851224	0.57844234	0.49202752	0.5669384	0.6017124	-0.50551295	-0.5215635	0.61048925	0.58209014	-0.5579133	0.5344219	-0.59590214	0.5292165	0.56150067	-0.4673462	0.5466895	-0.57037866
-0.5783201	-0.6425473	-0.57241136	0.61442024	-0.5452952	-0.5829374	0.56305	0.5301774	0.60927397	0.6230719	-0.5967713	-0.6483666	-0.56738585	0.5861099	-0.5902597	-0.6612531	0.5611874	0.6185833	-0.5630465	-0.63910776	-0.67202395	-0.6111606	0.6068846	0.6375283	0.5945665	0.62941515	-0.5971739	-0.5676324	0.5915533	0.6363948	-0.5812586	0.5850468	-0.6374427	-0.5156846	0.64007425	-0.62626874	-0.51174253	0.5874589	-0.59473693	0.5767203	0.6036771	-0.576975	-0.63522166	-0.648288	-0.5375239	0.56032705	-0.5220869	-0.5439604	0.62923455	0.6349915	-0.568443	-0.63013136	-0.5230062	-0.61927235	-0.61375016	-0.61834514	0.5636134	-0.62308085	-0.63557154	-0.5946286	-0.6183705	0.5562357	0.5880695	-0.6037804	0.6457248	0.65002674	-0.6025108	0.48912096	0.59518504	-0.663275	0.53837097	0.6389697	-0.559755	-0.5367635	0.6067991	0.60980946	0.5337601	-0.6524639	-0.5356593	0.46821132	0.5345029	-0.5928238	0.5898748	0.52612066	0.56428945	0.55586755	0.64667857	0.57691276	-0.5355211	-0.5899237	0.5826221	0.5970359	-0.60789025	0.48537356	-0.5691785	0.6244187	0.64885426	-0.5094048	0.54157376	-0.6604573
-0.15807284	-0.20276915	-0.20430483	0.19348696	-0.21113773	-0.14945404	0.1984339	0.13451491	0.14539155	0.121585645	-0.11653284	-0.11984635	-0.14463376	0.17023617	-0.18925267	-0.20228307	0.16059677	0.15585202	-0.19802979	-0.20009166	-0.13279548	-0.19734718	0.14912592	0.13738222	0.13755482	0.17405255	-0.17285159	-0.18039265	0.1806722	0.17336479	-0.20964286	0.11723494	-0.16506909	-0.17309529	0.17960091	-0.1758427	-0.21597707	0.14054875	-0.13325757	0.17037456	0.19841643	-0.12121479	-0.16117355	-0.1223986	-0.16446908	0.15629989	-0.15192573	-0.16114916	0.15324216	0.2099349	-0.21680647	-0.12386965	-0.12676434	-0.16866703	-0.12239151	-0.20175847	0.17696585	-0.14087231	-0.14729811	-0.21427056	-0.13130273	0.21194313	0.13146	-0.15880845	0.19168088	0.17471877	-0.17613524	0.19477491	0.209791	-0.132425	0.21574745	0.12172271	-0.1602428	-0.12160436	0.14149699	0.19167557	0.21219923	-0.17121853	-0.21171068	0.15190259	0.1344797	-0.20523037	0.1385593	0.19500393	0.18356124	0.17367245	0.17098808	0.20198557	-0.21624237	-0.21123128	0.19470863	0.21436463	-0.1437014	0.15691729	-0.15363549	0.167876	0.19007345	-0.19157983	0.17462845	-0.15079299
-0.41107965	-0.4734849	-0.45103198	0.5079531	-0.44017074	-0.44478673	0.4335521	0.46024382	0.516052	0.47044182	-0.47362998	-0.46097296	-0.46711344	0.486895	-0.4307664	-0.46115255	0.51070774	0.4866393	-0.4043431	-0.46279225	-0.52911323	-0.49728012	0.44107378	0.49436614	0.45863828	0.42613384	-0.4608349	-0.47320202	0.5051168	0.4215805	-0.47801962	0.4462151	-0.44111022	-0.41464356	0.431973	-0.4206529	-0.409001	0.47023582	-0.4303778	0.46839204	0.48465198	-0.43880042	-0.4583181	-0.46722493	-0.4251155	0.44560575	-0.42923912	-0.40874976	0.43088034	0.47959203	-0.38603306	-0.5202087	-0.43079904	-0.4956098	-0.47564936	-0.5058015	0.47464585	-0.51397437	-0.49141997	-0.43510634	-0.4569495	0.44080323	0.40481448	-0.4935261	0.47812226	0.5074012	-0.40538248	0.4196541	0.5123799	-0.44074678	0.41354924	0.45314705	-0.48229936	-0.45965502	0.42805514	0.41426352	0.4356191	-0.5069991	-0.42913786	0.37763938	0.43095154	-0.39281043	0.4202861	0.4734868	0.45620742	0.46116364	0.46186194	0.49931106	-0.40121025	-0.43203327	0.5015029	0.43903425	-0.458841	0.4369262	-0.41003796	0.5041673	0.5198948	-0.42379037	0.47984496	-0.43589702
-0.6369103	-0.7610976	-0.735533	0.7270175	-0.68049854	-0.6691903	0.7074592	0.59989405	0.6794403	0.7586269	-0.69816417	-0.7276338	-0.74012846	0.64058983	-0.7188589	-0.7386836	0.71585935	0.6350152	-0.6912434	-0.7438229	-0.77381736	-0.7189016	0.665393	0.7115904	0.7344309	0.65524495	-0.7103482	-0.7024117	0.67494094	0.71587896	-0.67569673	0.7181514	-0.68632835	-0.6353539	0.7555603	-0.7473677	-0.6208397	0.66388553	-0.67783767	0.6498686	0.72445625	-0.67041135	-0.7684155	-0.69661945	-0.6662999	0.70034313	-0.6786502	-0.6516976	0.663448	0.7026384	-0.59339976	-0.7334871	-0.6682139	-0.6481394	-0.69824123	-0.7136042	0.7316018	-0.7000599	-0.66679704	-0.7494806	-0.7370704	0.6749998	0.6562388	-0.7023474	0.6963571	0.71668726	-0.7125907	0.63953406	0.68217915	-0.71001524	0.7006713	0.70742565	-0.7178825	-0.6577023	0.6718833	0.66700655	0.65887773	-0.71644396	-0.64988446	0.4915165	0.7140551	-0.653672	0.7631803	0.6389736	0.5626021	0.6720006	0.6701092	0.7120339	-0.6783753	-0.67293525	0.7115437	0.70438635	-0.6669587	0.7086493	-0.7384428	0.65744835	0.67698884	-0.49793106	0.7237099	-0.70462155
-0.24151826	-0.32651648	-0.27143136	0.29819542	-0.2886199	-0.29212177	0.2892285	0.29680562	0.27552396	0.25415736	-0.30700263	-0.26673654	-0.31877682	0.28288782	-0.26248398	-0.27727157	0.33043882	0.31622967	-0.24089777	-0.24362388	-0.30234346	-0.24495804	0.27259356	0.24736267	0.27384874	0.2690516	-0.2714867	-0.27353284	0.2980523	0.26638612	-0.31488547	0.3058206	-0.28373495	-0.24967405	0.26068425	-0.2533074	-0.31532025	0.33573583	-0.27417868	0.30642182	0.2971004	-0.32867563	-0.25429487	-0.26036775	-0.31533185	0.33725375	-0.2786824	-0.32144448	0.2988665	0.27883634	-0.31613502	-0.27284607	-0.25222182	-0.32059133	-0.24607648	-0.3125569	0.25850207	-0.32989088	-0.24578954	-0.24811617	-0.28249797	0.27400357	0.2858341	-0.27503633	0.3267753	0.31738457	-0.3176697	0.28394178	0.26154596	-0.2644014	0.26870173	0.2831101	-0.2716259	-0.24436508	0.3033958	0.25393355	0.31521887	-0.24534076	-0.30227783	0.25885016	0.23521662	-0.21837252	0.235521	0.27889147	0.23263308	0.24411707	0.26394454	0.3187475	-0.3199656	-0.26943335	0.25030407	0.27729046	-0.25620008	0.26615784	-0.3062263	0.28176397	0.2890642	-0.2748867	0.30811533	-0.3341122
-0.59341514	-0.5639579	-0.6325858	0.58921283	-0.56335354	-0.6174926	0.5698472	0.6531151	0.63171166	0.6133705	-0.5996125	-0.6112188	-0.6445894	0.60655236	-0.62324756	-0.5679256	0.62646407	0.6172827	-0.5603332	-0.63940686	-0.643919	-0.6010193	0.5729956	0.5934901	0.61582094	0.6215109	-0.6087167	-0.6597036	0.63939476	0.5706239	-0.5884255	0.60648406	-0.5718677	-0.62108034	0.65365976	-0.5766206	-0.62372184	0.63016987	-0.64137745	0.57358074	0.61059445	-0.6382238	-0.58088094	-0.65631276	-0.59183323	0.5597646	-0.572338	-0.6581832	0.60526985	0.5968157	-0.57596034	-0.6058171	-0.5900583	-0.6380238	-0.6047054	-0.5829471	0.6234337	-0.6131062	-0.6164641	-0.57649267	-0.6163506	0.579339	0.5623898	-0.64207065	0.5720546	0.56630576	-0.58963186	0.5947784	0.6382317	-0.5620651	0.63348234	0.6090639	-0.6379767	-0.5729191	0.5979477	0.582549	0.59995264	-0.6230048	-0.6371218	0.58704555	0.56967694	-0.562933	0.58098227	0.576856	0.5494652	0.5721224	0.5629861	0.576677	-0.6138527	-0.5892482	0.61034566	0.6184057	-0.5756081	0.5859054	-0.650217	0.63911146	0.6112516	-0.6194897	0.5745536	-0.5777879
-0.46668002	-0.52519065	-0.5209927	0.51708156	-0.45025766	-0.5160626	0.4858382	0.49983522	0.50260705	0.51344633	-0.4598635	-0.5446234	-0.4946443	0.5179045	-0.45350057	-0.51661754	0.54130596	0.48662752	-0.5135166	-0.5036351	-0.51228833	-0.53355134	0.50021636	0.46440607	0.48045853	0.50841975	-0.52230567	-0.54166085	0.46933165	0.46411055	-0.527372	0.47390708	-0.49007437	-0.4418861	0.53293294	-0.44587773	-0.49420425	0.49569196	-0.50611544	0.4562079	0.44664222	-0.51661783	-0.4502314	-0.51610196	-0.5192968	0.49502325	-0.4571344	-0.54297817	0.44199067	0.44021508	-0.43456757	-0.47078243	-0.43961987	-0.45129877	-0.49441728	-0.46277258	0.49973062	-0.45294067	-0.45197234	-0.44856676	-0.45999208	0.43640703	0.51893836	-0.44656014	0.4817358	0.5263609	-0.49186134	0.4571167	0.5213632	-0.5385919	0.48899594	0.4472846	-0.5292908	-0.48836166	0.5103456	0.44966936	0.44114283	-0.52440274	-0.44412333	0.42501694	0.44910765	-0.50483894	0.5249202	0.47796795	0.44483232	0.44295788	0.45178223	0.5236939	-0.45483124	-0.47707927	0.44370276	0.52613175	-0.5162065	0.4672364	-0.47668725	0.4809058	0.49255568	-0.456545	0.51813895	-0.5229027
-0.31843546	-0.42748338	-0.4125667	0.3654187	-0.3920143	-0.3592589	0.34295285	0.3434809	0.42689806	0.3566056	-0.37873355	-0.39664775	-0.37466645	0.3817186	-0.34894714	-0.34894082	0.35719886	0.41994992	-0.3346226	-0.38071197	-0.36373264	-0.38173786	0.41882148	0.41481546	0.3327294	0.34667492	-0.3825023	-0.33539483	0.4152659	0.39289472	-0.42666015	0.3309615	-0.42917523	-0.3590364	0.35347125	-0.39653793	-0.35343397	0.3911598	-0.393828	0.41893512	0.41734168	-0.3358813	-0.3875488	-0.333467	-0.37232485	0.33848652	-0.38419005	-0.38130003	0.35640654	0.33027232	-0.3662015	-0.4237749	-0.41241175	-0.40904227	-0.33642066	-0.42887154	0.35934207	-0.32001555	-0.3438619	-0.397022	-0.34226033	0.35474682	0.37426785	-0.380715	0.41074494	0.34268183	-0.37495136	0.4183709	0.4007465	-0.38259023	0.373902	0.38805625	-0.36271533	-0.3822372	0.3659646	0.40317932	0.33288592	-0.39729622	-0.3750028	0.3648822	0.38699564	-0.37716612	0.35432187	0.43852147	0.32746917	0.3094277	0.33533666	0.42605636	-0.36058065	-0.34727523	0.4192203	0.37409666	-0.35765982	0.35858226	-0.42287064	0.39253372	0.4179329	-0.3793256	0.343223	-0.39797178
-0.30323848	-0.32165712	-0.38572526	0.3925365	-0.3771017	-0.33136132	0.38671365	0.38017383	0.38598022	0.34036866	-0.33061135	-0.37844852	-0.30147108	0.35548583	-0.3338834	-0.37100354	0.3170506	0.34904653	-0.3118953	-0.38117585	-0.3433418	-0.34189826	0.30021137	0.32744375	0.31351823	0.3940005	-0.40751436	-0.39416194	0.39085928	0.31412616	-0.33368716	0.34746283	-0.3692515	-0.31982204	0.37245837	-0.32265523	-0.33931136	0.37566248	-0.3747548	0.3112009	0.31946653	-0.3680089	-0.3660763	-0.3924052	-0.4080246	0.35759294	-0.33922908	-0.32922384	0.31031045	0.3050001	-0.34945652	-0.3862972	-0.3657819	-0.37636018	-0.38039872	-0.33217952	0.3943925	-0.32685673	-0.35400528	-0.37362212	-0.31602615	0.3408021	0.38161206	-0.39671534	0.34162453	0.3904854	-0.37981632	0.33554173	0.3219804	-0.320907	0.3867367	0.3172954	-0.41953474	-0.38323542	0.37424323	0.3606173	0.31513426	-0.33492914	-0.35372624	0.35294768	0.36717385	-0.3342708	0.36848575	0.2847787	0.31814468	0.3973709	0.3499053	0.31432086	-0.33118355	-0.323822	0.36320752	0.3904562	-0.37612492	0.2504079	-0.33091593	0.3221752	0.32996708	-0.35259354	0.3741147	-0.4219375
-0.0026876708	-0.09391709	-0.054936495	-0.0013257816	0.00083371165	-0.0815805	0.018296827	0.0930765	0.030408086	0.06375614	-0.052972116	-0.006677103	-0.055611044	0.026279012	-0.073364526	-0.09518309	0.037896447	0.033842202	-0.041415945	-0.09275344	-0.092579514	-0.05243489	0.058807522	0.0804262	0.0921908	0.005334106	-0.039289474	-0.02497118	0.053817112	0.082959555	-0.016909435	0.039479543	-0.03423531	-0.033212323	0.060133044	-0.014503349	-0.05465423	0.04470985	-0.060709547	0.08166154	0.07459936	-0.08848163	-0.083612956	-0.044007212	-0.014875228	0.04611974	-0.041538946	-0.077513024	-0.0047057583	0.08980065	-0.083997145	-0.012899771	-0.0075025596	-0.04176892	-0.0722913	0.002458516	0.005629066	-0.026496612	-0.07331435	-0.00013541219	-0.0775141	0.035128023	0.09213432	-0.056444027	0.007056909	0.034067202	-0.09487055	0.0027619004	0.08702227	-0.038786612	0.06638343	0.012109488	-0.042671356	-0.038854886	0.053325236	0.027679961	0.01886497	-0.06179805	-0.08149799	0.0777703	0.016106226	-0.045887046	0.029625721	0.047837213	0.050289623	0.07695031	0.046414778	0.053707812	-0.07839602	-0.09302599	0.033779148	0.07747069	-0.024879513	0.06530457	-0.02969455	0.08688253	0.061958868	-0.008991671	0.04567244	-0.09123225
-0.5727161	-0.6658081	-0.68945485	0.67182547	-0.6994189	-0.5747542	0.7195343	0.60624623	0.638633	0.7114174	-0.6488937	-0.7209499	-0.6509033	0.67506677	-0.63029534	-0.63207066	0.7029691	0.70307493	-0.66081697	-0.6795691	-0.6675999	-0.73296285	0.695326	0.7296686	0.6678765	0.6542336	-0.68441445	-0.63400406	0.6095689	0.714919	-0.63600856	0.6416887	-0.63588536	-0.6181542	0.67558765	-0.6273438	-0.5934295	0.69259006	-0.69509846	0.6907527	0.67631054	-0.6350988	-0.66557217	-0.7093414	-0.61164767	0.60884416	-0.5939002	-0.6884659	0.584429	0.60998964	-0.57651913	-0.650873	-0.70003515	-0.70810515	-0.69809574	-0.6632605	0.66365814	-0.6430002	-0.642856	-0.6959757	-0.6992523	0.6235058	0.5833958	-0.70937616	0.7431073	0.6446205	-0.6474554	0.67149144	0.6460863	-0.7006757	0.706724	0.6958832	-0.73501974	-0.6764213	0.64272374	0.6723917	0.6478545	-0.6612405	-0.6318622	0.56229085	0.6884249	-0.5950118	0.65494394	0.62978214	0.4690647	0.57926977	0.6473083	0.60487425	-0.6514277	-0.67883056	0.7145	0.67246354	-0.6957062	0.6193733	-0.6873583	0.6428055	0.7031321	-0.5113926	0.7127171	-0.70314795
-0.6388025	-0.752948	-0.6805389	0.72530264	-0.65246207	-0.66548604	0.7145972	0.65102726	0.6818909	0.66169065	-0.7494541	-0.7196267	-0.7592533	0.6359225	-0.77672094	-0.77241045	0.7445408	0.7282439	-0.6720094	-0.7148019	-0.7281946	-0.685152	0.76437414	0.7572436	0.7427769	0.7418971	-0.7416673	-0.6426793	0.76557165	0.6971846	-0.7378749	0.6953059	-0.7545616	-0.6498832	0.7314631	-0.71658367	-0.6659591	0.73574007	-0.67042744	0.6633247	0.67344713	-0.75439894	-0.67789197	-0.7349302	-0.6758212	0.6850252	-0.6703925	-0.7400462	0.7527742	0.72243255	-0.66768396	-0.78382796	-0.6552194	-0.7753671	-0.7373109	-0.76385677	0.7434481	-0.69913554	-0.74562645	-0.6934272	-0.7138593	0.6676468	0.6974661	-0.7457215	0.6912085	0.71184343	-0.6999067	0.68108636	0.7160906	-0.7737632	0.69626963	0.7609248	-0.68675804	-0.7210184	0.73033464	0.73567986	0.72940135	-0.687178	-0.6914673	0.6493887	0.7175625	-0.6510671	0.7467578	0.73182726	0.6087258	0.6978589	0.73248965	0.70379704	-0.67748296	-0.71117413	0.7045245	0.6757825	-0.7376484	0.6861948	-0.69612604	0.70609653	0.6847501	-0.5689161	0.7409804	-0.7782568
-0.33256578	-0.3723623	-0.29767185	0.34949654	-0.33549517	-0.29731977	0.2947466	0.33476555	0.36489293	0.27062896	-0.30203912	-0.30392691	-0.3368978	0.35428652	-0.31144726	-0.28777963	0.2886919	0.2656479	-0.3146732	-0.27505645	-0.35604712	-0.30799282	0.36825082	0.36731884	0.3637296	0.28611594	-0.36297002	-0.35098076	0.31745246	0.32025674	-0.28277913	0.30657414	-0.2856563	-0.27620783	0.3208493	-0.2733303	-0.24109289	0.3452072	-0.26655763	0.3307809	0.29662338	-0.34566712	-0.2897466	-0.3097184	-0.29339302	0.34795415	-0.33439824	-0.3180582	0.29629102	0.33780542	-0.32685187	-0.30728182	-0.3248451	-0.35409603	-0.36897638	-0.29154852	0.33396176	-0.30400553	-0.28216136	-0.2769242	-0.32346243	0.2970285	0.35335788	-0.3293735	0.31648067	0.31757253	-0.33040738	0.28548148	0.34247774	-0.33890375	0.27820265	0.2996206	-0.3208951	-0.34232733	0.26552948	0.34292522	0.27633467	-0.34093273	-0.26682058	0.234282	0.3080726	-0.30449313	0.29890937	0.28289956	0.28170824	0.32971567	0.29582915	0.2712037	-0.26587823	-0.3417628	0.3267816	0.29225913	-0.32196403	0.29272822	-0.3078611	0.33518946	0.31123075	-0.2906314	0.31379473	-0.31786597
-0.5331658	-0.56469375	-0.55202556	0.52655166	-0.5784556	-0.53965926	0.58417165	0.5769551	0.5505474	0.53452694	-0.52684784	-0.5619036	-0.53501135	0.52000856	-0.57882184	-0.60575014	0.5969088	0.59429264	-0.57086915	-0.5245009	-0.6152278	-0.5904021	0.5764468	0.5757819	0.57463425	0.5186431	-0.5353269	-0.5660028	0.6194108	0.5879487	-0.588892	0.58884263	-0.60858244	-0.47183064	0.5187773	-0.54482985	-0.54272455	0.5781641	-0.5250792	0.58748823	0.59689	-0.59374535	-0.63234806	-0.55695134	-0.6049637	0.62606806	-0.54451656	-0.5176109	0.61445856	0.6122606	-0.47211528	-0.56813985	-0.5274611	-0.58284825	-0.6062584	-0.5420027	0.55053	-0.5615464	-0.5492755	-0.54870534	-0.6211274	0.5807887	0.49284166	-0.62351394	0.5264714	0.5411203	-0.5697038	0.5810908	0.60221046	-0.60004616	0.5125052	0.52392316	-0.58798236	-0.57813483	0.5961683	0.53487456	0.5696359	-0.60762924	-0.60457885	0.5095381	0.5821058	-0.4813473	0.52985066	0.56957835	0.5118259	0.6161279	0.5730453	0.5883096	-0.5227502	-0.5341825	0.5440768	0.5829309	-0.5591351	0.44448987	-0.5563387	0.5859427	0.62266755	-0.45302865	0.5415204	-0.5638146
-0.15997429	-0.14819585	-0.18333697	0.16837619	-0.12383891	-0.19671004	0.14149006	0.1909129	0.15848099	0.12656155	-0.13026303	-0.14364722	-0.18314537	0.16389051	-0.20918846	-0.14873542	0.14799978	0.12454854	-0.20317891	-0.16404419	-0.14838822	-0.20930699	0.18094534	0.19172305	0.15157449	0.124998145	-0.19455314	-0.15632516	0.18039237	0.12923099	-0.19353092	0.12833151	-0.16046682	-0.17946824	0.21047284	-0.18987736	-0.119796015	0.1795194	-0.120228924	0.19234027	0.21918571	-0.17787236	-0.14957653	-0.15326221	-0.1992268	0.16539039	-0.1620602	-0.16306512	0.20118241	0.13971181	-0.18992828	-0.21807958	-0.18103406	-0.19169207	-0.18257873	-0.20981437	0.12915747	-0.1351685	-0.18195319	-0.21520321	-0.18681397	0.16831192	0.14064154	-0.18841532	0.2027764	0.13527499	-0.18650638	0.14618261	0.1647361	-0.17397751	0.18454105	0.14064948	-0.13445196	-0.16260965	0.13494736	0.15097775	0.15044618	-0.18109241	-0.18070303	0.13329387	0.2012529	-0.12181801	0.21767096	0.11985247	0.087196164	0.19317156	0.21147656	0.11565666	-0.17575806	-0.13593705	0.1909134	0.13708273	-0.21233048	0.15861914	-0.21621406	0.13084812	0.18840432	-0.16258268	0.15914463	-0.16036841
-0.42462984	-0.45055547	-0.5079841	0.4585733	-0.46496058	-0.51915777	0.5343371	0.47115004	0.46697867	0.524643	-0.46087787	-0.46384218	-0.49404785	0.50613964	-0.50069803	-0.55112916	0.45053938	0.4305843	-0.5144842	-0.47124305	-0.53704756	-0.5067083	0.45588237	0.5420105	0.52467805	0.4131905	-0.48442	-0.42818248	0.5445342	0.49512488	-0.47729066	0.5590744	-0.46762633	-0.40875682	0.4553214	-0.483398	-0.44104752	0.47694302	-0.5093751	0.42207563	0.47979623	-0.4697942	-0.47456694	-0.5268661	-0.44806874	0.4971802	-0.5077237	-0.4528506	0.45700327	0.5119228	-0.45579016	-0.4923174	-0.41179612	-0.5303422	-0.50871456	-0.46639028	0.48573548	-0.5201414	-0.4271936	-0.48617902	-0.47789705	0.49741518	0.4153181	-0.4646325	0.5557986	0.48106202	-0.43301022	0.47573915	0.53395444	-0.53015774	0.43951306	0.46947795	-0.47376308	-0.43501863	0.4576934	0.44835532	0.4704134	-0.5023633	-0.5018768	0.42621806	0.4452419	-0.43640584	0.5207339	0.40644053	0.37102595	0.393524	0.5057864	0.5077756	-0.52193636	-0.4938117	0.4987556	0.51525456	-0.46523792	0.47561488	-0.5047921	0.46607116	0.52763706	-0.45774812	0.482417	-0.5037518
-0.5855473	-0.6467176	-0.64369196	0.59651655	-0.57956856	-0.62490463	0.6413473	0.63623995	0.6496362	0.59356576	-0.58247936	-0.6355532	-0.5994512	0.5945228	-0.6424178	-0.60746586	0.6245996	0.5818773	-0.57190466	-0.57830656	-0.6874811	-0.641211	0.5860081	0.64869946	0.6365619	0.63991576	-0.6435706	-0.63297933	0.6242171	0.6812225	-0.6637278	0.6453426	-0.63875157	-0.561537	0.66728455	-0.6712273	-0.5958496	0.6229372	-0.58439195	0.60278887	0.61836004	-0.65993	-0.64424616	-0.58160156	-0.6333202	0.61765146	-0.58403957	-0.6483093	0.5936151	0.64449	-0.56736207	-0.6703212	-0.6430488	-0.62859446	-0.6060811	-0.65728873	0.67410403	-0.66210616	-0.6715285	-0.66972345	-0.62881684	0.5744759	0.56405395	-0.6060349	0.6766811	0.67565596	-0.6069414	0.58555496	0.64840007	-0.63002384	0.6144848	0.6234371	-0.6719481	-0.63336855	0.64074016	0.586917	0.57666796	-0.6319146	-0.5653132	0.5898723	0.6662226	-0.60782415	0.5948896	0.620284	0.57302874	0.6283513	0.6392891	0.6767062	-0.60584223	-0.62479115	0.61377776	0.6279659	-0.6667904	0.43463236	-0.6148019	0.58669484	0.65016043	-0.58535796	0.6078153	-0.6616183
-0.5090396	-0.6423184	-0.5383262	0.5854963	-0.5934312	-0.5299739	0.5720267	0.4842148	0.6700544	0.6128045	-0.6024959	-0.5851262	-0.6402127	0.587394	-0.5588813	-0.6170224	0.5860893	0.63214195	-0.538603	-0.60375583	-0.6389875	-0.5819651	0.6157575	0.6417181	0.63452584	0.6107114	-0.5740593	-0.57563347	0.598426	0.56984997	-0.53597045	0.6253663	-0.62462044	-0.48478046	0.60954696	-0.60830396	-0.41274214	0.5619858	-0.59692705	0.5399964	0.610229	-0.58867216	-0.5984184	-0.56458443	-0.5566789	0.59530866	-0.4979336	-0.6112622	0.5683305	0.5476377	-0.54107136	-0.67221296	-0.5564523	-0.59747297	-0.57975453	-0.58628744	0.5857445	-0.65455407	-0.6114699	-0.5739597	-0.5904179	0.55762476	0.5782687	-0.5824947	0.67438835	0.6476466	-0.5584501	0.57484454	0.5780335	-0.66942656	0.54867357	0.630685	-0.56049705	-0.616053	0.54932725	0.535436	0.6036691	-0.66116077	-0.53314257	0.48771673	0.53307784	-0.54586726	0.62938744	0.5558123	0.51048833	0.5906968	0.6469441	0.5917865	-0.5274976	-0.52221537	0.6377167	0.6151406	-0.6413351	0.49591213	-0.5266803	0.581482	0.6714248	-0.49385092	0.5742029	-0.6620604
-0.61754227	-0.59137535	-0.62087744	0.5530304	-0.547542	-0.58605015	0.5363721	0.6185876	0.5753116	0.6237737	-0.53116953	-0.6208019	-0.5450982	0.5639082	-0.55862325	-0.6186261	0.585654	0.541261	-0.5808907	-0.6137426	-0.5692916	-0.6164802	0.53911334	0.61784285	0.6069385	0.5384217	-0.5937018	-0.6337511	0.58066976	0.5906964	-0.61253595	0.5689888	-0.5998815	-0.5957476	0.5807685	-0.5891656	-0.56157094	0.6284995	-0.5884088	0.5967484	0.6164104	-0.5632065	-0.58481103	-0.6489721	-0.64055115	0.55924785	-0.59505004	-0.63405836	0.5655336	0.58603	-0.5584142	-0.59531647	-0.6141784	-0.60546494	-0.5419661	-0.5446034	0.6015964	-0.5504561	-0.5505849	-0.6106563	-0.5659668	0.56135166	0.556839	-0.6476437	0.5982554	0.6035441	-0.54475194	0.6201316	0.5488093	-0.5615611	0.61160356	0.5801202	-0.6387321	-0.57921714	0.57858133	0.604463	0.5751109	-0.64203393	-0.5974876	0.5371407	0.5754237	-0.5557334	0.5927799	0.5796795	0.48683766	0.5451609	0.59673744	0.5571892	-0.5732685	-0.5460365	0.62910056	0.5750315	-0.57186025	0.5051954	-0.6391231	0.54416656	0.5945367	-0.50943804	0.53712326	-0.59012926
-0.41058123	-0.3928364	-0.42060983	0.42087284	-0.44772828	-0.43698424	0.47300547	0.43548575	0.41992986	0.43458667	-0.4557713	-0.43004343	-0.42053372	0.45676	-0.44967046	-0.39305192	0.42137906	0.43861774	-0.3997903	-0.47294742	-0.48383027	-0.43193638	0.39304906	0.391413	0.3884036	0.4694802	-0.44565204	-0.40202758	0.42086348	0.39238444	-0.46207216	0.39717382	-0.42503807	-0.39725155	0.39249992	-0.45143786	-0.4464907	0.48153397	-0.41835377	0.38078028	0.47437885	-0.47266415	-0.41570008	-0.41427907	-0.4354763	0.40733337	-0.4218907	-0.45206934	0.39947784	0.43141478	-0.45808512	-0.46008188	-0.4479079	-0.48225254	-0.48628727	-0.4007878	0.45322955	-0.39343727	-0.38297674	-0.45854852	-0.44360897	0.4582435	0.44774362	-0.41132078	0.43913367	0.43382937	-0.38358626	0.4440926	0.47415027	-0.413482	0.39281002	0.46367192	-0.45443633	-0.43893483	0.4282654	0.42249438	0.38783565	-0.4564281	-0.44183722	0.42338708	0.38936582	-0.38392082	0.43027106	0.40077886	0.38862225	0.46078268	0.43295893	0.4536833	-0.43641117	-0.4673556	0.48184323	0.42263147	-0.45264718	0.45217726	-0.4513762	0.43280303	0.4750707	-0.36798456	0.39243975	-0.40841526
-0.6263897	-0.59401137	-0.6062157	0.6298639	-0.60951304	-0.59766734	0.5558251	0.509509	0.65863776	0.58313316	-0.5995824	-0.6455848	-0.66058385	0.5862709	-0.66629255	-0.64051944	0.6571995	0.6139295	-0.64069456	-0.5709926	-0.64797205	-0.6586513	0.665494	0.6367752	0.59638315	0.64531684	-0.66090405	-0.6001924	0.6614607	0.65288556	-0.59810597	0.5909736	-0.64352506	-0.50241965	0.6211105	-0.68650204	-0.556395	0.6564399	-0.6044792	0.6047676	0.6097559	-0.6236838	-0.60456693	-0.5773472	-0.60501564	0.582218	-0.60804933	-0.58766687	0.5862889	0.5945003	-0.5767604	-0.61885715	-0.62332165	-0.65287286	-0.5715055	-0.6527066	0.6172317	-0.6055546	-0.6072284	-0.6075088	-0.5976907	0.5266087	0.6035614	-0.6157096	0.6635046	0.63435733	-0.6118995	0.5960904	0.6671692	-0.59480655	0.6145822	0.6178506	-0.58049107	-0.64477456	0.6404939	0.61634326	0.616856	-0.6136076	-0.6227158	0.47992563	0.5561926	-0.5824261	0.5980246	0.6269612	0.5138664	0.6205318	0.5788441	0.6167948	-0.6466412	-0.60966426	0.6145531	0.54499257	-0.59112835	0.58234644	-0.6464961	0.6283459	0.5991061	-0.54284924	0.59776	-0.6863101
-0.4894644	-0.5762437	-0.51516646	0.54472953	-0.5533913	-0.6055918	0.5236472	0.4668314	0.55522996	0.56079143	-0.5107525	-0.49904436	-0.5796685	0.5386029	-0.51772165	-0.539159	0.5666857	0.5618022	-0.5696745	-0.54264504	-0.56550246	-0.49674055	0.5004065	0.5263546	0.5560764	0.50243616	-0.53389335	-0.56844366	0.5312177	0.5410775	-0.5492232	0.57980824	-0.58379483	-0.49858695	0.55016965	-0.55846	-0.45430392	0.51206946	-0.47655427	0.5531409	0.542522	-0.5578126	-0.5321231	-0.5264541	-0.48149654	0.5587292	-0.49045897	-0.49662456	0.5889272	0.5363421	-0.47815517	-0.51341236	-0.54342055	-0.5457988	-0.53307074	-0.49870557	0.4986502	-0.5319753	-0.56953	-0.54054594	-0.5702554	0.4760114	0.5300101	-0.5444391	0.54175574	0.53162193	-0.5241146	0.46912506	0.57119125	-0.5508122	0.47028527	0.57296145	-0.5405773	-0.57030445	0.56766015	0.54021627	0.54004437	-0.5290439	-0.5914598	0.5392996	0.500548	-0.4810136	0.52833575	0.49004078	0.52832305	0.5647991	0.5595545	0.47872385	-0.49910495	-0.54863846	0.53023034	0.55284184	-0.55512935	0.5166266	-0.5340934	0.5263704	0.56608397	-0.49689373	0.52941406	-0.5400699
-0.535076	-0.6476201	-0.5378246	0.64554936	-0.59172374	-0.5276782	0.535057	0.5627789	0.6268011	0.57017237	-0.56340057	-0.65151554	-0.5540356	0.58175147	-0.5822983	-0.5777526	0.60875887	0.60503733	-0.58123165	-0.54816675	-0.62563014	-0.6146641	0.5746285	0.6298084	0.6266653	0.606249	-0.6331847	-0.5484657	0.6661822	0.61131245	-0.6185128	0.6377816	-0.59758973	-0.44372657	0.55365455	-0.64288574	-0.49890575	0.6117878	-0.53271425	0.55284363	0.64742094	-0.63981134	-0.6263958	-0.6431508	-0.61892235	0.57930094	-0.55962914	-0.6149726	0.588613	0.60509926	-0.56634676	-0.63402575	-0.52628124	-0.62767404	-0.64538074	-0.635568	0.5538928	-0.6450001	-0.5993263	-0.57508814	-0.63908345	0.53003556	0.5294696	-0.6138594	0.6082	0.6202077	-0.5433226	0.6111681	0.57849354	-0.61062515	0.59770244	0.55044055	-0.6013137	-0.61548424	0.6272752	0.5548686	0.53277314	-0.6402855	-0.54993623	0.47698846	0.61594003	-0.5510179	0.5771703	0.5363636	0.48584494	0.640469	0.6445725	0.5730269	-0.5547133	-0.5518048	0.62969637	0.61395	-0.6431825	0.53623897	-0.5971305	0.59013826	0.59750813	-0.49223042	0.5356538	-0.6305863
-0.21065421	-0.26078853	-0.258061	0.3281505	-0.26729167	-0.28552106	0.23200385	0.28786278	0.2664806	0.27360645	-0.3332007	-0.33750653	-0.2938369	0.3020942	-0.3109713	-0.24197556	0.2490193	0.2192966	-0.31339338	-0.2857342	-0.29724288	-0.29027262	0.26984736	0.27509466	0.25358492	0.23761593	-0.30157313	-0.2678592	0.2690135	0.27153325	-0.30517653	0.33581433	-0.25791535	-0.2543039	0.27601567	-0.2606615	-0.25989607	0.23374647	-0.2875197	0.30739042	0.23979427	-0.3177652	-0.32669777	-0.3313957	-0.2605218	0.26377463	-0.2727027	-0.31690234	0.30766273	0.2763333	-0.26974344	-0.32203493	-0.28077975	-0.31676102	-0.2821372	-0.2848769	0.29992414	-0.2745571	-0.26234335	-0.25232112	-0.24978282	0.27426457	0.28010353	-0.3411337	0.32565275	0.25415537	-0.20062977	0.20898971	0.24099092	-0.3100364	0.26113322	0.32442337	-0.28510502	-0.2988425	0.3237854	0.30286708	0.29978362	-0.27101356	-0.3110199	0.29187608	0.3001711	-0.2900543	0.28384325	0.27548513	0.18591027	0.18787538	0.32207072	0.21792082	-0.23670697	-0.3346119	0.31449723	0.2812613	-0.24806571	0.20709302	-0.29625204	0.23752771	0.27484167	-0.2583791	0.25126725	-0.26354316
-0.35218766	-0.3548578	-0.43076822	0.41159552	-0.38934535	-0.4084362	0.4036928	0.4311199	0.44959426	0.35589522	-0.4382405	-0.35223898	-0.38087502	0.38242555	-0.4028668	-0.35980228	0.41173863	0.4358446	-0.36419883	-0.4223623	-0.36499274	-0.34926927	0.40629116	0.40808994	0.38658985	0.4204104	-0.42407277	-0.44288838	0.4306534	0.36800265	-0.38730118	0.36735454	-0.42837608	-0.3579054	0.35127193	-0.36703765	-0.37498504	0.42360845	-0.37067473	0.4376962	0.43719196	-0.38594386	-0.41919813	-0.41211668	-0.42007083	0.36888844	-0.37063828	-0.4290985	0.3994043	0.35097092	-0.37184757	-0.37882861	-0.43612778	-0.37633738	-0.4439167	-0.42892146	0.38229883	-0.3767085	-0.38296777	-0.41596457	-0.4132449	0.3590746	0.3946438	-0.35065982	0.35405818	0.42386764	-0.40966147	0.38227367	0.43887195	-0.44869292	0.38293847	0.42443356	-0.43967256	-0.38313755	0.42913076	0.39183637	0.3869025	-0.43740553	-0.41178682	0.34698737	0.34730244	-0.35397336	0.41454285	0.42805228	0.34088278	0.3936256	0.40677607	0.39882734	-0.42931116	-0.41591087	0.36723188	0.39675325	-0.4391931	0.3508522	-0.36171156	0.40257108	0.41214973	-0.34876436	0.37536195	-0.43572628
-0.6034818	-0.6667201	-0.6170525	0.5936665	-0.5885303	-0.6319221	0.64303684	0.6386804	0.61376643	0.6724893	-0.6598901	-0.63555455	-0.59041333	0.5918342	-0.6242488	-0.6262169	0.67859507	0.6428454	-0.610521	-0.6479876	-0.61037624	-0.65968466	0.6538	0.6620145	0.63895106	0.6124311	-0.6877077	-0.6604031	0.6335445	0.6900346	-0.5970123	0.67989343	-0.6569138	-0.6221044	0.6522743	-0.65050834	-0.57991946	0.6312058	-0.6116418	0.629145	0.6689757	-0.6669348	-0.64860725	-0.65136284	-0.6004795	0.6565205	-0.5808045	-0.69056004	0.60049915	0.6819152	-0.61001647	-0.69236606	-0.63772136	-0.6045142	-0.6884901	-0.6857116	0.67906743	-0.67955595	-0.63090026	-0.5879732	-0.64272004	0.6083779	0.5616009	-0.60857236	0.6377905	0.68030214	-0.56204385	0.6461118	0.677156	-0.6733599	0.58588296	0.66009396	-0.65964025	-0.61176914	0.67262983	0.64974314	0.6197212	-0.7043725	-0.64355034	0.51685524	0.62049675	-0.61422163	0.6463722	0.5923258	0.5779135	0.60418314	0.6352059	0.6514058	-0.6621922	-0.66685796	0.66412264	0.5969301	-0.696113	0.5622396	-0.659097	0.6619831	0.61601216	-0.564208	0.62919384	-0.68480825
-0.44272727	-0.4741326	-0.5130518	0.5200154	-0.44873998	-0.46947163	0.46782476	0.4790446	0.46665892	0.46051085	-0.5143345	-0.47954458	-0.495999	0.48336726	-0.44684368	-0.5014122	0.48400387	0.43685865	-0.4590106	-0.47444963	-0.43477094	-0.47408384	0.48880035	0.4975188	0.50685585	0.47377187	-0.5314996	-0.4514194	0.51548165	0.44671965	-0.5249095	0.53952384	-0.4747576	-0.3461608	0.47333813	-0.47787493	-0.38167363	0.45660526	-0.5257916	0.47351375	0.50157756	-0.45413548	-0.46285984	-0.44516963	-0.5413974	0.48341244	-0.46282697	-0.43583757	0.44500643	0.47560984	-0.3217972	-0.54491657	-0.46855286	-0.47304517	-0.46961176	-0.5359028	0.5268848	-0.48377627	-0.4522767	-0.45238274	-0.5078812	0.44424182	0.36414	-0.48218802	0.49214253	0.42943743	-0.48079702	0.4613952	0.51345533	-0.47578835	0.41324648	0.45902187	-0.5045519	-0.46488288	0.47148216	0.44278795	0.434867	-0.5232313	-0.48282313	0.3219653	0.4923416	-0.43788305	0.5119555	0.4473864	0.36927256	0.51348335	0.49440944	0.52087194	-0.4368452	-0.53287923	0.45872685	0.45376378	-0.44940677	0.47502995	-0.46173507	0.43997738	0.4655812	-0.36594796	0.50131273	-0.48508924
-0.43410918	-0.49680644	-0.5080443	0.5312441	-0.45321396	-0.44737762	0.43330985	0.45252836	0.4835018	0.46749315	-0.41159278	-0.5135907	-0.46392748	0.47286785	-0.4890574	-0.46979034	0.44507962	0.4931609	-0.47779912	-0.5147568	-0.4561223	-0.5083452	0.51392895	0.50762916	0.4228495	0.4559148	-0.51803815	-0.45811635	0.5156977	0.4973221	-0.52451766	0.49787986	-0.4540945	-0.40283936	0.45029792	-0.4616212	-0.40233204	0.4488715	-0.41609284	0.48187688	0.44125798	-0.4501821	-0.5019292	-0.5083607	-0.4818085	0.44567716	-0.45764235	-0.48503453	0.48855156	0.5003668	-0.4150851	-0.49491337	-0.41292083	-0.49477392	-0.4351258	-0.5248522	0.5087936	-0.52478266	-0.48499364	-0.50769424	-0.51853675	0.41231555	0.4280104	-0.50339705	0.5194693	0.44987383	-0.4497224	0.45984688	0.48050857	-0.48607504	0.43274567	0.45980057	-0.49866164	-0.4953467	0.43916652	0.50138915	0.41822085	-0.5255687	-0.46870348	0.4516186	0.48311535	-0.40834233	0.526654	0.51193327	0.43178934	0.45478946	0.50979817	0.5253967	-0.455233	-0.49842164	0.43631703	0.4265886	-0.48320836	0.35732555	-0.4696853	0.49433193	0.4929839	-0.41059247	0.50252473	-0.46290946
-0.33678445	-0.3662014	-0.3229628	0.3171783	-0.35194927	-0.3734103	0.29342514	0.29254237	0.36015147	0.35974202	-0.28362185	-0.28305444	-0.3469663	0.35095313	-0.29788816	-0.35687587	0.30445278	0.25368038	-0.2933314	-0.3349628	-0.28064728	-0.28055555	0.31685433	0.26317543	0.2779489	0.31019545	-0.31237346	-0.25861797	0.36285335	0.27026638	-0.29052356	0.30768192	-0.2808981	-0.34013262	0.33344865	-0.34664297	-0.2685574	0.2773227	-0.29474908	0.31585062	0.35828394	-0.2797017	-0.35680932	-0.32996482	-0.29094955	0.33529076	-0.28373936	-0.32072103	0.3475253	0.30632696	-0.33731124	-0.335146	-0.2695296	-0.3016635	-0.34259433	-0.33914354	0.26783556	-0.3392402	-0.3263012	-0.28657165	-0.30477732	0.3255215	0.33194542	-0.3497569	0.2934463	0.36971602	-0.31199634	0.2909987	0.33315188	-0.28670278	0.2898748	0.27279112	-0.27724117	-0.32554474	0.30485457	0.33355823	0.320721	-0.30006945	-0.3432066	0.31447276	0.27641344	-0.28214294	0.34916678	0.3577409	0.24481781	0.26675743	0.35718763	0.32925123	-0.33242792	-0.32477674	0.33161157	0.30780914	-0.3320099	0.28678668	-0.3410939	0.3035811	0.36379516	-0.3053913	0.31112844	-0.34296402
0.09339177	0.13554332	0.13029008	-0.056171887	0.07435151	0.090668336	-0.11349948	-0.12717083	-0.030310161	-0.094270565	0.08008493	0.06456478	0.1211083	-0.12161092	0.107102536	0.12959252	-0.08005187	-0.11413739	0.105182834	0.11827639	0.09168756	0.070128284	-0.13661517	-0.06514901	-0.07617871	-0.12299102	0.048656728	0.10610021	-0.07635292	-0.13483745	0.13081941	-0.08043713	0.13572374	0.049380343	-0.08086447	0.13469069	0.07821913	-0.07979374	0.06357254	-0.0954012	-0.068094864	0.14557356	0.06965871	0.14135085	0.10164564	-0.10694987	0.11537968	0.13305843	-0.1009308	-0.10260652	0.09674423	0.08586462	0.09993239	0.111490265	0.13663648	0.04829418	-0.13065168	0.051878843	0.08614103	0.115789175	0.10272258	-0.122872524	-0.08933964	0.13876772	-0.11456253	-0.06402496	0.1475874	-0.1328566	-0.14157517	0.085615695	-0.13323079	-0.07182572	0.084178664	0.06851906	-0.086850815	-0.06137379	-0.1544539	0.123661965	0.12373404	-0.09113714	-0.1187639	0.1510448	-0.1348439	-0.07193224	-0.15152995	-0.07836539	-0.08581896	-0.12330577	0.14323612	0.05889801	-0.13298927	-0.067065075	0.11202861	-0.043072533	0.13480382	-0.054878667	-0.087169945	0.041782673	-0.14768995	0.05308913
-0.46719998	-0.46483886	-0.50745636	0.4757683	-0.45449018	-0.5200529	0.48198584	0.50025445	0.4601102	0.45956266	-0.48833397	-0.5402794	-0.5309241	0.5267515	-0.47779366	-0.4804438	0.52693915	0.47593364	-0.46107066	-0.45878652	-0.5109597	-0.45549437	0.45517096	0.48876262	0.4534153	0.5213987	-0.45468813	-0.4932018	0.45563903	0.50646365	-0.47653133	0.49519497	-0.4492651	-0.45434165	0.53301793	-0.47990978	-0.46109822	0.46715382	-0.49912614	0.49878588	0.4924256	-0.50101507	-0.4993425	-0.5399399	-0.47823733	0.4722252	-0.52417594	-0.4800736	0.5058111	0.51728183	-0.47260678	-0.53766745	-0.5173864	-0.5285858	-0.5160856	-0.5398344	0.47284916	-0.5340349	-0.4521864	-0.50046426	-0.49930996	0.45541126	0.49022928	-0.5123603	0.5393954	0.49729204	-0.48720458	0.511401	0.4636788	-0.54135275	0.5043229	0.45659375	-0.51604027	-0.5191792	0.4893007	0.47164604	0.530768	-0.5179259	-0.5229816	0.4167432	0.5277805	-0.46208987	0.46342394	0.47097948	0.4596978	0.456152	0.4621217	0.5077507	-0.48988348	-0.5102938	0.5180815	0.48729032	-0.4727557	0.5100967	-0.49420866	0.5323547	0.46743628	-0.47308663	0.43882886	-0.49399272
-0.4746008	-0.48130557	-0.4895345	0.50126946	-0.49835482	-0.48546654	0.50760585	0.52481097	0.5091727	0.47798556	-0.48256323	-0.49417663	-0.48470023	0.50124836	-0.5080397	-0.5473817	0.5089427	0.49291265	-0.5582875	-0.51104635	-0.55265486	-0.5473584	0.48682624	0.5358982	0.48215333	0.5415963	-0.56557083	-0.47146457	0.5301906	0.5096058	-0.55437243	0.49267623	-0.5226709	-0.4976546	0.517546	-0.54232144	-0.46498471	0.47589904	-0.47844124	0.5322926	0.53683746	-0.55452836	-0.47215465	-0.49276358	-0.5423929	0.5416939	-0.5285875	-0.47083256	0.5206416	0.49040872	-0.47646007	-0.4927408	-0.5262539	-0.48916265	-0.55184776	-0.47710654	0.47672513	-0.5074313	-0.52885103	-0.49795356	-0.5347483	0.48607224	0.5381015	-0.47717345	0.46653593	0.5571931	-0.4995279	0.51723844	0.5411565	-0.54295546	0.4713482	0.5273778	-0.526154	-0.50487393	0.47396198	0.47506765	0.51303	-0.5090967	-0.4624371	0.5072763	0.4982134	-0.51623034	0.52035165	0.48001647	0.4763788	0.50217736	0.55373645	0.55261374	-0.516637	-0.5200793	0.47556296	0.47493303	-0.48751533	0.52854735	-0.46588394	0.5086522	0.52691895	-0.51000124	0.532674	-0.5297256
-0.31657755	-0.38894224	-0.3444117	0.3570313	-0.28600615	-0.36671162	0.3361486	0.32853484	0.3137667	0.37569937	-0.3921096	-0.39893016	-0.31780696	0.31957367	-0.34716815	-0.37289387	0.34766617	0.31121132	-0.3150139	-0.3296355	-0.39077276	-0.28686893	0.35543087	0.32396394	0.3126291	0.28929073	-0.3355086	-0.30114207	0.32780418	0.29887837	-0.3563994	0.30505648	-0.3101537	-0.32419476	0.3684837	-0.38948268	-0.31031036	0.26758105	-0.27929986	0.30930626	0.31582668	-0.39991742	-0.30357394	-0.37665588	-0.29440236	0.37035495	-0.3357097	-0.33456787	0.3132848	0.37956953	-0.29351068	-0.37420833	-0.25876996	-0.37679702	-0.3609729	-0.33797747	0.3481749	-0.4003906	-0.38904977	-0.30220097	-0.3107479	0.31281406	0.32903954	-0.31564406	0.3259709	0.34050402	-0.26876256	0.2938772	0.35510707	-0.31033054	0.3267185	0.36816126	-0.3100573	-0.3569004	0.37351897	0.30160785	0.35697633	-0.33916685	-0.3845746	0.3114486	0.31447208	-0.31134084	0.35781324	0.35722178	0.2688328	0.2923185	0.30098897	0.31612107	-0.35130572	-0.36477843	0.3431213	0.33751443	-0.3278534	0.31886142	-0.3058559	0.3121359	0.3502613	-0.32887346	0.30094045	-0.4081627
-0.62534904	-0.69962996	-0.6500197	0.67968935	-0.6272996	-0.7102273	0.6862107	0.68166286	0.73439753	0.6567676	-0.7386272	-0.73602974	-0.70766526	0.6285589	-0.6497159	-0.6785507	0.72472394	0.6233289	-0.67226505	-0.648897	-0.74647415	-0.649289	0.6793097	0.7189433	0.69175	0.6326446	-0.67104936	-0.69843936	0.71259284	0.67742103	-0.73673093	0.66412795	-0.68331647	-0.61568785	0.6636774	-0.7233211	-0.5718723	0.6867177	-0.63075995	0.6153456	0.76596236	-0.67951405	-0.6668131	-0.65292597	-0.726211	0.68356866	-0.6735534	-0.7219147	0.7447702	0.6726596	-0.58590686	-0.7081967	-0.70215076	-0.7324687	-0.74283844	-0.735321	0.7357737	-0.69561553	-0.6565932	-0.67757773	-0.70778793	0.63170964	0.6223707	-0.69020754	0.728878	0.6853205	-0.7004096	0.70441216	0.678467	-0.6997861	0.67937195	0.744732	-0.69408315	-0.74175024	0.6396891	0.6971207	0.6623592	-0.70044696	-0.6549816	0.6348408	0.6715153	-0.68626094	0.7265236	0.71436965	0.5546768	0.6999763	0.71488446	0.67786914	-0.69029593	-0.73140234	0.65985614	0.65853834	-0.71661	0.7115699	-0.7352459	0.7164635	0.70543957	-0.54195374	0.65024954	-0.7334716
-0.35019583	-0.38473442	-0.35921416	0.38488483	-0.34869713	-0.3723344	0.3819024	0.37671438	0.40210062	0.38191882	-0.3495322	-0.37321755	-0.41854104	0.43052724	-0.3566811	-0.44746137	0.4355838	0.38802582	-0.36560774	-0.42720222	-0.36778277	-0.42837355	0.42420244	0.3708347	0.39395955	0.40369692	-0.35529134	-0.38986132	0.34347197	0.44295502	-0.39667222	0.40463907	-0.39831927	-0.34570113	0.41396624	-0.40355307	-0.41797283	0.38559866	-0.42813715	0.40081483	0.37345034	-0.40206093	-0.3900922	-0.43891853	-0.35509047	0.3506596	-0.3567946	-0.38539246	0.43095556	0.3657463	-0.4202033	-0.36958236	-0.40012982	-0.4089348	-0.38886607	-0.3850924	0.35901725	-0.4391409	-0.38265377	-0.3855276	-0.3998465	0.35867643	0.34469602	-0.45619115	0.38680863	0.4061191	-0.3846603	0.33903086	0.40996158	-0.36126095	0.3797912	0.39500704	-0.4524005	-0.34960023	0.4489302	0.367023	0.39730823	-0.35482764	-0.3784604	0.38692057	0.38597706	-0.34457618	0.4092226	0.3481861	0.37690696	0.3991802	0.37815678	0.42774284	-0.41166046	-0.37505406	0.3681163	0.42241523	-0.35676983	0.33559668	-0.4253416	0.37963244	0.4071343	-0.3506055	0.39009982	-0.41573745
-0.4451012	-0.64297736	-0.5727286	0.6711902	-0.6373963	-0.6463366	0.6499957	0.5503115	0.60796523	0.603682	-0.6201491	-0.63429844	-0.62496185	0.6256138	-0.6204059	-0.71570426	0.69939137	0.54447436	-0.61181873	-0.6758542	-0.7141939	-0.6268057	0.64288914	0.63558984	0.6090747	0.57990694	-0.58705705	-0.63924783	0.6620561	0.6529559	-0.6128571	0.6822219	-0.60146636	-0.54850626	0.63432753	-0.6570983	-0.55963314	0.6232246	-0.626236	0.6186356	0.7081241	-0.6671914	-0.6573167	-0.6583448	-0.58448213	0.6537456	-0.6008729	-0.66162497	0.66500765	0.6882368	-0.44314066	-0.69841933	-0.55083174	-0.6026072	-0.7029359	-0.6260242	0.6825829	-0.691379	-0.6883676	-0.53707016	-0.6541141	0.59650064	0.5379996	-0.66740227	0.6102347	0.67554903	-0.49363118	0.5745818	0.65940845	-0.6952128	0.62433785	0.60597223	-0.59864604	-0.6800081	0.59614944	0.6682573	0.5938545	-0.66713226	-0.657285	0.5377681	0.56502587	-0.5492449	0.60562885	0.62961054	0.4760337	0.49712795	0.6414066	0.5304066	-0.6814342	-0.6335815	0.5976095	0.6506339	-0.6460561	0.57587945	-0.6231535	0.6317564	0.64594334	-0.57990557	0.57890046	-0.6544733
-0.36607903	-0.38929778	-0.33828518	0.38597542	-0.39892924	-0.35060441	0.40123576	0.41713285	0.3691463	0.34828717	-0.4033062	-0.3523388	-0.34639764	0.3676423	-0.35598892	-0.35900307	0.34838164	0.33711267	-0.34612536	-0.39794013	-0.37982038	-0.3824657	0.41298002	0.4183196	0.3680065	0.39714345	-0.40314895	-0.3420054	0.3552712	0.4380487	-0.3358578	0.3760514	-0.4025473	-0.36749646	0.39815876	-0.39329696	-0.37965643	0.33271307	-0.36512756	0.37581673	0.40472478	-0.43422684	-0.4148158	-0.38419724	-0.40809116	0.4338331	-0.3557198	-0.35345975	0.35597345	0.40806612	-0.34653488	-0.4290675	-0.3948313	-0.36182544	-0.39879894	-0.3385824	0.38710895	-0.34279102	-0.43635547	-0.400081	-0.40670913	0.39768356	0.3446706	-0.3803578	0.371523	0.42276388	-0.36785272	0.3277259	0.36614707	-0.35123786	0.37724698	0.38321665	-0.4054534	-0.4403555	0.35131755	0.42498866	0.37130058	-0.34895912	-0.3834291	0.32878554	0.41373867	-0.40645662	0.34345835	0.38565162	0.36377656	0.334795	0.4343982	0.33622587	-0.3621004	-0.41277692	0.39282128	0.3471618	-0.41880375	0.3924675	-0.39505348	0.34921074	0.4148094	-0.40215224	0.38473722	-0.42019594
-0.5500619	-0.6305165	-0.58599913	0.5909953	-0.59904903	-0.5971658	0.64075935	0.56309277	0.6022831	0.6033156	-0.6494865	-0.6881811	-0.68852013	0.6720728	-0.6840119	-0.6714653	0.65299386	0.62209195	-0.6248904	-0.6343254	-0.70504075	-0.61207277	0.68493086	0.6881007	0.619898	0.5521833	-0.6202562	-0.6300348	0.6819837	0.61671287	-0.56747156	0.68843305	-0.65346956	-0.48985043	0.6262034	-0.6543166	-0.48711687	0.55445087	-0.59622365	0.5765117	0.64475065	-0.67659175	-0.7167748	-0.59817576	-0.6410932	0.6289177	-0.5793406	-0.6727567	0.70135665	0.6584193	-0.48247668	-0.69755226	-0.5356072	-0.6294001	-0.6841172	-0.6034963	0.6579309	-0.64334244	-0.671432	-0.59196454	-0.6698487	0.58845145	0.5999111	-0.6954197	0.6517192	0.6338146	-0.495578	0.59032327	0.68721247	-0.6631195	0.5888947	0.65662986	-0.6535693	-0.6022826	0.61374485	0.5916574	0.665419	-0.68566847	-0.5937917	0.43699548	0.52743965	-0.5541307	0.63868284	0.5451512	0.444422	0.5404352	0.5808431	0.56187284	-0.61624676	-0.6230517	0.6448989	0.6551816	-0.6217261	0.68318325	-0.63935035	0.6230634	0.7027802	-0.43763095	0.6695839	-0.6435285
-0.25326598	-0.43547803	-0.51164776	0.42779434	-0.45858452	-0.49199805	0.4768129	0.36836255	0.38727587	0.45409688	-0.49636123	-0.45589122	-0.48394248	0.52040905	-0.47238398	-0.5264159	0.5154839	0.47843567	-0.46828958	-0.5192223	-0.4911184	-0.5017799	0.44458854	0.48227134	0.44514915	0.44626135	-0.42070428	-0.47932705	0.52792615	0.51353824	-0.41009375	0.52697814	-0.42859003	-0.4463941	0.5006541	-0.45628294	-0.44635153	0.3985929	-0.41476604	0.48916358	0.48296806	-0.548399	-0.5376519	-0.44882396	-0.4696478	0.4522986	-0.5320203	-0.48333877	0.51728904	0.5414449	-0.33298427	-0.52389586	-0.42443556	-0.45605794	-0.44970086	-0.50245374	0.52370995	-0.5066117	-0.5005607	-0.4212976	-0.42985678	0.48553663	0.37976274	-0.4847015	0.4518132	0.44731	-0.28175175	0.39715937	0.4664228	-0.4640582	0.42626083	0.4985212	-0.533029	-0.50235724	0.4949906	0.51699376	0.46090215	-0.44510624	-0.4854419	0.5024584	0.33628616	-0.3606825	0.41315773	0.48319736	0.26698157	0.34136516	0.43665197	0.333509	-0.49528667	-0.45986763	0.46335563	0.51874536	-0.4424589	0.5422501	-0.45637444	0.45801738	0.47017375	-0.4231626	0.45082313	-0.46328074
-0.13705613	-0.14133984	-0.14803362	0.21219246	-0.15317108	-0.17222479	0.14343001	0.14880978	0.18348405	0.15823475	-0.23222011	-0.23195392	-0.19771995	0.228748	-0.19733694	-0.15251476	0.17407317	0.19886643	-0.14091606	-0.20946915	-0.20437284	-0.17285609	0.19042405	0.22147857	0.23039874	0.23398545	-0.14153555	-0.23110911	0.17545821	0.18831016	-0.18478861	0.1882044	-0.16534223	-0.18795024	0.20632774	-0.16422641	-0.1838335	0.18694338	-0.1812303	0.20561855	0.13654622	-0.2299857	-0.23350371	-0.22209746	-0.20216815	0.21060751	-0.19853425	-0.21758421	0.16632137	0.1662896	-0.18243426	-0.18414468	-0.14311165	-0.2076276	-0.1485865	-0.14122175	0.15796854	-0.2041838	-0.17926429	-0.2247402	-0.15842211	0.17478903	0.19566803	-0.13774313	0.20858295	0.22089761	-0.15051147	0.19301854	0.20641196	-0.21894147	0.22502472	0.23582274	-0.21998176	-0.1757607	0.17719503	0.17075023	0.17950359	-0.22529854	-0.18268621	0.13732019	0.15109459	-0.18499859	0.23301694	0.19378023	0.16458926	0.18144079	0.14894572	0.20496622	-0.14921916	-0.16434996	0.2010479	0.21004097	-0.17279936	0.21000648	-0.21689907	0.17107823	0.19445911	-0.13992812	0.16266078	-0.15042365
-0.437944	-0.47522393	-0.45200887	0.47563007	-0.48839575	-0.47110316	0.4286936	0.39240533	0.49208152	0.42029423	-0.46595094	-0.4997954	-0.46863878	0.46304837	-0.45374358	-0.4357355	0.46215007	0.43862417	-0.453445	-0.48238543	-0.434239	-0.43682224	0.45424235	0.45088884	0.5130224	0.458101	-0.46119502	-0.41935384	0.5196455	0.4437982	-0.44521716	0.43132856	-0.47798985	-0.36043498	0.5005785	-0.49197012	-0.44756317	0.40785465	-0.4913297	0.40029547	0.45012468	-0.44552281	-0.5198848	-0.42815647	-0.42331985	0.4432943	-0.44197017	-0.49025977	0.4311147	0.4757719	-0.4189836	-0.50180334	-0.43585962	-0.44762915	-0.47287506	-0.43371105	0.4468601	-0.49463996	-0.4921716	-0.4791463	-0.4417169	0.49437296	0.464435	-0.5156775	0.44764698	0.43041566	-0.47319424	0.3971482	0.4912741	-0.45694458	0.39984694	0.47954252	-0.46466216	-0.45231688	0.4246977	0.46758202	0.50200796	-0.5134654	-0.4559976	0.3613329	0.47959054	-0.43244544	0.45341137	0.4619015	0.42213213	0.49196562	0.50210124	0.4969932	-0.418276	-0.43479484	0.41983485	0.44419977	-0.43408734	0.4665812	-0.43433094	0.4880552	0.4523755	-0.41344526	0.45021465	-0.4442622
-0.7086587	-0.72965425	-0.6927553	0.7015596	-0.69314104	-0.6327905	0.64866686	0.6829201	0.66019547	0.6134401	-0.60528845	-0.6641064	-0.6848887	0.61821914	-0.6921251	-0.7182033	0.70398676	0.6850835	-0.6764184	-0.64279306	-0.6397716	-0.64017296	0.6520509	0.67934805	0.61333585	0.63770676	-0.7287929	-0.7016017	0.67678636	0.68098783	-0.6832492	0.68365335	-0.67257744	-0.6025953	0.7225394	-0.69005597	-0.62006086	0.6608627	-0.6387003	0.6577701	0.6152034	-0.6177912	-0.62591136	-0.72290087	-0.6486659	0.6540021	-0.5606935	-0.64338464	0.65985805	0.6083825	-0.63508624	-0.70434827	-0.69585645	-0.6882759	-0.6211662	-0.64352614	0.6706726	-0.6482964	-0.63146394	-0.70956874	-0.7321164	0.71472967	0.6682582	-0.63195485	0.6324881	0.70639426	-0.68439215	0.6660733	0.6815509	-0.628488	0.6468165	0.717489	-0.639222	-0.67397815	0.69314146	0.60359067	0.63096935	-0.6426806	-0.5385914	0.55318725	0.7421543	-0.6886992	0.69941556	0.669667	0.6553388	0.68481076	0.70057577	0.6925964	-0.54952246	-0.63235784	0.6571925	0.69607383	-0.67479044	0.6866589	-0.6510213	0.7318802	0.6760053	-0.5691253	0.68401337	-0.6124413
-0.49499428	-0.46048403	-0.5347854	0.44689444	-0.44766632	-0.48814762	0.512761	0.46037573	0.4827569	0.46801162	-0.45234767	-0.53009444	-0.52782154	0.50774056	-0.48574704	-0.46679473	0.5261807	0.5449315	-0.44593802	-0.4692888	-0.54778993	-0.44402173	0.47535613	0.4880907	0.48561838	0.4815046	-0.5352082	-0.44344935	0.5331793	0.45089558	-0.5247758	0.47160506	-0.5017232	-0.4363446	0.45208794	-0.5281624	-0.47633678	0.50466704	-0.46536264	0.44887558	0.47694597	-0.4244084	-0.4525017	-0.52536184	-0.46518174	0.5085499	-0.46262628	-0.4504315	0.43628553	0.4668853	-0.46233368	-0.5425842	-0.507159	-0.48948184	-0.52668273	-0.53141296	0.44875237	-0.47260076	-0.4539899	-0.51202315	-0.52915704	0.5110688	0.49959555	-0.48626277	0.4503528	0.47761863	-0.53019077	0.49002805	0.44900948	-0.488556	0.42198837	0.54886067	-0.51343614	-0.49682894	0.4587649	0.493298	0.41859645	-0.5045506	-0.3587882	0.38080597	0.5116455	-0.44052526	0.45485908	0.455259	0.45867944	0.5332945	0.44954783	0.48600566	-0.4587282	-0.44378802	0.5148506	0.45672226	-0.4756922	0.5121772	-0.5051134	0.52792174	0.52009577	-0.41535702	0.4659388	-0.45162064
-0.33386633	-0.37129444	-0.31704825	0.29623333	-0.36288473	-0.32309636	0.3326558	0.28531182	0.3396394	0.36183888	-0.3143087	-0.30508438	-0.29205886	0.29381624	-0.3331518	-0.32626566	0.29939204	0.36800557	-0.3253374	-0.31298083	-0.377692	-0.36205482	0.34834513	0.30456686	0.34442225	0.31521758	-0.31604066	-0.32353336	0.2716815	0.3015793	-0.35731485	0.31774423	-0.3658098	-0.36069593	0.35302663	-0.35609788	-0.3066105	0.29469976	-0.37790725	0.28772032	0.2695197	-0.31005618	-0.35545588	-0.35539174	-0.32094875	0.28062516	-0.2993102	-0.3014762	0.3299944	0.37828776	-0.30504194	-0.38186193	-0.35567105	-0.32292324	-0.35858	-0.29202428	0.30119115	-0.31674013	-0.2995972	-0.33535862	-0.36443865	0.33791876	0.35149923	-0.32991365	0.3697898	0.32173216	-0.29585293	0.3302941	0.3020097	-0.3038067	0.347647	0.36199492	-0.30871028	-0.37386808	0.28581518	0.31522527	0.35034946	-0.32493117	-0.30451483	0.35338974	0.2996324	-0.27782452	0.2943778	0.37109074	0.30001152	0.34592637	0.3780351	0.35455	-0.28418535	-0.32156	0.30993104	0.32609004	-0.34925166	0.2962581	-0.315544	0.31993023	0.35165092	-0.30949333	0.35942012	-0.27393305
-0.3733072	-0.52211076	-0.538346	0.54295236	-0.4979286	-0.52494323	0.4690351	0.51589745	0.54444414	0.49782816	-0.52055633	-0.5098615	-0.56991816	0.46655178	-0.5696336	-0.5229295	0.52608126	0.54437304	-0.5779733	-0.5302391	-0.562433	-0.5581575	0.5624096	0.49112475	0.54137856	0.54292357	-0.49630603	-0.50360334	0.55538034	0.5255588	-0.5427091	0.53474355	-0.5208891	-0.4760413	0.4972837	-0.6040603	-0.5027495	0.49591902	-0.5080943	0.5404402	0.59417105	-0.5967673	-0.5460959	-0.57448727	-0.5067116	0.5476525	-0.5599373	-0.51257294	0.52096885	0.56826717	-0.38908386	-0.55583555	-0.53432596	-0.55078137	-0.5137649	-0.4952466	0.54087305	-0.5700102	-0.5494711	-0.4613469	-0.4884767	0.51627713	0.48345587	-0.60970104	0.60855836	0.56607157	-0.44220224	0.4822554	0.5788707	-0.6073186	0.5065747	0.50881064	-0.58723205	-0.4883836	0.53076637	0.48936495	0.5700544	-0.5854793	-0.49616757	0.46228173	0.5286177	-0.42899916	0.5710917	0.47099146	0.423578	0.36364993	0.5080179	0.4095745	-0.5508438	-0.59571135	0.5273625	0.50255835	-0.5662778	0.5783168	-0.5065535	0.5538341	0.5963242	-0.45087394	0.49838695	-0.5391647
-0.37338725	-0.32959008	-0.28527328	0.28846124	-0.3610078	-0.339501	0.33595878	0.33044225	0.34929496	0.32319573	-0.29857013	-0.27092052	-0.3590338	0.371854	-0.3567435	-0.32197958	0.33957064	0.30835092	-0.3647505	-0.3489935	-0.35857528	-0.28506675	0.30449915	0.31796587	0.28455082	0.29342124	-0.29540235	-0.2852418	0.29396033	0.32798332	-0.29979506	0.34764004	-0.33938143	-0.30659795	0.29187754	-0.36143583	-0.29343396	0.36817443	-0.36996868	0.36026558	0.35852516	-0.3367718	-0.30985492	-0.28201106	-0.31670737	0.29374266	-0.28221455	-0.356077	0.3177089	0.3177026	-0.3324657	-0.314207	-0.34883597	-0.35477936	-0.3646524	-0.33690757	0.31307858	-0.35887215	-0.30755305	-0.36420238	-0.27326697	0.28901774	0.3016468	-0.33646297	0.3294259	0.34710744	-0.3405515	0.30591	0.31133273	-0.32851228	0.3227882	0.34963617	-0.3291657	-0.33176294	0.28973004	0.3290018	0.3092828	-0.32570112	-0.30649358	0.32225347	0.2888916	-0.3232583	0.35025692	0.3636867	0.36016178	0.34174144	0.2827525	0.27966547	-0.35843936	-0.33720392	0.36264238	0.33806756	-0.3371614	0.27453983	-0.36392742	0.33125478	0.36510453	-0.27920768	0.34038785	-0.2999382
-0.43204913	-0.4940187	-0.47694576	0.48018277	-0.42021912	-0.47824243	0.41448495	0.40946656	0.47836977	0.4233832	-0.48728365	-0.40985507	-0.41955036	0.41808063	-0.41477844	-0.48570687	0.4916659	0.42553526	-0.4333303	-0.49157643	-0.43741658	-0.49367166	0.44513947	0.4254117	0.39857057	0.4786505	-0.4274718	-0.4917844	0.44727862	0.46074128	-0.4979163	0.44108945	-0.40342095	-0.47490448	0.43325457	-0.41300994	-0.38883045	0.40511417	-0.44051367	0.45889276	0.44437292	-0.43287206	-0.43288553	-0.47861132	-0.47358564	0.4866506	-0.44785213	-0.50255305	0.46402863	0.45367917	-0.4325468	-0.5041638	-0.4338367	-0.43353313	-0.41403207	-0.45097503	0.47625592	-0.43523577	-0.4684504	-0.4620812	-0.40637156	0.49118167	0.42680228	-0.4696687	0.4202261	0.4123136	-0.47733504	0.49261242	0.40216044	-0.41345417	0.4239302	0.4081588	-0.50749946	-0.46173456	0.4236248	0.4372361	0.48156655	-0.46686897	-0.4187761	0.4670891	0.45506313	-0.47730285	0.49136508	0.45534745	0.42535725	0.44028652	0.4917039	0.50839037	-0.42005843	-0.4221862	0.42504033	0.45430282	-0.45841685	0.4833985	-0.48431844	0.4235487	0.45604163	-0.37673092	0.48382106	-0.4393906
-0.42324606	-0.34182096	-0.3560481	0.3342552	-0.35174292	-0.29871958	0.31675255	0.43297872	0.34889153	0.3341468	-0.3412437	-0.35871002	-0.39826542	0.3809954	-0.30444965	-0.3863578	0.32121813	0.3608612	-0.31117824	-0.40575948	-0.3998186	-0.38647315	0.31574804	0.36060447	0.39420763	0.33987638	-0.41206136	-0.39871436	0.3668796	0.38332322	-0.3593456	0.32106227	-0.37329918	-0.41931638	0.40233967	-0.34110162	-0.3793282	0.3264844	-0.40789422	0.3421201	0.2967781	-0.34157026	-0.3255192	-0.32893398	-0.4080638	0.30446246	-0.31052622	-0.39453453	0.3718847	0.38499543	-0.336394	-0.4014335	-0.38891092	-0.3396256	-0.35252658	-0.3923876	0.39613742	-0.37644082	-0.31267783	-0.3981649	-0.39766842	0.3888838	0.35270292	-0.3508662	0.32775757	0.39939198	-0.34409067	0.33326957	0.36506075	-0.33851373	0.338534	0.37630582	-0.39629117	-0.38405553	0.36273462	0.3648801	0.37890878	-0.36146396	-0.34135285	0.34526566	0.3832371	-0.33535114	0.4194297	0.35813147	0.3580905	0.34762973	0.32206622	0.3765639	-0.32023737	-0.31764424	0.36172026	0.4129726	-0.38979882	0.37906006	-0.35773727	0.34253564	0.37587118	-0.32988247	0.39266887	-0.34290856
-0.5333008	-0.54655707	-0.5210438	0.4700866	-0.47111335	-0.45690498	0.46356592	0.495842	0.532917	0.514724	-0.4866295	-0.4770858	-0.4613174	0.5116396	-0.4747087	-0.48781794	0.5086615	0.5315511	-0.49678674	-0.4959538	-0.5538102	-0.5099062	0.47328815	0.5325546	0.4643128	0.54370165	-0.5185874	-0.5034094	0.4551146	0.5036047	-0.538435	0.48147666	-0.52224374	-0.46779257	0.51486355	-0.47095302	-0.5554339	0.5346386	-0.56336516	0.5496039	0.53575635	-0.51592636	-0.4507773	-0.5026369	-0.5258208	0.43331587	-0.5520808	-0.496623	0.49748617	0.5021054	-0.52478606	-0.47733465	-0.48713693	-0.52039057	-0.523734	-0.49194804	0.50348425	-0.47116485	-0.50955755	-0.5527595	-0.49824005	0.50682473	0.5231855	-0.5199319	0.51685095	0.56021553	-0.49091256	0.49270302	0.55974686	-0.50137115	0.54947597	0.54352313	-0.51682997	-0.47374943	0.5352419	0.55739427	0.4915334	-0.5440183	-0.5181304	0.54924476	0.54064673	-0.574304	0.4734815	0.52097136	0.5004508	0.5034149	0.5011665	0.56568146	-0.5072611	-0.5355514	0.46321648	0.54889506	-0.5001501	0.44513264	-0.56168765	0.55203915	0.544019	-0.56496984	0.48280483	-0.46832398
-0.292187	-0.22665147	-0.2968497	0.26019567	-0.2938107	-0.22094548	0.28511637	0.2388905	0.30672896	0.21778797	-0.2558059	-0.28420013	-0.2630981	0.22749569	-0.22128166	-0.24375482	0.23457874	0.2819064	-0.26035342	-0.29324418	-0.2837263	-0.27835962	0.29857624	0.23444606	0.27587783	0.21354386	-0.29054028	-0.24610132	0.30780482	0.21773465	-0.21641213	0.28761664	-0.30621305	-0.16203818	0.24677975	-0.23172037	-0.21951291	0.21363276	-0.22055319	0.22584361	0.26049033	-0.2716668	-0.26857018	-0.22811389	-0.24268726	0.26177558	-0.20680532	-0.23426762	0.23716693	0.21905503	-0.19120087	-0.30127493	-0.26041996	-0.26274586	-0.27924052	-0.2942845	0.31190637	-0.2389327	-0.28860712	-0.2623789	-0.26134247	0.22447732	0.18015598	-0.27061695	0.29084772	0.23209138	-0.23730797	0.22582044	0.30524242	-0.30283132	0.27917758	0.2249632	-0.24937893	-0.26554427	0.2946065	0.24559404	0.2829821	-0.22537911	-0.26105347	0.14902335	0.2983259	-0.24521638	0.26164553	0.27314657	0.23111792	0.22136132	0.2183317	0.23910168	-0.24321212	-0.29705074	0.30164677	0.23660244	-0.2849391	0.24952228	-0.22781205	0.3009044	0.25104907	-0.13250804	0.2831903	-0.32046416
-0.31799847	-0.35425442	-0.30143216	0.3007305	-0.31181666	-0.36609417	0.32309854	0.2808656	0.34376696	0.3127891	-0.33355215	-0.36365092	-0.31373125	0.35618076	-0.31062004	-0.33954233	0.29377833	0.28926566	-0.31658822	-0.33791307	-0.3275204	-0.35721406	0.3650263	0.29970855	0.3491608	0.32717675	-0.28098598	-0.33528617	0.3203998	0.30573556	-0.3158165	0.3066974	-0.3708559	-0.3504693	0.33649424	-0.3373004	-0.3396077	0.29440662	-0.32923058	0.3139837	0.37849417	-0.35173786	-0.34524176	-0.35970727	-0.35557932	0.31576282	-0.3198851	-0.3116523	0.29226747	0.35937285	-0.28144836	-0.36575252	-0.33987802	-0.29370332	-0.34541962	-0.37634826	0.31390074	-0.37380818	-0.33260134	-0.34512115	-0.33614683	0.34767598	0.33493295	-0.28844994	0.31944138	0.3386357	-0.29050365	0.34635082	0.32160142	-0.32102364	0.31764996	0.30678162	-0.29250172	-0.3476566	0.33044586	0.3397407	0.2856432	-0.28576127	-0.34318218	0.286203	0.31498748	-0.32332653	0.30250156	0.28182647	0.31230572	0.31879154	0.29044688	0.2911216	-0.32872954	-0.3317654	0.32061082	0.3486284	-0.37439716	0.30782384	-0.30803794	0.364091	0.31523234	-0.26670444	0.37185636	-0.30827734
-0.1830929	-0.17317583	-0.21406174	0.16147232	-0.20835707	-0.13448234	0.18991373	0.23481405	0.16063546	0.20307186	-0.18480285	-0.22136533	-0.1881343	0.15462081	-0.17772932	-0.20579343	0.16773105	0.19603865	-0.1786772	-0.20611334	-0.2326295	-0.16543248	0.22890736	0.23458287	0.21291196	0.15722471	-0.17160603	-0.15715203	0.22314224	0.21430361	-0.19985503	0.15856743	-0.14141472	-0.22910243	0.22812092	-0.15259811	-0.18004075	0.14548042	-0.22899914	0.15424852	0.23123683	-0.1455623	-0.2055053	-0.2188695	-0.16081573	0.18506956	-0.23333576	-0.2283734	0.16513294	0.18268636	-0.19483897	-0.20822072	-0.19876972	-0.23366646	-0.16022043	-0.22397189	0.22279383	-0.16851895	-0.21115105	-0.23061611	-0.15169361	0.22041322	0.1743648	-0.14876026	0.15974005	0.22547571	-0.14619349	0.16244671	0.16506615	-0.15322663	0.14545205	0.19862452	-0.16208255	-0.20913504	0.20498854	0.15100245	0.18917726	-0.20267467	-0.18374954	0.16069767	0.18165177	-0.15405636	0.18041313	0.17720166	0.21912621	0.16184734	0.20435792	0.15446392	-0.13594982	-0.16940823	0.22649363	0.21182343	-0.22635436	0.18739659	-0.16333647	0.13643347	0.20398459	-0.20326048	0.16161422	-0.15914772
-0.51027954	-0.5016875	-0.5729331	0.50105995	-0.5074167	-0.46525338	0.54862225	0.49590778	0.5628496	0.5628706	-0.5451559	-0.5074238	-0.51575637	0.5711045	-0.571332	-0.52873963	0.51265776	0.5231422	-0.49737588	-0.5696698	-0.49072626	-0.5408495	0.5233631	0.5729875	0.4990402	0.53361046	-0.5358413	-0.5346083	0.47352332	0.5044838	-0.5304914	0.49363738	-0.5048345	-0.49595624	0.5004273	-0.49607462	-0.45370287	0.5438044	-0.48855138	0.5655103	0.5422851	-0.55940664	-0.55290824	-0.55680764	-0.4773214	0.5627422	-0.49688274	-0.49882472	0.45793742	0.54865396	-0.4961194	-0.5861509	-0.5587966	-0.54278904	-0.5115922	-0.5336423	0.5039796	-0.4648314	-0.5357802	-0.51944613	-0.58119774	0.5068528	0.4895234	-0.51759815	0.59406316	0.5873163	-0.5402711	0.5132126	0.5418053	-0.57303137	0.4956559	0.56144804	-0.5210863	-0.5716523	0.51767784	0.54725236	0.56565243	-0.52573085	-0.51932544	0.46951395	0.5627874	-0.5216358	0.54122734	0.5071531	0.5462171	0.55488086	0.5660636	0.5396229	-0.5112743	-0.5327932	0.56885093	0.58599716	-0.5427274	0.41790432	-0.5195362	0.5008915	0.52340114	-0.48854104	0.54762006	-0.49788138
-0.32290137	-0.29645947	-0.31357113	0.3293438	-0.3554418	-0.2882844	0.2919464	0.33225352	0.37095794	0.2855147	-0.3029125	-0.3623608	-0.27228114	0.2899408	-0.34039816	-0.28836343	0.36238784	0.2670068	-0.31863987	-0.35456604	-0.31013548	-0.327114	0.35751587	0.33917394	0.26427305	0.30464453	-0.28042704	-0.3033697	0.34631085	0.31132272	-0.29172015	0.30598906	-0.3066838	-0.2710459	0.30251282	-0.30575058	-0.34063023	0.3076392	-0.27341062	0.29951844	0.27357596	-0.32846013	-0.34896418	-0.2858035	-0.3109254	0.30347472	-0.27974096	-0.28512567	0.31836382	0.3018768	-0.2762031	-0.36607945	-0.27547967	-0.30552107	-0.34090406	-0.31293225	0.33777454	-0.3378511	-0.29161102	-0.3482251	-0.32626373	0.32316756	0.28255588	-0.27832755	0.2990335	0.34184274	-0.33591205	0.30495158	0.36663714	-0.3422907	0.3004636	0.29666907	-0.36070332	-0.33444074	0.3239584	0.31107906	0.34837794	-0.28069618	-0.35576463	0.26124713	0.36537907	-0.32395226	0.35684776	0.30589572	0.34877762	0.3587065	0.3351458	0.2780083	-0.31698284	-0.2705752	0.35291898	0.2965097	-0.30627033	0.23449291	-0.3151621	0.2868616	0.33652398	-0.34015602	0.31430858	-0.2985812
-0.46571836	-0.44449276	-0.50150734	0.40604776	-0.44393757	-0.4177126	0.43157467	0.50573015	0.40743366	0.51451045	-0.41268152	-0.46805736	-0.3754119	0.47787654	-0.43589982	-0.45445514	0.43028605	0.4898519	-0.5019649	-0.4719257	-0.4677899	-0.4416357	0.46664357	0.5060673	0.46035105	0.50319225	-0.42380443	-0.428996	0.36286804	0.4602202	-0.4550389	0.47352886	-0.4370139	-0.43142024	0.5096703	-0.4978371	-0.5145041	0.44270632	-0.42621595	0.45689708	0.4085228	-0.47979546	-0.47514257	-0.423095	-0.46510786	0.42268854	-0.4984217	-0.4410224	0.43300766	0.40691927	-0.46468344	-0.44302723	-0.4484861	-0.4387947	-0.44584113	-0.4252061	0.4306108	-0.37348592	-0.3943706	-0.43104872	-0.40951374	0.44161493	0.462177	-0.47730437	0.482466	0.46579033	-0.43703708	0.4683543	0.46655884	-0.4218143	0.4476264	0.440188	-0.4533098	-0.49841222	0.46703923	0.44172323	0.4330351	-0.442536	-0.50668365	0.42922553	0.47195733	-0.47696072	0.48246074	0.47360796	0.497076	0.42158237	0.45274544	0.42927146	-0.4635967	-0.47191173	0.46116588	0.4475683	-0.48978907	0.37007123	-0.50145817	0.46627071	0.46479374	-0.4447591	0.5072213	-0.4726712
-0.5488571	-0.5761397	-0.52374375	0.53299415	-0.5721619	-0.55348283	0.5246701	0.5668573	0.62610775	0.5260624	-0.56956327	-0.5133016	-0.52883536	0.55844665	-0.49932307	-0.5105786	0.5642996	0.5348583	-0.5685714	-0.56607467	-0.5548254	-0.59098285	0.5304884	0.5674676	0.5453837	0.5922245	-0.6230522	-0.56888604	0.5556295	0.6092081	-0.5814613	0.57075775	-0.589768	-0.51847756	0.5644619	-0.5124474	-0.509957	0.55273396	-0.5471603	0.5816301	0.49463052	-0.5698792	-0.55543166	-0.57041997	-0.6111936	0.5658101	-0.5712921	-0.554248	0.55387944	0.5953885	-0.56769633	-0.5855003	-0.56416583	-0.52056855	-0.5586228	-0.58741957	0.5805075	-0.50192636	-0.5500754	-0.5823462	-0.6120447	0.54316235	0.5304039	-0.5802209	0.53249	0.5723787	-0.56454986	0.54176754	0.53887606	-0.6149058	0.5258802	0.5932016	-0.6126828	-0.53574586	0.5756519	0.55232584	0.5253361	-0.5166934	-0.56628835	0.5249179	0.60672617	-0.5964073	0.6099834	0.55698043	0.5703167	0.63549215	0.56459016	0.5298863	-0.5513136	-0.53374076	0.6095342	0.58404005	-0.5567985	0.505262	-0.55662745	0.54842615	0.5488245	-0.54377335	0.5908149	-0.6010137
-0.42184982	-0.35759863	-0.40370542	0.34790003	-0.36789542	-0.32258493	0.41074875	0.3697879	0.4187232	0.40213093	-0.34879023	-0.37661126	-0.32718664	0.4303431	-0.36169687	-0.41773424	0.41638285	0.41509417	-0.41087016	-0.38250133	-0.43098125	-0.37194762	0.3859086	0.4481139	0.4466099	0.41698822	-0.37904638	-0.4015575	0.33304125	0.43036968	-0.44453266	0.39122024	-0.33161193	-0.3649766	0.40160385	-0.40524688	-0.3401834	0.3838481	-0.4267534	0.37568048	0.35977793	-0.37582308	-0.3903937	-0.40719074	-0.36050487	0.41189164	-0.4188543	-0.4285354	0.39216742	0.38156465	-0.44702333	-0.43788546	-0.36821046	-0.36114907	-0.42459968	-0.34640086	0.36085558	-0.40292996	-0.33876666	-0.43504184	-0.37921575	0.39568	0.3944384	-0.4228775	0.3679485	0.42973995	-0.44467193	0.43693498	0.3561389	-0.41728663	0.380521	0.42187893	-0.41813624	-0.43844584	0.39273614	0.38171348	0.3907684	-0.39075938	-0.39397964	0.36228496	0.41092834	-0.4102909	0.35421377	0.4298617	0.41680983	0.41569325	0.3779607	0.43222886	-0.39248252	-0.43437806	0.40635788	0.40872183	-0.3686767	0.30999047	-0.41661507	0.36077	0.3550339	-0.3986903	0.44450718	-0.39285246
-0.50146574	-0.59811264	-0.5637209	0.54445887	-0.5397787	-0.5512221	0.5916286	0.51734114	0.544056	0.6205943	-0.52517897	-0.5656116	-0.5235187	0.54761297	-0.53153086	-0.5617592	0.60593295	0.5207943	-0.54098254	-0.54143393	-0.523586	-0.5275015	0.57258826	0.6073452	0.5882971	0.60356915	-0.57436365	-0.57148796	0.59226984	0.5973495	-0.603831	0.5224171	-0.5832559	-0.58948934	0.5747814	-0.5198834	-0.59814566	0.5820828	-0.6086534	0.5833272	0.591834	-0.5478895	-0.52088106	-0.5339268	-0.607069	0.512923	-0.6098731	-0.5763385	0.5391684	0.5810918	-0.55417943	-0.6195848	-0.5667485	-0.55947274	-0.6148601	-0.608177	0.6089603	-0.56605583	-0.6045081	-0.5804999	-0.55320835	0.5728149	0.60221153	-0.57500887	0.5468041	0.6091199	-0.5507014	0.5776286	0.53905344	-0.55979085	0.5197763	0.617763	-0.5951538	-0.543683	0.59494907	0.61647946	0.5332234	-0.59450006	-0.57012755	0.57792926	0.5481697	-0.52374405	0.543624	0.6094673	0.54549205	0.56446064	0.55761665	0.5968077	-0.5935244	-0.5439416	0.6322258	0.5490734	-0.5284424	0.51614267	-0.61123425	0.60148364	0.5300191	-0.56223416	0.6104057	-0.5407246
-0.33207893	-0.28604043	-0.309902	0.3309036	-0.282501	-0.37398905	0.32389954	0.28916594	0.2932072	0.30498445	-0.27306756	-0.2697503	-0.33531556	0.3040003	-0.34885895	-0.30068052	0.2887599	0.25267878	-0.32578558	-0.35253492	-0.28186157	-0.316952	0.30720907	0.32535556	0.3603973	0.29327583	-0.2973199	-0.26838723	0.2853792	0.31147194	-0.31392425	0.27637494	-0.2746253	-0.36941972	0.2572987	-0.28365588	-0.37667042	0.2805547	-0.30562174	0.33713144	0.36107257	-0.27456456	-0.3304631	-0.24927303	-0.25494972	0.32757854	-0.30055654	-0.29728132	0.25130892	0.26818943	-0.32355687	-0.32807744	-0.3444112	-0.29335383	-0.2708148	-0.2740539	0.2706948	-0.2764903	-0.30669028	-0.2884685	-0.3152027	0.32439175	0.37514186	-0.25824568	0.33080754	0.2551119	-0.2571474	0.28516877	0.3392811	-0.29629675	0.335173	0.33599472	-0.35440788	-0.3559979	0.3174429	0.25257498	0.282107	-0.2562025	-0.33061603	0.33444634	0.25472966	-0.33497643	0.2947443	0.30965832	0.37168977	0.28974724	0.2786843	0.26069266	-0.27861655	-0.3086178	0.32045883	0.25687268	-0.29894295	0.28999087	-0.34685528	0.33091468	0.28053197	-0.26450363	0.30256307	-0.3347819
-0.14417742	-0.15383118	-0.2316116	0.16345838	-0.15475589	-0.18290168	0.17548339	0.16412938	0.16218427	0.20354773	-0.16535686	-0.22214887	-0.20688675	0.18043923	-0.15640606	-0.16726606	0.18444997	0.20713791	-0.19178088	-0.20335062	-0.18466127	-0.15389656	0.2006673	0.23014265	0.1448981	0.2233695	-0.16473395	-0.20270577	0.16076113	0.1789698	-0.17826353	0.15453932	-0.18880674	-0.2301197	0.21447204	-0.14222996	-0.23279352	0.15000643	-0.19364677	0.21490139	0.21706918	-0.19283544	-0.16684121	-0.22728989	-0.1506153	0.14155264	-0.18715414	-0.23751083	0.17124838	0.22355308	-0.16862191	-0.1443135	-0.192053	-0.16292131	-0.15927973	-0.15936561	0.23708007	-0.20166515	-0.16246997	-0.15347657	-0.22685076	0.18141837	0.18832284	-0.15381138	0.20789862	0.17797737	-0.20226902	0.23705232	0.17456713	-0.22576211	0.1727507	0.20397666	-0.23007944	-0.16694193	0.14533168	0.19339557	0.15241106	-0.21976957	-0.22639391	0.21131326	0.19133772	-0.23508124	0.20877245	0.207493	0.14150484	0.20343767	0.17473319	0.15722775	-0.1440101	-0.20670949	0.18993165	0.18225686	-0.18444435	0.16429459	-0.14022173	0.23111118	0.21894139	-0.20661707	0.19421741	-0.2081343
-0.5090059	-0.57836246	-0.50691104	0.5862605	-0.5671973	-0.52970314	0.52858776	0.45565766	0.5916866	0.5620342	-0.5113472	-0.56733936	-0.58659166	0.51414824	-0.5137158	-0.556922	0.52665555	0.57646376	-0.5131471	-0.5009514	-0.6032651	-0.5198891	0.5963295	0.55345136	0.53613836	0.53803056	-0.55829835	-0.5241132	0.6201339	0.5982318	-0.5440644	0.5328806	-0.60604995	-0.46495533	0.5031643	-0.5584053	-0.4737767	0.5664075	-0.5495466	0.56136096	0.61336416	-0.60992324	-0.60978514	-0.54161173	-0.54049116	0.607464	-0.5105905	-0.53797305	0.5883585	0.57896596	-0.4466404	-0.575224	-0.4779187	-0.506163	-0.5268409	-0.53554094	0.6012622	-0.5486247	-0.5158667	-0.56044936	-0.5368942	0.5644158	0.52102107	-0.58032346	0.54365194	0.5272157	-0.55730385	0.5644456	0.5313892	-0.6104186	0.5635647	0.5832343	-0.52228856	-0.5585204	0.5881733	0.49792787	0.5820594	-0.5721982	-0.53788835	0.46424112	0.505328	-0.52184814	0.51620626	0.47340083	0.4908802	0.56177163	0.56460625	0.55116874	-0.5621281	-0.5695639	0.58657235	0.5870763	-0.5527709	0.55201125	-0.5814656	0.5293971	0.52931917	-0.41276947	0.50239736	-0.5628878
-0.47343227	-0.48476705	-0.40364182	0.46324652	-0.39840207	-0.41586763	0.48892024	0.42934346	0.49438858	0.42972788	-0.4875393	-0.40187612	-0.3873621	0.4248973	-0.48457932	-0.41933298	0.40031075	0.47268602	-0.45454487	-0.4265995	-0.4542678	-0.48300156	0.4552731	0.50075233	0.48450172	0.47293782	-0.41721565	-0.4429448	0.39230648	0.4365296	-0.4170664	0.40732303	-0.48063016	-0.43125033	0.50115246	-0.4859917	-0.47109318	0.4794948	-0.48951405	0.44804424	0.42064655	-0.44479313	-0.47850245	-0.48935977	-0.46274066	0.43815947	-0.41435045	-0.41350695	0.4425678	0.47184125	-0.39637023	-0.41287306	-0.47187477	-0.50249135	-0.4477358	-0.43500844	0.4953814	-0.40412718	-0.39926276	-0.44334948	-0.4975254	0.44440633	0.4797341	-0.4063821	0.4711845	0.49146125	-0.436535	0.49472654	0.4388333	-0.4376593	0.45711765	0.4501555	-0.4364967	-0.407333	0.4796426	0.4054003	0.44011456	-0.42774692	-0.38747537	0.47351432	0.4618338	-0.40636787	0.409004	0.46770588	0.41076547	0.45168632	0.43798172	0.4313253	-0.43396783	-0.43711385	0.4642667	0.48748434	-0.45121658	0.32943922	-0.47035792	0.4491428	0.49345616	-0.401429	0.42583033	-0.3983749
-0.51242846	-0.3739055	-0.40950972	0.4569866	-0.42491925	-0.30866253	0.3655086	0.432901	0.37781158	0.3968064	-0.35559002	-0.36711696	-0.305536	0.41091213	-0.39329824	-0.3803159	0.43314537	0.39634523	-0.3590174	-0.35546237	-0.3563743	-0.3904078	0.40575933	0.40253818	0.43059316	0.3910389	-0.40282908	-0.41264224	0.3095336	0.40262732	-0.46313784	0.34913617	-0.36967352	-0.41821387	0.40162814	-0.42846447	-0.46078438	0.46461472	-0.4359042	0.42107004	0.32430154	-0.39672938	-0.41835076	-0.37401795	-0.400208	0.3388706	-0.43415582	-0.43943536	0.37100598	0.38843805	-0.39528984	-0.41021335	-0.40178356	-0.43735382	-0.38826236	-0.43670294	0.45002574	-0.34782204	-0.33560836	-0.4374538	-0.44848183	0.39065439	0.41681612	-0.36714306	0.42606068	0.4578178	-0.41036	0.40739396	0.4193237	-0.41578218	0.45612898	0.36545378	-0.3726846	-0.43359092	0.37249824	0.39134097	0.3692585	-0.43490225	-0.40427923	0.38274354	0.41833156	-0.42388585	0.37608856	0.38958633	0.48165417	0.41868883	0.4296889	0.39567727	-0.36691767	-0.39513865	0.4210723	0.35915184	-0.41311777	0.31360322	-0.45869943	0.41708374	0.37648284	-0.4305069	0.37888032	-0.4038982
-0.57196975	-0.529405	-0.49529696	0.5579183	-0.5110417	-0.43016842	0.47840002	0.55129457	0.57104534	0.4772957	-0.5187772	-0.54829067	-0.4917628	0.52633446	-0.5156123	-0.55004114	0.5410875	0.5289851	-0.5310957	-0.4923779	-0.48933658	-0.5460569	0.5160263	0.5145303	0.5381426	0.58462554	-0.5610771	-0.4943715	0.4341134	0.49370453	-0.5217693	0.51154757	-0.5561215	-0.47036907	0.546162	-0.4611102	-0.531107	0.5678998	-0.4954652	0.5539125	0.49642047	-0.51271725	-0.5257125	-0.5737973	-0.4845665	0.5094659	-0.45179754	-0.5311007	0.43615597	0.51013845	-0.526379	-0.50177395	-0.51034695	-0.54626226	-0.4974304	-0.49224684	0.54662937	-0.45483026	-0.5333436	-0.5158578	-0.52916676	0.5294717	0.5425626	-0.50165707	0.53128076	0.55545133	-0.5138063	0.5722378	0.5650291	-0.56098765	0.5278908	0.5207809	-0.5354525	-0.52772284	0.48224363	0.47325948	0.55230117	-0.5791229	-0.46745723	0.4637797	0.5066113	-0.52387	0.5231367	0.52256316	0.5118738	0.52391523	0.49864644	0.5211398	-0.44789127	-0.52607566	0.5054469	0.5041313	-0.52568424	0.46848628	-0.53547025	0.5754575	0.5076813	-0.53133994	0.5626831	-0.5400666
-0.24316655	-0.2450397	-0.2639286	0.24139038	-0.19775206	-0.24584396	0.21345891	0.25435284	0.21755293	0.2483936	-0.2646273	-0.19297636	-0.1893661	0.2395444	-0.22975272	-0.2503041	0.18974063	0.1939575	-0.20951702	-0.23804037	-0.25981683	-0.2924952	0.277376	0.20031501	0.22644204	0.25737327	-0.28477123	-0.22597472	0.24432477	0.2292211	-0.28292957	0.23035417	-0.2404666	-0.29429466	0.24172355	-0.21215245	-0.26332104	0.22644562	-0.237474	0.25698897	0.22331727	-0.27254057	-0.21026088	-0.2722365	-0.25295454	0.23015396	-0.19769731	-0.23984544	0.20038626	0.21632557	-0.2490634	-0.20098446	-0.2566139	-0.208924	-0.19950345	-0.25857475	0.2856009	-0.2252295	-0.21765691	-0.2239969	-0.193142	0.25680408	0.26161772	-0.2487678	0.24891974	0.2501779	-0.22479627	0.219123	0.2640565	-0.28823042	0.22825871	0.20476507	-0.23050506	-0.21287099	0.22732362	0.1984979	0.26377374	-0.21226156	-0.20338081	0.19994998	0.23540235	-0.28382862	0.22474802	0.19518289	0.20733334	0.2224051	0.21361089	0.21623798	-0.1996824	-0.25978276	0.23178291	0.27666903	-0.21584076	0.19312547	-0.19226867	0.27973062	0.19164549	-0.20322064	0.21776183	-0.24078466
-0.68962103	-0.6726902	-0.61058676	0.66464007	-0.6017915	-0.633216	0.5839602	0.5762967	0.6425768	0.6061102	-0.6360482	-0.65395254	-0.5733773	0.63637173	-0.6658246	-0.6981523	0.6205099	0.66189206	-0.6231163	-0.68710077	-0.6461899	-0.6754022	0.6907224	0.6884107	0.6093278	0.69585025	-0.69354016	-0.633872	0.6057594	0.63671935	-0.6370154	0.65811116	-0.6761854	-0.5544032	0.63676816	-0.6911753	-0.61747557	0.6840154	-0.6672624	0.615625	0.6684749	-0.6818093	-0.67687047	-0.6220268	-0.663226	0.6329271	-0.55619466	-0.60667336	0.58094007	0.6238814	-0.63696945	-0.697252	-0.62971437	-0.64780533	-0.698418	-0.6482658	0.70432746	-0.59010744	-0.5926262	-0.620977	-0.6314472	0.65466005	0.62374717	-0.61035067	0.6155961	0.6373086	-0.6403581	0.61543286	0.61520976	-0.63889515	0.674238	0.6356596	-0.68125904	-0.6870671	0.62905437	0.6393482	0.5941067	-0.70425916	-0.5843613	0.602938	0.6141301	-0.6056365	0.61522615	0.66778326	0.6573425	0.69181526	0.6853162	0.61558974	-0.63762915	-0.63388425	0.6099247	0.59078497	-0.6928279	0.48748767	-0.6255256	0.66424644	0.6553902	-0.5352076	0.6089109	-0.69299984
-0.5654864	-0.5925056	-0.6230722	0.62790716	-0.59089404	-0.56171876	0.54466325	0.53757954	0.59924465	0.5609054	-0.5799478	-0.5681943	-0.60747296	0.5905362	-0.5906434	-0.58008254	0.617309	0.58511484	-0.5924732	-0.6137984	-0.6052669	-0.6287608	0.61709756	0.5570063	0.64653724	0.6038845	-0.63581485	-0.5848414	0.5384392	0.58235776	-0.57659394	0.6356468	-0.5942479	-0.5440712	0.6263462	-0.59708405	-0.566799	0.58846414	-0.5794606	0.5441526	0.56706184	-0.63697505	-0.555537	-0.5506458	-0.6419793	0.60470265	-0.5405232	-0.6339685	0.606453	0.60016215	-0.5908369	-0.64318323	-0.5841143	-0.5511671	-0.5806524	-0.54407567	0.5542384	-0.5750642	-0.61062926	-0.64908457	-0.6132596	0.63053626	0.63658583	-0.5624133	0.5587866	0.60834956	-0.55215144	0.57448226	0.6041587	-0.5681317	0.5900376	0.59974194	-0.6108579	-0.5674889	0.583947	0.57081574	0.596933	-0.58902735	-0.60686636	0.5205484	0.5539687	-0.54750705	0.5470801	0.5737412	0.54479676	0.6123762	0.59376895	0.58026177	-0.60202503	-0.5905749	0.6363505	0.56108576	-0.613697	0.48739797	-0.5525471	0.5600635	0.55565625	-0.5791892	0.64166284	-0.58100986
-0.1686665	-0.22264025	-0.22771949	0.13897896	-0.16422401	-0.1803797	0.20701766	0.1532363	0.14773019	0.21717596	-0.16422683	-0.15068582	-0.14566828	0.18441945	-0.19556673	-0.14836594	0.2189946	0.21749349	-0.13934413	-0.21358386	-0.2032758	-0.15459035	0.2342757	0.20750096	0.22556576	0.14184831	-0.15435994	-0.1913756	0.16539145	0.23290448	-0.1679796	0.1951859	-0.18582055	-0.17294002	0.13878639	-0.20022483	-0.19565707	0.16021882	-0.20317471	0.16619702	0.15851718	-0.22468314	-0.15538521	-0.19872715	-0.19467445	0.14769764	-0.14870174	-0.17373185	0.22191042	0.1865511	-0.2211288	-0.19588812	-0.21587832	-0.14552476	-0.14565776	-0.17297457	0.18282036	-0.17006733	-0.22251526	-0.2178278	-0.159917	0.192319	0.20285031	-0.19206403	0.18139549	0.18496302	-0.15249524	0.22980079	0.19819383	-0.22372645	0.16241093	0.22533427	-0.16748565	-0.16989699	0.13840902	0.1591406	0.14879982	-0.17678916	-0.13659331	0.21836172	0.1666671	-0.21943362	0.1542781	0.15458865	0.1618343	0.21560633	0.18169652	0.15610468	-0.21356767	-0.16549622	0.16440985	0.1747682	-0.17924185	0.15330562	-0.20973429	0.1691412	0.20650528	-0.17968848	0.1932106	-0.15969571
-0.40128618	-0.35815656	-0.4257468	0.35418397	-0.38694638	-0.32518017	0.4380939	0.39337453	0.35951743	0.41939312	-0.34900567	-0.39491972	-0.35525137	0.4351864	-0.37919843	-0.32880512	0.4379913	0.42888668	-0.39133558	-0.4376889	-0.35752705	-0.41757545	0.4203209	0.38214	0.37435737	0.45121866	-0.39410833	-0.3795042	0.33654267	0.41368148	-0.37830794	0.40321475	-0.37605307	-0.4099986	0.36502638	-0.4315893	-0.41190755	0.429515	-0.41289958	0.42193934	0.32912675	-0.3938771	-0.376441	-0.3848678	-0.40084	0.4335934	-0.42580345	-0.4212759	0.38443485	0.3514963	-0.39302242	-0.3434019	-0.3549415	-0.3708649	-0.3666555	-0.34646297	0.4210634	-0.4043291	-0.43054193	-0.40853122	-0.35115743	0.42358232	0.4275504	-0.40726984	0.37703308	0.40538195	-0.43172273	0.43325496	0.3778236	-0.4393849	0.45228618	0.4033508	-0.38718593	-0.3762527	0.4368422	0.41423503	0.35466185	-0.3766162	-0.38856646	0.3407114	0.42599496	-0.37210876	0.42639202	0.3888196	0.3792613	0.36045462	0.4102187	0.42041257	-0.36370447	-0.43669152	0.3578759	0.44371143	-0.36562374	0.369872	-0.3917411	0.3683188	0.4047056	-0.38331664	0.38854277	-0.35080567
0.15861647	0.19506954	0.16840456	-0.1779593	0.12733969	0.1869844	-0.12578967	-0.18075411	-0.20170638	-0.16407678	0.17219691	0.19717847	0.15061371	-0.15332754	0.17435019	0.18657906	-0.14043112	-0.14812633	0.15027487	0.1516955	0.1927882	0.11213107	-0.13221265	-0.13374008	-0.1637986	-0.16835482	0.16296646	0.13729303	-0.2136252	-0.14252533	0.15333734	-0.17633887	0.16380304	0.12202261	-0.16472402	0.16429256	0.14710607	-0.19400375	0.09975833	-0.14672226	-0.21322954	0.13786209	0.14375028	0.18395944	0.16879992	-0.16731583	0.18035512	0.16327986	-0.17726696	-0.19577864	0.16357973	0.19500065	0.13547301	0.17798238	0.15967487	0.16567619	-0.18517889	0.14612676	0.20522197	0.15935321	0.16666093	-0.118604675	-0.11370409	0.13543631	-0.12962247	-0.1781545	0.16282083	-0.14745358	-0.1561061	0.17754315	-0.13059668	-0.1632787	0.18949226	0.1226344	-0.13588668	-0.119933635	-0.11649537	0.12637253	0.15156153	-0.14868529	-0.120663	0.1508575	-0.16629253	-0.09408828	-0.15443829	-0.10566769	-0.15139899	-0.2024173	0.119118415	0.20666961	-0.10796374	-0.16081001	0.1268802	-0.17863744	0.14318234	-0.19227144	-0.18814202	0.12701789	-0.19121577	0.21103996
-0.6294954	-0.55521566	-0.6213608	0.53705835	-0.5881193	-0.48087206	0.61283326	0.59152967	0.5954621	0.6096325	-0.5801733	-0.5172916	-0.46735692	0.6286876	-0.59729403	-0.5518924	0.5538314	0.55649674	-0.53772336	-0.5307799	-0.5903653	-0.61130893	0.58948505	0.5441138	0.6212299	0.6151109	-0.5463888	-0.5623387	0.4745298	0.583842	-0.58184963	0.55550027	-0.4802786	-0.5394002	0.5900459	-0.51285696	-0.53618157	0.53780574	-0.5924139	0.5970485	0.54157746	-0.60372996	-0.563401	-0.5424144	-0.570185	0.56247616	-0.54718465	-0.5900855	0.47414365	0.5861569	-0.5537215	-0.6093222	-0.5811131	-0.547262	-0.5611599	-0.52417266	0.598651	-0.5045576	-0.5205625	-0.5991634	-0.5976786	0.60879266	0.60305715	-0.5777184	0.57313347	0.52531916	-0.5762254	0.5601516	0.5709449	-0.62655425	0.5515907	0.60873014	-0.57249975	-0.5502038	0.55533266	0.55418	0.55997497	-0.5715425	-0.62469226	0.6241867	0.6051388	-0.54811347	0.5289573	0.59030175	0.61477333	0.5956047	0.6108094	0.57837737	-0.5583176	-0.5333686	0.60699385	0.62403685	-0.6260218	0.40956113	-0.58660716	0.5441393	0.5644281	-0.60582274	0.54965407	-0.53241813
-0.5320916	-0.5144099	-0.47956502	0.5178006	-0.5159836	-0.4713468	0.47783387	0.50265324	0.50844324	0.52273226	-0.48474035	-0.48906946	-0.52980494	0.55150574	-0.5349787	-0.5849481	0.48754358	0.5273172	-0.50473243	-0.5286448	-0.5261149	-0.54358524	0.5417184	0.54501003	0.5399648	0.56278795	-0.5595832	-0.5002832	0.5512548	0.53111565	-0.47643173	0.53375906	-0.51818925	-0.45747346	0.568833	-0.49211907	-0.50241405	0.53461725	-0.53356826	0.54572326	0.5033658	-0.48743966	-0.5574159	-0.47702426	-0.5460156	0.51210624	-0.5567205	-0.49329355	0.54037386	0.5103073	-0.50846016	-0.53557795	-0.5372866	-0.52740633	-0.56291264	-0.5147633	0.55866784	-0.519541	-0.5534915	-0.5168073	-0.47876245	0.48714423	0.51399267	-0.5640224	0.519577	0.55698544	-0.49518982	0.5330293	0.51484025	-0.4967241	0.47349617	0.57939166	-0.52421296	-0.48750484	0.5617457	0.547788	0.48942506	-0.5045971	-0.5152052	0.42891926	0.5282165	-0.49989903	0.5094096	0.4650556	0.44453305	0.5342995	0.51662093	0.48553646	-0.5119956	-0.5602006	0.5580424	0.5377614	-0.5475644	0.4175025	-0.5508861	0.50514835	0.49547732	-0.4340069	0.50702906	-0.50315535
-0.15584429	-0.15924029	-0.16178638	0.15230304	-0.14363419	-0.10682523	0.1154239	0.19120282	0.13151158	0.16199592	-0.1173791	-0.16907197	-0.13676666	0.1642909	-0.139838	-0.1993082	0.19847426	0.19095932	-0.2040489	-0.18225005	-0.16144608	-0.12177522	0.12563983	0.19104926	0.20311579	0.11827093	-0.16398092	-0.1901726	0.16101512	0.19999637	-0.20469376	0.12908356	-0.19512852	-0.13524605	0.1243318	-0.17272326	-0.18194309	0.1581696	-0.1983441	0.16119927	0.17916383	-0.13419047	-0.16034627	-0.12620275	-0.17666215	0.19635358	-0.113811016	-0.13937871	0.16411883	0.10567581	-0.13567398	-0.16637883	-0.15783608	-0.13025856	-0.20069307	-0.1591304	0.18621203	-0.20193703	-0.1915654	-0.18464695	-0.14871486	0.15185887	0.18415764	-0.17676197	0.19131434	0.2000236	-0.12761384	0.14823003	0.20313716	-0.20417777	0.15121137	0.1385878	-0.19288245	-0.1687483	0.13475055	0.12697211	0.1801499	-0.13309011	-0.19045869	0.18833676	0.13426797	-0.14368023	0.12208944	0.1682352	0.17669234	0.15065543	0.19791727	0.2047303	-0.19834912	-0.18621816	0.14781742	0.19918348	-0.14063445	0.112366565	-0.17426327	0.14224157	0.15670331	-0.21011005	0.1586461	-0.117463045
-0.5268486	-0.64705116	-0.64329433	0.67581916	-0.63742846	-0.6958359	0.6493637	0.60314006	0.6888844	0.641271	-0.66114	-0.6977334	-0.6749892	0.6102548	-0.64491403	-0.6613573	0.671705	0.67087203	-0.67513263	-0.70509243	-0.6354276	-0.6242843	0.6370286	0.63595134	0.69606113	0.63115895	-0.66884387	-0.6452242	0.6597008	0.65374726	-0.61481607	0.641055	-0.6977843	-0.4951843	0.6607951	-0.6442493	-0.5573203	0.5958841	-0.6657915	0.6118103	0.70945597	-0.6491897	-0.68937373	-0.6680958	-0.6297718	0.64061147	-0.63982373	-0.6987666	0.7086654	0.670469	-0.5137671	-0.71871287	-0.6183238	-0.6571015	-0.65526205	-0.70779705	0.6765647	-0.7085866	-0.6471982	-0.5997647	-0.60988754	0.66966295	0.5905453	-0.7192076	0.7230208	0.66704893	-0.5556679	0.6292919	0.62865376	-0.70928043	0.6272016	0.69790673	-0.71823657	-0.70895	0.6789927	0.65349466	0.6932692	-0.68055505	-0.6906435	0.53152055	0.5901648	-0.57672846	0.6198668	0.5639211	0.42869613	0.5574895	0.71071786	0.6521582	-0.58087826	-0.6556582	0.6535962	0.6453959	-0.66915405	0.62882686	-0.6692391	0.66869503	0.6514504	-0.4727926	0.6813697	-0.67417043
-0.2998799	-0.27689236	-0.2684512	0.25090948	-0.3037209	-0.24895296	0.29063168	0.32749426	0.32801148	0.2574284	-0.3489176	-0.31273046	-0.25548086	0.30545226	-0.2988984	-0.28037673	0.32968426	0.25728357	-0.31507364	-0.2623695	-0.2668898	-0.27247906	0.28522742	0.2917917	0.27443078	0.28786957	-0.27365518	-0.27947074	0.31726387	0.28573766	-0.2714379	0.2727268	-0.24053021	-0.3359357	0.33190474	-0.2597142	-0.30633906	0.28050137	-0.3037018	0.3064884	0.2749415	-0.24969451	-0.25085807	-0.27634546	-0.24923812	0.344355	-0.32382625	-0.24643432	0.25709006	0.26567957	-0.333182	-0.31753173	-0.29348922	-0.31887627	-0.28697097	-0.331645	0.2630392	-0.28467587	-0.31730816	-0.26688054	-0.31749934	0.30329755	0.27482763	-0.27518773	0.29661995	0.2568337	-0.30519825	0.28556746	0.27614033	-0.32483122	0.2834472	0.32665822	-0.30762103	-0.34457427	0.3272722	0.27097663	0.2852692	-0.27769053	-0.27447438	0.33903816	0.29901072	-0.26850462	0.27721816	0.24462996	0.23937772	0.2547275	0.2859408	0.28123346	-0.28771275	-0.32642302	0.29762164	0.30514434	-0.24669412	0.3076299	-0.3155483	0.26882145	0.33427978	-0.28568387	0.27983573	-0.2633275
-0.3835625	-0.3945724	-0.41370836	0.34702334	-0.386555	-0.3366647	0.3407626	0.39538044	0.35839275	0.34883776	-0.36536056	-0.38121545	-0.3808659	0.36051217	-0.40820515	-0.40676036	0.40774214	0.38847342	-0.36286303	-0.3511556	-0.40869784	-0.3296634	0.3231949	0.3956833	0.392453	0.3391372	-0.39868292	-0.3384739	0.3541211	0.39892653	-0.43329746	0.36421385	-0.34928206	-0.38347587	0.41406846	-0.39364973	-0.3428984	0.40941176	-0.33303237	0.2994742	0.33878	-0.4393581	-0.33080867	-0.4327828	-0.32325342	0.39825648	-0.32097766	-0.39117768	0.3375135	0.4089607	-0.3572231	-0.40179333	-0.31316602	-0.38074872	-0.3761597	-0.43968162	0.42835787	-0.35156292	-0.3605349	-0.41481242	-0.38515508	0.37699118	0.34277198	-0.42394853	0.41897684	0.36507228	-0.433076	0.32718784	0.412841	-0.41988376	0.3870825	0.399806	-0.33624998	-0.41792896	0.40105808	0.36512086	0.35619783	-0.4125771	-0.39799193	0.37191632	0.3949852	-0.37765628	0.41945037	0.3844687	0.35972267	0.34074017	0.42207506	0.33813852	-0.3041439	-0.37593704	0.43926245	0.3433463	-0.35942155	0.35875952	-0.33971903	0.3565274	0.34653732	-0.33567518	0.40969497	-0.37385467
-0.40463567	-0.46014765	-0.4144484	0.43281624	-0.43575743	-0.3830021	0.34673238	0.35944632	0.37655428	0.38260254	-0.42339647	-0.41066027	-0.39963484	0.41255912	-0.4059478	-0.40420082	0.38015231	0.36380708	-0.38251764	-0.41144297	-0.42624536	-0.3768959	0.35957208	0.37804157	0.41461515	0.4389097	-0.36932665	-0.3577388	0.44663277	0.39841804	-0.39017624	0.37275776	-0.42611825	-0.37278476	0.36163983	-0.4032734	-0.3578343	0.45383438	-0.43719712	0.37528872	0.4461074	-0.37100083	-0.4397329	-0.3590883	-0.40445006	0.4094652	-0.33850306	-0.3977292	0.39593428	0.3720614	-0.35278726	-0.35951537	-0.4417628	-0.45101008	-0.44313586	-0.42272958	0.37240177	-0.4344012	-0.36365485	-0.41767082	-0.38304475	0.36185628	0.42141786	-0.37299952	0.44540215	0.38944682	-0.44814125	0.37036926	0.40270406	-0.43309477	0.36772472	0.36460745	-0.3571256	-0.42426413	0.3546846	0.44610888	0.34506476	-0.39628455	-0.38757354	0.33793354	0.37280658	-0.42290232	0.4361982	0.44837788	0.34681758	0.38712278	0.37456024	0.40079308	-0.42503458	-0.40689787	0.37534973	0.4459623	-0.43548056	0.4342817	-0.4132238	0.3990465	0.3988425	-0.35877466	0.44671884	-0.35379222
-0.46805707	-0.52518094	-0.5143048	0.5343647	-0.4720588	-0.41786745	0.44534752	0.45588955	0.48776135	0.47031838	-0.46106097	-0.51586133	-0.5044826	0.5129955	-0.5036847	-0.48070148	0.42699838	0.5374658	-0.4507455	-0.4676669	-0.48237136	-0.49594256	0.45480177	0.47636798	0.5049199	0.46949536	-0.47320348	-0.49820727	0.44719478	0.48024514	-0.5286025	0.48442373	-0.5203752	-0.43889102	0.5304905	-0.49715975	-0.4196526	0.45502347	-0.47594595	0.4392957	0.45420974	-0.4661947	-0.44375893	-0.47361895	-0.53910893	0.44239837	-0.42485276	-0.5594107	0.48331305	0.428965	-0.47413012	-0.5475098	-0.5005337	-0.5636177	-0.46432	-0.46628055	0.48037642	-0.51836115	-0.43492478	-0.4857942	-0.46501428	0.49564826	0.45951802	-0.53249913	0.5182385	0.55012155	-0.5475662	0.49541292	0.48089087	-0.5587177	0.48688734	0.52070814	-0.5115066	-0.48425847	0.48672494	0.47841704	0.50497526	-0.5364265	-0.52125806	0.4462611	0.4681704	-0.51090837	0.50241995	0.5354313	0.48365897	0.4916314	0.5402338	0.5333312	-0.5017546	-0.45780846	0.4964069	0.4551094	-0.45585856	0.44491217	-0.4554347	0.4954286	0.49825883	-0.5059884	0.48600408	-0.49277604
-0.004260001	-0.0637579	-0.029490877	0.040707335	-0.07032634	0.09858454	0.032670923	0.021342572	0.07966113	0.01760008	-0.013444804	-0.028245818	-0.030512031	0.08561118	-0.00032184136	-0.068209454	0.053106982	0.030292852	-0.019780865	0.0074399365	-0.03656006	-0.013543021	0.026285501	0.051479176	0.03844717	-0.00023868054	-0.027465299	-0.035137866	0.0675244	0.04382624	-0.06717946	0.006096401	-0.024332022	-0.0054015443	0.000302412	-0.031707525	-0.017947245	0.060139213	-0.036005124	0.010759757	0.045737553	-0.059673972	-0.01144166	-0.076391734	-0.058650218	0.047090016	-0.0077418517	-0.009800874	0.02420467	-0.032104053	-0.054547597	-0.08948062	-0.060482163	-0.07494405	-0.08183081	-0.016331188	0.033036653	0.0012209201	-0.06338225	-0.06434792	-0.031606723	0.012151283	0.05952432	-0.048772376	0.08129177	0.013516053	-0.054120786	0.047900174	0.06568911	-0.038888816	0.066292726	0.053327434	0.0064203967	0.015471454	0.05623617	0.07824042	0.062006	-0.0065032635	0.0018926234	-0.031691033	0.022710335	-0.05672088	0.013133502	0.08422009	0.016365401	0.015390218	0.035241827	0.07836782	-0.063248254	-0.07541545	0.007198605	0.073225185	-0.05781089	-0.015720583	-0.03162568	0.064250216	0.02514657	0.048736233	0.023983708	-0.05578776
-0.095185235	-0.06830899	-0.1204866	0.08137012	-0.08511958	0.039878692	0.118361965	0.093968526	0.09986763	0.11173323	0.008865961	-0.09306994	-0.055604074	0.055927858	-0.053955562	-0.08399584	0.03259306	0.06767546	-0.044518005	-0.015585341	-0.07695481	-0.04732353	0.032456953	0.074088916	0.07325141	0.10246495	-0.087426566	-0.07297144	0.048560955	0.05988904	-0.08898425	0.032325212	-0.016946027	-0.049980417	0.10010535	-0.0019337658	-0.036017433	0.11702547	-0.046642125	0.087354265	-0.017039396	-0.030965172	-0.046672825	-0.082988806	-0.04542358	-0.03271865	-0.024595253	-0.06436145	0.03866726	-0.045088235	-0.11520958	-0.061690267	-0.080912896	-0.043120995	-0.06508865	-0.054088823	0.021635829	0.00089155696	-0.0500766	-0.036861565	-0.055781372	0.012146163	0.087988354	-0.018678242	0.11650296	0.08109272	-0.11131297	0.10142155	0.06131212	-0.09708151	0.024469309	0.062909946	-0.06380137	-0.045503184	0.05250596	0.09613727	0.075893074	-0.07609842	-0.061430804	0.001085559	0.033326533	-0.08230637	0.0525435	0.055272967	0.027189681	0.06480243	0.051444463	0.12436721	-0.03864887	-0.052269377	0.12141822	0.09327301	-0.08052022	-0.030994266	-0.04787464	0.0949798	0.018618552	0.041769996	0.075531825	-0.033001546
-0.14255199	-0.15731382	-0.17755231	0.20579436	-0.19377267	-0.14340626	0.21895358	0.14066276	0.1559729	0.15067539	-0.19287825	-0.21338937	-0.2193164	0.21684144	-0.18082388	-0.18714523	0.16366516	0.17590359	-0.13135695	-0.22402133	-0.18952186	-0.19567174	0.12437124	0.15874024	0.1246233	0.13038227	-0.19932023	-0.21209124	0.17991845	0.18234777	-0.1768126	0.14719163	-0.18870565	-0.1889428	0.1980095	-0.21879227	-0.14236085	0.17644602	-0.21384023	0.15035056	0.14207427	-0.18667576	-0.13751593	-0.13126218	-0.20426872	0.16197307	-0.14038503	-0.20073248	0.20245692	0.12812576	-0.19945537	-0.14486727	-0.14515574	-0.15006788	-0.18150741	-0.2160133	0.20360269	-0.16522592	-0.13710472	-0.22263591	-0.198408	0.17973578	0.19453344	-0.20426203	0.13517241	0.15701078	-0.14835858	0.21286844	0.17872122	-0.20990618	0.14930956	0.18714035	-0.15577583	-0.14536196	0.12621532	0.20713529	0.21116874	-0.1931734	-0.18915734	0.2102828	0.12889394	-0.17607899	0.19657162	0.16698748	0.21506575	0.17558587	0.1287638	0.12623367	-0.1677566	-0.12955043	0.17907266	0.18177132	-0.19964178	0.17364642	-0.13556148	0.2198813	0.1800824	-0.20311338	0.18861392	-0.15531234
-0.6298574	-0.6251278	-0.5523625	0.6722831	-0.55104464	-0.5447728	0.59593326	0.59846133	0.6663496	0.61544925	-0.6152961	-0.6392833	-0.64249444	0.5957615	-0.63773054	-0.6627056	0.627812	0.60519755	-0.62036264	-0.64187247	-0.724655	-0.69635016	0.5456492	0.59342796	0.5991585	0.61449546	-0.6780184	-0.5859105	0.6269297	0.6138579	-0.6481046	0.6332865	-0.62345725	-0.48673436	0.70006406	-0.63204294	-0.5565492	0.5941538	-0.618702	0.52745104	0.59540135	-0.5454917	-0.62702525	-0.6658861	-0.608133	0.6273517	-0.53704983	-0.66578025	0.623919	0.59918845	-0.52016616	-0.6834585	-0.52440256	-0.5825526	-0.56973934	-0.64846396	0.6783265	-0.64540774	-0.5879323	-0.5892129	-0.6595948	0.53826034	0.5550203	-0.706804	0.70715666	0.680638	-0.5897015	0.6215961	0.62112904	-0.60914236	0.57563424	0.61761355	-0.6605461	-0.54923284	0.61175895	0.5845674	0.60130554	-0.6501572	-0.54065084	0.5349362	0.61663514	-0.5017781	0.6628243	0.54559886	0.58287454	0.6731496	0.6633617	0.65232486	-0.5288382	-0.6094569	0.60985065	0.5306039	-0.6803648	0.6138521	-0.609907	0.6474995	0.70751727	-0.5054421	0.63322556	-0.6663244
-0.3068067	-0.3573704	-0.29718855	0.35015017	-0.3329134	-0.30048463	0.34486732	0.3152316	0.27368617	0.33402008	-0.33523807	-0.27710164	-0.27514228	0.3009323	-0.29183376	-0.27901968	0.2842054	0.36007416	-0.31713614	-0.34155622	-0.3548434	-0.3150939	0.25946915	0.3584759	0.3097687	0.2956335	-0.27397576	-0.30950356	0.25054237	0.28243193	-0.28088805	0.33015183	-0.26252055	-0.34693822	0.324586	-0.28896636	-0.27349782	0.35466835	-0.2973482	0.31189913	0.26383358	-0.35256633	-0.31979445	-0.30995128	-0.3008111	0.24563721	-0.27796578	-0.35718122	0.28222552	0.25867987	-0.30786788	-0.31344628	-0.32988188	-0.35353404	-0.2942366	-0.31515968	0.33747527	-0.32690915	-0.27116722	-0.32901722	-0.3106973	0.34194824	0.29063222	-0.259086	0.3409775	0.3339442	-0.29113492	0.2915594	0.3161303	-0.2964215	0.27980608	0.27176857	-0.29064155	-0.3240449	0.28661212	0.28022444	0.2908527	-0.3122658	-0.30646297	0.3227472	0.31152737	-0.27004063	0.3547052	0.35055014	0.2984634	0.3616354	0.27061152	0.36864457	-0.28948867	-0.31571892	0.31109408	0.28943324	-0.29212865	0.28359398	-0.34704497	0.3360362	0.3086879	-0.29820052	0.29025233	-0.27096084
-0.2277898	-0.2020373	-0.26736036	0.24145472	-0.1941599	-0.09876861	0.15298119	0.25227448	0.20026752	0.21720184	-0.18728045	-0.2672378	-0.17766352	0.18398216	-0.15708886	-0.1945993	0.21146142	0.19705366	-0.17584349	-0.24950507	-0.22596288	-0.18665227	0.23461679	0.20681354	0.2127444	0.22510552	-0.23580061	-0.24311571	0.22788729	0.24775258	-0.19417723	0.20562363	-0.22426346	-0.18735826	0.19061989	-0.20743455	-0.20228694	0.2571084	-0.21024175	0.24078283	0.25874203	-0.15925768	-0.18323232	-0.26532218	-0.24528836	0.17909802	-0.21943991	-0.17241123	0.1978074	0.1405317	-0.19817956	-0.2723408	-0.23854467	-0.17011818	-0.19280697	-0.2522808	0.2026102	-0.22799698	-0.21505728	-0.2012131	-0.19624722	0.21731868	0.17041093	-0.27016288	0.17710316	0.25894603	-0.1848891	0.22033958	0.2393324	-0.26475644	0.17811762	0.17781816	-0.17939709	-0.23145497	0.2497459	0.17063716	0.23356438	-0.19903207	-0.18305805	0.119823344	0.17599279	-0.22135033	0.17101362	0.17574622	0.22134677	0.24015836	0.2074014	0.18266292	-0.20994374	-0.22878376	0.1882177	0.21522059	-0.20191878	0.16959882	-0.16316019	0.20434576	0.21132457	-0.16419466	0.22136238	-0.23030134
-0.5936778	-0.5850402	-0.6330928	0.5768473	-0.63663024	-0.48879895	0.6407583	0.6614067	0.67807883	0.57969	-0.62410885	-0.59822065	-0.60480225	0.57917035	-0.63389117	-0.62392	0.6319741	0.61801237	-0.5911639	-0.59841853	-0.6502345	-0.6501309	0.58266544	0.6630023	0.60539347	0.5973053	-0.65789443	-0.63282377	0.549346	0.63629013	-0.5707473	0.5905681	-0.5656584	-0.6351416	0.67556566	-0.5465702	-0.55346775	0.57335585	-0.58734655	0.5968387	0.5466353	-0.56700104	-0.6303559	-0.629439	-0.65422887	0.5276036	-0.595665	-0.63457733	0.5382713	0.5869396	-0.6001932	-0.67476195	-0.6155255	-0.6519094	-0.59467524	-0.60016525	0.65537816	-0.62894464	-0.59984744	-0.6020618	-0.5915273	0.5750187	0.6418574	-0.6053491	0.6386978	0.67392546	-0.5900282	0.67156607	0.6387628	-0.61998266	0.6271284	0.59851545	-0.63738304	-0.55252814	0.67327434	0.6494214	0.5913607	-0.6056483	-0.61490196	0.48404095	0.6590352	-0.6241489	0.5993035	0.6191249	0.5715713	0.6058751	0.59842587	0.6639458	-0.63030005	-0.55129534	0.61595756	0.5895246	-0.6303829	0.5324301	-0.6009115	0.6390439	0.6572484	-0.5334531	0.6630771	-0.652782
-0.28109193	-0.3214887	-0.2833743	0.30452123	-0.31784874	-0.27859494	0.3653465	0.3018169	0.3623302	0.29286787	-0.29053426	-0.3682915	-0.3705614	0.3025864	-0.2923218	-0.3243079	0.29138917	0.36341557	-0.28444514	-0.35211548	-0.3127525	-0.3383961	0.27950403	0.2911399	0.2779442	0.2821478	-0.3302612	-0.29193994	0.34293652	0.37283522	-0.2880227	0.30755135	-0.3254065	-0.3315441	0.3465892	-0.28254822	-0.28576973	0.3555578	-0.28293583	0.3077731	0.32717657	-0.32724696	-0.36436075	-0.3721843	-0.3590752	0.3766828	-0.29476118	-0.28624985	0.30705717	0.3373103	-0.31821623	-0.33727852	-0.3611688	-0.33758253	-0.2817075	-0.31188542	0.36872008	-0.3237021	-0.36150104	-0.29600683	-0.295752	0.316143	0.36063632	-0.37395245	0.3342803	0.37917808	-0.37552	0.29102555	0.33808795	-0.29779762	0.3483104	0.31903917	-0.31527403	-0.3106211	0.34714857	0.37440956	0.29724672	-0.322707	-0.32585058	0.23893802	0.38098425	-0.29349756	0.31804547	0.34935263	0.30380678	0.33637455	0.35816827	0.3004648	-0.3384967	-0.34854358	0.348495	0.35788614	-0.35882467	0.32485607	-0.2869778	0.32357666	0.31477255	-0.32321936	0.32150948	-0.2909596
-0.62161505	-0.6193035	-0.58484936	0.6255006	-0.6335002	-0.58128947	0.60308146	0.60532993	0.59234834	0.6284753	-0.57935	-0.6455451	-0.6015065	0.5465704	-0.56304675	-0.5882475	0.6298373	0.5515595	-0.5752572	-0.61005545	-0.60178274	-0.56428075	0.6370731	0.61444503	0.64602137	0.6204002	-0.58572537	-0.61526453	0.611769	0.6451308	-0.643741	0.5759434	-0.5879857	-0.538966	0.58923113	-0.58088315	-0.5916024	0.6183346	-0.55680466	0.6198063	0.5868254	-0.57727796	-0.6114564	-0.6434194	-0.6186802	0.6390055	-0.53564304	-0.60255283	0.59202355	0.5664991	-0.592898	-0.6613586	-0.6292759	-0.6508191	-0.65151966	-0.6136809	0.5604692	-0.57575905	-0.5706114	-0.59580415	-0.56479776	0.5635991	0.58000517	-0.5767506	0.5955523	0.58068144	-0.6306401	0.63644123	0.5720409	-0.6530368	0.6247387	0.61698407	-0.6294197	-0.5681105	0.63209355	0.6498541	0.58317274	-0.6190561	-0.57361203	0.55600125	0.56674254	-0.53334993	0.65205956	0.6439815	0.5941102	0.5730669	0.5879292	0.60537094	-0.58830994	-0.6335735	0.65352535	0.6298001	-0.5744836	0.60103744	-0.59457785	0.6227489	0.6198326	-0.5884611	0.64325047	-0.658245
-0.5689841	-0.57238454	-0.49184126	0.5221115	-0.50321907	-0.48945144	0.473097	0.53757435	0.5964493	0.49885732	-0.55337846	-0.5106919	-0.48224723	0.5154659	-0.47972083	-0.5526847	0.50531346	0.5784788	-0.5587951	-0.53119147	-0.5408538	-0.57596874	0.48364943	0.52229244	0.56674963	0.5310557	-0.5217718	-0.49320394	0.5077049	0.5637035	-0.536945	0.52782613	-0.57640105	-0.43107006	0.53114927	-0.48120546	-0.4660609	0.4949759	-0.550485	0.5543949	0.5582645	-0.547729	-0.5291976	-0.5752896	-0.52219707	0.510059	-0.41560218	-0.48337346	0.49503356	0.48332384	-0.48687652	-0.571565	-0.5180228	-0.55734754	-0.4973568	-0.5234768	0.5720943	-0.4791465	-0.49087885	-0.5527008	-0.52633244	0.4630295	0.5403276	-0.49280012	0.51545507	0.54730016	-0.49735606	0.5830797	0.51715475	-0.54543644	0.49681684	0.49071032	-0.55831	-0.5249654	0.48404342	0.56348515	0.54975766	-0.5237206	-0.45998716	0.42533734	0.49567765	-0.48136732	0.5529845	0.5470426	0.48479825	0.5185742	0.5368695	0.5071549	-0.4494186	-0.4626115	0.5765101	0.50608355	-0.5101997	0.47670516	-0.5298869	0.59233373	0.5558439	-0.42232677	0.54706585	-0.5393792
-0.59686	-0.6188002	-0.56314576	0.56184083	-0.57633436	-0.5688801	0.5940243	0.5915042	0.5944368	0.5894286	-0.5192181	-0.53470653	-0.5292593	0.5458412	-0.5340058	-0.55397093	0.5484484	0.56112957	-0.57655555	-0.5690476	-0.54857445	-0.64192533	0.54484624	0.54351175	0.54877716	0.62426835	-0.61699075	-0.5728838	0.61404127	0.5781512	-0.6040559	0.5385126	-0.58575004	-0.550033	0.5561871	-0.52585393	-0.5899667	0.64165705	-0.58417386	0.61181873	0.5223932	-0.57094157	-0.5917053	-0.5982411	-0.56853217	0.5706749	-0.55689234	-0.56639445	0.57440335	0.56118834	-0.6436565	-0.55775476	-0.5608367	-0.54450315	-0.5943569	-0.5817178	0.5405281	-0.5372806	-0.51012146	-0.62160534	-0.60643023	0.5441922	0.5736211	-0.6137018	0.5958863	0.63298917	-0.5539595	0.5969109	0.5561445	-0.59802336	0.61713684	0.57331467	-0.6108407	-0.59306157	0.59976083	0.6058079	0.53308046	-0.5757398	-0.5940737	0.5729129	0.61883956	-0.62074256	0.57732064	0.5890921	0.5782379	0.6167195	0.60270095	0.59078074	-0.5890656	-0.57650256	0.5449883	0.5767043	-0.5561414	0.5745012	-0.5610185	0.5827683	0.6121603	-0.60141593	0.6083608	-0.5252197
-0.48873517	-0.52580935	-0.47828102	0.5356278	-0.49797335	-0.4784595	0.55044013	0.54747677	0.55481493	0.5149317	-0.46577367	-0.56145775	-0.55305773	0.563963	-0.48330355	-0.56581557	0.5282864	0.49080238	-0.49078307	-0.5128421	-0.5189859	-0.541545	0.46849713	0.49878323	0.5555844	0.5220913	-0.53546995	-0.4893631	0.51882267	0.51838315	-0.5726739	0.54677594	-0.54256505	-0.49474066	0.5253437	-0.5462987	-0.46075496	0.572269	-0.51136523	0.528181	0.5735643	-0.5362871	-0.53660333	-0.48612413	-0.5249027	0.51393616	-0.49730128	-0.51091224	0.4988413	0.5081664	-0.52999294	-0.53135765	-0.49528536	-0.49059683	-0.47886342	-0.47915542	0.5501686	-0.5492174	-0.49811038	-0.47779724	-0.51526487	0.50056344	0.4680422	-0.48435935	0.4908206	0.49064428	-0.51495826	0.53629833	0.49623284	-0.525533	0.51629037	0.50449884	-0.48213091	-0.4827821	0.51084584	0.47816202	0.49953315	-0.56420624	-0.4764008	0.49486807	0.48228204	-0.45671695	0.49173522	0.46570072	0.50008273	0.5564135	0.5458784	0.5496694	-0.46441844	-0.55198103	0.5640128	0.4996566	-0.5332376	0.5627983	-0.5395668	0.48527467	0.5389571	-0.47316155	0.5459555	-0.4827981
-0.66494614	-0.6361872	-0.6604595	0.61999786	-0.6691515	-0.6534252	0.6685539	0.6524513	0.692546	0.63170815	-0.68393856	-0.68283343	-0.6707247	0.600359	-0.6219644	-0.7107555	0.6748585	0.6047837	-0.6373591	-0.6688218	-0.6707535	-0.6994895	0.6895903	0.70137507	0.6861108	0.6120962	-0.70139146	-0.6295242	0.6849412	0.70780385	-0.65058684	0.701646	-0.6975122	-0.63343143	0.6779284	-0.674245	-0.5768926	0.6483577	-0.66125345	0.60183626	0.63448775	-0.64790213	-0.6649498	-0.6469578	-0.6700897	0.6836568	-0.5629848	-0.7076904	0.6841478	0.634275	-0.62685144	-0.7350939	-0.6419009	-0.6681458	-0.6609174	-0.63972545	0.7191595	-0.6176229	-0.6824935	-0.6626477	-0.63223046	0.6768162	0.5906193	-0.682547	0.727188	0.7199247	-0.6139032	0.6792372	0.6848036	-0.6485064	0.653893	0.66505945	-0.6592027	-0.6871367	0.70588446	0.69057906	0.6813214	-0.6370286	-0.6579456	0.54365355	0.6958088	-0.6591295	0.6952714	0.66785693	0.5670728	0.6334785	0.6273943	0.6745921	-0.5905533	-0.66404206	0.69095063	0.6859212	-0.705234	0.549864	-0.6465416	0.62429124	0.6461843	-0.54342407	0.6528969	-0.64152235
-0.27846366	-0.3395885	-0.32986125	0.35933593	-0.27683172	-0.3402215	0.2921032	0.29248983	0.30044615	0.30457813	-0.3305689	-0.3673148	-0.33815628	0.30996007	-0.36650416	-0.32892308	0.27486828	0.27098984	-0.28685167	-0.27465865	-0.2882211	-0.29562232	0.3367449	0.35711756	0.31325325	0.31931654	-0.3343431	-0.27793786	0.3300623	0.30597156	-0.36024156	0.33953157	-0.34855953	-0.28604388	0.2754613	-0.33549532	-0.25754344	0.28984374	-0.268405	0.2777134	0.3091725	-0.33124468	-0.3384607	-0.26222387	-0.3276848	0.31546366	-0.30129325	-0.26189414	0.28199917	0.29636362	-0.30746	-0.36938593	-0.25718093	-0.3074124	-0.31533578	-0.33737287	0.34059083	-0.35768652	-0.31922245	-0.31151378	-0.3214907	0.3522811	0.3098201	-0.3180878	0.31643647	0.31933865	-0.35022447	0.27533355	0.35630888	-0.32966438	0.32379407	0.33678776	-0.26788503	-0.26955485	0.3129863	0.34283486	0.30460814	-0.3339331	-0.25779104	0.32716098	0.2672787	-0.32295698	0.33320615	0.2947131	0.2815129	0.35086596	0.33506247	0.35176292	-0.268794	-0.35700184	0.29743662	0.28419313	-0.3421346	0.2990614	-0.26379314	0.34149373	0.35502732	-0.23732282	0.26555592	-0.3659605
-0.5913019	-0.6434506	-0.6655982	0.6760552	-0.55319244	-0.6050996	0.5193417	0.5261887	0.62406814	0.5707019	-0.6305907	-0.6054597	-0.63074726	0.55656165	-0.60015285	-0.5869362	0.60929453	0.61113936	-0.63796467	-0.6294622	-0.5809726	-0.6024187	0.62040275	0.60965234	0.5857231	0.58629024	-0.6727197	-0.5864067	0.6704981	0.5797004	-0.6105425	0.63934904	-0.5933927	-0.522084	0.6068198	-0.61957693	-0.556792	0.6541393	-0.6123972	0.6100665	0.6828674	-0.65345234	-0.6598484	-0.6051116	-0.5972319	0.57108825	-0.5800551	-0.5654082	0.6198802	0.5609899	-0.57261235	-0.6463988	-0.5676635	-0.5640778	-0.669834	-0.67424273	0.6204747	-0.6312875	-0.5693608	-0.64850074	-0.63108546	0.6041523	0.5294139	-0.6205073	0.63273394	0.615569	-0.64146477	0.58620095	0.6540328	-0.62009144	0.65531147	0.6634695	-0.6706532	-0.62789404	0.64247465	0.6061903	0.6080141	-0.58439326	-0.5759433	0.5169592	0.5830798	-0.6053737	0.6680422	0.61488473	0.5854496	0.65360504	0.63735825	0.5739332	-0.51906735	-0.5995063	0.6398586	0.6337925	-0.6220253	0.58265454	-0.65507483	0.61328775	0.632533	-0.47935155	0.60798603	-0.6586326
-0.7077253	-0.7959021	-0.7212096	0.7889102	-0.7573854	-0.72662276	0.7014735	0.6557098	0.79816175	0.7739526	-0.74562395	-0.7905508	-0.79676896	0.7467683	-0.7286646	-0.76520073	0.77101445	0.6833538	-0.7619443	-0.69710445	-0.77508825	-0.75782466	0.7375108	0.71604985	0.71621376	0.7728114	-0.72335386	-0.73441607	0.7843204	0.7127715	-0.7608643	0.81125957	-0.7574884	-0.68232065	0.72764426	-0.7384418	-0.64299774	0.78250015	-0.71709096	0.69548607	0.7237409	-0.71254176	-0.7045725	-0.7969668	-0.6987921	0.77224547	-0.7147532	-0.7465491	0.70781213	0.734416	-0.65667915	-0.7807351	-0.65451586	-0.78364915	-0.7794364	-0.7234072	0.775857	-0.75100076	-0.75424	-0.77385694	-0.79756606	0.7331999	0.70694494	-0.80225456	0.7943366	0.79361945	-0.71837294	0.7183309	0.70886034	-0.8005826	0.71346587	0.78241336	-0.7381427	-0.7300566	0.72319174	0.7025924	0.68902457	-0.79121435	-0.64188564	0.65966403	0.7003113	-0.6813113	0.7877382	0.69921416	0.67949003	0.7206258	0.74375516	0.7803179	-0.69098204	-0.6841192	0.779763	0.75785184	-0.7793729	0.79457086	-0.7038704	0.6895273	0.74646026	-0.58857596	0.6881148	-0.7558594
-0.5525867	-0.60108453	-0.56186813	0.604528	-0.54529226	-0.52797693	0.58492815	0.5569277	0.6065692	0.61108726	-0.5895026	-0.54747754	-0.52643645	0.5498342	-0.5419509	-0.61451554	0.60831565	0.58271724	-0.5740099	-0.5877772	-0.52455163	-0.5769361	0.53793246	0.57732093	0.5447507	0.60413855	-0.570457	-0.5724824	0.5458261	0.58906716	-0.6033279	0.61712205	-0.57924515	-0.5265344	0.57659924	-0.57737416	-0.54784226	0.5881639	-0.5206606	0.55294114	0.58193064	-0.5713248	-0.54996395	-0.53746974	-0.5670461	0.51885945	-0.5470024	-0.5641948	0.566028	0.53783077	-0.49686158	-0.5654034	-0.5127261	-0.609909	-0.5620333	-0.5798986	0.6061134	-0.5642144	-0.52665484	-0.56126016	-0.530704	0.58801645	0.5026309	-0.5534176	0.58625495	0.59264165	-0.5431709	0.5644503	0.5782865	-0.57227564	0.57650125	0.60584325	-0.56210023	-0.5923602	0.527817	0.5752275	0.52255255	-0.61616766	-0.5020923	0.42024982	0.52006936	-0.58408254	0.5858446	0.5193418	0.48509958	0.59338146	0.52060354	0.5462525	-0.5317864	-0.54022926	0.5219826	0.56950235	-0.57689625	0.47515872	-0.57627827	0.5678294	0.52296484	-0.4354053	0.56814903	-0.5455739
-0.35291767	-0.41245422	-0.3849879	0.3534179	-0.40601823	-0.38622022	0.36076656	0.34677798	0.3950176	0.43747604	-0.35151726	-0.35609296	-0.36275625	0.4046765	-0.41227838	-0.39890862	0.37491724	0.41163623	-0.42364672	-0.36426732	-0.44708946	-0.3626933	0.38897184	0.3514239	0.39189744	0.40649655	-0.4235255	-0.37056208	0.35345125	0.4267511	-0.3749675	0.41896755	-0.41174123	-0.3831242	0.39511654	-0.38986433	-0.33582428	0.37186894	-0.38733345	0.42797428	0.39215776	-0.3768724	-0.3831359	-0.4221769	-0.42021394	0.35440677	-0.34942532	-0.4060485	0.43492907	0.44139737	-0.32036972	-0.3862478	-0.3827926	-0.4039376	-0.42013797	-0.36545628	0.40201953	-0.40561092	-0.3589332	-0.35145319	-0.41346416	0.36465284	0.36329374	-0.42474854	0.41713482	0.43781656	-0.3616104	0.39407277	0.41238958	-0.38476443	0.4200754	0.39168382	-0.40513954	-0.40177226	0.37791333	0.3560938	0.40449217	-0.39507568	-0.42733806	0.33973524	0.39650056	-0.35963345	0.42061538	0.43991324	0.30639982	0.3809073	0.3775657	0.389933	-0.41297483	-0.40951025	0.4243326	0.41039547	-0.3800444	0.32497793	-0.39251712	0.36305428	0.44457376	-0.36306712	0.35672122	-0.39267105
-0.4512201	-0.49042174	-0.44529578	0.51366097	-0.45296627	-0.47661483	0.431452	0.43563682	0.4872856	0.4705302	-0.4856079	-0.44267493	-0.47987926	0.48978862	-0.48308074	-0.5326964	0.45752665	0.50376797	-0.52284235	-0.43485034	-0.5260264	-0.5299476	0.45451266	0.45759737	0.5091756	0.4428706	-0.46122468	-0.4283651	0.4990889	0.4538785	-0.4890222	0.486771	-0.46238112	-0.46078727	0.52967215	-0.48424867	-0.48778567	0.5126633	-0.46659797	0.46058226	0.45670786	-0.47283095	-0.47303742	-0.43328702	-0.51370007	0.46406963	-0.48803508	-0.4776279	0.52806777	0.49955818	-0.42538452	-0.52202934	-0.49370366	-0.51229966	-0.5119604	-0.5288424	0.45229745	-0.4607862	-0.44349697	-0.4861934	-0.5068581	0.4287564	0.45346868	-0.4693884	0.53836894	0.50849694	-0.5012637	0.4889412	0.4899963	-0.46427438	0.47877812	0.5040048	-0.47566628	-0.5020387	0.47877675	0.43935987	0.4564911	-0.51149	-0.44060266	0.4596877	0.4382158	-0.46755892	0.5143326	0.47589827	0.48350358	0.48475364	0.49359566	0.5115897	-0.51831055	-0.438506	0.48262632	0.44315106	-0.50965875	0.4962065	-0.43150502	0.462071	0.44735894	-0.3871604	0.45591107	-0.4632321
-0.12890954	-0.1715995	-0.21918853	0.14875227	-0.1328912	-0.19243583	0.17305644	0.122979045	0.14113246	0.18902452	-0.21632142	-0.16240026	-0.19331655	0.15035427	-0.19075118	-0.1963111	0.14198025	0.21869801	-0.17668147	-0.19136089	-0.19408847	-0.21275671	0.21019466	0.20724435	0.13756837	0.1368197	-0.13639499	-0.18018419	0.17965832	0.1945989	-0.192368	0.22002365	-0.18724142	-0.12812835	0.13258211	-0.1558872	-0.18380411	0.19117442	-0.22169511	0.19748022	0.15511005	-0.2225727	-0.21421875	-0.17289828	-0.19661437	0.17253703	-0.19515663	-0.21825968	0.18659894	0.2001349	-0.15230808	-0.14571764	-0.19850923	-0.16805884	-0.199717	-0.12806045	0.16649157	-0.15055077	-0.15161999	-0.13647588	-0.14245166	0.17523336	0.18490209	-0.12298113	0.18944025	0.14542124	-0.19883782	0.21336843	0.20084311	-0.1779643	0.14811315	0.12465554	-0.17665917	-0.15100841	0.14393708	0.21157219	0.1615052	-0.18255405	-0.21425146	0.20414382	0.14525816	-0.20729981	0.14072332	0.14864911	0.16035171	0.18383941	0.13489668	0.18223353	-0.13619748	-0.12523001	0.14790387	0.21913338	-0.162714	0.12480256	-0.18046816	0.1246283	0.12541226	-0.20547086	0.14251482	-0.12525962
-0.53459466	-0.6085918	-0.5674312	0.52190566	-0.5817354	-0.55439126	0.57328176	0.61115515	0.5306684	0.5904135	-0.52746993	-0.56395096	-0.578036	0.5144862	-0.5753438	-0.60488725	0.60764086	0.5377366	-0.5858661	-0.6025083	-0.52209854	-0.51757705	0.5958959	0.59243685	0.5120255	0.5601086	-0.56755453	-0.5845243	0.5942874	0.5677175	-0.60579115	0.5393482	-0.5958955	-0.47030655	0.51365674	-0.62390065	-0.5382479	0.59766006	-0.5099381	0.58986735	0.60052365	-0.5668753	-0.5877648	-0.5353337	-0.54847527	0.54105085	-0.49847117	-0.60321194	0.54639095	0.56031317	-0.6279369	-0.60241777	-0.54828805	-0.5277567	-0.5241449	-0.5543242	0.56585765	-0.57804257	-0.59676814	-0.5251302	-0.52085996	0.5964657	0.54168904	-0.54536027	0.5803987	0.5719218	-0.5703718	0.60492074	0.5451253	-0.5871579	0.58956224	0.6007465	-0.60190904	-0.6060708	0.5845355	0.5899282	0.4971835	-0.604653	-0.56403077	0.5424366	0.5791346	-0.5555949	0.5851039	0.57650685	0.57871103	0.53296214	0.6106799	0.5416172	-0.5633455	-0.50238115	0.52896833	0.51586837	-0.607014	0.59553385	-0.54960793	0.5331435	0.5526815	-0.49607024	0.56621635	-0.56267226
-0.4674414	-0.50843483	-0.56418556	0.5314581	-0.51798457	-0.6050481	0.54801923	0.46486706	0.51123	0.54207194	-0.5680338	-0.55239314	-0.5579189	0.55467874	-0.49515098	-0.58754414	0.5668107	0.46200174	-0.55713207	-0.5782765	-0.5149772	-0.54859066	0.51996416	0.56104916	0.51063794	0.5219661	-0.5614663	-0.4662043	0.5357471	0.55932593	-0.4926034	0.5546873	-0.49562022	-0.47392514	0.50696963	-0.5894893	-0.46305025	0.5445901	-0.5588471	0.5373983	0.5222494	-0.521666	-0.5490711	-0.5502324	-0.49768883	0.5078224	-0.5491723	-0.4850295	0.5358247	0.58500624	-0.46897224	-0.5625408	-0.50184375	-0.53564155	-0.5420977	-0.55848414	0.50544983	-0.58113915	-0.56940943	-0.5180158	-0.54054964	0.48388502	0.474108	-0.5149253	0.50238174	0.53167284	-0.45676437	0.5044142	0.56625473	-0.55913174	0.48602456	0.49892384	-0.5077566	-0.51672214	0.5028789	0.47926039	0.48879346	-0.5230222	-0.5417311	0.4075501	0.48485458	-0.44508898	0.5541529	0.49829844	0.45783168	0.4814821	0.5416001	0.5256036	-0.58686656	-0.57725066	0.4981684	0.5102168	-0.52973783	0.58657247	-0.5558792	0.56985074	0.5613005	-0.43973678	0.50986147	-0.5576743
-0.460838	-0.466422	-0.39131668	0.40774012	-0.39801195	-0.43409652	0.42355642	0.42511293	0.4766294	0.383205	-0.4112334	-0.430217	-0.41959646	0.4792868	-0.40947565	-0.38656515	0.48404744	0.4090666	-0.41636258	-0.46144968	-0.41069737	-0.46689424	0.37972343	0.40878624	0.47188386	0.40062493	-0.4709355	-0.45465845	0.39814803	0.45667	-0.4405557	0.39444068	-0.46660864	-0.4542648	0.42403156	-0.4490551	-0.42476916	0.3850755	-0.4225458	0.47800344	0.45321146	-0.40279675	-0.4529204	-0.4239714	-0.43467963	0.44293138	-0.45000207	-0.45521986	0.382231	0.4257076	-0.38139904	-0.3835308	-0.4017138	-0.40578893	-0.38376293	-0.43207595	0.4101208	-0.44275022	-0.42304924	-0.38960773	-0.42709342	0.46620795	0.4608067	-0.4788087	0.41545704	0.44703126	-0.42571315	0.42730606	0.442552	-0.3991992	0.47696486	0.4671229	-0.4253593	-0.4153741	0.43195617	0.4110438	0.4511812	-0.39045843	-0.37292713	0.3957441	0.4066337	-0.43419725	0.43913108	0.388059	0.41093114	0.48243195	0.40518633	0.43934104	-0.44682175	-0.45149457	0.43085778	0.4773181	-0.46566445	0.39805323	-0.4100562	0.4337356	0.4046219	-0.44014838	0.44642162	-0.3665675
-0.46747318	-0.5238371	-0.49548233	0.45568877	-0.46165612	-0.5140845	0.46499217	0.4224502	0.5054153	0.51655614	-0.47523257	-0.4750974	-0.508418	0.42592618	-0.5268893	-0.5026759	0.52467686	0.4712637	-0.47008875	-0.51356864	-0.5371732	-0.45649487	0.4476606	0.521655	0.51692903	0.5049052	-0.44375625	-0.45323002	0.46259004	0.5162097	-0.4977014	0.4453973	-0.50550795	-0.4225804	0.4912345	-0.51759595	-0.415136	0.44598472	-0.4574709	0.4552084	0.44815445	-0.5207109	-0.5373316	-0.5050572	-0.46943334	0.4585579	-0.42923087	-0.4781363	0.4990758	0.49463984	-0.41956884	-0.44598633	-0.43767375	-0.4829376	-0.5368801	-0.48539117	0.5109108	-0.44757262	-0.45129514	-0.50452834	-0.48465937	0.4712256	0.49873093	-0.4501522	0.4565133	0.45552886	-0.43061924	0.44616863	0.52051175	-0.4515162	0.4425021	0.43398803	-0.44583187	-0.47135472	0.47837436	0.5201305	0.4448485	-0.48782688	-0.4545228	0.45548487	0.49142945	-0.4505342	0.49481097	0.5049532	0.38907424	0.41858196	0.4825459	0.45061564	-0.4925574	-0.5345549	0.46554092	0.5273238	-0.43442428	0.4529209	-0.4372939	0.4433031	0.45007175	-0.4824993	0.51800644	-0.4846252
-0.4917065	-0.52783716	-0.5105987	0.5819147	-0.51954144	-0.4750343	0.49168348	0.4676917	0.5558606	0.57452345	-0.5544975	-0.55598223	-0.54524934	0.5578397	-0.48358387	-0.5262215	0.53866625	0.5410666	-0.5143385	-0.5213334	-0.5380102	-0.55055654	0.52693677	0.534937	0.55876714	0.48211357	-0.53554726	-0.5005948	0.493174	0.57882386	-0.56177735	0.53164923	-0.49206406	-0.52080363	0.5188568	-0.57084817	-0.5691604	0.52911675	-0.57626724	0.5363007	0.5246908	-0.57137054	-0.5119434	-0.49895015	-0.50400335	0.5462131	-0.542073	-0.56264716	0.55098563	0.52948695	-0.5488227	-0.5582018	-0.5236952	-0.5094228	-0.569357	-0.53302234	0.5171285	-0.56898755	-0.5562101	-0.5038746	-0.53551084	0.53211915	0.50734687	-0.4870653	0.5882566	0.54260015	-0.47677177	0.53356194	0.5080813	-0.52261925	0.5268355	0.51394576	-0.4937303	-0.5561848	0.4874889	0.50372463	0.49196714	-0.5463408	-0.50721025	0.50787264	0.5264082	-0.5599222	0.5249762	0.55446625	0.5471347	0.5302098	0.53030026	0.49727783	-0.57209074	-0.56639326	0.5032499	0.5055393	-0.57173085	0.55202115	-0.5728625	0.580815	0.5102406	-0.49754596	0.53677356	-0.5427363
-0.5915112	-0.64597815	-0.6829628	0.5975982	-0.5855648	-0.6417032	0.63641036	0.5918471	0.6605724	0.672798	-0.64636165	-0.66484004	-0.71711606	0.66761607	-0.6210102	-0.66528326	0.6662148	0.5782052	-0.63571775	-0.63202	-0.699346	-0.6292689	0.69478357	0.61993426	0.64416224	0.6492238	-0.66920906	-0.58324516	0.6355714	0.6782656	-0.6351263	0.63853	-0.6160706	-0.5196723	0.67682874	-0.6413766	-0.5640741	0.6055017	-0.581704	0.60422385	0.61086226	-0.6415818	-0.64522016	-0.6275941	-0.67475075	0.61702925	-0.58706605	-0.6892227	0.662026	0.6523528	-0.50641423	-0.66766864	-0.5869371	-0.64430225	-0.6729503	-0.71669555	0.6991959	-0.6699274	-0.6214501	-0.678401	-0.7006628	0.59359765	0.6292682	-0.6370216	0.62763274	0.7067955	-0.5825512	0.599863	0.7192383	-0.6620881	0.5826899	0.626112	-0.6253061	-0.6138137	0.669536	0.60305387	0.67038405	-0.71340823	-0.620234	0.5887649	0.62026024	-0.6201396	0.5864344	0.58037806	0.5501996	0.58966327	0.64182854	0.6690906	-0.706653	-0.7171126	0.67774403	0.69614476	-0.61302286	0.6731916	-0.64535505	0.66006196	0.70928395	-0.60613656	0.68660814	-0.66172665
-0.7611761	-0.7880179	-0.8062991	0.834678	-0.7726515	-0.72344315	0.7469486	0.71930504	0.8349713	0.84579843	-0.8252286	-0.81628066	-0.8251371	0.82463634	-0.8303899	-0.7816582	0.83917063	0.8038108	-0.85170245	-0.79658026	-0.87738544	-0.76282823	0.84398216	0.7750854	0.8409419	0.784948	-0.863922	-0.79691684	0.80216205	0.8184889	-0.7775891	0.82520336	-0.8631201	-0.70345414	0.81891537	-0.85229164	-0.7053303	0.7836434	-0.7457609	0.79617673	0.83633167	-0.8033278	-0.78918195	-0.77057546	-0.7762265	0.7695586	-0.76158226	-0.7742949	0.76572657	0.79296243	-0.7701859	-0.7800229	-0.8067995	-0.8564585	-0.84179544	-0.8441243	0.8369787	-0.7557546	-0.7821264	-0.8116172	-0.8310235	0.7811222	0.7669941	-0.8286509	0.7574946	0.80976105	-0.82039833	0.7510847	0.87259704	-0.8149256	0.81568813	0.852278	-0.76996994	-0.8332521	0.7535016	0.7611953	0.7455011	-0.7749848	-0.7522962	0.7322739	0.7991327	-0.77290237	0.83627915	0.8088281	0.7471926	0.80249035	0.80795616	0.79568493	-0.82469314	-0.75891507	0.80960387	0.80700815	-0.802903	0.7616095	-0.80699164	0.76557726	0.84550023	-0.67570245	0.77568835	-0.842666
-0.61183953	-0.5743455	-0.6011286	0.6432033	-0.6014658	-0.58016413	0.5825978	0.52912813	0.6009905	0.5436173	-0.6096031	-0.59975296	-0.5931496	0.5362993	-0.61772966	-0.5736474	0.57702464	0.6202676	-0.53824675	-0.54915726	-0.59340066	-0.56806123	0.5947625	0.6362933	0.63550216	0.61944824	-0.592651	-0.52593225	0.5286738	0.5648331	-0.59189993	0.63654464	-0.6044863	-0.5115689	0.54306996	-0.640946	-0.51019734	0.58357364	-0.5837886	0.55403274	0.6036805	-0.53800714	-0.56720155	-0.5476084	-0.5734298	0.5467186	-0.578491	-0.5986046	0.51513565	0.55147135	-0.50775737	-0.5485646	-0.5110342	-0.54424757	-0.57661283	-0.5366865	0.5918594	-0.55783993	-0.60937846	-0.5511028	-0.6109974	0.5813543	0.59093535	-0.5646796	0.5825973	0.6345644	-0.6022151	0.5342104	0.6231671	-0.5641218	0.54527915	0.59463483	-0.54005307	-0.6033446	0.6100608	0.57442385	0.5980784	-0.6111731	-0.5747799	0.4795861	0.54467535	-0.5262212	0.5580133	0.5822405	0.5150715	0.62106043	0.56279814	0.5825844	-0.5706337	-0.61994797	0.5667548	0.57750624	-0.6266404	0.5488273	-0.5888513	0.6315555	0.60720885	-0.55283743	0.59489125	-0.55921686
-0.15757105	-0.17782113	-0.20395201	0.1249739	-0.13402219	-0.16788858	0.1932355	0.20933981	0.14715704	0.17941163	-0.18765171	-0.17119537	-0.12875506	0.20101193	-0.16639128	-0.19158238	0.12773645	0.20721473	-0.11809826	-0.14373246	-0.21121009	-0.19398975	0.19051103	0.18136702	0.2079157	0.12261461	-0.21585965	-0.15284295	0.13273233	0.15562668	-0.21050657	0.20811822	-0.17459387	-0.18002567	0.16799483	-0.17020585	-0.18038644	0.12656479	-0.14530788	0.21684128	0.13735743	-0.113688044	-0.20165671	-0.19540954	-0.21374214	0.19592878	-0.19617075	-0.17952563	0.13095696	0.18553981	-0.1629699	-0.15702133	-0.16971189	-0.120856464	-0.20773911	-0.111641176	0.14105558	-0.12566897	-0.16550265	-0.21680044	-0.17866564	0.15401311	0.15791477	-0.17335248	0.14507735	0.17335238	-0.21446322	0.1965184	0.16017169	-0.16681921	0.122537896	0.16917112	-0.21756746	-0.16197626	0.18717882	0.16673209	0.11734694	-0.17488702	-0.14112289	0.1445732	0.13875313	-0.13282089	0.2130475	0.14534384	0.17515555	0.19983308	0.2020626	0.15212344	-0.12011614	-0.16467568	0.1648057	0.118452676	-0.15693913	0.05960216	-0.19856502	0.21471974	0.12589222	-0.16423592	0.17808539	-0.15211935
-0.46594003	-0.39853066	-0.42184523	0.46236318	-0.44737703	-0.3253812	0.42495653	0.45007434	0.40740994	0.4486015	-0.38044858	-0.40461674	-0.37193772	0.37791562	-0.4128039	-0.44414812	0.45490196	0.39671925	-0.4085345	-0.41623744	-0.4108088	-0.42714366	0.4446509	0.40953866	0.3703959	0.40489843	-0.42733005	-0.4684585	0.4161205	0.41030112	-0.40629527	0.45953798	-0.4666012	-0.34572828	0.46002966	-0.3959528	-0.34944773	0.421237	-0.45604628	0.4060469	0.41112667	-0.43422687	-0.40072715	-0.45238593	-0.37782395	0.41530907	-0.3550381	-0.45401132	0.40404594	0.43167138	-0.38804886	-0.40074977	-0.4065473	-0.38233957	-0.41485414	-0.41399065	0.43602052	-0.341889	-0.40363	-0.45711428	-0.3804103	0.38833266	0.4339889	-0.41215268	0.4248839	0.4613024	-0.41420114	0.38277826	0.4519181	-0.4387573	0.43217736	0.4603551	-0.47051933	-0.41603076	0.45250475	0.42721292	0.46476147	-0.4084865	-0.37176377	0.35515684	0.43056542	-0.40145248	0.4433174	0.44850135	0.39308965	0.48448378	0.39549726	0.4693116	-0.3651044	-0.39098018	0.42265627	0.38206017	-0.4025051	0.2954704	-0.4280247	0.411545	0.40985128	-0.36770448	0.46464205	-0.4475018
-0.6472251	-0.7168296	-0.74274427	0.7760935	-0.67675126	-0.59613645	0.626336	0.6324062	0.7619005	0.73754376	-0.7021076	-0.70030844	-0.67385006	0.6702889	-0.63270545	-0.70031726	0.7463643	0.6768369	-0.6715783	-0.6653747	-0.6981702	-0.6946661	0.6704267	0.6830388	0.7103827	0.7092241	-0.67172664	-0.66642946	0.68426734	0.7781171	-0.72308356	0.7127744	-0.71469057	-0.61871445	0.7219657	-0.69545054	-0.5917327	0.6785893	-0.6452561	0.7146684	0.7239301	-0.7155472	-0.7468	-0.6982501	-0.72120154	0.72817504	-0.63607866	-0.71760744	0.73620164	0.7016001	-0.5968859	-0.7202907	-0.63723606	-0.7496294	-0.7554201	-0.7187491	0.76225734	-0.67484343	-0.6543925	-0.714082	-0.734683	0.6293882	0.6436205	-0.71532786	0.6935861	0.7322352	-0.63102764	0.7003828	0.7798157	-0.7755698	0.68658537	0.7141359	-0.70740503	-0.684145	0.7151207	0.6978741	0.64743286	-0.75747055	-0.6530299	0.5626141	0.7106969	-0.6464901	0.68065274	0.682383	0.6563692	0.6810805	0.72733027	0.6889102	-0.70206237	-0.6588437	0.7546857	0.7407562	-0.6813644	0.68848354	-0.67795575	0.6844587	0.719949	-0.53211325	0.68050647	-0.7612632
-0.5539323	-0.5530864	-0.507783	0.52087486	-0.55769	-0.48033813	0.53993326	0.488966	0.5665765	0.48810914	-0.48468536	-0.5235733	-0.4992335	0.49801362	-0.5197625	-0.58606416	0.4691695	0.5107966	-0.47835612	-0.5265584	-0.5194332	-0.55932456	0.5526832	0.556643	0.5354559	0.58029747	-0.5038283	-0.5215256	0.54283917	0.5691761	-0.50609744	0.51756823	-0.57809657	-0.5098499	0.5514018	-0.56421137	-0.5030951	0.5301851	-0.5008548	0.5009396	0.566606	-0.58330625	-0.52743065	-0.5281438	-0.5355645	0.53019094	-0.5513889	-0.4996069	0.5071695	0.47223738	-0.5535829	-0.55411255	-0.54459965	-0.5671457	-0.530176	-0.5153003	0.519568	-0.5550989	-0.48996115	-0.55185926	-0.48566338	0.45292923	0.4664714	-0.5671189	0.52572685	0.5902946	-0.5271662	0.5733337	0.5630638	-0.5441167	0.5290273	0.5382393	-0.5286464	-0.5017737	0.55552334	0.5042031	0.49082398	-0.50036424	-0.51263785	0.48706877	0.5159967	-0.45614135	0.5155277	0.5166288	0.44790643	0.5138656	0.5539905	0.5107049	-0.45001066	-0.55292684	0.48784813	0.5065189	-0.49643686	0.4760316	-0.5408028	0.58117443	0.572726	-0.47631446	0.5370367	-0.48674265
-0.7302392	-0.7494811	-0.75851274	0.79923177	-0.7033852	-0.734236	0.7194217	0.7271683	0.80553305	0.76174265	-0.74501926	-0.79657215	-0.753848	0.69015276	-0.724295	-0.772437	0.79416853	0.76053965	-0.79949653	-0.7557268	-0.8240415	-0.73984367	0.7014736	0.80215466	0.77059203	0.7518091	-0.78761363	-0.73845977	0.7649798	0.80253136	-0.7849634	0.7704812	-0.73233813	-0.7021224	0.8066612	-0.77216816	-0.6986618	0.7991292	-0.7346238	0.6862771	0.7525421	-0.7669895	-0.7618784	-0.7947323	-0.7989734	0.76954186	-0.73138356	-0.75605094	0.73257333	0.7630662	-0.6701177	-0.8064892	-0.7095435	-0.7505914	-0.72800046	-0.738926	0.7968525	-0.8241016	-0.7850257	-0.77109325	-0.7658346	0.750689	0.7234488	-0.8039044	0.754547	0.80494153	-0.70838946	0.74913067	0.77844447	-0.8222822	0.72894853	0.7877367	-0.7319826	-0.78986907	0.7850391	0.71909136	0.79927164	-0.7997777	-0.6906945	0.56026757	0.6960935	-0.7460284	0.7509055	0.73741704	0.6768159	0.7544907	0.7463485	0.73138016	-0.7290919	-0.75135636	0.7726115	0.7063	-0.7460299	0.7246144	-0.7260711	0.72172636	0.83266217	-0.64388317	0.744828	-0.81955755
-0.7371039	-0.71438056	-0.65256673	0.65557855	-0.64726377	-0.62365776	0.71164894	0.6428999	0.67573464	0.65524596	-0.6922648	-0.666601	-0.63768995	0.7096524	-0.70134455	-0.71184576	0.6598045	0.6444581	-0.73190355	-0.69149435	-0.66952837	-0.68976253	0.7087681	0.65732825	0.7585865	0.6948106	-0.66327864	-0.68391716	0.7077345	0.70294714	-0.6375816	0.6933659	-0.62845653	-0.665909	0.72228646	-0.67127323	-0.6624564	0.6602291	-0.71852994	0.7368757	0.6999748	-0.67337805	-0.7234346	-0.66781217	-0.75344706	0.6317261	-0.65083474	-0.7213687	0.6676669	0.72957236	-0.67517215	-0.72045463	-0.73942256	-0.6637307	-0.72917384	-0.6864308	0.7250745	-0.6614249	-0.71160656	-0.72315896	-0.7125449	0.63500756	0.6581349	-0.72316957	0.7115927	0.7102797	-0.69517285	0.6926212	0.64442974	-0.6592292	0.6799837	0.724597	-0.7592162	-0.6393028	0.7260629	0.7369385	0.7305432	-0.6804642	-0.7141553	0.66639763	0.6935691	-0.69051737	0.6940691	0.6591763	0.638279	0.7454194	0.70493585	0.67099375	-0.6868389	-0.6969694	0.6758561	0.6814251	-0.70340365	0.6122801	-0.66014105	0.72480184	0.6589584	-0.64322406	0.7387907	-0.694427
-0.45180616	-0.3862032	-0.37130433	0.4303019	-0.36301753	-0.46947464	0.3829847	0.39952666	0.4063726	0.46430472	-0.4035891	-0.43806064	-0.41422227	0.39260894	-0.42169905	-0.45641613	0.44964564	0.38798678	-0.39893007	-0.45757103	-0.4158945	-0.40861908	0.4368093	0.4629718	0.38755414	0.41957238	-0.3953709	-0.4448664	0.49541882	0.45934397	-0.46055976	0.4210123	-0.44258928	-0.379009	0.47413644	-0.4446239	-0.39882785	0.38515761	-0.43859112	0.41852072	0.49674797	-0.42641884	-0.41381392	-0.38582936	-0.38749322	0.44555905	-0.3937452	-0.43116415	0.46936783	0.4323302	-0.35836223	-0.45455074	-0.40201515	-0.4121872	-0.3809365	-0.44438222	0.4149158	-0.4233558	-0.38169372	-0.46782658	-0.47053435	0.44600487	0.39350727	-0.44690692	0.43198276	0.40215212	-0.3987941	0.38129437	0.45019695	-0.4151964	0.44377178	0.46632916	-0.42299694	-0.45840162	0.43874282	0.44331616	0.4393108	-0.3885698	-0.41573945	0.3614131	0.431067	-0.39566103	0.42888454	0.44933	0.35836676	0.41246223	0.41501033	0.40880102	-0.39243603	-0.4392711	0.45255944	0.4192312	-0.38267046	0.4455796	-0.38482645	0.4083604	0.4411494	-0.38975668	0.4081012	-0.43557033
-0.20413582	-0.19480939	-0.15520804	0.13947551	-0.15375982	-0.21960534	0.22007331	0.13932924	0.18936235	0.16278781	-0.14785318	-0.14243092	-0.19045939	0.19817494	-0.23189814	-0.1584609	0.14017469	0.22626725	-0.14106074	-0.221758	-0.19449976	-0.22616355	0.20358717	0.224547	0.13681482	0.20566797	-0.1618296	-0.21061051	0.15259491	0.19541238	-0.22927831	0.14235829	-0.18913582	-0.19562024	0.16623847	-0.18566571	-0.14023043	0.18925399	-0.22305922	0.23674965	0.18709092	-0.19315405	-0.2002974	-0.1707783	-0.1906448	0.1574841	-0.18310599	-0.19050938	0.23203084	0.15659125	-0.23053019	-0.2353636	-0.15102145	-0.16190436	-0.19362077	-0.14548539	0.20634958	-0.15375113	-0.13911247	-0.17769076	-0.22843227	0.1552066	0.19876447	-0.17528953	0.14456522	0.17694002	-0.2143173	0.18515779	0.20556019	-0.20532508	0.19282335	0.2314031	-0.14761774	-0.14294565	0.14892748	0.14814344	0.17893066	-0.23178612	-0.18777947	0.14099355	0.19402009	-0.2078818	0.20110354	0.22451101	0.17113128	0.20802623	0.14021824	0.15525557	-0.17988503	-0.18167709	0.1506456	0.21412086	-0.19604467	0.22338611	-0.2302387	0.13871147	0.22763512	-0.19738992	0.19287036	-0.14792615
-0.34440747	-0.38578627	-0.38998586	0.35527888	-0.36071032	-0.43560675	0.405539	0.35679814	0.4626972	0.3750292	-0.4117361	-0.41296118	-0.38806075	0.3374865	-0.3554469	-0.437066	0.40217924	0.39751327	-0.38794944	-0.36541075	-0.39422053	-0.35954425	0.36037526	0.3966253	0.413307	0.349684	-0.4290754	-0.41818893	0.4002603	0.40427205	-0.3553786	0.41857547	-0.42428306	-0.3779929	0.4282677	-0.41656086	-0.3348378	0.43450245	-0.3494697	0.3890722	0.43858218	-0.4500015	-0.4138115	-0.368388	-0.44205043	0.3619362	-0.36230096	-0.42014867	0.42167625	0.37454918	-0.40997127	-0.3968707	-0.37299255	-0.37824312	-0.44969356	-0.4268383	0.38232994	-0.412462	-0.44878164	-0.41357312	-0.39606896	0.3865945	0.33422807	-0.4595074	0.45717135	0.4299133	-0.41379106	0.40267214	0.41861275	-0.35909405	0.34265152	0.37976396	-0.44757634	-0.3779109	0.41739267	0.39754942	0.4433723	-0.4394401	-0.35569832	0.3881313	0.35309258	-0.38248864	0.36726812	0.35205713	0.4019861	0.4502016	0.36106992	0.38021666	-0.4201258	-0.37921506	0.42117533	0.3946436	-0.435821	0.37916797	-0.445935	0.4432819	0.38522422	-0.38187602	0.43802428	-0.42072242
-0.6154633	-0.61460274	-0.6051876	0.6123279	-0.6456174	-0.6210191	0.64347726	0.53312504	0.6173009	0.66537374	-0.6519616	-0.633493	-0.64310795	0.6034095	-0.6427676	-0.6649507	0.6834003	0.61914915	-0.58554745	-0.60080206	-0.69625235	-0.6826783	0.6052534	0.60909873	0.5679812	0.66023093	-0.6126501	-0.64982957	0.6625845	0.6158772	-0.58880293	0.6011606	-0.61364347	-0.57475483	0.67965347	-0.6030259	-0.52183884	0.6025527	-0.6498022	0.604083	0.64884454	-0.6009681	-0.6173047	-0.6418405	-0.6044273	0.6389557	-0.63719493	-0.65708417	0.63325506	0.58268917	-0.615702	-0.696287	-0.6082513	-0.61491334	-0.6414062	-0.6287255	0.6324285	-0.7042917	-0.6615716	-0.6204386	-0.667429	0.5921727	0.5479772	-0.6547378	0.6267246	0.6083185	-0.5822671	0.65009177	0.6752318	-0.6733306	0.60823965	0.67333394	-0.6477018	-0.58879036	0.63889205	0.63097566	0.6231729	-0.61968565	-0.587368	0.5483215	0.5930115	-0.5372245	0.6329173	0.54563	0.5618178	0.65011775	0.62181646	0.6088749	-0.67217106	-0.59086233	0.61953706	0.6549036	-0.6336338	0.5794639	-0.60631466	0.6578797	0.65091056	-0.570083	0.60789716	-0.61558497
-0.6430559	-0.6614194	-0.6903352	0.65379494	-0.63083756	-0.6315403	0.63732964	0.5970591	0.6414605	0.63819	-0.704429	-0.7216403	-0.6969309	0.6662727	-0.64218074	-0.6852883	0.724472	0.6708274	-0.64355123	-0.6896933	-0.6933703	-0.7241642	0.7246897	0.6423905	0.6819391	0.6040098	-0.6355828	-0.6161062	0.6468828	0.7282346	-0.59755534	0.6792025	-0.63625383	-0.5845383	0.6669269	-0.68038374	-0.6071096	0.62540245	-0.61829746	0.6197162	0.64011085	-0.7221872	-0.72790027	-0.68745023	-0.6873786	0.660709	-0.6151814	-0.6337895	0.71938324	0.62231094	-0.55974454	-0.73923934	-0.5938065	-0.63754797	-0.68516964	-0.72257787	0.65980566	-0.71401596	-0.72569436	-0.6407141	-0.6967321	0.6269506	0.6028664	-0.6649616	0.72611004	0.69288343	-0.5809942	0.6641135	0.73059726	-0.7130094	0.62519646	0.6420569	-0.72250044	-0.6227177	0.6422695	0.6215821	0.66613334	-0.68157786	-0.6819575	0.5491832	0.61506885	-0.6322704	0.71811634	0.65083015	0.52907276	0.687862	0.6555683	0.64912736	-0.6285813	-0.63125914	0.63173085	0.6485481	-0.70741165	0.5613246	-0.6401087	0.6726255	0.6795091	-0.5598907	0.6383658	-0.68450415
-0.5172303	-0.62966555	-0.5659378	0.5998388	-0.57212	-0.648172	0.59524703	0.5604237	0.65463054	0.57503057	-0.5800028	-0.6368359	-0.63236386	0.52813005	-0.585018	-0.65710115	0.5583871	0.5242278	-0.5481856	-0.6202969	-0.67634547	-0.63746536	0.63011795	0.5596515	0.54364496	0.5424812	-0.5766744	-0.6009094	0.6916105	0.60986704	-0.602715	0.65431476	-0.6399748	-0.4231046	0.60379934	-0.6533399	-0.44535094	0.56629074	-0.52070683	0.4952583	0.6713399	-0.55788654	-0.5838867	-0.5574085	-0.56868374	0.5757541	-0.5479527	-0.57898366	0.61042506	0.5766253	-0.5500951	-0.60327774	-0.5013543	-0.5368125	-0.62229276	-0.6905115	0.63164794	-0.62514997	-0.6273993	-0.53377986	-0.6166125	0.52088535	0.47620556	-0.6051218	0.65124637	0.6666306	-0.50789756	0.59418505	0.63224983	-0.5938428	0.55067635	0.6475006	-0.6290163	-0.624355	0.6155277	0.51680064	0.56283313	-0.5783448	-0.5093047	0.5041877	0.51743066	-0.49684948	0.55215824	0.5891402	0.45969674	0.58962214	0.62445897	0.5401583	-0.59438795	-0.51908934	0.5387289	0.57537276	-0.6491105	0.5083552	-0.5690102	0.6107191	0.6750158	-0.49761146	0.5894862	-0.6217396
-0.35825536	-0.4269379	-0.4339314	0.41316172	-0.38583952	-0.44953236	0.41682115	0.34953922	0.4400867	0.37703052	-0.3878718	-0.41373727	-0.45216447	0.40629455	-0.45063505	-0.45071834	0.4170448	0.4262861	-0.46200767	-0.3688071	-0.42591876	-0.4215746	0.38897175	0.42745292	0.43744436	0.41494504	-0.3747792	-0.3680019	0.3781527	0.4103811	-0.44148102	0.41275257	-0.41798595	-0.38179016	0.39311087	-0.42695102	-0.3348396	0.37289232	-0.43353382	0.42987016	0.457735	-0.46495712	-0.42332754	-0.42252198	-0.45573297	0.4470531	-0.37264588	-0.3987018	0.4117566	0.41618297	-0.31789488	-0.40774906	-0.40888166	-0.37997884	-0.4127465	-0.38020727	0.46525753	-0.4130149	-0.47264802	-0.4421339	-0.45282272	0.4016836	0.31874025	-0.40280208	0.44509253	0.42356798	-0.32183686	0.38842294	0.38505042	-0.4720095	0.38448983	0.43614787	-0.39170414	-0.43999717	0.40899366	0.44337127	0.4645622	-0.45506904	-0.43149462	0.39268434	0.34941244	-0.36882976	0.42625257	0.3919202	0.31838894	0.40801048	0.4457485	0.39385787	-0.4461692	-0.43996084	0.44086838	0.36081633	-0.43141583	0.36581853	-0.4366618	0.4450555	0.45127383	-0.34769383	0.45474735	-0.43728143
-0.2667853	-0.29090053	-0.33878982	0.2964196	-0.30978727	-0.3296804	0.27382582	0.34010217	0.33771047	0.31342864	-0.33473182	-0.27824405	-0.3221844	0.313509	-0.32857513	-0.2967188	0.27373073	0.32433057	-0.26276714	-0.27739355	-0.3280303	-0.28189352	0.3093435	0.29935396	0.28072438	0.29929906	-0.30466732	-0.35068068	0.2999248	0.28854084	-0.32675096	0.33661503	-0.25834122	-0.34428045	0.3227424	-0.30863646	-0.31935915	0.30470353	-0.28680345	0.33172235	0.26939645	-0.34239593	-0.3453959	-0.25570264	-0.35015833	0.32225397	-0.298767	-0.2982776	0.28584665	0.34425712	-0.3280145	-0.30983412	-0.32435572	-0.3199753	-0.29034054	-0.3387741	0.31257987	-0.30703145	-0.28476667	-0.2741916	-0.3331408	0.2841916	0.27504697	-0.33528003	0.27290085	0.30770114	-0.25481063	0.34107718	0.31861287	-0.28349796	0.26436722	0.28484005	-0.2756695	-0.31438762	0.3358139	0.25909308	0.2577113	-0.29049432	-0.2716164	0.25639695	0.30028063	-0.31667024	0.33643565	0.29376662	0.3291566	0.33871427	0.2988325	0.30136952	-0.28648728	-0.26486474	0.33553764	0.2895068	-0.32813278	0.3081603	-0.31262037	0.31321695	0.32341644	-0.2861329	0.26860523	-0.25520408
-0.6250757	-0.66046077	-0.5776407	0.6104647	-0.57090837	-0.6574925	0.66061985	0.5605669	0.687196	0.6654668	-0.64969856	-0.68392193	-0.5915757	0.59154856	-0.6612275	-0.6006018	0.64361626	0.62815964	-0.6675986	-0.5874445	-0.6582678	-0.6206912	0.5962926	0.6063083	0.6780135	0.6409713	-0.622254	-0.6464491	0.6361549	0.676228	-0.575632	0.6025742	-0.665733	-0.5565757	0.65521264	-0.6451225	-0.59040385	0.58137447	-0.59009546	0.56571203	0.6180947	-0.6676785	-0.6098071	-0.6161257	-0.61672515	0.6203659	-0.6120517	-0.66113544	0.6022349	0.65344566	-0.6177752	-0.6327105	-0.6142013	-0.6597533	-0.64637226	-0.66646475	0.6204255	-0.6578499	-0.6751855	-0.6499219	-0.6759584	0.56465405	0.6218858	-0.66404927	0.6539633	0.6713941	-0.6263909	0.6098376	0.6226494	-0.6215289	0.6636882	0.60298526	-0.6323207	-0.6741396	0.5896962	0.57110524	0.60932	-0.64165187	-0.59177166	0.5479477	0.62512547	-0.60709465	0.67479426	0.61033976	0.59893656	0.6170635	0.611665	0.59898347	-0.58596677	-0.6671495	0.67972666	0.6391524	-0.6777821	0.64176303	-0.618903	0.62658876	0.6848427	-0.5741706	0.60408133	-0.61654955
-0.5682687	-0.5991077	-0.5950528	0.59527624	-0.5722714	-0.58838254	0.5486946	0.5050949	0.6227687	0.5148482	-0.5276449	-0.6155224	-0.5715361	0.53964484	-0.58792406	-0.5873629	0.53500867	0.5824443	-0.6146358	-0.5830778	-0.56157446	-0.59806544	0.61159164	0.54471266	0.61529166	0.5880591	-0.5628556	-0.5774665	0.612267	0.6126321	-0.5556283	0.5927571	-0.58148074	-0.52976066	0.53285694	-0.5922079	-0.45094228	0.55813897	-0.5859816	0.5452201	0.5705883	-0.56463706	-0.5884375	-0.6135647	-0.5221	0.5307368	-0.55403227	-0.57848877	0.6037581	0.549012	-0.5405376	-0.58515	-0.5117181	-0.59811985	-0.5349928	-0.5936736	0.58931446	-0.62369776	-0.52758276	-0.5449679	-0.56737596	0.5300607	0.49800786	-0.5712464	0.5485038	0.6038078	-0.58256066	0.6010891	0.62269515	-0.59300596	0.5896902	0.60083085	-0.5723794	-0.58801484	0.58057594	0.5855239	0.5293535	-0.5403745	-0.53555346	0.4851932	0.6024109	-0.5254545	0.5518482	0.5971729	0.5564122	0.555115	0.5767154	0.54943234	-0.55293185	-0.56007683	0.5979183	0.5436335	-0.5851912	0.52827084	-0.55320513	0.5856739	0.6296213	-0.4738837	0.5286166	-0.63689685
-0.40495318	-0.35109562	-0.35436466	0.34900886	-0.3543509	-0.32523304	0.34782284	0.35840744	0.41224214	0.38332143	-0.35156646	-0.38999787	-0.32416523	0.3560964	-0.41276664	-0.415001	0.3976804	0.35077897	-0.36501536	-0.353573	-0.35636863	-0.41123372	0.4113299	0.37110436	0.34611344	0.34866464	-0.38898027	-0.31941214	0.3440849	0.38547286	-0.33934954	0.38846934	-0.33948764	-0.37009174	0.32028496	-0.32214564	-0.33890897	0.337491	-0.40005484	0.38394654	0.42119455	-0.37940893	-0.37167814	-0.37249082	-0.32845354	0.3216466	-0.31347284	-0.360225	0.36865133	0.31544045	-0.3582234	-0.39767778	-0.31802025	-0.329945	-0.35769576	-0.37967625	0.39433497	-0.3200232	-0.37989035	-0.3613154	-0.40723062	0.3078924	0.3304316	-0.34443554	0.32503384	0.36853218	-0.37210196	0.3576807	0.39641866	-0.34398	0.3604975	0.32982764	-0.3120764	-0.36443776	0.3903041	0.31488857	0.4006171	-0.369763	-0.3585497	0.3391155	0.35119447	-0.31267655	0.33819923	0.38864097	0.33859605	0.31792796	0.40319145	0.3769188	-0.3995838	-0.38738257	0.3519919	0.32066023	-0.3220137	0.3920408	-0.37693772	0.32654902	0.3801551	-0.30616358	0.3571829	-0.35140103
-0.46710634	-0.66546774	-0.6802582	0.6949733	-0.62681836	-0.65387547	0.6637527	0.62001204	0.68629295	0.70379364	-0.604402	-0.647151	-0.73348975	0.6298269	-0.6755417	-0.6363663	0.69196665	0.6818989	-0.6818235	-0.6382443	-0.71723217	-0.65538883	0.64586085	0.714313	0.6960333	0.6183144	-0.7069987	-0.6403439	0.6903071	0.6402149	-0.6181925	0.64630854	-0.71403027	-0.613901	0.7176295	-0.64090616	-0.6267716	0.6813516	-0.6156995	0.6715891	0.6517713	-0.6238308	-0.67468894	-0.6669625	-0.64251727	0.6225325	-0.5483921	-0.67722833	0.6321804	0.6072675	-0.5895875	-0.73515946	-0.6250932	-0.710172	-0.65915906	-0.6912835	0.70937383	-0.71665823	-0.6779255	-0.5714254	-0.6399495	0.6074263	0.5663892	-0.63733405	0.71020705	0.68182385	-0.5523172	0.57262766	0.656724	-0.66075855	0.6085172	0.6535478	-0.6973174	-0.61517227	0.62696004	0.60132533	0.63810074	-0.7057497	-0.6499272	0.5503652	0.59819996	-0.5425489	0.6344654	0.6063362	0.5578707	0.56520927	0.6539693	0.59357053	-0.6505316	-0.6472855	0.6943642	0.6270135	-0.646006	0.72845554	-0.6296078	0.65701246	0.67374814	-0.57731503	0.67497295	-0.67923
-0.1174883	-0.20557126	-0.18465717	0.15893014	-0.16262156	-0.18958192	0.1424488	0.14180167	0.184361	0.12856087	-0.16355637	-0.18293616	-0.20745501	0.17730318	-0.18981701	-0.16405264	0.19262348	0.18031438	-0.12468552	-0.1540166	-0.20853196	-0.19897406	0.12148564	0.15283601	0.15602754	0.21330608	-0.15288284	-0.15795167	0.12128174	0.14406514	-0.17493534	0.123653546	-0.1825346	-0.1953511	0.14126371	-0.19681819	-0.17751575	0.21305989	-0.17134663	0.14758325	0.21345302	-0.17126721	-0.13620204	-0.19610621	-0.1562796	0.21246697	-0.20460877	-0.20089418	0.20411783	0.12058441	-0.1515737	-0.19987656	-0.14043131	-0.20758842	-0.15997095	-0.15276885	0.18533112	-0.19749923	-0.20404196	-0.13386081	-0.18419018	0.16644365	0.15040779	-0.14525108	0.118848875	0.20034008	-0.15333836	0.18860537	0.20396183	-0.13397256	0.20524438	0.12486909	-0.17194276	-0.1806511	0.2012552	0.19802423	0.118198805	-0.15882228	-0.18541168	0.1586582	0.18006043	-0.2185018	0.18549982	0.15664692	0.11762944	0.13089974	0.12864514	0.19644429	-0.14585905	-0.18320204	0.18829837	0.118647166	-0.15356441	0.14426506	-0.21595834	0.20870093	0.20301375	-0.13012394	0.12179346	-0.20631279
-0.0014554521	-0.009961978	-0.016918048	0.03317284	-0.03547519	-0.07305248	0.06770919	0.087096274	0.032347202	0.035344027	0.0008786845	-0.034433685	0.0037309732	0.01533237	0.0032405672	-0.051452927	-0.010746331	0.056902096	-0.061943013	-0.044776607	-0.05016142	-0.022511201	0.0030124912	0.05567924	-0.0015976898	0.00048553606	-0.070292525	-0.07357373	0.025111407	0.076877765	-0.082307875	0.017871398	-0.07456977	-0.028282631	0.07111218	-0.007233952	-0.021949578	0.07708794	-0.08435224	0.009901718	-0.0127136	-0.035620913	-0.067418754	0.0022320892	-0.07580083	0.07063675	0.0011602263	-0.056537274	0.0046541383	-0.008257306	-0.015835168	-0.06616963	-0.070188515	-0.0474265	-0.0628436	-0.01075348	0.05921768	0.004612716	-0.04604728	0.001171954	0.005216644	0.0658657	0.014420348	-0.03640813	-0.0026491417	-0.005901686	-0.043795474	0.01611984	0.0614234	-0.004794976	0.065410234	0.033028256	-0.02168666	-0.017978273	-0.0050831405	0.045602955	-0.011363026	-0.055645872	-0.050629795	0.066859394	0.05230946	-0.015220638	0.04207582	-0.0006733946	0.091786705	0.0055084275	0.05638575	0.0039008467	-0.009540961	-0.07727532	0.021108953	-0.006787027	-0.08485067	-0.008500643	-0.007151468	0.0125177065	0.058088366	-0.09227105	0.03266058	-0.08270865
-0.41807336	-0.4675217	-0.3866163	0.45623872	-0.39848208	-0.37190726	0.43897983	0.37789395	0.40076107	0.45365468	-0.44111797	-0.38883123	-0.3624446	0.45157352	-0.40682146	-0.40077463	0.43391162	0.44439623	-0.3837245	-0.40812072	-0.40187293	-0.4268045	0.42000818	0.43840882	0.4300683	0.4573495	-0.43807667	-0.412616	0.46066836	0.47664535	-0.42394385	0.4758991	-0.3812949	-0.356462	0.3888368	-0.44889933	-0.40918773	0.4266187	-0.3525727	0.33845884	0.40863308	-0.4694439	-0.41477105	-0.36124074	-0.392435	0.3725839	-0.4093508	-0.38667202	0.37909698	0.3985525	-0.39049548	-0.43427324	-0.36694756	-0.4608243	-0.4477222	-0.41276562	0.47003624	-0.40407008	-0.37738058	-0.43341625	-0.44530842	0.45895842	0.42012084	-0.39023727	0.4452059	0.4169148	-0.35056123	0.45746115	0.47393948	-0.4542916	0.39484698	0.4251094	-0.38473633	-0.45594513	0.3716291	0.4515228	0.41280276	-0.41610214	-0.39530274	0.32029015	0.3720987	-0.345692	0.432905	0.4079913	0.38622898	0.372108	0.42859265	0.40794775	-0.39935997	-0.47164246	0.4048667	0.4238604	-0.40698472	0.34995794	-0.44761807	0.4018507	0.39639762	-0.3630695	0.3961906	-0.41179752
-0.6743836	-0.59552175	-0.6775235	0.67090607	-0.6279584	-0.5813361	0.65159446	0.5723758	0.6162114	0.6610008	-0.58170164	-0.64221877	-0.6613491	0.6653223	-0.62654185	-0.59744424	0.6332677	0.6015863	-0.66568124	-0.593609	-0.62559086	-0.6559131	0.65439105	0.6801995	0.6016062	0.6550008	-0.65658325	-0.6725877	0.66796017	0.6493967	-0.62859917	0.6768219	-0.6695717	-0.604262	0.6086632	-0.66102314	-0.60843134	0.62137735	-0.65296495	0.59358776	0.60474205	-0.66874367	-0.61709577	-0.6390169	-0.6452878	0.6323951	-0.62236786	-0.6054753	0.6290045	0.65349776	-0.6477309	-0.6931862	-0.6036582	-0.6903754	-0.6120698	-0.6597138	0.66051054	-0.59235966	-0.61227024	-0.5948591	-0.60862786	0.61633617	0.66618925	-0.64119905	0.68538696	0.660213	-0.6122438	0.65844	0.6714852	-0.6539194	0.6110124	0.6404315	-0.65072495	-0.6282006	0.6666666	0.59929365	0.5927749	-0.65721864	-0.5584134	0.5164282	0.6792918	-0.579099	0.6900106	0.59350395	0.62603104	0.6346266	0.62112516	0.608102	-0.6446936	-0.6582901	0.5936075	0.5939044	-0.64933497	0.5616431	-0.59521186	0.65835214	0.69054836	-0.5619082	0.64362407	-0.6233427
-0.47561732	-0.4442661	-0.4164995	0.38693702	-0.41527572	-0.3907679	0.3825693	0.37462953	0.4399847	0.4429146	-0.4349763	-0.44882464	-0.43721277	0.44490403	-0.41777048	-0.3841649	0.45615917	0.47449276	-0.43079814	-0.39160687	-0.4039339	-0.44610414	0.39420363	0.39128822	0.44009992	0.39037058	-0.4148152	-0.42383048	0.43106014	0.4667644	-0.45605975	0.45277855	-0.448751	-0.4359619	0.3961054	-0.4114299	-0.43772244	0.4716923	-0.45471942	0.4560667	0.4173676	-0.43002424	-0.40382764	-0.46956298	-0.43168285	0.39377975	-0.39778593	-0.45726234	0.39443067	0.43757457	-0.3781649	-0.4408855	-0.45054865	-0.40306136	-0.43992305	-0.41325748	0.45069462	-0.42112935	-0.39976218	-0.41615883	-0.38448858	0.38667217	0.4428154	-0.43800503	0.43002936	0.46303013	-0.4013947	0.446064	0.4570804	-0.44013676	0.47276628	0.421233	-0.4124024	-0.42135552	0.40266064	0.40274975	0.4032479	-0.4294558	-0.38003883	0.36773404	0.46186763	-0.37743086	0.48078987	0.40112716	0.4090172	0.43409956	0.42327797	0.38538292	-0.39233807	-0.44885197	0.404546	0.3967096	-0.38750187	0.32883006	-0.4375714	0.46135285	0.4469627	-0.40130046	0.4663893	-0.39848113
-0.20787077	-0.21920629	-0.15384422	0.15936545	-0.19720034	-0.17536376	0.17657433	0.20850962	0.1548643	0.18609159	-0.19200353	-0.17809284	-0.1824098	0.180383	-0.16983746	-0.19536175	0.1658825	0.123234	-0.14312324	-0.18399751	-0.20590986	-0.19339159	0.19721222	0.19081523	0.122817315	0.13561481	-0.12147894	-0.18458244	0.19180518	0.1301292	-0.1878783	0.1521258	-0.17071116	-0.182617	0.14570022	-0.13718046	-0.20585026	0.12759355	-0.13493206	0.17093316	0.13938531	-0.15712617	-0.18658686	-0.15017709	-0.18847622	0.22270162	-0.13774681	-0.11998724	0.21499266	0.12760647	-0.1341996	-0.20555049	-0.13364479	-0.14801216	-0.14936355	-0.21473604	0.13354999	-0.18062443	-0.12549578	-0.13668315	-0.20715608	0.19519329	0.11769955	-0.20923407	0.15359682	0.15637112	-0.19952297	0.20464176	0.1296881	-0.15058452	0.11826739	0.15860537	-0.14145422	-0.16535078	0.12191797	0.13663328	0.2149247	-0.14730915	-0.1927687	0.1992014	0.21290012	-0.13453646	0.17713475	0.19701828	0.18421093	0.17377752	0.16962126	0.19900042	-0.21688409	-0.197474	0.20382088	0.1501316	-0.218497	0.17033656	-0.13756493	0.15798402	0.16122371	-0.1987693	0.13936184	-0.17038326
-0.5698757	-0.655303	-0.6348836	0.6154743	-0.58019686	-0.65106267	0.55924267	0.57599264	0.63857865	0.6129885	-0.6918745	-0.6431048	-0.7226742	0.6498046	-0.70231354	-0.70989656	0.67922467	0.55577016	-0.6717888	-0.6800634	-0.74307895	-0.59755534	0.6271641	0.6014973	0.6275025	0.59399074	-0.648581	-0.55440784	0.70873815	0.67561376	-0.6111585	0.692856	-0.65147215	-0.50889826	0.6681644	-0.7233553	-0.55773985	0.5934746	-0.55645174	0.60203606	0.71499926	-0.6959729	-0.7234174	-0.6782093	-0.65928906	0.72745526	-0.53827626	-0.6560185	0.6777337	0.6359081	-0.5156378	-0.73340005	-0.49641457	-0.6412884	-0.6291881	-0.67169863	0.621371	-0.674713	-0.7175107	-0.5849455	-0.64295816	0.5487197	0.48277897	-0.71814054	0.67156416	0.64263535	-0.5856592	0.5433278	0.69724214	-0.67089945	0.5954351	0.6722843	-0.711082	-0.6552915	0.5944027	0.6067416	0.6191323	-0.62675923	-0.62966675	0.4793857	0.5412193	-0.51749814	0.6024659	0.60011375	0.49185303	0.63354886	0.64850473	0.61982226	-0.6470033	-0.65083563	0.64048404	0.65297866	-0.6407983	0.60287493	-0.61400145	0.59867585	0.6718671	-0.46006387	0.58411336	-0.6829844
-0.3982232	-0.45833138	-0.4683942	0.5047394	-0.5043666	-0.5510378	0.46536037	0.4280995	0.5042874	0.5297664	-0.52406734	-0.5008878	-0.4921996	0.42176527	-0.53286964	-0.54200697	0.48989737	0.48704153	-0.4442526	-0.4663056	-0.5348197	-0.5178012	0.47194558	0.4600598	0.458845	0.4296969	-0.48322338	-0.42909798	0.5284319	0.4757445	-0.46289062	0.49157608	-0.49595577	-0.4222131	0.45466182	-0.5263881	-0.42205817	0.49702603	-0.43160173	0.49092725	0.556987	-0.53868335	-0.5453797	-0.46429417	-0.48761702	0.5340241	-0.42932767	-0.4658901	0.5075004	0.5297289	-0.3764964	-0.51544553	-0.3961733	-0.43016833	-0.5032319	-0.4935967	0.51744354	-0.50102603	-0.49169856	-0.49871328	-0.52165294	0.45272505	0.39021292	-0.45930278	0.4684801	0.5246008	-0.45529598	0.50543493	0.522031	-0.49756533	0.4769546	0.45282865	-0.5327381	-0.4580797	0.5100079	0.46747282	0.5151118	-0.49476355	-0.4426159	0.37795228	0.49095362	-0.41330844	0.48717692	0.38453388	0.39199457	0.46300858	0.45215827	0.52692455	-0.44170254	-0.50947	0.5047878	0.44356093	-0.53781986	0.45466253	-0.48648834	0.47988823	0.5239023	-0.4219862	0.45171976	-0.4816324
-0.6014222	-0.6823458	-0.7363591	0.6687312	-0.6657443	-0.7242385	0.73220676	0.63566625	0.6892495	0.7238472	-0.7234911	-0.6806441	-0.70586216	0.6613259	-0.6908555	-0.7516824	0.74501926	0.691705	-0.7659106	-0.7274995	-0.7838655	-0.72237647	0.73260266	0.7179177	0.6912373	0.6534828	-0.7137495	-0.67321473	0.76241016	0.73992854	-0.65032876	0.6875782	-0.7129751	-0.62932193	0.74954015	-0.72300833	-0.6574523	0.7098093	-0.6666763	0.6334653	0.7619676	-0.68604857	-0.738701	-0.66813886	-0.69262034	0.71413356	-0.6322761	-0.6586033	0.68021744	0.7330708	-0.62369484	-0.7752611	-0.6115625	-0.6964866	-0.7045056	-0.6976294	0.7628119	-0.7821295	-0.73668116	-0.63435537	-0.7142316	0.67512506	0.661713	-0.7917617	0.73326975	0.76133233	-0.6202777	0.62926954	0.7552414	-0.7592323	0.6767789	0.6693738	-0.74910706	-0.68892944	0.6738276	0.7075496	0.72511655	-0.6779807	-0.7008745	0.5966043	0.6028029	-0.59819144	0.65084016	0.63480955	0.51402146	0.6810018	0.74714506	0.6917584	-0.6763885	-0.73722976	0.7494105	0.68805635	-0.703218	0.6667594	-0.7050976	0.7016307	0.70497555	-0.6258758	0.65478474	-0.7640089
-0.55259055	-0.57437474	-0.5924205	0.5900278	-0.57796574	-0.60214	0.5403916	0.53320587	0.65723866	0.5904446	-0.60563827	-0.6347518	-0.5816869	0.6160271	-0.55382824	-0.5570427	0.54655147	0.6078833	-0.61510676	-0.6272905	-0.6214269	-0.57358277	0.627867	0.63621694	0.60928464	0.5880718	-0.57707995	-0.5664867	0.60430205	0.55813634	-0.6186294	0.6115732	-0.6222452	-0.53800434	0.6287104	-0.5859253	-0.5428622	0.5772308	-0.62400836	0.5643807	0.55816436	-0.5635406	-0.6079144	-0.5752802	-0.624649	0.5644829	-0.5176909	-0.5640651	0.5644545	0.5738211	-0.6142957	-0.56556517	-0.5776236	-0.6311363	-0.64009166	-0.59610254	0.5663827	-0.61657387	-0.61677676	-0.5673424	-0.6485205	0.6041129	0.59838885	-0.5556074	0.5756034	0.6586484	-0.6156582	0.6420827	0.62853205	-0.5733874	0.5471244	0.6128256	-0.6295821	-0.62124705	0.550632	0.6030284	0.5112109	-0.6290046	-0.5082583	0.44901296	0.5485614	-0.6090685	0.5653151	0.62943137	0.598455	0.65366346	0.56921387	0.5665698	-0.5822978	-0.5835507	0.59608775	0.57775396	-0.66003436	0.581889	-0.6387927	0.6597614	0.57730764	-0.5466522	0.621506	-0.5652228
-0.6893872	-0.83241403	-0.7131962	0.77454174	-0.734988	-0.7258208	0.7127237	0.7842174	0.7680641	0.744715	-0.7377767	-0.73570627	-0.8113587	0.76855075	-0.7849428	-0.74668986	0.74192476	0.7998864	-0.74221605	-0.7528368	-0.82567674	-0.8130575	0.8011533	0.7206612	0.76042724	0.78914714	-0.7504838	-0.7986728	0.78648186	0.78152514	-0.7904091	0.7952236	-0.7953943	-0.7259179	0.8294025	-0.8002051	-0.7016271	0.7486081	-0.7806155	0.7587598	0.7388293	-0.71134233	-0.70831865	-0.7461663	-0.7825073	0.78789794	-0.6342235	-0.7573033	0.77476037	0.7032581	-0.74241835	-0.7575137	-0.7883748	-0.7955073	-0.7932413	-0.8482297	0.7859749	-0.74116355	-0.7510809	-0.8069878	-0.77406484	0.75455886	0.7364934	-0.7805424	0.7761088	0.83491796	-0.7495235	0.71384174	0.7511955	-0.8122931	0.82468814	0.80912566	-0.7440631	-0.7493634	0.7426894	0.77125293	0.7009692	-0.81461805	-0.6294084	0.68315715	0.74713594	-0.7310208	0.7788508	0.8016478	0.6966001	0.7636263	0.8068888	0.7332174	-0.7121615	-0.66792005	0.8105549	0.77407974	-0.7884145	0.7061549	-0.78732574	0.80034894	0.767871	-0.65632796	0.7355564	-0.7303685
-0.7230365	-0.6735166	-0.7071141	0.74312377	-0.64426553	-0.66924816	0.68012226	0.6268642	0.7161805	0.67982286	-0.68700767	-0.70328254	-0.69647723	0.6761545	-0.7100293	-0.70689166	0.7436375	0.74263304	-0.6970656	-0.6542748	-0.75082165	-0.67508376	0.649105	0.7271286	0.6577627	0.72711414	-0.7343675	-0.707236	0.6842959	0.6878694	-0.7529008	0.70874476	-0.7172037	-0.56105334	0.755661	-0.6375122	-0.5841414	0.7245528	-0.7297393	0.6444175	0.6778463	-0.62355727	-0.64450693	-0.7412352	-0.6495083	0.7104928	-0.57922965	-0.6925799	0.6793862	0.60569143	-0.6793999	-0.6870828	-0.7402904	-0.73580086	-0.6626268	-0.67092556	0.6643385	-0.68097097	-0.6653599	-0.74420786	-0.69785017	0.65695244	0.666384	-0.663905	0.66941035	0.7451891	-0.6580694	0.70673245	0.7417195	-0.72508407	0.6650716	0.69464713	-0.69929594	-0.6515632	0.7094481	0.7074473	0.6986849	-0.75597876	-0.61512446	0.5616197	0.723791	-0.7251175	0.69752645	0.70482814	0.6685385	0.6935162	0.75285846	0.695311	-0.63984025	-0.6822632	0.7444844	0.67870045	-0.6881908	0.7106169	-0.6972855	0.72972685	0.7555403	-0.5654589	0.71187603	-0.71357626
-0.5032132	-0.51444846	-0.48422474	0.53750175	-0.5285157	-0.48986462	0.47370332	0.47129327	0.502234	0.50641066	-0.54318213	-0.5453587	-0.47492886	0.53500575	-0.4767803	-0.51860476	0.48899817	0.45195267	-0.5006243	-0.5343808	-0.5677669	-0.5145524	0.5120752	0.51514316	0.4937651	0.48085845	-0.5736769	-0.47413167	0.5538702	0.5202717	-0.529664	0.49579826	-0.48604295	-0.48294097	0.5361288	-0.5232086	-0.4226159	0.5622591	-0.49929547	0.4999028	0.5568543	-0.51472783	-0.54860884	-0.5247141	-0.53491	0.5570952	-0.4148819	-0.5489755	0.5515698	0.5094196	-0.48093152	-0.5240822	-0.49448156	-0.5099033	-0.5206115	-0.5595924	0.50522304	-0.5007641	-0.55240375	-0.5414677	-0.5281974	0.5105891	0.47519806	-0.5407211	0.46450818	0.56867254	-0.4722725	0.5262467	0.57737845	-0.5179348	0.4743082	0.49334037	-0.4861778	-0.55875874	0.555475	0.49649954	0.45561266	-0.5002288	-0.48772675	0.35431772	0.523806	-0.43097645	0.5675646	0.5459056	0.48169476	0.56844664	0.5286044	0.54730284	-0.44179556	-0.5030437	0.47526604	0.4737496	-0.5326917	0.49261352	-0.5173716	0.5332439	0.510677	-0.43067917	0.52616894	-0.58598244
-0.5928287	-0.5925837	-0.63822806	0.6702352	-0.5804105	-0.64818543	0.54436165	0.58622724	0.6416803	0.61995417	-0.57706624	-0.6434951	-0.662887	0.62923795	-0.631381	-0.6162196	0.6720809	0.54845345	-0.63764393	-0.59633803	-0.60318625	-0.64355624	0.6083206	0.6451342	0.64133304	0.6294298	-0.5867608	-0.55334175	0.6834208	0.6801674	-0.616787	0.6489209	-0.62659144	-0.56174767	0.590519	-0.6689407	-0.5532008	0.58436894	-0.61245936	0.58754337	0.6493034	-0.60788655	-0.6172402	-0.5632703	-0.59737784	0.6052792	-0.614489	-0.5842711	0.63041013	0.62235075	-0.54584205	-0.585548	-0.5820766	-0.6503369	-0.64377004	-0.66641337	0.6657151	-0.6300786	-0.6378969	-0.5387113	-0.6149976	0.6289966	0.5785704	-0.65635943	0.58026916	0.5982578	-0.5986108	0.58278745	0.60554075	-0.6695339	0.5641414	0.58854055	-0.6381983	-0.63155663	0.6255995	0.54303896	0.6194551	-0.6161603	-0.5427769	0.5084436	0.54223025	-0.5582293	0.5754525	0.62644506	0.52621335	0.5492313	0.60813516	0.60801476	-0.6113425	-0.5828256	0.59547824	0.57523125	-0.6251804	0.6462544	-0.61944723	0.59917086	0.60045743	-0.5724135	0.58593535	-0.6681733
-0.5608357	-0.6098308	-0.62251425	0.6089677	-0.5851923	-0.5339251	0.60627484	0.5756272	0.57493186	0.6010462	-0.5572461	-0.5978127	-0.60429746	0.5797717	-0.6367203	-0.59987795	0.6146149	0.61495507	-0.61006325	-0.55355465	-0.65381926	-0.59625983	0.5626109	0.5948843	0.5897345	0.57450086	-0.5923339	-0.6248843	0.6457773	0.6486292	-0.5845167	0.59914404	-0.5853265	-0.5101268	0.6363584	-0.53739244	-0.49718568	0.5861741	-0.616932	0.5488408	0.58012766	-0.53425217	-0.6083658	-0.5930586	-0.57720935	0.5770274	-0.5546629	-0.61261654	0.574891	0.5820516	-0.5218795	-0.6132781	-0.6144705	-0.5826788	-0.586193	-0.56442344	0.588227	-0.54831284	-0.6217874	-0.6126338	-0.6414929	0.5628243	0.5916673	-0.62997276	0.60066485	0.5721721	-0.6327449	0.5871934	0.61135507	-0.60951334	0.63081396	0.6031311	-0.5927948	-0.601176	0.62463796	0.6054918	0.53346974	-0.56428546	-0.49820128	0.46543545	0.5593174	-0.56156224	0.60401875	0.62477636	0.5736842	0.6223182	0.65137315	0.6459139	-0.60862005	-0.60854614	0.63324684	0.5244196	-0.6335133	0.5657406	-0.61393696	0.654756	0.6208808	-0.4958356	0.58274704	-0.6194632
-0.70513046	-0.60949546	-0.6228752	0.63881016	-0.64073783	-0.4978654	0.64826804	0.6169492	0.70508075	0.67924356	-0.6558648	-0.58996665	-0.591357	0.6802792	-0.66047734	-0.6163846	0.6777487	0.7017687	-0.66809547	-0.67545843	-0.6469772	-0.6319439	0.6145131	0.6079674	0.671837	0.70582145	-0.62228763	-0.61660147	0.64688605	0.64094883	-0.68766147	0.6230972	-0.6348777	-0.56844395	0.6339262	-0.6639576	-0.63148475	0.6851704	-0.6318087	0.68344444	0.61765474	-0.64869916	-0.61558384	-0.6848951	-0.6236849	0.5939704	-0.6245704	-0.6431986	0.56643116	0.6559222	-0.5909605	-0.6936955	-0.6621881	-0.6880549	-0.6657862	-0.6160226	0.64011216	-0.564581	-0.5715124	-0.70493746	-0.63201106	0.6012307	0.6490808	-0.59248006	0.614562	0.69494903	-0.68977606	0.6827253	0.62025356	-0.66497046	0.70096457	0.6486355	-0.6212375	-0.58428943	0.60854703	0.59188205	0.623759	-0.6603519	-0.62950915	0.6126947	0.6757277	-0.68400156	0.60933244	0.6262747	0.5979681	0.68061805	0.6160215	0.6795106	-0.6174039	-0.628086	0.61657476	0.6593546	-0.70180947	0.5406213	-0.61820203	0.6624006	0.66348016	-0.5855826	0.6342446	-0.59615016
-0.4621742	-0.43446046	-0.46810886	0.45907387	-0.45805544	-0.43868244	0.4458829	0.4405404	0.40497732	0.47663203	-0.45393935	-0.431173	-0.4041824	0.42036915	-0.4424019	-0.46600273	0.47573203	0.4081995	-0.40804064	-0.42117214	-0.46584103	-0.44564995	0.40972912	0.46897584	0.41490862	0.4243947	-0.4378074	-0.48301554	0.45803404	0.42490226	-0.43481272	0.42348033	-0.45045748	-0.46160725	0.41391823	-0.38937008	-0.4149662	0.47004852	-0.50236773	0.4709408	0.40417078	-0.4029988	-0.3989536	-0.4986632	-0.4707815	0.37779608	-0.41539818	-0.43508166	0.4541886	0.46944204	-0.4607162	-0.42398024	-0.43998423	-0.4371514	-0.41652146	-0.41681403	0.41580305	-0.45951584	-0.37781116	-0.49887222	-0.4749226	0.40219286	0.4803734	-0.42452705	0.4357817	0.45735914	-0.4913901	0.44689974	0.4631789	-0.48017114	0.4467818	0.4542992	-0.49207583	-0.45359966	0.48798627	0.45391533	0.4348996	-0.4252914	-0.43388358	0.4080557	0.50223917	-0.4474857	0.43837142	0.4760291	0.47051725	0.43157473	0.40435737	0.44415912	-0.40452102	-0.44953004	0.4770206	0.45488608	-0.42345226	0.38501704	-0.47880024	0.5042203	0.39626414	-0.46267334	0.4130158	-0.4392666
-0.35196894	-0.45406428	-0.4381682	0.39256617	-0.3909843	-0.3705955	0.43237597	0.39464858	0.3950824	0.4149427	-0.36121163	-0.38537547	-0.46460006	0.36294034	-0.41341692	-0.46451852	0.44363594	0.45293328	-0.39374784	-0.43588385	-0.42075375	-0.4614055	0.42249036	0.43697375	0.42917264	0.44683114	-0.38349378	-0.37784478	0.46555543	0.404554	-0.45720422	0.38249508	-0.46300396	-0.3758078	0.409185	-0.4018992	-0.38667166	0.4546465	-0.4505451	0.36769807	0.44155028	-0.43374026	-0.40503693	-0.4043432	-0.3805215	0.39935982	-0.36777854	-0.39822724	0.4143082	0.37082896	-0.4175363	-0.3882371	-0.3848651	-0.46601266	-0.37619138	-0.4526694	0.42328367	-0.3829462	-0.353856	-0.36540878	-0.4276167	0.39631397	0.39842576	-0.36470494	0.38313043	0.42980018	-0.41305712	0.3732118	0.40839365	-0.41067886	0.36944076	0.45464057	-0.44536182	-0.43797347	0.43938103	0.44623557	0.40540433	-0.4223949	-0.42729345	0.36057132	0.41654727	-0.39268258	0.3858709	0.40778992	0.40287486	0.35233277	0.43058842	0.37850103	-0.3606866	-0.369705	0.41737166	0.39195096	-0.41782638	0.3787012	-0.36895415	0.39150217	0.38885644	-0.3309037	0.40490028	-0.4171386
-0.5757699	-0.7845351	-0.7014704	0.69589376	-0.6401998	-0.7043597	0.7323116	0.6468124	0.75514615	0.7685927	-0.7487018	-0.74622416	-0.7659467	0.70523816	-0.7077022	-0.7037521	0.71203935	0.6450125	-0.6750463	-0.76326317	-0.7520972	-0.77122253	0.6836542	0.71105355	0.73934096	0.6678705	-0.77163416	-0.6470291	0.76987374	0.7705119	-0.6783208	0.72388315	-0.712167	-0.62889534	0.6757169	-0.7277898	-0.58545375	0.67390925	-0.635435	0.64016104	0.77060974	-0.7202531	-0.76305836	-0.7647424	-0.6720842	0.7269203	-0.67731535	-0.74642795	0.6959727	0.72265446	-0.57536024	-0.79299647	-0.6389279	-0.69911605	-0.7637626	-0.6971116	0.74351597	-0.7569663	-0.7277184	-0.70264995	-0.7364542	0.6607453	0.59438324	-0.70511085	0.6934634	0.7189449	-0.66552067	0.64434934	0.757602	-0.7776467	0.6813629	0.7063741	-0.77894026	-0.6612674	0.6766056	0.6919912	0.72584784	-0.71727276	-0.7187529	0.56460565	0.6961467	-0.64313847	0.7029062	0.64899164	0.5885685	0.6765435	0.7258117	0.6041892	-0.7505633	-0.69835603	0.75957865	0.7479269	-0.68526196	0.6481838	-0.7101783	0.7394764	0.75696933	-0.59458554	0.7337385	-0.71671087
-0.70515573	-0.73059183	-0.72823936	0.71374124	-0.68235636	-0.73032045	0.67048407	0.6023382	0.75272924	0.69121146	-0.7444675	-0.70784956	-0.68413603	0.7189887	-0.76837385	-0.799853	0.70232934	0.6732802	-0.72024167	-0.7535534	-0.8190119	-0.7273563	0.729505	0.7516344	0.7269946	0.7248266	-0.77784544	-0.73663837	0.75966585	0.7450716	-0.7682962	0.771748	-0.7360674	-0.5577091	0.80545396	-0.80991155	-0.5801077	0.76971495	-0.65743405	0.66786045	0.76184064	-0.73295736	-0.701133	-0.7165012	-0.778225	0.7787467	-0.65031886	-0.7372683	0.777978	0.7229404	-0.62129635	-0.7291075	-0.73545915	-0.7956489	-0.68839526	-0.77032614	0.78867155	-0.81469834	-0.74315614	-0.72297263	-0.7526575	0.6546322	0.64278376	-0.7864132	0.7154522	0.80742705	-0.6658905	0.69532675	0.7535983	-0.7323679	0.73370683	0.711778	-0.7432288	-0.7846018	0.6662954	0.6422028	0.6371667	-0.76443905	-0.65229046	0.608785	0.6401393	-0.69848716	0.772965	0.6744368	0.625685	0.7688981	0.76348734	0.7860203	-0.7456608	-0.7276446	0.7213799	0.7063051	-0.6891681	0.61330664	-0.71789664	0.79713005	0.7856017	-0.58262867	0.77461845	-0.77561235
-0.54754156	-0.4784211	-0.46878222	0.52546334	-0.48730108	-0.51171803	0.4690509	0.52557325	0.57243145	0.5273496	-0.4435995	-0.4811996	-0.47870326	0.4965367	-0.4945773	-0.5227146	0.5563613	0.52694064	-0.50745404	-0.5449251	-0.51119685	-0.506142	0.5359173	0.56725484	0.4893889	0.46799728	-0.48268655	-0.5414484	0.52900004	0.51330245	-0.50298506	0.5125187	-0.55304044	-0.5392633	0.5032374	-0.53435916	-0.5074831	0.5432419	-0.4676564	0.4941936	0.48059744	-0.50844675	-0.531	-0.49582216	-0.5136538	0.48738945	-0.48357022	-0.51773816	0.50000626	0.44278717	-0.5396763	-0.5239287	-0.54300857	-0.47359744	-0.5210149	-0.46938798	0.5498182	-0.5068321	-0.5461198	-0.49740112	-0.53487235	0.4994695	0.5094507	-0.5674417	0.5461774	0.48769158	-0.5393322	0.55902314	0.5377323	-0.5714059	0.52827835	0.48835307	-0.53989786	-0.4955805	0.5612742	0.50072044	0.50716865	-0.50270224	-0.51372886	0.45063797	0.46885076	-0.55024105	0.51642877	0.47186288	0.45549712	0.5239151	0.558576	0.5373465	-0.5433624	-0.46238068	0.5328144	0.4871454	-0.56174433	0.53905827	-0.4948285	0.48464462	0.5494502	-0.45866773	0.5169371	-0.49924642
-0.14256093	-0.16488314	-0.17253941	0.22663596	-0.20424573	-0.16629152	0.13767664	0.1535307	0.16965276	0.18400504	-0.18403737	-0.15647928	-0.16401577	0.17146851	-0.21196158	-0.22679552	0.22587194	0.21862622	-0.16299483	-0.16532531	-0.21311063	-0.1925163	0.15346648	0.22242452	0.15815753	0.17207073	-0.20828888	-0.15075192	0.21437752	0.21612325	-0.17427783	0.16742033	-0.19315901	-0.18878043	0.15423983	-0.22922611	-0.149198	0.17438713	-0.16939169	0.15515119	0.13645418	-0.17219073	-0.19393106	-0.19687095	-0.13758892	0.14390782	-0.2165777	-0.18292144	0.16826758	0.17100696	-0.19229202	-0.20308898	-0.21037088	-0.18674205	-0.21584712	-0.23574798	0.20307112	-0.15452689	-0.20460135	-0.19833714	-0.17697537	0.14156348	0.18195969	-0.13696668	0.16922359	0.17139943	-0.21181534	0.17461862	0.15626553	-0.20292333	0.20945095	0.18666796	-0.21674195	-0.21981752	0.22438896	0.14783321	0.23235458	-0.17061885	-0.21714316	0.22352523	0.14306654	-0.14351422	0.13706599	0.23586737	0.1573996	0.19536689	0.17349817	0.20139413	-0.2066726	-0.19798905	0.19230077	0.17800705	-0.21332934	0.22088392	-0.22037181	0.22179659	0.21770418	-0.17535014	0.22573453	-0.22024684
-0.33222967	-0.42001975	-0.4237881	0.35495526	-0.38166523	-0.329923	0.36480236	0.34468478	0.36192486	0.3593729	-0.37979707	-0.3300778	-0.366595	0.35674834	-0.40106162	-0.38600156	0.34139618	0.35360375	-0.34256384	-0.395486	-0.42229944	-0.35357764	0.40824205	0.3919093	0.40837455	0.3838617	-0.3848327	-0.3981584	0.3244889	0.38307938	-0.42034698	0.33726817	-0.33790588	-0.36670026	0.4158786	-0.3839897	-0.34502962	0.33345366	-0.35922414	0.32990247	0.35632682	-0.35236606	-0.34977657	-0.33651122	-0.3549137	0.38677305	-0.34549218	-0.39545807	0.3813743	0.40010253	-0.33634827	-0.3524173	-0.39749852	-0.38101813	-0.3359142	-0.39901295	0.40511274	-0.3421531	-0.36892837	-0.35830003	-0.33653748	0.34934676	0.39748874	-0.37224898	0.3713595	0.3455789	-0.41780064	0.3774638	0.3573255	-0.33775127	0.35097006	0.3978466	-0.4136665	-0.35668647	0.37511533	0.37763315	0.4174769	-0.3431238	-0.3727236	0.36102775	0.37247694	-0.34139118	0.33412376	0.35218668	0.32037196	0.36614805	0.40180537	0.40309277	-0.38254037	-0.34953052	0.35083228	0.41713822	-0.355979	0.37440452	-0.3607512	0.41441518	0.33502862	-0.32077578	0.37657043	-0.36323398
-0.55220914	-0.59814155	-0.6123187	0.5735081	-0.5487371	-0.5178417	0.54738516	0.5852044	0.60320884	0.5854651	-0.5010765	-0.6252188	-0.6419253	0.59051627	-0.523816	-0.5969162	0.55897063	0.6157244	-0.6123682	-0.5572851	-0.59252673	-0.6091911	0.5472539	0.6051581	0.53688395	0.5662587	-0.5895915	-0.61449754	0.62263656	0.6373055	-0.6234222	0.60619354	-0.595322	-0.482641	0.64150876	-0.62750536	-0.48154968	0.5690443	-0.5937139	0.5397851	0.63272357	-0.6123555	-0.6049692	-0.6062765	-0.5729526	0.56938136	-0.46643183	-0.62569547	0.62269104	0.5128647	-0.5422538	-0.60036665	-0.5477037	-0.613875	-0.5856139	-0.65236086	0.6303544	-0.6369348	-0.53060186	-0.6125699	-0.5995159	0.56031626	0.56141293	-0.5676476	0.56888926	0.5717301	-0.6175281	0.58082896	0.5952525	-0.6262039	0.57576996	0.596877	-0.565343	-0.5364823	0.6238052	0.5210891	0.57853794	-0.5962607	-0.51946455	0.47105104	0.5456578	-0.56803954	0.6240288	0.5168019	0.48525771	0.5661917	0.5762863	0.63353086	-0.56422174	-0.513827	0.61669606	0.5754474	-0.6302571	0.59606737	-0.56229717	0.6143065	0.57936025	-0.53061587	0.5932076	-0.63505834
-0.11672266	-0.13800107	-0.090893194	0.18141331	-0.09788143	-0.14887995	0.13235791	0.09652386	0.1160435	0.15188812	-0.17081693	-0.12119914	-0.15451366	0.15781175	-0.15561262	-0.19034089	0.16876228	0.11978968	-0.1191393	-0.13396901	-0.18401915	-0.11572309	0.14821303	0.15617856	0.12234698	0.18110062	-0.17674293	-0.1347367	0.16649176	0.121041946	-0.16610281	0.12690213	-0.14461862	-0.17339846	0.16820112	-0.10979041	-0.1309401	0.13682753	-0.08986919	0.10709816	0.12147943	-0.094075866	-0.17141849	-0.17739226	-0.14628215	0.13813886	-0.13435835	-0.12665226	0.15083121	0.15625896	-0.16656435	-0.18645759	-0.18003029	-0.090402335	-0.1030878	-0.121132486	0.13702269	-0.10587593	-0.12923253	-0.16767593	-0.1674729	0.1269591	0.15400492	-0.097478576	0.109106645	0.1604511	-0.12661375	0.14797945	0.16776523	-0.187264	0.1483585	0.107480854	-0.13894321	-0.13355514	0.11502669	0.15708001	0.11954733	-0.13742177	-0.16401969	0.18386698	0.11812868	-0.18011177	0.09403498	0.11429002	0.15790859	0.09111406	0.16904	0.13169642	-0.13236295	-0.101149864	0.126178	0.15361297	-0.13558638	0.1297334	-0.13199766	0.1199086	0.10255048	-0.16178004	0.10703366	-0.09361796
-0.5146558	-0.5520639	-0.58552545	0.4730792	-0.55788684	-0.5036532	0.5237766	0.5508187	0.5814295	0.51751715	-0.49990854	-0.520422	-0.5554705	0.54442275	-0.5749241	-0.5624374	0.5766593	0.4967757	-0.5593341	-0.48437828	-0.5702958	-0.5159828	0.5813581	0.53994244	0.49911126	0.5768057	-0.48335755	-0.5289944	0.48883024	0.50343376	-0.50616324	0.51917017	-0.50547314	-0.4110266	0.5853498	-0.51203394	-0.44494608	0.46699527	-0.49028197	0.4758737	0.5273502	-0.5426409	-0.4872944	-0.54449195	-0.48361054	0.5297447	-0.47913218	-0.5344503	0.5707314	0.5650119	-0.44846076	-0.4968881	-0.5663779	-0.59547275	-0.51874644	-0.5092451	0.527805	-0.5240164	-0.5116055	-0.49158344	-0.54925585	0.53738934	0.47506642	-0.5111299	0.51213896	0.5039345	-0.4879143	0.5117538	0.49113756	-0.55523956	0.5018018	0.5523574	-0.4798581	-0.49044722	0.5549415	0.48475665	0.52191657	-0.59054774	-0.5007252	0.44779357	0.50514364	-0.51225305	0.5254561	0.4759359	0.39605725	0.5494245	0.4754428	0.5628271	-0.53485346	-0.529221	0.5419789	0.5074639	-0.52959776	0.4207396	-0.52862847	0.4784134	0.5511493	-0.4266184	0.52479684	-0.54097086
-0.53321314	-0.57786	-0.638053	0.62227017	-0.5979839	-0.5487597	0.5282888	0.53637564	0.5929811	0.64097273	-0.62527907	-0.5954647	-0.60580355	0.5730069	-0.62012875	-0.6112797	0.6491353	0.5855654	-0.61926484	-0.64062184	-0.6310453	-0.6550351	0.6522056	0.57946575	0.64643705	0.5564142	-0.62158793	-0.62069035	0.5574641	0.6492643	-0.5660089	0.6050435	-0.5939363	-0.560062	0.6382865	-0.659132	-0.51013434	0.55736494	-0.60958445	0.5572862	0.53521025	-0.6500968	-0.61770207	-0.6479464	-0.63769954	0.6361115	-0.5084175	-0.59097046	0.5729511	0.62653023	-0.5283126	-0.5864376	-0.5698372	-0.6354391	-0.63586384	-0.5819938	0.6145307	-0.608964	-0.5552516	-0.64686304	-0.56757843	0.62051153	0.5032141	-0.5896401	0.672627	0.6376439	-0.5280566	0.61467004	0.5667147	-0.66927624	0.54606694	0.58458483	-0.59139025	-0.55958205	0.5919862	0.5951792	0.64028186	-0.6579673	-0.57769716	0.47789532	0.5975666	-0.5765085	0.64479226	0.59700155	0.48823008	0.60474855	0.60187066	0.63225585	-0.6162051	-0.6453122	0.58425117	0.6246165	-0.6458279	0.5167602	-0.6249471	0.654373	0.5693313	-0.4704688	0.5910235	-0.62228763
-0.4425163	-0.56462103	-0.52924716	0.56112933	-0.46678153	-0.47780493	0.48973864	0.42413035	0.513845	0.5481402	-0.49297732	-0.4893316	-0.5381373	0.48905346	-0.4780225	-0.48339593	0.5050821	0.4789221	-0.5044836	-0.5346876	-0.5004178	-0.5258911	0.5069302	0.5434202	0.48211148	0.48623317	-0.53686804	-0.5364433	0.54501	0.48091373	-0.4861418	0.5087557	-0.49018896	-0.40962115	0.5244183	-0.5641676	-0.43210706	0.4894955	-0.45322108	0.48715058	0.57082224	-0.5189205	-0.5082681	-0.47899774	-0.5027566	0.562165	-0.50906914	-0.4610988	0.518362	0.47849172	-0.43754426	-0.5328612	-0.5034531	-0.5224535	-0.56368643	-0.5610229	0.508275	-0.51516557	-0.5502417	-0.49429905	-0.48031935	0.5278661	0.4373456	-0.49603796	0.51744914	0.51854444	-0.4612613	0.5109982	0.48539686	-0.5465087	0.4902075	0.5239165	-0.52472997	-0.4964945	0.5322656	0.5131005	0.5122055	-0.508105	-0.49814326	0.4676858	0.52080184	-0.42387414	0.55259025	0.47130662	0.42387095	0.498845	0.48545173	0.48186326	-0.46844593	-0.50650895	0.47684526	0.54598445	-0.5580169	0.5069409	-0.4575738	0.47382873	0.57210195	-0.42032346	0.53058755	-0.51255286
-0.40846106	-0.47027552	-0.43011266	0.435727	-0.4693258	-0.44578227	0.4013097	0.3795533	0.52427894	0.47952467	-0.46574315	-0.5243338	-0.43931523	0.435412	-0.44691932	-0.46269792	0.4258839	0.45529798	-0.48657826	-0.48342356	-0.51887685	-0.49253374	0.41689298	0.49877995	0.49575326	0.45736837	-0.51503366	-0.46697307	0.4613934	0.4271822	-0.5058254	0.52383524	-0.45745742	-0.42432252	0.452823	-0.4169424	-0.360116	0.48579347	-0.4650173	0.41679057	0.50619626	-0.41460675	-0.4811959	-0.44225112	-0.46282884	0.49927655	-0.3775798	-0.50066364	0.50463116	0.44390553	-0.43176696	-0.5008987	-0.44441465	-0.49368674	-0.4513078	-0.5276042	0.4777048	-0.4419025	-0.50763124	-0.5009186	-0.47934622	0.42392159	0.46051934	-0.500542	0.45497337	0.4614395	-0.48789367	0.4419247	0.4514505	-0.47723913	0.48877677	0.5061421	-0.44803658	-0.4693697	0.40617236	0.45487246	0.39640132	-0.5032706	-0.46959662	0.37913907	0.46346134	-0.45099893	0.50653	0.43880463	0.36677402	0.48844728	0.5027049	0.4554311	-0.48735416	-0.421722	0.4748244	0.42955798	-0.50563335	0.39976636	-0.4948713	0.4687537	0.46652892	-0.4220408	0.4726676	-0.5291225
-0.34154168	-0.33755547	-0.40268245	0.3874972	-0.37517554	-0.30993038	0.31825116	0.3798033	0.3530316	0.34878868	-0.32713935	-0.34326017	-0.38125238	0.37962413	-0.31479457	-0.40469685	0.36309817	0.33332825	-0.38451868	-0.3953515	-0.3359724	-0.35587716	0.38967508	0.3280544	0.3307882	0.3152683	-0.3851003	-0.37887114	0.3608097	0.37651172	-0.40313166	0.36186472	-0.39959195	-0.32534903	0.35605124	-0.38222918	-0.27469453	0.35318646	-0.35738486	0.33304757	0.41573164	-0.38274255	-0.36078203	-0.39286795	-0.3946882	0.37771827	-0.35325545	-0.349983	0.3433857	0.40093735	-0.35391116	-0.38796014	-0.34379366	-0.3959854	-0.3186198	-0.3375138	0.36044967	-0.38636813	-0.34619632	-0.37040636	-0.32065544	0.38174513	0.30169016	-0.32502073	0.3351194	0.3917003	-0.3490316	0.35693985	0.36650452	-0.33769158	0.3228167	0.32793143	-0.39218408	-0.3249221	0.40590924	0.32135925	0.3153482	-0.40154886	-0.35104626	0.23941733	0.3839214	-0.3884139	0.36267334	0.309826	0.28855878	0.37456778	0.4066067	0.37861007	-0.3107265	-0.3572239	0.3214488	0.38940632	-0.33422235	0.33305305	-0.35082948	0.33761734	0.39419875	-0.2357008	0.38422337	-0.34959278
-0.44249704	-0.5101966	-0.44121194	0.50376886	-0.4872918	-0.38931018	0.43140528	0.44623095	0.45025292	0.4281528	-0.3929417	-0.4508021	-0.40063712	0.4818965	-0.46201205	-0.41417712	0.48599696	0.4601702	-0.45092618	-0.46968412	-0.4607509	-0.44899166	0.44223723	0.43050548	0.42143688	0.46228796	-0.4824093	-0.49494156	0.47013095	0.45680928	-0.47286984	0.49386424	-0.44046736	-0.4564162	0.50116676	-0.4192143	-0.38763148	0.5179697	-0.48841637	0.49512053	0.4253908	-0.4683594	-0.41369352	-0.43209937	-0.4347736	0.42119735	-0.45264462	-0.5110337	0.42436677	0.41019943	-0.49468598	-0.518817	-0.4259864	-0.40913367	-0.504454	-0.43019822	0.49546337	-0.39605373	-0.43504843	-0.5063712	-0.5090214	0.49921915	0.43683562	-0.49208224	0.44901088	0.4630042	-0.43435737	0.4124163	0.48544896	-0.46121636	0.5148749	0.47084123	-0.46432766	-0.49838296	0.46452406	0.42563093	0.45922625	-0.44051516	-0.4712561	0.34822392	0.4373038	-0.47537586	0.5043744	0.432406	0.44535568	0.5036695	0.5091404	0.5112075	-0.40043285	-0.42098814	0.4928887	0.48929194	-0.51352113	0.4076507	-0.45448798	0.4937564	0.41927424	-0.36525136	0.49527654	-0.47110596
-0.06534516	-0.042947568	-0.036566958	0.09862639	-0.09577076	-0.062119443	0.08962659	0.043654017	0.06313596	0.063593335	-0.07856913	-0.09252497	-0.0471061	0.090559885	-0.011006416	-0.061633393	0.08391971	0.10124872	-0.023918837	-0.075486064	-0.061452188	-0.060965512	0.10347953	0.09209696	0.0835023	0.017263176	-0.102454945	-0.032969367	0.10014818	0.1048271	-0.043694396	0.022361167	-0.03821172	-0.104738094	0.0787826	-0.06800765	-0.07651541	0.060116068	-0.08324707	0.020157197	0.092685156	-0.045097806	-0.083583355	-0.09503634	-0.10303267	0.051347706	-0.07501504	-0.10917124	0.007980455	0.015814476	-0.03272128	-0.063818365	-0.08832958	-0.037224106	-0.02306944	-0.1043276	0.07533045	-0.06307547	-0.08803446	-0.0736108	-0.051429935	0.02988549	0.07919243	-0.05402264	0.044419933	0.09250667	-0.03050201	0.06972556	0.011803386	-0.047155056	0.06374806	0.074167326	-0.09638183	-0.0159593	0.04088204	0.063540086	0.090552665	-0.0076098656	-0.067434385	0.015625771	0.07181293	-0.08706711	0.042590827	0.09129586	0.061188094	0.029010419	0.07367111	0.017724687	-0.023803758	-0.04597706	0.07194169	0.0918027	-0.014104471	0.022055183	-0.07419894	0.059660513	0.09307352	-0.026775876	0.057105485	-0.044014387
-0.014947896	-0.027105486	-0.046044827	0.0042064562	-0.022068549	-0.074669234	0.054209076	-0.009726204	0.06837284	0.05835491	-0.052389923	-0.04108286	-0.07315928	0.0797571	-0.057978507	-0.05507154	0.040235702	0.0065167747	0.014383081	0.008339602	-0.015092261	-0.003961174	0.038820945	0.07818816	0.021153709	-0.0026678687	-0.04561217	0.01418358	0.07542548	0.058665033	-0.0153552275	0.0047119744	-0.05302179	-0.080767855	0.071092404	-0.04678984	-0.015771136	0.016455986	-0.081537224	0.015679067	0.019041399	-0.008464741	0.0072899265	-0.045727525	-0.03974019	0.0450941	-0.04820547	0.0040721516	0.051943827	0.020308929	-0.05982114	-0.0050993385	-0.048842706	0.007973809	-0.05739224	-0.006337346	0.023226567	0.012893336	-0.082451984	-0.075169854	-0.06754605	-0.009973459	0.060291216	-0.0073090666	-0.014889287	0.019706761	0.007439219	-0.0074949963	0.05473929	-0.081886984	0.07160915	-0.0133779235	-0.07965672	-0.06599471	-0.011327889	0.017967878	-0.010090228	-0.06463626	-0.022378838	0.030880554	0.0357915	-0.0666527	0.030425003	0.008872064	0.07959094	-0.0073022405	-0.009162753	0.073986165	-0.059202485	-0.012903228	0.066223815	0.017218983	0.0025038572	0.074427105	-0.02529682	0.0020870222	0.04109928	-0.082607284	0.0018252003	0.010218042
-0.40234974	-0.45567575	-0.4147187	0.41907522	-0.43835306	-0.4604695	0.3643924	0.42317528	0.39926997	0.4476495	-0.46139574	-0.4635163	-0.41520342	0.43799347	-0.45661968	-0.428461	0.40302512	0.3657639	-0.4608435	-0.39337805	-0.39830127	-0.39360625	0.42047438	0.40619153	0.42306647	0.46283633	-0.37841874	-0.37266266	0.4512955	0.4124824	-0.4513662	0.44217148	-0.37570098	-0.38375887	0.39140403	-0.45718512	-0.37034923	0.45676753	-0.421984	0.38985485	0.447111	-0.4002407	-0.4474958	-0.4644446	-0.43413943	0.46429482	-0.3534836	-0.45201877	0.39768514	0.3808705	-0.44771868	-0.41451353	-0.45813164	-0.46579593	-0.45926458	-0.37679836	0.4601856	-0.38861775	-0.40556684	-0.42521313	-0.44964868	0.41437578	0.43439153	-0.44515228	0.4202088	0.3845552	-0.36380753	0.44962484	0.4501476	-0.3895732	0.37962195	0.44749284	-0.46289223	-0.3921306	0.4394699	0.41148186	0.4159991	-0.45701367	-0.3584771	0.3333819	0.4151698	-0.36947837	0.41169205	0.39828596	0.37041515	0.44076368	0.43233266	0.45920244	-0.38589427	-0.39797002	0.39490855	0.45114082	-0.4480781	0.46467385	-0.4299422	0.38741577	0.4684562	-0.37046614	0.3942768	-0.4388812
-0.3100992	-0.32608655	-0.30305383	0.35889748	-0.33132026	-0.36323446	0.36824602	0.3377413	0.31993774	0.363141	-0.38908225	-0.33578312	-0.40631607	0.31475985	-0.314659	-0.3993058	0.30990916	0.3308657	-0.33419716	-0.30882505	-0.35035607	-0.37454963	0.35844794	0.35262078	0.37079093	0.38573185	-0.38110796	-0.34252936	0.36189753	0.3043843	-0.3037367	0.3455369	-0.35794514	-0.35715193	0.3900994	-0.31977913	-0.3496206	0.3335774	-0.3119155	0.38166317	0.3517515	-0.3342795	-0.370105	-0.31222367	-0.3802817	0.36581552	-0.33120844	-0.36940643	0.3660544	0.39810914	-0.31637293	-0.35304824	-0.3300943	-0.3286028	-0.3066302	-0.34641013	0.3517858	-0.39949685	-0.3691372	-0.3368285	-0.32415453	0.38192502	0.32121602	-0.36863005	0.3683762	0.36314857	-0.3590478	0.34392202	0.3500466	-0.3250729	0.38473105	0.36808646	-0.3354195	-0.38582253	0.3258036	0.33699498	0.31496426	-0.38915643	-0.35287035	0.3222078	0.3494426	-0.32577786	0.30729353	0.32190523	0.32277718	0.3093775	0.35677278	0.3774672	-0.35699722	-0.3192761	0.3153169	0.37826183	-0.32167107	0.3611507	-0.3851248	0.38715625	0.37983218	-0.33738905	0.38252556	-0.39824024
-0.26903751	-0.25948286	-0.17691445	0.18658692	-0.2121468	-0.21957886	0.23914935	0.24699128	0.23519155	0.23471516	-0.25592116	-0.18469848	-0.21407826	0.16925828	-0.1756111	-0.22485769	0.23499754	0.20085882	-0.19571462	-0.24177781	-0.20549938	-0.26612982	0.22188863	0.19607313	0.18420677	0.21969429	-0.19964077	-0.19805485	0.2327632	0.20760229	-0.25153786	0.18364139	-0.22458854	-0.22282968	0.21584636	-0.1673473	-0.20036237	0.24116851	-0.22827661	0.20852214	0.22463576	-0.22584914	-0.25229818	-0.1967766	-0.21482375	0.17388806	-0.16862074	-0.20125373	0.25693843	0.18618159	-0.21981582	-0.2443457	-0.258381	-0.19084488	-0.17379406	-0.25901437	0.19995666	-0.1626792	-0.24548252	-0.18869357	-0.23428692	0.23356457	0.1925472	-0.22945008	0.1537329	0.21254875	-0.26825055	0.25692058	0.258249	-0.22697243	0.22741179	0.21672855	-0.23964132	-0.1797007	0.17228273	0.226734	0.20356198	-0.22121446	-0.23727551	0.19556513	0.19216241	-0.18825449	0.27132726	0.21301904	0.27923527	0.1931216	0.20570756	0.2714654	-0.20670262	-0.16048136	0.23317826	0.20777623	-0.2003086	0.16640511	-0.21290383	0.17987819	0.21746674	-0.2689981	0.24420919	-0.2077798
-0.42300358	-0.38400802	-0.4191692	0.37583628	-0.45451128	-0.41490299	0.4434635	0.37660587	0.4521717	0.4099584	-0.38841245	-0.42516592	-0.48268154	0.36736286	-0.4429315	-0.45648062	0.47589245	0.39719486	-0.382098	-0.37508473	-0.41584778	-0.42014304	0.42739064	0.41791853	0.37964886	0.4142096	-0.4536228	-0.41804555	0.44031468	0.38102204	-0.40569484	0.38178366	-0.44650704	-0.32835633	0.43607345	-0.3909341	-0.4028661	0.409484	-0.39648235	0.38583818	0.45733264	-0.39194104	-0.40125915	-0.44840375	-0.4286026	0.44018415	-0.4400947	-0.4027272	0.46439984	0.4326133	-0.4231511	-0.4298031	-0.418673	-0.38099974	-0.43715006	-0.43020436	0.47006246	-0.40835938	-0.46500924	-0.45287594	-0.45834246	0.36828116	0.35139757	-0.4768081	0.39057982	0.41218883	-0.45557272	0.41107425	0.39390504	-0.44106176	0.43327904	0.4614585	-0.45104113	-0.4314421	0.44576052	0.44980404	0.42982644	-0.40996522	-0.3594387	0.36025593	0.38142163	-0.39398426	0.44606018	0.4517464	0.328035	0.44935766	0.41707173	0.46595618	-0.4182537	-0.45866564	0.38960516	0.4461307	-0.45324764	0.4023474	-0.42461842	0.37707993	0.4440694	-0.3572671	0.445992	-0.4083735
-0.73720455	-0.81098825	-0.73373514	0.74967873	-0.77605766	-0.7661876	0.68800384	0.6809184	0.72200876	0.7881148	-0.70121765	-0.78785384	-0.82662416	0.690905	-0.76876557	-0.7692633	0.7372517	0.75887257	-0.7383238	-0.7924316	-0.73438495	-0.7913393	0.7744362	0.72318596	0.7578384	0.7147248	-0.77347124	-0.7596113	0.769471	0.793725	-0.71619356	0.7330461	-0.74641067	-0.6232704	0.79646647	-0.7687598	-0.7060837	0.69331163	-0.752959	0.7054437	0.76405686	-0.6954912	-0.73615396	-0.715129	-0.7077065	0.74200696	-0.6355501	-0.7560803	0.7784953	0.69414383	-0.64248466	-0.7136446	-0.68674344	-0.7924326	-0.79370016	-0.7820791	0.73096293	-0.7850564	-0.71078634	-0.7106247	-0.735456	0.7119727	0.7350646	-0.7802006	0.74614006	0.73745304	-0.6638692	0.75171196	0.78586066	-0.73833793	0.6851291	0.79931784	-0.787722	-0.70247674	0.7346316	0.74509233	0.7010519	-0.80356365	-0.6733422	0.64419615	0.7550553	-0.6684036	0.76500744	0.76422507	0.70810014	0.7157151	0.70014185	0.77615106	-0.72950536	-0.71297175	0.7445115	0.70923823	-0.7435363	0.77668726	-0.6998103	0.7679023	0.8183927	-0.61161226	0.75265193	-0.72701144
-0.21141835	-0.2486285	-0.27868727	0.28696093	-0.30070424	-0.31142417	0.2581044	0.23026492	0.26845905	0.25048825	-0.32119817	-0.28137589	-0.2857555	0.2938976	-0.31957605	-0.26885435	0.3093137	0.2745437	-0.25331116	-0.2398481	-0.32138905	-0.31955582	0.3196898	0.28679565	0.30370688	0.285112	-0.2489382	-0.23204336	0.28329074	0.24692398	-0.29997382	0.26819655	-0.28732052	-0.20124725	0.30320564	-0.28192487	-0.20204623	0.24040574	-0.21341486	0.27702975	0.34727544	-0.29573467	-0.3121266	-0.28961772	-0.3075372	0.2511209	-0.26493365	-0.25932917	0.30177703	0.25637922	-0.20152043	-0.28033653	-0.24629743	-0.24191846	-0.2880805	-0.33342025	0.27491927	-0.25653082	-0.27192825	-0.29451093	-0.2835846	0.24045405	0.22419544	-0.25024208	0.2636719	0.34345132	-0.23095962	0.29521754	0.32522774	-0.26715952	0.21842323	0.25263324	-0.2767678	-0.30947477	0.30098715	0.28012764	0.26756993	-0.24831182	-0.26587552	0.14150509	0.22841384	-0.25444108	0.24577478	0.29283264	0.16524866	0.26395968	0.27269077	0.3148238	-0.21654764	-0.27047312	0.27029324	0.2338287	-0.3087815	0.23139502	-0.2888931	0.3313619	0.24911918	-0.16265926	0.30662873	-0.31432348
-0.2580928	-0.21982746	-0.2573939	0.25802806	-0.25772583	-0.23191902	0.22530016	0.24621378	0.23514782	0.22196908	-0.24923733	-0.283734	-0.24276514	0.24797326	-0.20766391	-0.20520134	0.2553178	0.27126598	-0.27516752	-0.2397065	-0.2677857	-0.19762966	0.247075	0.2778381	0.21116425	0.2113455	-0.2740107	-0.26135036	0.1808703	0.2300744	-0.24839996	0.23011994	-0.17436144	-0.20217891	0.27400863	-0.2395996	-0.2446223	0.26135162	-0.21335758	0.15898594	0.17788081	-0.23772845	-0.2762826	-0.17770293	-0.24334131	0.1802288	-0.21995443	-0.22852533	0.22090954	0.24390262	-0.20113756	-0.23597474	-0.190064	-0.26931503	-0.22463748	-0.25149977	0.24024871	-0.18034604	-0.2541468	-0.1919811	-0.20179099	0.22692862	0.23021774	-0.23630828	0.20479685	0.21215281	-0.17121726	0.24511817	0.21415614	-0.20416221	0.2505698	0.25096613	-0.25140864	-0.18988344	0.27242827	0.22219624	0.2568457	-0.24534318	-0.21690747	0.22080237	0.22914575	-0.23196748	0.24025233	0.15065385	0.19114004	0.220691	0.22803551	0.19755918	-0.21625504	-0.2190371	0.22235878	0.27568167	-0.23255777	0.12239676	-0.2482316	0.19312455	0.2456361	-0.23796098	0.2316096	-0.20530829
-0.2492425	-0.34989128	-0.2614168	0.29825696	-0.31356698	-0.35647532	0.31457797	0.28617758	0.30965218	0.27548724	-0.34806535	-0.2870374	-0.30715632	0.3490627	-0.28547034	-0.27940252	0.33956283	0.244361	-0.3011894	-0.28828648	-0.2930035	-0.29507065	0.3243104	0.34820193	0.32673454	0.28922102	-0.26753825	-0.26116917	0.3470203	0.29429716	-0.28267887	0.34240282	-0.3403329	-0.2868993	0.3204627	-0.32758647	-0.24675167	0.36924693	-0.2621789	0.27114093	0.29093674	-0.3182318	-0.2944342	-0.3128648	-0.31595683	0.3614096	-0.2275052	-0.27331156	0.33046246	0.36289856	-0.22958162	-0.25761724	-0.24192673	-0.3028487	-0.3261757	-0.276802	0.26628673	-0.27587783	-0.30565134	-0.28474623	-0.31374168	0.2606758	0.3145118	-0.35012567	0.291225	0.26728916	-0.2944536	0.33267412	0.28163862	-0.27593693	0.2798668	0.32708144	-0.27952272	-0.3410372	0.3496456	0.32615572	0.32216814	-0.33956	-0.33161446	0.2129658	0.31775334	-0.32181644	0.28797692	0.30843493	0.29947308	0.31537813	0.327914	0.25101724	-0.3167715	-0.35122874	0.28713596	0.30902308	-0.32027972	0.3557715	-0.3569768	0.34629494	0.32761815	-0.27361488	0.32522315	-0.3071871
-0.54799104	-0.56381816	-0.58717746	0.5830661	-0.5690351	-0.53413725	0.5388984	0.60111296	0.6633432	0.5575168	-0.60405415	-0.5951619	-0.5704213	0.5327129	-0.5828051	-0.59167767	0.5698564	0.5518376	-0.5728235	-0.64400333	-0.5732398	-0.6477071	0.6411051	0.62248474	0.59737426	0.5687265	-0.6439093	-0.59310347	0.5555014	0.5602224	-0.5910608	0.5775718	-0.6254437	-0.49643555	0.57936335	-0.5872522	-0.56097466	0.64926785	-0.5689305	0.6204174	0.5827585	-0.54340255	-0.57174873	-0.5530113	-0.58035386	0.60299444	-0.52011484	-0.6224132	0.601729	0.58103955	-0.53599745	-0.5500215	-0.5459115	-0.6442751	-0.53872806	-0.62146443	0.6324637	-0.6124824	-0.5455556	-0.5558596	-0.5739892	0.5850893	0.5777806	-0.5525145	0.54160947	0.63920105	-0.6348094	0.6397143	0.57717	-0.55888903	0.54712796	0.61579275	-0.5850441	-0.61164063	0.590891	0.56672996	0.5492913	-0.5882973	-0.53552777	0.50370675	0.54659486	-0.59489363	0.57674974	0.61632437	0.59456843	0.6211282	0.5983021	0.57036895	-0.52588105	-0.57613754	0.5446331	0.5742579	-0.62218916	0.52128226	-0.56815	0.6347957	0.5712883	-0.5727217	0.59400463	-0.5743612
-0.40319523	-0.46629253	-0.46424097	0.42195487	-0.4667915	-0.5153323	0.4755872	0.47869655	0.47964597	0.46405688	-0.4515618	-0.43284523	-0.41951126	0.4462159	-0.5118014	-0.45399767	0.4858239	0.38105074	-0.43395814	-0.49780768	-0.45440105	-0.4739004	0.39981186	0.42319635	0.41614723	0.498377	-0.47486776	-0.44281542	0.50161004	0.5031104	-0.5017732	0.45063263	-0.49255136	-0.42379418	0.4883964	-0.49411148	-0.4185458	0.43059826	-0.47907057	0.460456	0.42857486	-0.5102521	-0.49236053	-0.5062809	-0.48741114	0.44930547	-0.4341109	-0.48583302	0.44574228	0.51062226	-0.47005507	-0.5087147	-0.45402855	-0.43585607	-0.46505338	-0.48947683	0.48095515	-0.48714954	-0.43247783	-0.48685768	-0.47230786	0.41509762	0.4278707	-0.45415753	0.45468017	0.47213218	-0.4338475	0.4692036	0.4519588	-0.48872033	0.40925905	0.43054914	-0.41995987	-0.50045115	0.43574306	0.44243738	0.43687943	-0.48088244	-0.41338187	0.4083652	0.4831211	-0.39899474	0.42762634	0.4372668	0.44445196	0.48335359	0.4681837	0.4207329	-0.5026336	-0.41210842	0.43139607	0.4346841	-0.4760935	0.40941405	-0.44593623	0.4297498	0.50111383	-0.38753533	0.5033013	-0.4929757
-0.54374766	-0.59033835	-0.57646114	0.5618637	-0.544529	-0.54533726	0.5409106	0.48482335	0.59332013	0.52053916	-0.49755287	-0.5068571	-0.5613939	0.5303334	-0.6018092	-0.5748137	0.5408337	0.50848776	-0.4884845	-0.5643157	-0.60642135	-0.5217428	0.5051768	0.5373295	0.58862364	0.5746963	-0.55664474	-0.57242846	0.6086497	0.5208315	-0.5259919	0.55006737	-0.5466329	-0.45624486	0.5881732	-0.564223	-0.46831107	0.49547789	-0.5658417	0.56545603	0.54533213	-0.5158408	-0.49766222	-0.5984481	-0.5244074	0.5634872	-0.44305936	-0.52519023	0.5172855	0.55524945	-0.47634974	-0.60132885	-0.5607615	-0.5643441	-0.54266226	-0.5532593	0.5589361	-0.5505111	-0.5043288	-0.54256314	-0.59623075	0.506543	0.5013487	-0.5896553	0.5963733	0.60853344	-0.5229344	0.5397232	0.55486065	-0.57609886	0.57903516	0.51765966	-0.59875023	-0.515254	0.49640846	0.53591007	0.4914822	-0.5535779	-0.47072628	0.37808546	0.4895376	-0.5475652	0.5804055	0.55860484	0.50998133	0.5369008	0.5708334	0.5689969	-0.4759804	-0.5425552	0.5645458	0.47501838	-0.5506514	0.6163291	-0.58805805	0.54947823	0.5675715	-0.45614898	0.48321995	-0.5767122
-0.8160125	-0.795501	-0.772895	0.87845045	-0.83821976	-0.80121064	0.7595906	0.77500737	0.82345855	0.82948476	-0.7754526	-0.8875706	-0.85359526	0.860309	-0.86548424	-0.8664839	0.8458633	0.8271388	-0.8426072	-0.8208461	-0.8150826	-0.8168437	0.82388765	0.83297485	0.8594612	0.83005893	-0.78707045	-0.8049932	0.8892836	0.88480604	-0.8361205	0.8642553	-0.81877005	-0.77906036	0.8639137	-0.8366185	-0.74425465	0.8443593	-0.7905071	0.7538828	0.85075134	-0.7933645	-0.8506308	-0.88005203	-0.8050522	0.8349181	-0.7206833	-0.84359133	0.81052166	0.8082298	-0.7586744	-0.8469722	-0.7711194	-0.86666006	-0.8175407	-0.8284156	0.87196124	-0.85657364	-0.8695202	-0.8282372	-0.86324614	0.7796771	0.7752559	-0.81050575	0.8150969	0.8498858	-0.7690813	0.75257874	0.8793739	-0.87903756	0.8030468	0.8204185	-0.8864287	-0.81159276	0.8024001	0.81297266	0.819797	-0.81143016	-0.78626966	0.7201286	0.7670088	-0.7158569	0.8485055	0.7820715	0.69060796	0.77844745	0.8705368	0.83831877	-0.7456452	-0.7897227	0.8261121	0.7818237	-0.8032223	0.85910684	-0.8252371	0.8487407	0.81572294	-0.6668313	0.8058821	-0.8206558
-0.4825154	-0.47461906	-0.40128294	0.42498335	-0.38856706	-0.45775366	0.39795157	0.40436423	0.45652217	0.44239843	-0.42762178	-0.47857806	-0.47038653	0.4735765	-0.47973087	-0.41554445	0.46350995	0.47164312	-0.4261339	-0.43897837	-0.41571054	-0.47900793	0.4521244	0.4821821	0.43916956	0.48447844	-0.42012864	-0.41879123	0.44152325	0.47819898	-0.43935922	0.45772213	-0.41917688	-0.3499905	0.4158024	-0.45093608	-0.3357659	0.4739775	-0.47403333	0.41783893	0.46107668	-0.4409672	-0.45156077	-0.42301965	-0.41218132	0.4816505	-0.41117296	-0.48383	0.48012808	0.37646592	-0.385881	-0.44111612	-0.4018526	-0.4876802	-0.46212697	-0.44501418	0.4606413	-0.46312568	-0.4053932	-0.43878806	-0.4085503	0.37029982	0.39187217	-0.46984014	0.45893234	0.4200362	-0.39928716	0.4644026	0.50081587	-0.40161532	0.45450088	0.50166583	-0.42426258	-0.4387311	0.40613282	0.4286072	0.45568454	-0.43555903	-0.4262807	0.33566007	0.4138767	-0.42964488	0.40117282	0.3882239	0.438671	0.47204256	0.4291364	0.4404991	-0.3907257	-0.45669243	0.46199265	0.39284992	-0.49044687	0.4130013	-0.47633836	0.42717084	0.46052796	-0.38881853	0.47961375	-0.45087287
-0.28183597	-0.2762203	-0.22625725	0.21039973	-0.21489173	-0.20714769	0.24546608	0.22026731	0.259759	0.29310724	-0.29779887	-0.22071521	-0.30684707	0.2425299	-0.23943582	-0.28479856	0.23542121	0.21626939	-0.23542325	-0.22339913	-0.24863078	-0.22486128	0.23846312	0.25357473	0.21293692	0.23439431	-0.28033438	-0.27933845	0.2528422	0.24591807	-0.24374148	0.27697286	-0.21841605	-0.1933345	0.23077475	-0.24726835	-0.18703665	0.22955889	-0.24432531	0.2765812	0.27480444	-0.21075137	-0.2747198	-0.20009804	-0.21211343	0.24546602	-0.19859342	-0.2667848	0.27817914	0.22464594	-0.250174	-0.24607725	-0.20261072	-0.25232142	-0.27431902	-0.20826446	0.23228815	-0.26226103	-0.21929821	-0.26905516	-0.25951156	0.26085243	0.24396816	-0.22780173	0.27024135	0.24497516	-0.19970731	0.28540847	0.28630784	-0.211676	0.21862292	0.29330695	-0.27988973	-0.26730397	0.23352264	0.2822234	0.26290873	-0.24333407	-0.18644674	0.2017968	0.27730727	-0.22687447	0.26751962	0.2644934	0.20439392	0.25205582	0.2839625	0.28944197	-0.27131113	-0.26895943	0.26812395	0.26169184	-0.19953136	0.25759408	-0.23898806	0.29270485	0.24900605	-0.23301674	0.25133684	-0.2995623
-0.6461734	-0.6080198	-0.6526964	0.67708546	-0.5850581	-0.5446054	0.5601072	0.59767056	0.65240586	0.5781522	-0.59229404	-0.5966094	-0.58173054	0.5772949	-0.6581277	-0.6607662	0.6263548	0.6006126	-0.5602306	-0.62581575	-0.636613	-0.590598	0.6159698	0.63193667	0.65873504	0.6050022	-0.58160037	-0.6464014	0.64295787	0.5762686	-0.5740437	0.5946733	-0.58921814	-0.5932379	0.66375446	-0.56174207	-0.6004615	0.6427885	-0.6410341	0.6251137	0.6504397	-0.62566257	-0.58672416	-0.60150075	-0.6566468	0.65478355	-0.5827409	-0.6142387	0.5782237	0.58411515	-0.60826623	-0.6863305	-0.56701064	-0.58865744	-0.58674973	-0.56554145	0.65445316	-0.6301533	-0.60066235	-0.63782734	-0.61520773	0.6122568	0.6243247	-0.6340268	0.64987755	0.576708	-0.60541147	0.5613962	0.60768783	-0.6297355	0.612072	0.6165327	-0.56805706	-0.606636	0.62887836	0.586056	0.58333194	-0.6472359	-0.54981965	0.59891826	0.6477372	-0.5690659	0.6234763	0.6224317	0.6118497	0.67785335	0.59804696	0.59303695	-0.63271767	-0.5957485	0.5979972	0.64166284	-0.6104932	0.6127122	-0.5933512	0.6705535	0.5870634	-0.551034	0.60555524	-0.6218998
-0.33851475	-0.37464043	-0.40643254	0.4306499	-0.37615076	-0.41356143	0.33908877	0.35206705	0.3855501	0.45266443	-0.39772478	-0.44394523	-0.41816416	0.4216743	-0.38433287	-0.44604817	0.4437264	0.36815777	-0.40812513	-0.4223555	-0.48191613	-0.4535503	0.42825678	0.43693313	0.4151335	0.3669913	-0.4378199	-0.43679824	0.4872166	0.43502006	-0.4338333	0.4802182	-0.42442465	-0.35972017	0.44158053	-0.45898944	-0.3626079	0.43757066	-0.38973233	0.36059958	0.49350047	-0.4195866	-0.48267165	-0.43156496	-0.4311479	0.4631057	-0.39944252	-0.43384385	0.41836056	0.4396278	-0.28735074	-0.4573267	-0.36923763	-0.4133684	-0.47259092	-0.45460007	0.4530866	-0.47626802	-0.46844772	-0.366922	-0.43951264	0.3493019	0.33237404	-0.46595818	0.4570957	0.4586045	-0.34475464	0.41841748	0.40534174	-0.3836544	0.41680208	0.38732776	-0.41438124	-0.4163022	0.4308475	0.41018006	0.43952754	-0.45197812	-0.45282096	0.3163932	0.4099693	-0.334269	0.37395024	0.4259763	0.35618696	0.44112536	0.4291488	0.40472808	-0.4268893	-0.403733	0.45048553	0.42173237	-0.4573542	0.44976836	-0.40482697	0.34886414	0.45950428	-0.33988363	0.409263	-0.44596502
-0.40636733	-0.43647423	-0.35223982	0.4402659	-0.4114554	-0.40191707	0.37715578	0.43643215	0.37512508	0.35356817	-0.39648652	-0.4102738	-0.3648485	0.4302389	-0.35193053	-0.34414142	0.42089772	0.40442502	-0.38282332	-0.36874261	-0.42259365	-0.4030133	0.40220103	0.36414728	0.37494677	0.40815648	-0.44137126	-0.37563026	0.39669743	0.358037	-0.42689615	0.41727367	-0.39560166	-0.3137459	0.37073222	-0.3527743	-0.3639072	0.37462676	-0.39111653	0.3805565	0.33731315	-0.36898395	-0.39862168	-0.44037688	-0.3926158	0.42172092	-0.37627736	-0.41328943	0.39485246	0.37773618	-0.3809072	-0.37145203	-0.34712416	-0.41866714	-0.36050943	-0.37632316	0.40937027	-0.3891454	-0.37405202	-0.38239408	-0.37203753	0.4298303	0.40810853	-0.36958978	0.45551243	0.395704	-0.38633338	0.45636982	0.4026263	-0.40883517	0.3836294	0.41042882	-0.38900658	-0.36318967	0.38435003	0.38887396	0.4136723	-0.41299003	-0.3991822	0.2682122	0.39657757	-0.36384988	0.3795493	0.36096504	0.35581613	0.41940346	0.41534868	0.433109	-0.34535503	-0.36353183	0.3649811	0.41301617	-0.4460267	0.32542163	-0.362776	0.4315418	0.4260901	-0.35393003	0.43764028	-0.40101263
-0.47303274	-0.5656571	-0.5020054	0.6018719	-0.48853162	-0.6007661	0.49476555	0.5470584	0.520466	0.57297677	-0.5906704	-0.50549215	-0.62340885	0.56222564	-0.56375796	-0.58303905	0.56389534	0.53462917	-0.50873715	-0.60287255	-0.5737412	-0.5317592	0.51187027	0.5932761	0.5629582	0.563937	-0.5697299	-0.58450943	0.59744817	0.5819501	-0.5748286	0.5558392	-0.49612087	-0.50342107	0.59581846	-0.61651987	-0.5176392	0.5417662	-0.5841804	0.5490058	0.5356183	-0.53213143	-0.56126565	-0.5132453	-0.497013	0.50460047	-0.5861732	-0.5578657	0.5882545	0.57725775	-0.49132046	-0.55178857	-0.50097644	-0.5778337	-0.58993	-0.5320912	0.5276684	-0.6118899	-0.60189307	-0.58155197	-0.5264156	0.5291294	0.4871822	-0.6080214	0.54056346	0.5663609	-0.49554318	0.55206764	0.56671375	-0.54085195	0.4700696	0.55396646	-0.5270886	-0.59622616	0.5580497	0.5386339	0.5264884	-0.52552515	-0.562972	0.4964546	0.5795794	-0.48408198	0.59109443	0.48462614	0.4773278	0.5962286	0.5542385	0.57656133	-0.5321762	-0.52936226	0.5768052	0.54342306	-0.5702782	0.6164874	-0.5248053	0.54940313	0.5295391	-0.48996788	0.5399752	-0.60196507
-0.36198887	-0.399847	-0.41531447	0.35197866	-0.3444109	-0.34338814	0.34103078	0.41350183	0.3686314	0.3560233	-0.37532607	-0.39725053	-0.39993635	0.33267313	-0.30700615	-0.4059217	0.32675824	0.36800846	-0.31855607	-0.39653495	-0.32086423	-0.39124098	0.3883561	0.41140807	0.34897652	0.4222482	-0.3451468	-0.39159626	0.39383098	0.34521258	-0.33029976	0.35294455	-0.39870846	-0.35449877	0.42317945	-0.3573846	-0.35393682	0.3999258	-0.31478366	0.3269897	0.351569	-0.3823275	-0.30039188	-0.4145337	-0.3640649	0.37028903	-0.30059367	-0.41956413	0.3246353	0.3314025	-0.34135616	-0.3723561	-0.4177974	-0.3434326	-0.40234333	-0.34305927	0.3891612	-0.33506727	-0.33201373	-0.36024326	-0.3395207	0.38918442	0.38598448	-0.36794272	0.33093923	0.3507344	-0.36163172	0.4019596	0.34399614	-0.3832106	0.39740396	0.38222283	-0.41969058	-0.31883192	0.38130727	0.37375486	0.343144	-0.3514693	-0.29288715	0.34418502	0.39866897	-0.3519549	0.3427924	0.3722782	0.3987749	0.4134468	0.40979645	0.3831712	-0.32543093	-0.3384717	0.3695548	0.3605713	-0.38780484	0.37105477	-0.33482996	0.36964014	0.39142004	-0.37127706	0.36712188	-0.36515266
-0.3605694	-0.4117639	-0.41658807	0.37138778	-0.33172244	-0.39318287	0.3520558	0.313213	0.3923187	0.38549456	-0.40711978	-0.4338115	-0.42901915	0.36095026	-0.4177783	-0.38792485	0.43947574	0.33975038	-0.42414007	-0.3825449	-0.35743952	-0.3870249	0.3671434	0.36319214	0.39502016	0.36251453	-0.42558685	-0.3284053	0.43034557	0.36190793	-0.3716147	0.37751773	-0.42502695	-0.3109499	0.3804661	-0.41481254	-0.26744986	0.34105524	-0.33220765	0.3667678	0.4285374	-0.4072565	-0.3626347	-0.39799553	-0.42550066	0.39390072	-0.33178428	-0.4027645	0.36922464	0.38021895	-0.3064498	-0.39867428	-0.35706282	-0.40357912	-0.4079205	-0.39202276	0.3955364	-0.43102005	-0.32637626	-0.3449393	-0.41944033	0.3800504	0.36741057	-0.44170707	0.39515534	0.4423451	-0.35786957	0.3484133	0.43508208	-0.4306719	0.33564118	0.4095427	-0.40319416	-0.36376083	0.40182245	0.3291654	0.38556638	-0.39806324	-0.38841528	0.24874526	0.41733634	-0.40781313	0.37527412	0.42074695	0.29391015	0.36493826	0.3429335	0.40110096	-0.37286708	-0.37181798	0.36378828	0.33447817	-0.4208781	0.4499241	-0.354696	0.4285568	0.34396794	-0.30742612	0.35131955	-0.40829185
-0.1998593	-0.23611346	-0.25898832	0.28678113	-0.24050723	-0.24650566	0.2601971	0.24230151	0.23690167	0.27629885	-0.28134602	-0.25423414	-0.28463763	0.24287428	-0.26901427	-0.27185053	0.2662326	0.21121785	-0.22415747	-0.21221766	-0.23588747	-0.2726677	0.29935002	0.29548237	0.26543632	0.2100597	-0.24828611	-0.2511801	0.33654088	0.3155754	-0.21708113	0.24888599	-0.22469525	-0.14844742	0.26189247	-0.2908714	-0.18341649	0.28954977	-0.2490737	0.23320612	0.29805225	-0.24330254	-0.28638968	-0.2402047	-0.27114266	0.25426307	-0.26757666	-0.2106008	0.28179222	0.2886033	-0.16051081	-0.32048056	-0.23992984	-0.30774483	-0.26595587	-0.24084038	0.24835172	-0.30353004	-0.3196084	-0.2951658	-0.25455794	0.18278985	0.16357972	-0.3014238	0.27047527	0.28844744	-0.21607886	0.27117637	0.24749197	-0.2211924	0.2515306	0.2662812	-0.2456477	-0.3024518	0.28899306	0.22367162	0.2358689	-0.28674364	-0.23118716	0.18092932	0.2702076	-0.1715881	0.24535929	0.24177079	0.17477842	0.31142893	0.24827826	0.23713714	-0.22691368	-0.21444945	0.2928117	0.27702326	-0.30900693	0.25665712	-0.25295207	0.28032282	0.2370434	-0.20557171	0.22336131	-0.3075287
-0.1438176	-0.2109915	-0.14725284	0.17625229	-0.20463544	-0.13136695	0.21378824	0.15571362	0.12517653	0.204802	-0.20512894	-0.1593432	-0.14924274	0.19200003	-0.13659239	-0.18286066	0.20799369	0.20150088	-0.19738258	-0.13688518	-0.21094032	-0.16268326	0.19600034	0.16960785	0.17151825	0.1753057	-0.18770547	-0.16052492	0.1995736	0.13799149	-0.17962338	0.15044756	-0.13581596	-0.17546144	0.16185741	-0.15868786	-0.12864038	0.1777644	-0.1594883	0.1385323	0.1470397	-0.18349817	-0.15114933	-0.21132037	-0.21076868	0.17948908	-0.15877919	-0.21926765	0.18455859	0.21946158	-0.14271475	-0.16424415	-0.2179966	-0.21950383	-0.15575178	-0.14486347	0.2108494	-0.20143333	-0.19699109	-0.22137704	-0.18815002	0.17339702	0.20483719	-0.196995	0.15539175	0.151242	-0.18388437	0.17877603	0.20037879	-0.17810786	0.1864545	0.18946409	-0.21486533	-0.21938528	0.1866042	0.1496794	0.18988748	-0.20195471	-0.21775915	0.18188357	0.12921402	-0.15072018	0.14184758	0.19614366	0.16710308	0.18377621	0.21368136	0.17459446	-0.22004004	-0.16379565	0.21106218	0.12748589	-0.15535514	0.14350557	-0.1927868	0.14408526	0.2216014	-0.1607777	0.18171601	-0.20199881
-0.41227436	-0.4162916	-0.4193496	0.47164515	-0.42707914	-0.45829126	0.3851599	0.42218134	0.41919282	0.4716281	-0.40087077	-0.46308732	-0.38671356	0.44906428	-0.4230263	-0.47396472	0.45384914	0.45002973	-0.3993237	-0.3968372	-0.40674126	-0.39493513	0.4376508	0.38888702	0.40452686	0.46009517	-0.3910051	-0.43351433	0.4077216	0.4604957	-0.419492	0.48695257	-0.49300385	-0.386624	0.44083336	-0.43601343	-0.44242868	0.47612008	-0.40329495	0.40586826	0.39236626	-0.4509885	-0.4542353	-0.4750194	-0.4478054	0.4691159	-0.4678336	-0.3918918	0.44752112	0.46643415	-0.40293652	-0.4188448	-0.46308464	-0.41884145	-0.4648487	-0.46131992	0.4039119	-0.3920478	-0.4214615	-0.47582182	-0.42900828	0.3856732	0.4225943	-0.48367438	0.3965838	0.45236683	-0.39119178	0.44911033	0.40629977	-0.4220173	0.44916937	0.4422199	-0.41625288	-0.4004188	0.47007346	0.44089243	0.42849788	-0.4390111	-0.45125154	0.4226776	0.43767366	-0.41016537	0.46270046	0.40076286	0.4064565	0.42416537	0.40170792	0.40623105	-0.4418148	-0.41733307	0.4328841	0.42369658	-0.47960433	0.31657535	-0.4145452	0.4420323	0.41007492	-0.37335792	0.47325748	-0.39847136
-0.48232153	-0.49339253	-0.48657998	0.5321348	-0.5329536	-0.5071531	0.5146459	0.45742878	0.43807217	0.51026505	-0.47036767	-0.49377114	-0.443128	0.4391767	-0.47064912	-0.4858008	0.4988856	0.51967746	-0.48906487	-0.5248011	-0.51681113	-0.5238803	0.51560086	0.47885537	0.54155314	0.51906043	-0.51204216	-0.5346136	0.511384	0.4598124	-0.46380022	0.5412458	-0.5140499	-0.46403804	0.5030016	-0.4745793	-0.46061483	0.46873772	-0.5027209	0.48625895	0.44580808	-0.4537783	-0.5394712	-0.513961	-0.52987754	0.4880621	-0.49688977	-0.4718214	0.45686772	0.45290798	-0.43572292	-0.5164442	-0.44448844	-0.47616357	-0.4644027	-0.4560014	0.489746	-0.4782223	-0.50054693	-0.50443834	-0.46147624	0.50334305	0.47097448	-0.52760637	0.49733105	0.49029505	-0.49021536	0.49730673	0.5070693	-0.5264258	0.4882035	0.52254117	-0.53910935	-0.5130636	0.4509598	0.5153247	0.5178486	-0.52552277	-0.5262167	0.48490462	0.4460423	-0.4449393	0.45029745	0.47288907	0.5144542	0.5142518	0.46380445	0.5334042	-0.4987688	-0.52688897	0.50013846	0.46706155	-0.51336527	0.46434763	-0.52527493	0.5046558	0.5334181	-0.42548624	0.4579602	-0.4426635
-0.62316746	-0.7067488	-0.7086629	0.6843349	-0.65365314	-0.6421975	0.6981665	0.60069525	0.68534976	0.7257714	-0.6383617	-0.70875734	-0.7081835	0.6762263	-0.6842786	-0.6744221	0.65085006	0.69617915	-0.70564044	-0.678338	-0.6587157	-0.70046574	0.67396086	0.70852256	0.67250997	0.6804433	-0.6557762	-0.6824484	0.70833886	0.7334364	-0.6379377	0.6957812	-0.63344795	-0.6357814	0.7431428	-0.6893446	-0.6048561	0.7169131	-0.6260967	0.63008726	0.687197	-0.70690703	-0.669791	-0.6553171	-0.6481774	0.7044959	-0.600165	-0.6592977	0.69026077	0.6499595	-0.60029453	-0.7307195	-0.6437857	-0.6725028	-0.64171773	-0.7230663	0.6420768	-0.6513459	-0.6439567	-0.6801467	-0.6386206	0.63135594	0.6723108	-0.69319296	0.6658706	0.64457005	-0.66702783	0.65887994	0.70542645	-0.6593525	0.65834475	0.6967356	-0.7238416	-0.70803374	0.6665741	0.63089305	0.6675861	-0.6490179	-0.637651	0.53712654	0.6401048	-0.62682426	0.6844599	0.6454739	0.622254	0.67554146	0.7033325	0.70911103	-0.6839391	-0.61463594	0.6970135	0.6819302	-0.6708799	0.639071	-0.6889497	0.6618654	0.67327905	-0.5516058	0.66264	-0.65072453
-0.25681207	-0.31530187	-0.29376018	0.27406445	-0.26655704	-0.33374244	0.27083984	0.2745093	0.32178265	0.31628144	-0.2669667	-0.27043957	-0.29760063	0.26509488	-0.29294768	-0.26762733	0.2900426	0.25460926	-0.24440345	-0.24162067	-0.29393834	-0.2853835	0.28629053	0.32903704	0.28953284	0.25203088	-0.27585536	-0.25456682	0.32174474	0.33679575	-0.25278357	0.30728444	-0.24933031	-0.28570297	0.24211322	-0.24940614	-0.25267515	0.30050078	-0.31586415	0.25065368	0.3118718	-0.27933434	-0.2606141	-0.24449028	-0.30448934	0.332578	-0.3095416	-0.23955289	0.24958673	0.31175673	-0.2991294	-0.23847812	-0.27578083	-0.32276455	-0.30838406	-0.29152906	0.26465687	-0.24749039	-0.2737336	-0.22876762	-0.32209647	0.2883203	0.2730023	-0.32829615	0.26170635	0.24709506	-0.26203975	0.3136216	0.28523725	-0.25240067	0.3132822	0.32331222	-0.2979115	-0.25097096	0.28919265	0.3011196	0.28285795	-0.24809751	-0.27656233	0.31126744	0.2949649	-0.25439847	0.26978144	0.25095424	0.2880817	0.22474645	0.2987537	0.2931884	-0.30782554	-0.23878203	0.29853314	0.241633	-0.30884442	0.31102124	-0.2734363	0.30236253	0.27404726	-0.2740098	0.3260441	-0.26939058
-0.22901729	-0.2827375	-0.29555488	0.30182433	-0.3629178	-0.30854255	0.34094498	0.3063356	0.34907508	0.34768304	-0.2862625	-0.29949176	-0.3476606	0.36357728	-0.359329	-0.34338593	0.3708972	0.2731991	-0.331447	-0.30867258	-0.3298323	-0.3265933	0.3432974	0.3553595	0.28963053	0.3579586	-0.3300194	-0.32559118	0.3151456	0.3617203	-0.33205745	0.30874994	-0.35952264	-0.35557967	0.32245666	-0.30117673	-0.30334288	0.27097368	-0.3373699	0.27504766	0.3628487	-0.2846166	-0.27941054	-0.31560215	-0.3358054	0.35603788	-0.3199057	-0.30430922	0.32472873	0.353384	-0.27911866	-0.29975522	-0.27700943	-0.28294268	-0.27810314	-0.37538335	0.29047325	-0.3727351	-0.29967684	-0.28751704	-0.3412088	0.35271388	0.30079153	-0.37579265	0.37221563	0.3429331	-0.22974925	0.23506422	0.3412155	-0.3208063	0.3669669	0.3721309	-0.30880153	-0.35656604	0.27643132	0.34514225	0.30902725	-0.27815026	-0.34602964	0.2652624	0.29234615	-0.29298192	0.37599656	0.29515862	0.22781585	0.20043683	0.3402857	0.17136489	-0.35820827	-0.33696404	0.27998668	0.31455675	-0.2788989	0.3106282	-0.37164682	0.3304169	0.32656488	-0.31303895	0.30994415	-0.37274703
-0.39156917	-0.50455636	-0.48321405	0.4818835	-0.52366364	-0.53495777	0.47063687	0.4134374	0.5131483	0.45316374	-0.5456552	-0.57094026	-0.4536878	0.4888958	-0.49820417	-0.5293407	0.52191156	0.52417284	-0.5365269	-0.49743402	-0.464856	-0.52077824	0.51704884	0.54106796	0.514121	0.5432485	-0.5026045	-0.434641	0.48480254	0.4711237	-0.5028651	0.48867148	-0.51927227	-0.5005032	0.5018404	-0.51468766	-0.46128967	0.46892583	-0.50720024	0.44627538	0.56153387	-0.49610922	-0.5071503	-0.5108561	-0.51549894	0.53653044	-0.48044252	-0.523237	0.5262148	0.48360783	-0.41529787	-0.46830344	-0.42778924	-0.55185443	-0.469587	-0.47061592	0.50421876	-0.5415071	-0.575304	-0.4764272	-0.4693274	0.43842807	0.41427898	-0.5098491	0.5473971	0.47454122	-0.5103287	0.44636	0.5224822	-0.45711938	0.46609083	0.5423894	-0.50743043	-0.5544653	0.49453342	0.49101865	0.54447883	-0.5681052	-0.4891625	0.42730427	0.46732992	-0.4014262	0.5286398	0.4492607	0.41876885	0.50376606	0.5573588	0.4102455	-0.5201361	-0.5705472	0.5404167	0.49773687	-0.49432707	0.49998814	-0.5196027	0.5178903	0.55733824	-0.43861213	0.53704023	-0.56519246
-0.38630974	-0.5118709	-0.4515294	0.44819978	-0.3791999	-0.39114988	0.42319095	0.45483148	0.49372846	0.40466896	-0.4324658	-0.4500082	-0.48799372	0.44677794	-0.4671624	-0.4899721	0.45221803	0.4474518	-0.41283256	-0.43212494	-0.43060115	-0.5084289	0.37874386	0.45377687	0.4422115	0.5023838	-0.51090765	-0.44579616	0.43776155	0.46559808	-0.46860322	0.5014799	-0.46055692	-0.39986628	0.43386477	-0.4914612	-0.3652717	0.4726297	-0.40570033	0.34433705	0.49751946	-0.49916396	-0.45961905	-0.46760476	-0.45676714	0.45187858	-0.42742744	-0.4828316	0.4227237	0.39682895	-0.33438438	-0.45594653	-0.39034003	-0.40214399	-0.4959378	-0.47344717	0.41036907	-0.52962464	-0.50138193	-0.4823755	-0.47029787	0.39370278	0.39935958	-0.49837962	0.51853096	0.48659158	-0.42169228	0.45613742	0.4701682	-0.42699066	0.4603901	0.4428361	-0.43882048	-0.43162256	0.46146342	0.40496284	0.418901	-0.44239447	-0.39722762	0.2962064	0.41803792	-0.36376262	0.44698992	0.395447	0.31987405	0.3617354	0.46192175	0.433824	-0.43291184	-0.474965	0.4687464	0.3926813	-0.4845129	0.47530615	-0.4536351	0.4207148	0.46987724	-0.3608695	0.46445554	-0.47325715
-0.21473493	-0.2538271	-0.29306993	0.22717088	-0.26482767	-0.24973054	0.21713437	0.2850876	0.26068962	0.22993356	-0.2418811	-0.20694962	-0.24773423	0.2804502	-0.2947381	-0.2919108	0.28706172	0.2633026	-0.21468692	-0.26544192	-0.2375722	-0.23492888	0.24063358	0.27886555	0.23615809	0.20885606	-0.26529866	-0.2908964	0.22266397	0.23455206	-0.21582806	0.26709342	-0.22551161	-0.2683441	0.28027925	-0.29471347	-0.29584122	0.2306641	-0.22492544	0.24334672	0.21944891	-0.22819142	-0.29107985	-0.22922327	-0.20506768	0.28339884	-0.24331036	-0.21028702	0.2776414	0.21619518	-0.24349739	-0.2615519	-0.26053885	-0.29909873	-0.20867719	-0.2194625	0.24865256	-0.24314477	-0.21904384	-0.20520097	-0.2772277	0.25763783	0.25276086	-0.21726233	0.28226438	0.22199504	-0.21123655	0.2728032	0.27216464	-0.21182428	0.28266206	0.2281681	-0.24182676	-0.23972853	0.23345609	0.30079278	0.25293684	-0.21877177	-0.283896	0.29574683	0.29021567	-0.28510377	0.29712096	0.22126053	0.26947215	0.2716538	0.22970064	0.24386436	-0.20981704	-0.25548342	0.28339186	0.29109997	-0.21015444	0.19981748	-0.22175921	0.2433389	0.2070222	-0.24516158	0.20796458	-0.22910687
-0.46382612	-0.36260927	-0.43098184	0.42788053	-0.42625377	-0.35984522	0.41258085	0.45104775	0.44221804	0.4286634	-0.37195012	-0.42681566	-0.4381472	0.40918928	-0.44514197	-0.46220946	0.3903298	0.4188565	-0.35101622	-0.39376783	-0.39373228	-0.41166374	0.36338824	0.45986232	0.4406161	0.44629958	-0.40624326	-0.38386568	0.43024826	0.44406158	-0.41468552	0.40982223	-0.3833903	-0.44315252	0.4036725	-0.3965345	-0.34521568	0.46127534	-0.43111533	0.42213592	0.36499515	-0.4125409	-0.4297021	-0.37674025	-0.4619454	0.44110888	-0.4156092	-0.36620978	0.42118952	0.4499111	-0.45108008	-0.4042621	-0.43883345	-0.45618558	-0.4192262	-0.40941796	0.41580966	-0.38224226	-0.40640453	-0.4478383	-0.4597818	0.40717652	0.47252437	-0.4044794	0.40179658	0.39572772	-0.4336195	0.49006128	0.366429	-0.47609386	0.4227059	0.43345004	-0.3866249	-0.44307002	0.38555855	0.47879374	0.36819592	-0.36508486	-0.4133075	0.4127613	0.411968	-0.4182834	0.43607464	0.45667264	0.41618088	0.3847605	0.40633827	0.38619632	-0.34416243	-0.435656	0.44569835	0.43030262	-0.46455762	0.4080144	-0.3477823	0.42211705	0.4351101	-0.3677772	0.4178036	-0.38399723
-0.39066094	-0.43728715	-0.42104167	0.44303966	-0.40899542	-0.4075277	0.41638315	0.40513697	0.42921466	0.48526967	-0.46507978	-0.45904672	-0.4250647	0.39743766	-0.4986423	-0.43070433	0.4755286	0.4120703	-0.43073082	-0.48808366	-0.44326964	-0.4490973	0.40008527	0.43132627	0.3995925	0.4622517	-0.4264505	-0.4280716	0.4941951	0.46020266	-0.42997184	0.47715536	-0.41733706	-0.4283608	0.4455956	-0.4827355	-0.3901902	0.40318	-0.46716586	0.43329757	0.42407626	-0.4244497	-0.4374729	-0.4375631	-0.38943908	0.43982786	-0.4258673	-0.39156026	0.47138932	0.46813622	-0.43514454	-0.4265274	-0.4579108	-0.4166098	-0.49282122	-0.44150314	0.48706615	-0.46569958	-0.4563541	-0.43872982	-0.43773368	0.39358798	0.47128546	-0.4339807	0.48118693	0.47933805	-0.4086345	0.44988105	0.4575308	-0.4406812	0.46152934	0.44292617	-0.40349126	-0.41056335	0.46845695	0.40217087	0.41199392	-0.4846861	-0.4806633	0.36687574	0.47928	-0.42114872	0.41810206	0.4194383	0.40259784	0.44459343	0.44834036	0.3995367	-0.45712206	-0.4833699	0.4558846	0.4316013	-0.44177574	0.4856133	-0.4433579	0.39560404	0.42178378	-0.37389344	0.40688306	-0.43476906
-0.31228197	-0.4493958	-0.37215123	0.3861516	-0.39242098	-0.40591112	0.34386513	0.36960277	0.36646137	0.35623443	-0.36200824	-0.38530067	-0.4158482	0.4365357	-0.40426603	-0.45123607	0.43082628	0.35036296	-0.36401328	-0.43140233	-0.40133435	-0.37919283	0.44837987	0.37796417	0.43519887	0.41276214	-0.39845464	-0.41095594	0.4407461	0.44998482	-0.39715868	0.38195354	-0.40642655	-0.41080624	0.36303532	-0.39595655	-0.33281425	0.3572939	-0.3760659	0.3383554	0.39140698	-0.3894967	-0.40516856	-0.4137889	-0.35751814	0.44951352	-0.3515333	-0.36073738	0.4171253	0.41512004	-0.39562687	-0.4214922	-0.3882502	-0.3855099	-0.38573003	-0.45328814	0.3816174	-0.36771867	-0.45080414	-0.3846155	-0.4483819	0.37618032	0.38214508	-0.4324091	0.44193503	0.42754796	-0.34035128	0.3388454	0.45966986	-0.3843372	0.3870292	0.40582162	-0.35640284	-0.42926785	0.38559094	0.41060024	0.3686755	-0.4269989	-0.3724258	0.35193253	0.41739827	-0.34770766	0.4432494	0.38947698	0.3843421	0.39056873	0.44875202	0.319595	-0.36724526	-0.40855536	0.41275612	0.36802605	-0.4188064	0.46828735	-0.42211306	0.43620092	0.44667408	-0.3519691	0.35077164	-0.41691753
-0.6008877	-0.7701813	-0.67828995	0.73285997	-0.689572	-0.6921515	0.69982797	0.6786479	0.65426016	0.8032756	-0.8013761	-0.7702087	-0.7923315	0.709898	-0.72362196	-0.7871311	0.78558755	0.64921945	-0.72720534	-0.7783969	-0.78389394	-0.71505606	0.765957	0.79246306	0.7334302	0.7207136	-0.7014299	-0.6867076	0.77019167	0.7305232	-0.68365973	0.7291983	-0.73478514	-0.69647634	0.7431157	-0.77662605	-0.62541336	0.6614563	-0.70670533	0.731185	0.71943074	-0.7998341	-0.73549646	-0.74289095	-0.7841458	0.7145875	-0.7301498	-0.6967922	0.7781814	0.74482715	-0.58198607	-0.71176666	-0.65392625	-0.72169363	-0.7468048	-0.7095423	0.72244906	-0.788609	-0.7937183	-0.7201263	-0.7331958	0.69923794	0.6674066	-0.7543309	0.71894085	0.6986254	-0.6767482	0.6388147	0.74635684	-0.8099061	0.70595086	0.7860174	-0.8013116	-0.7281114	0.7565569	0.6875257	0.7801765	-0.76457834	-0.71390647	0.60865396	0.67392844	-0.6533978	0.69033957	0.6913631	0.6014822	0.6043031	0.73895425	0.6798722	-0.7131752	-0.78709394	0.76044685	0.75788134	-0.7706271	0.7926254	-0.7691025	0.68735695	0.76796746	-0.6050514	0.70050025	-0.7649931
-0.6005852	-0.74756956	-0.7411499	0.7020801	-0.6725817	-0.73460233	0.7314831	0.61489075	0.6574008	0.7838664	-0.719421	-0.7653662	-0.72569346	0.75002015	-0.74869794	-0.75768226	0.7983541	0.70649636	-0.7455248	-0.7835219	-0.7201538	-0.66909474	0.73841345	0.7849001	0.76966757	0.64954937	-0.67069834	-0.69319415	0.8144883	0.71714735	-0.74253905	0.7352031	-0.74519444	-0.6030596	0.7141413	-0.7870354	-0.60280174	0.6660143	-0.6959874	0.6762708	0.77034473	-0.75919795	-0.78012687	-0.66856605	-0.72057676	0.7479194	-0.66325456	-0.6914201	0.79085636	0.7311458	-0.614839	-0.69238216	-0.6140039	-0.66666484	-0.7727822	-0.7102807	0.7040695	-0.80899495	-0.7400028	-0.6928135	-0.7274427	0.7267644	0.6746359	-0.778161	0.75758916	0.73667264	-0.65561056	0.5990439	0.7580404	-0.73409015	0.64233464	0.77622277	-0.71055233	-0.7475032	0.70864284	0.6257845	0.7322484	-0.69144386	-0.6902298	0.60653186	0.67528045	-0.60986763	0.70669335	0.74674964	0.63545465	0.6682617	0.70494694	0.69137067	-0.7187822	-0.7698885	0.73683804	0.7026144	-0.6658534	0.81930727	-0.7334955	0.6828177	0.7716725	-0.6327243	0.65876174	-0.715479
-0.20173323	-0.17133015	-0.21983276	0.166784	-0.14909658	-0.2074507	0.22247496	0.22114745	0.15456781	0.19120166	-0.1739228	-0.21452707	-0.12957713	0.15905719	-0.1774988	-0.16816653	0.22438966	0.13579057	-0.18468177	-0.16180848	-0.13123639	-0.19305928	0.19578257	0.19726445	0.16590287	0.21152253	-0.16837661	-0.20708962	0.22259475	0.16853023	-0.21371607	0.16941549	-0.14000912	-0.14457434	0.1338135	-0.19865927	-0.16134457	0.15524916	-0.16176361	0.22600687	0.20791861	-0.1594171	-0.16723911	-0.21066748	-0.15626228	0.20385656	-0.21633272	-0.1940641	0.16827743	0.2232396	-0.12587255	-0.13443571	-0.20244645	-0.16844034	-0.15329514	-0.17706564	0.1575122	-0.22495562	-0.20047113	-0.18066795	-0.17109777	0.21685809	0.19319423	-0.16853516	0.15738252	0.19584739	-0.12563755	0.19071819	0.14298892	-0.22609036	0.21945348	0.22468844	-0.14154115	-0.18932904	0.21983278	0.16361286	0.18948306	-0.17423949	-0.2187781	0.15867484	0.15168494	-0.16485256	0.16094682	0.19995528	0.21289174	0.21152589	0.15194699	0.15676542	-0.22950438	-0.1396796	0.17489488	0.20162311	-0.13453625	0.21151613	-0.1951891	0.18501285	0.14686303	-0.1470737	0.17509302	-0.17776789
-0.4890949	-0.5565819	-0.5179185	0.5425472	-0.51922715	-0.54695565	0.46544582	0.526416	0.51700705	0.4762828	-0.5310639	-0.48160827	-0.5711002	0.46301028	-0.5379779	-0.51572686	0.5102818	0.45397148	-0.4821277	-0.5488138	-0.5483946	-0.48403984	0.4840183	0.47972593	0.5039087	0.5239312	-0.52975684	-0.50952226	0.48226994	0.5384081	-0.50788766	0.5274462	-0.50735307	-0.46421087	0.5028858	-0.5652965	-0.44944838	0.47045314	-0.50501657	0.5336866	0.5376537	-0.49613875	-0.5777745	-0.49758962	-0.55810255	0.52422315	-0.5098171	-0.4672938	0.5045392	0.5490082	-0.4736644	-0.5056574	-0.46658364	-0.5382141	-0.51942044	-0.52491075	0.5242295	-0.5125601	-0.57148093	-0.47218084	-0.4982318	0.46826562	0.45912343	-0.51248145	0.5161749	0.54638255	-0.5215246	0.4966186	0.4939825	-0.5054361	0.49491176	0.54338247	-0.48449457	-0.45490262	0.56259966	0.5379275	0.46908468	-0.46582955	-0.5301675	0.48571265	0.50954175	-0.46842337	0.56264085	0.52640337	0.4789749	0.4563727	0.5266253	0.46131977	-0.51314324	-0.5249269	0.50715345	0.50074035	-0.5201435	0.51623046	-0.54036653	0.53732145	0.50167954	-0.4831602	0.47271854	-0.56106615
-0.596012	-0.5645786	-0.58602893	0.6159326	-0.61119205	-0.62852746	0.5694532	0.5713769	0.603983	0.63781685	-0.5569612	-0.5948975	-0.6337292	0.57510054	-0.629848	-0.65879655	0.6302715	0.6146346	-0.59782463	-0.61984646	-0.6018469	-0.61905456	0.5774721	0.63789994	0.58362305	0.5386486	-0.5871963	-0.6215753	0.64946306	0.55182946	-0.6094767	0.58024	-0.60537565	-0.5585362	0.5914307	-0.6071785	-0.5281676	0.63119507	-0.53460044	0.61603475	0.5949936	-0.6424985	-0.63561684	-0.5673544	-0.6362071	0.54368144	-0.5547513	-0.6040116	0.59801084	0.5405368	-0.53314847	-0.6424626	-0.5797453	-0.5765449	-0.60620296	-0.56698483	0.565332	-0.56313837	-0.56873804	-0.5681029	-0.62896574	0.5806049	0.5993508	-0.5835362	0.6276569	0.6230527	-0.5283012	0.6086855	0.6200105	-0.5691963	0.5668768	0.5915039	-0.58443934	-0.6069573	0.6277747	0.6062079	0.5796634	-0.59380716	-0.6165186	0.5007676	0.5930725	-0.60002506	0.57909673	0.5507403	0.50189817	0.6321911	0.5647248	0.5865347	-0.61321354	-0.55472636	0.5810146	0.56851405	-0.55457217	0.58218616	-0.6423721	0.59379494	0.5698035	-0.5425666	0.5746383	-0.64328474
-0.16089992	-0.21512292	-0.20906574	0.17784107	-0.15072753	-0.14114583	0.22458535	0.22795622	0.18660046	0.16240193	-0.20787114	-0.21156684	-0.19825254	0.14012945	-0.15198359	-0.2024636	0.18640605	0.1970421	-0.17270486	-0.16909957	-0.19554478	-0.15234497	0.17107217	0.19571912	0.1734241	0.18490091	-0.1566057	-0.13835886	0.23433274	0.151326	-0.22718231	0.17116061	-0.23311791	-0.16130944	0.170633	-0.22954218	-0.17252256	0.23238418	-0.1721821	0.21013106	0.20105024	-0.17485751	-0.22658776	-0.17987967	-0.22674632	0.21740296	-0.14049776	-0.1833927	0.14815542	0.21724056	-0.21178038	-0.15334098	-0.19110328	-0.22822616	-0.21809222	-0.1599218	0.19402209	-0.14561106	-0.18896288	-0.18507175	-0.20519984	0.20536128	0.14489172	-0.19267458	0.23204178	0.15143178	-0.20631024	0.17550118	0.14294372	-0.22211336	0.17958798	0.15133531	-0.20068805	-0.14854759	0.23125507	0.16975	0.19659562	-0.16756952	-0.16512384	0.16468892	0.2213098	-0.1806692	0.15378852	0.21431652	0.20973885	0.14712656	0.21567182	0.22053753	-0.19616558	-0.20723021	0.23427522	0.16627736	-0.16396877	0.21868233	-0.22636402	0.20887384	0.16829993	-0.21428277	0.23313604	-0.2071549
-0.4554454	-0.5363141	-0.53891706	0.5574611	-0.5520467	-0.58169395	0.54301775	0.45864266	0.5258812	0.51079834	-0.56111187	-0.5591726	-0.52995086	0.45390555	-0.5939737	-0.47911003	0.5953792	0.462062	-0.50742584	-0.56880796	-0.50093997	-0.45176223	0.5801335	0.5529339	0.5839991	0.5577378	-0.45082617	-0.47848353	0.5344361	0.54506993	-0.5339342	0.52884334	-0.51084554	-0.41455933	0.49133778	-0.4804123	-0.49448985	0.56807154	-0.44866008	0.4774664	0.527937	-0.49612215	-0.50089616	-0.5397556	-0.472401	0.5353671	-0.46485186	-0.49544477	0.5604779	0.5212194	-0.43543085	-0.5470427	-0.49215588	-0.5533533	-0.57805437	-0.605542	0.5357845	-0.55523753	-0.5596234	-0.5271553	-0.49761838	0.45783117	0.50225085	-0.5232273	0.59151876	0.49102148	-0.48857325	0.51517814	0.5221523	-0.59224075	0.54570353	0.53538686	-0.51537985	-0.47709325	0.5255404	0.41284484	0.47347376	-0.54551566	-0.55929637	0.42909548	0.5128604	-0.49178323	0.4385256	0.5052896	0.48198918	0.52564955	0.53860396	0.47802	-0.5491223	-0.5574029	0.48133722	0.52576894	-0.5592023	0.49081156	-0.49093384	0.5087658	0.5559983	-0.41712248	0.5022945	-0.5303143
-0.42379087	-0.6493174	-0.59141004	0.6678071	-0.6279153	-0.59640753	0.6457321	0.5773947	0.61482924	0.6374456	-0.6353347	-0.6319331	-0.7058894	0.5915716	-0.6772638	-0.6310192	0.6880448	0.54644233	-0.67913955	-0.59553945	-0.61327255	-0.6070114	0.68830174	0.6132991	0.6901897	0.59770226	-0.56271684	-0.6324312	0.6409289	0.62015593	-0.6256158	0.6292563	-0.636598	-0.5842537	0.5932913	-0.68994683	-0.566316	0.58619386	-0.57522684	0.5971866	0.66843385	-0.69956756	-0.6620985	-0.61063987	-0.5973526	0.6699703	-0.62103474	-0.6248058	0.6880192	0.6111286	-0.44212165	-0.66502416	-0.5641132	-0.6480513	-0.64163136	-0.665883	0.64346546	-0.6332368	-0.6850637	-0.56457067	-0.68483144	0.6273194	0.5506303	-0.70101035	0.6460632	0.61276793	-0.47034007	0.48985606	0.6831411	-0.7030353	0.5896475	0.63693345	-0.64226645	-0.6242664	0.59569216	0.64878684	0.6713349	-0.68945336	-0.5976986	0.63040185	0.5179239	-0.5489512	0.66087806	0.5869828	0.45914137	0.46148133	0.6810336	0.5406839	-0.67065763	-0.6803281	0.6563427	0.6847427	-0.58610255	0.61515003	-0.6207512	0.6210293	0.68432504	-0.5323734	0.59285504	-0.69686484
-0.22470208	-0.20691103	-0.18360832	0.18335104	-0.17684223	-0.2076494	0.1781877	0.21274792	0.14378737	0.2109427	-0.19770785	-0.1623824	-0.17289923	0.19178829	-0.17529392	-0.17294939	0.13844083	0.17881212	-0.23019783	-0.17873308	-0.17994963	-0.17086715	0.15099894	0.13608372	0.23440684	0.21541083	-0.17565353	-0.16397515	0.19211581	0.19917202	-0.14662804	0.15281172	-0.16935576	-0.21774364	0.19252129	-0.14060123	-0.21578474	0.16422835	-0.16686368	0.16444653	0.15923223	-0.15256712	-0.1758817	-0.19479221	-0.1899663	0.15071669	-0.16279748	-0.17411509	0.21126379	0.14645478	-0.16510086	-0.18182543	-0.13969181	-0.17842157	-0.23105665	-0.15492213	0.2327159	-0.15875533	-0.14009151	-0.16023979	-0.20421757	0.15507859	0.18310277	-0.14588405	0.20569272	0.18819086	-0.23480617	0.1776535	0.15894516	-0.13931765	0.17950225	0.14804517	-0.16499431	-0.17584588	0.19331673	0.21849775	0.19352518	-0.21566708	-0.22735259	0.115861766	0.21114428	-0.16479765	0.21961822	0.17383385	0.18299106	0.16174689	0.20802191	0.13909797	-0.15159717	-0.175461	0.16957249	0.22531064	-0.21846536	0.1965287	-0.18441632	0.19839253	0.16862705	-0.1894913	0.1830741	-0.21605015
-0.57179546	-0.60195696	-0.64722246	0.6526182	-0.5899176	-0.59217024	0.6592242	0.58490634	0.57754946	0.58665675	-0.6058414	-0.65062505	-0.63147014	0.58866894	-0.6270084	-0.62591237	0.56885856	0.6154331	-0.6041528	-0.6361266	-0.6098856	-0.63664466	0.55563474	0.6281413	0.58979166	0.6273354	-0.65891856	-0.5707073	0.56865937	0.6079002	-0.631602	0.6166819	-0.6352644	-0.59139454	0.6543923	-0.5894583	-0.55132085	0.56819	-0.56893235	0.60157466	0.6212998	-0.60678893	-0.6056249	-0.591142	-0.6140166	0.5850766	-0.6207682	-0.64930516	0.62523305	0.59386367	-0.52880037	-0.5801785	-0.63090473	-0.6436095	-0.6519753	-0.58373815	0.5708913	-0.63304	-0.57776713	-0.5935221	-0.607506	0.5624795	0.5941278	-0.664066	0.60466427	0.6000925	-0.533427	0.5947297	0.6313604	-0.6169918	0.6579517	0.65737194	-0.5942962	-0.59238344	0.65115404	0.62185544	0.59040654	-0.65424025	-0.6105418	0.564296	0.6140738	-0.62656945	0.6650568	0.65594083	0.5575067	0.52455837	0.63462526	0.6290799	-0.6414566	-0.5742274	0.5947623	0.57538897	-0.66313565	0.5943109	-0.59803677	0.6518852	0.64303756	-0.54988474	0.6415144	-0.64270353
-0.35549417	-0.42793232	-0.34327132	0.4195965	-0.35215327	-0.36904585	0.37918565	0.3247754	0.40117553	0.33558318	-0.37600535	-0.35142866	-0.38059157	0.3359008	-0.34993935	-0.3655749	0.35192144	0.42418352	-0.34812132	-0.42237628	-0.38349298	-0.3812835	0.4032791	0.38191646	0.4237436	0.3802193	-0.4251928	-0.3686329	0.40979803	0.3978705	-0.33967695	0.39583355	-0.40889227	-0.32051483	0.36655757	-0.4140853	-0.34259266	0.33545557	-0.3562515	0.39246014	0.41891178	-0.37979764	-0.40408114	-0.39980555	-0.3924801	0.40927482	-0.39239806	-0.39072835	0.36778083	0.40533277	-0.32410538	-0.43290922	-0.35739195	-0.39990866	-0.38738802	-0.38412008	0.3418618	-0.39894354	-0.3460042	-0.37418315	-0.34824827	0.4028896	0.36377454	-0.41578633	0.35920495	0.41401505	-0.41920653	0.35146755	0.4298437	-0.3907733	0.3631836	0.35880163	-0.42015994	-0.39231783	0.3810461	0.3674936	0.42555064	-0.4084312	-0.4104664	0.32510355	0.33492067	-0.4137419	0.4344274	0.337719	0.35555756	0.41548958	0.3724979	0.39824647	-0.32945672	-0.3619288	0.41441634	0.36329293	-0.41022602	0.33156088	-0.3782903	0.35828817	0.41804758	-0.36327198	0.40859148	-0.38065612
-0.5188939	-0.5593574	-0.54362255	0.59466714	-0.5572578	-0.6463314	0.54807645	0.53503114	0.6447726	0.6170779	-0.5360566	-0.5759069	-0.6192734	0.53665155	-0.64329547	-0.6319472	0.5866458	0.51197326	-0.62243724	-0.59726226	-0.6644551	-0.55604494	0.6357801	0.5823676	0.59251106	0.552416	-0.5748193	-0.5277183	0.6596118	0.5692666	-0.54811037	0.59419227	-0.6334983	-0.4614421	0.61957085	-0.56695914	-0.49296454	0.5920504	-0.5682967	0.5681023	0.597449	-0.59947425	-0.58670056	-0.60392046	-0.576435	0.57201856	-0.4989969	-0.6034687	0.61151344	0.5314337	-0.4639117	-0.65798414	-0.48828512	-0.53885907	-0.58431053	-0.5762797	0.61224985	-0.62185365	-0.6027913	-0.55901897	-0.5648526	0.5930554	0.57343686	-0.6133807	0.5843684	0.6060909	-0.5215685	0.5221924	0.5953609	-0.5923255	0.5457115	0.54456264	-0.5860201	-0.5425627	0.60287064	0.55714357	0.52632844	-0.56053704	-0.5427946	0.5164287	0.50326437	-0.540433	0.58237565	0.5062605	0.4825982	0.56725574	0.56072885	0.621708	-0.59366053	-0.5877251	0.6123058	0.6167627	-0.61512315	0.62211806	-0.5503219	0.55694336	0.59331924	-0.4506557	0.52840066	-0.6483058
-0.6022818	-0.5805194	-0.58200794	0.64871454	-0.6028694	-0.5979799	0.53589654	0.49224404	0.57105345	0.6388268	-0.5754191	-0.64286125	-0.6453598	0.54969704	-0.65053624	-0.61717874	0.6685305	0.53449434	-0.5619283	-0.6073218	-0.6589784	-0.5655844	0.62402135	0.6022283	0.6107043	0.5526512	-0.5941239	-0.61914784	0.664115	0.64254045	-0.56484705	0.6071669	-0.59755176	-0.548075	0.57036626	-0.6710296	-0.48234302	0.5983317	-0.5272821	0.5243828	0.62082106	-0.6368264	-0.5900237	-0.6347664	-0.6359245	0.65846944	-0.54669493	-0.5782488	0.5850663	0.637463	-0.5374906	-0.59227246	-0.54695475	-0.61474264	-0.65716875	-0.6652336	0.6286428	-0.61185175	-0.62972546	-0.5724927	-0.6086739	0.5414811	0.56623244	-0.63304937	0.6699578	0.65144026	-0.5764753	0.5570641	0.6366704	-0.59167933	0.52872384	0.5811636	-0.61797565	-0.6129504	0.6219121	0.5805298	0.6197064	-0.5981353	-0.58532655	0.47004202	0.6209261	-0.4930492	0.62493026	0.55709326	0.47727916	0.61993766	0.56753165	0.6154356	-0.57722485	-0.6211401	0.6219056	0.62389433	-0.5737033	0.62718016	-0.62132	0.5862228	0.6632237	-0.52473587	0.6107331	-0.6383546
-0.6711764	-0.80601996	-0.7683886	0.8233423	-0.71991736	-0.69414985	0.6600229	0.6669837	0.7389439	0.7369464	-0.75257415	-0.8588038	-0.74937236	0.7533483	-0.75485104	-0.76632786	0.8007134	0.72758096	-0.7868284	-0.7707754	-0.84756106	-0.76953393	0.7446934	0.81859803	0.7952627	0.75687754	-0.7786459	-0.73770356	0.7747309	0.7875258	-0.79259425	0.7788954	-0.78370184	-0.7069706	0.8078451	-0.8230315	-0.67437106	0.7082906	-0.6996283	0.7123881	0.8624077	-0.7557333	-0.7444601	-0.7647977	-0.7186963	0.8086005	-0.6973628	-0.79455847	0.7773493	0.75263715	-0.6181068	-0.80366045	-0.7466916	-0.75252205	-0.8316073	-0.7885281	0.7286735	-0.8081903	-0.7926247	-0.7274557	-0.738666	0.77727336	0.66852194	-0.75346816	0.8069818	0.7871219	-0.74878734	0.6855474	0.7642057	-0.79866505	0.7791113	0.79474175	-0.7345439	-0.7182374	0.72958666	0.6910827	0.71725345	-0.7782152	-0.6580242	0.6604251	0.7167014	-0.6542926	0.79933465	0.7219733	0.65055484	0.71521306	0.7312986	0.7358256	-0.7759334	-0.7395077	0.7864583	0.7055212	-0.77205896	0.77907723	-0.76569414	0.75438744	0.84938693	-0.6437943	0.7686938	-0.7774973
-0.23615402	-0.24974802	-0.3058662	0.2417159	-0.24933496	-0.26867896	0.25547498	0.2499752	0.30895692	0.30195025	-0.29357067	-0.27088472	-0.31162533	0.2902611	-0.21957582	-0.28318685	0.26006573	0.3104668	-0.31336692	-0.22151233	-0.25746974	-0.24521515	0.21872124	0.26685607	0.29644462	0.3154066	-0.29290384	-0.24934852	0.29355773	0.29918504	-0.2204705	0.29486772	-0.264165	-0.2274147	0.25801632	-0.23025319	-0.26029402	0.30127445	-0.25274113	0.28954792	0.26642874	-0.31474906	-0.2939995	-0.24231404	-0.29291248	0.3055063	-0.27351743	-0.26276496	0.25460055	0.24056703	-0.2381619	-0.31142047	-0.26459137	-0.22556749	-0.25255975	-0.28370494	0.265125	-0.30610228	-0.3136859	-0.24042577	-0.27312404	0.25370532	0.23207986	-0.30508384	0.3032918	0.25830457	-0.28165302	0.28959495	0.27138868	-0.29758018	0.23614202	0.2885584	-0.30722243	-0.26638338	0.28717092	0.28931108	0.29212305	-0.28465626	-0.24829455	0.21035248	0.21917836	-0.2944541	0.3008395	0.29744303	0.2574378	0.2931326	0.29525748	0.29997647	-0.23168726	-0.26358995	0.26718274	0.2644539	-0.29454055	0.27461648	-0.29714403	0.28803462	0.29826283	-0.20643748	0.27982578	-0.23656479
-0.34044334	-0.33398494	-0.34141606	0.328511	-0.3397671	-0.2986869	0.3596126	0.2924221	0.35589916	0.2859698	-0.338679	-0.37352723	-0.31750935	0.3778631	-0.36709338	-0.38940158	0.28396416	0.3868682	-0.3712802	-0.35249192	-0.31638658	-0.3934502	0.3631608	0.35254675	0.30360624	0.32398295	-0.34876165	-0.29896525	0.37852803	0.30647236	-0.34739575	0.36680058	-0.36649638	-0.2714986	0.31991175	-0.32591343	-0.34222248	0.3747325	-0.34266147	0.35063326	0.36125118	-0.2880893	-0.37141022	-0.377059	-0.29878893	0.31437108	-0.28863367	-0.3299902	0.36847433	0.3364733	-0.36969972	-0.3792608	-0.36366522	-0.36068428	-0.34935275	-0.381667	0.37020952	-0.38212043	-0.32455134	-0.34999916	-0.32689878	0.30798185	0.33132628	-0.35773042	0.32404995	0.35568047	-0.3853767	0.3535413	0.3487871	-0.32995737	0.34666082	0.34816477	-0.35235733	-0.32662907	0.29811415	0.31430838	0.3416585	-0.3185127	-0.2874701	0.31105024	0.38281727	-0.28030568	0.39248523	0.33207792	0.36253592	0.37692055	0.32758692	0.3081746	-0.341199	-0.2975598	0.383268	0.35226718	-0.29913527	0.36136082	-0.299653	0.35904676	0.33672556	-0.29043627	0.3130884	-0.34820315
-0.53848755	-0.5142713	-0.4606958	0.5015584	-0.47410524	-0.54507595	0.44731346	0.45120174	0.50844765	0.48872045	-0.5179796	-0.4923136	-0.51460874	0.47104624	-0.49720615	-0.53706664	0.5017028	0.46991274	-0.53475773	-0.50536597	-0.51757926	-0.5044923	0.51971674	0.5291114	0.49489662	0.54544544	-0.5494649	-0.53808546	0.5588816	0.47834578	-0.54478025	0.55013305	-0.52487296	-0.48629022	0.56304127	-0.54995614	-0.42565653	0.5114957	-0.4832112	0.5039628	0.51588744	-0.5188153	-0.47873336	-0.533077	-0.49601173	0.5445782	-0.4276248	-0.48206535	0.5114414	0.54735047	-0.50089043	-0.516167	-0.44334424	-0.52161986	-0.53036743	-0.5056756	0.48977628	-0.5187571	-0.55508876	-0.5440581	-0.55572134	0.5014318	0.50210124	-0.5117031	0.49537012	0.5232357	-0.5309937	0.47949323	0.50825644	-0.5287548	0.5284051	0.5032556	-0.47835067	-0.4854144	0.4706735	0.47858262	0.52228826	-0.49069834	-0.51343364	0.36974168	0.54569256	-0.51207376	0.5492146	0.5404069	0.4730441	0.48000157	0.48133895	0.5496119	-0.52113163	-0.47860172	0.5617592	0.53130233	-0.5460181	0.53764915	-0.48776323	0.5374511	0.5647869	-0.3927755	0.5583751	-0.5196285
-0.44289476	-0.38216653	-0.44425339	0.38797528	-0.39464766	-0.39176252	0.43414545	0.3851022	0.48181856	0.44545263	-0.3679797	-0.4163818	-0.38496196	0.36161682	-0.40058625	-0.45377952	0.46843204	0.45794624	-0.45481545	-0.42933697	-0.4737089	-0.46201986	0.40927932	0.38023025	0.38223287	0.4653779	-0.47611448	-0.42937595	0.4163378	0.4351295	-0.38514638	0.47025412	-0.40194488	-0.3636987	0.4456445	-0.4185165	-0.41724035	0.38173768	-0.38575694	0.37526542	0.43923423	-0.41575015	-0.4166161	-0.38934726	-0.45328775	0.3857147	-0.36033046	-0.44873264	0.39707932	0.38841647	-0.37427658	-0.43983135	-0.4496224	-0.46676856	-0.40613145	-0.43315473	0.44527128	-0.44517937	-0.40367618	-0.40938112	-0.37698525	0.41209307	0.37257063	-0.3934019	0.4368833	0.4733652	-0.44580656	0.44202602	0.46369728	-0.45882508	0.43042335	0.4431006	-0.4316379	-0.45001346	0.420613	0.41442376	0.41779557	-0.41786587	-0.40611708	0.33166996	0.37801066	-0.3823477	0.3817619	0.424434	0.44751993	0.47443327	0.40149337	0.43819425	-0.39795253	-0.4174171	0.45611626	0.36334643	-0.44152278	0.39632452	-0.431339	0.40407753	0.47402385	-0.40129772	0.44329402	-0.45208454
-0.25260845	-0.29693124	-0.25710532	0.29057395	-0.2517843	-0.30578342	0.24785118	0.28499252	0.35359937	0.35037324	-0.3069663	-0.26159203	-0.30759898	0.28590792	-0.33593008	-0.3396427	0.34479317	0.33819577	-0.25632566	-0.3235588	-0.31269085	-0.30608532	0.2712184	0.33367014	0.27493995	0.3491886	-0.31936225	-0.27122408	0.3304612	0.32678196	-0.27633604	0.3496988	-0.33571908	-0.21830854	0.3166395	-0.353035	-0.2798269	0.25386629	-0.24295987	0.2673455	0.31396613	-0.27574864	-0.33277798	-0.31622294	-0.29938003	0.2832962	-0.23351623	-0.3272763	0.27992496	0.2840223	-0.30630198	-0.33014554	-0.30706915	-0.2607741	-0.29753804	-0.3554212	0.2713046	-0.35359478	-0.33311775	-0.266173	-0.27720317	0.3164323	0.231	-0.29124257	0.31908086	0.30854028	-0.27357307	0.30848044	0.2819001	-0.3570305	0.26286766	0.26390454	-0.2647694	-0.2947631	0.28163752	0.26920563	0.34212896	-0.28885645	-0.28479877	0.1952457	0.2966292	-0.24229027	0.30248675	0.26280773	0.23358212	0.33703145	0.29115742	0.34579867	-0.31614086	-0.32764867	0.26765424	0.2885937	-0.32362106	0.2946438	-0.32859728	0.34964186	0.32872742	-0.26515028	0.26437634	-0.34819803
-0.5713952	-0.5558044	-0.511404	0.62992394	-0.5652636	-0.531057	0.5715006	0.5055808	0.60643286	0.5836901	-0.5255172	-0.57495904	-0.5600415	0.56675893	-0.568908	-0.53790635	0.58892965	0.56379783	-0.54158515	-0.55117375	-0.63871354	-0.60501647	0.5660238	0.5585416	0.5585844	0.56277925	-0.6111353	-0.5197648	0.5731796	0.558784	-0.5304247	0.5434851	-0.5871719	-0.48672253	0.60293245	-0.5411556	-0.5456036	0.59359515	-0.573955	0.5935545	0.60367554	-0.5660488	-0.60875	-0.5172542	-0.59204835	0.60312545	-0.52944815	-0.54697526	0.53493655	0.5924621	-0.53040993	-0.6187365	-0.5886846	-0.5589445	-0.57412785	-0.59986806	0.5793844	-0.6325383	-0.6001062	-0.56054103	-0.5965647	0.58542645	0.5590976	-0.5550154	0.55399543	0.5675516	-0.5867919	0.5702854	0.5540943	-0.56990314	0.51348776	0.58142096	-0.53095394	-0.58393025	0.5945542	0.55054075	0.5485485	-0.5649449	-0.5254368	0.4788004	0.57056147	-0.576426	0.5898918	0.596826	0.4952809	0.5787858	0.53479975	0.5451054	-0.5573767	-0.55068815	0.5934108	0.5120183	-0.5618827	0.5677304	-0.5991945	0.5810567	0.5676476	-0.5393969	0.5245568	-0.6251359
-0.35097408	-0.4764185	-0.49008334	0.45699584	-0.4691801	-0.49588192	0.49918255	0.43704727	0.51017165	0.52288204	-0.45244893	-0.47502986	-0.4575292	0.47451848	-0.47568887	-0.4602384	0.43122244	0.46443287	-0.44592798	-0.45482057	-0.5109506	-0.45988676	0.45323288	0.5170904	0.54147536	0.42871255	-0.44104674	-0.4481301	0.47374684	0.48828983	-0.5019677	0.45566043	-0.4385427	-0.49924803	0.47312975	-0.51404846	-0.43036294	0.4337177	-0.4997332	0.42883956	0.47991824	-0.5019389	-0.52139264	-0.5209115	-0.48987392	0.502555	-0.45336562	-0.4690352	0.4981336	0.4990078	-0.45006487	-0.5084098	-0.45294654	-0.4398628	-0.45702544	-0.4376861	0.51021886	-0.49587575	-0.50777996	-0.5142848	-0.48991093	0.44061202	0.4080078	-0.4559348	0.5191459	0.48692966	-0.44163588	0.4243601	0.49760547	-0.4838651	0.44500914	0.5247481	-0.47509342	-0.46795624	0.48831806	0.5359281	0.49903518	-0.44436544	-0.45728683	0.4336627	0.44817337	-0.40200204	0.4387043	0.46364838	0.41904068	0.41522214	0.4950131	0.4776269	-0.46152595	-0.47608626	0.5004534	0.5263065	-0.502399	0.4275419	-0.46497273	0.435007	0.505827	-0.4160762	0.5156378	-0.4654727
-0.19806252	-0.19100918	-0.2151763	0.14835249	-0.21237035	-0.14275727	0.21133278	0.16997236	0.19942582	0.20742914	-0.15876645	-0.16146375	-0.14131247	0.214101	-0.14849213	-0.18033192	0.16095765	0.19579852	-0.22165541	-0.20831947	-0.12950122	-0.21626441	0.14445682	0.12499605	0.14921783	0.14770839	-0.21366279	-0.14271729	0.17842884	0.14618887	-0.13089278	0.12439492	-0.18088885	-0.14412127	0.16126533	-0.2155564	-0.19895092	0.21830343	-0.1450373	0.21206377	0.21143189	-0.19659613	-0.2035792	-0.13130356	-0.16218187	0.20009094	-0.22509344	-0.17487726	0.14155693	0.14616716	-0.1838578	-0.21802887	-0.13340528	-0.14378856	-0.15751666	-0.21685205	0.13414812	-0.14224537	-0.1469749	-0.18805532	-0.13463876	0.1393082	0.1464062	-0.21598239	0.13172786	0.15813929	-0.2224741	0.14478502	0.16076963	-0.13970265	0.22295031	0.19432114	-0.20682701	-0.19985303	0.22413316	0.17252044	0.15198036	-0.15832348	-0.18894452	0.17192179	0.19203202	-0.21938863	0.19971038	0.16887309	0.21445994	0.18916953	0.20579243	0.20241094	-0.18683322	-0.1314933	0.20809205	0.1544698	-0.2023597	0.19996044	-0.19388282	0.21959871	0.16505165	-0.19874805	0.19140273	-0.20187812
-0.42604342	-0.3749981	-0.36944813	0.353361	-0.41196573	-0.32992816	0.33693022	0.41360158	0.40631494	0.4285448	-0.40813172	-0.37107146	-0.40006366	0.4083785	-0.38392773	-0.3420486	0.32897243	0.4285819	-0.33227053	-0.32041612	-0.36738414	-0.42020246	0.36951697	0.36005276	0.386443	0.355945	-0.3671251	-0.3762885	0.36645326	0.37117657	-0.40361252	0.38835177	-0.38666984	-0.3094987	0.41885418	-0.3513155	-0.29843223	0.3808871	-0.34837517	0.3961373	0.42473394	-0.38157558	-0.3892668	-0.35202128	-0.31838736	0.4023035	-0.2975273	-0.3547006	0.37464362	0.33109227	-0.40937063	-0.45443058	-0.40728766	-0.3973838	-0.37656054	-0.43439168	0.42572972	-0.36918098	-0.32376686	-0.36803198	-0.40346885	0.37447596	0.33180106	-0.42908806	0.4225072	0.38175452	-0.4224112	0.33979914	0.36657944	-0.35103014	0.35271552	0.37645513	-0.42700988	-0.3600164	0.38590577	0.4117605	0.38010475	-0.4100291	-0.28702945	0.36354962	0.37933913	-0.37763634	0.44588476	0.4244285	0.32482523	0.39307827	0.42770115	0.43625584	-0.34057382	-0.33350945	0.3559144	0.33637387	-0.40279195	0.44320866	-0.4122202	0.41730276	0.41418406	-0.36036202	0.36359024	-0.38709864
-0.27836215	-0.2911454	-0.36573043	0.3471873	-0.34370226	-0.33988866	0.30470437	0.310576	0.31613517	0.30783558	-0.33454087	-0.36763576	-0.3333806	0.299569	-0.29866648	-0.34839875	0.3693181	0.3039603	-0.34554663	-0.34521216	-0.37852177	-0.34427065	0.3693708	0.2915404	0.357896	0.3473632	-0.28480822	-0.35746554	0.3191384	0.33900228	-0.36728618	0.3383029	-0.33633235	-0.34583953	0.375826	-0.30729762	-0.32947308	0.35319752	-0.31228337	0.36009237	0.3057955	-0.28598028	-0.3063888	-0.33475313	-0.33693174	0.35193253	-0.2876345	-0.37704098	0.3269564	0.32741067	-0.2755069	-0.3325503	-0.34685203	-0.36571184	-0.37706104	-0.34039024	0.2923265	-0.32563618	-0.33571884	-0.31234547	-0.3479786	0.32918337	0.33490318	-0.35625014	0.30361387	0.34431368	-0.34121704	0.37018132	0.34332952	-0.29619005	0.28453094	0.32099172	-0.29532632	-0.35652	0.33362636	0.3775476	0.28366	-0.3590853	-0.3470798	0.29849824	0.2847681	-0.36414596	0.31387097	0.2944441	0.28707165	0.3280056	0.34592122	0.32301298	-0.32022882	-0.32729223	0.30277446	0.2953865	-0.29295522	0.3644955	-0.2938544	0.32987106	0.3200883	-0.3569949	0.33690196	-0.37140343
-0.09429231	-0.067406766	-0.15660603	0.1661404	-0.09156884	-0.10359932	0.13345857	0.071935125	0.15446812	0.099023946	-0.07860684	-0.076557726	-0.15019076	0.080359675	-0.12491762	-0.15644462	0.07256189	0.11354157	-0.06478821	-0.07328088	-0.12989023	-0.07196429	0.07998078	0.09289002	0.15237814	0.16021822	-0.08243988	-0.10860568	0.14826925	0.14762077	-0.13043992	0.09624043	-0.097242795	-0.07398852	0.15246971	-0.12805866	-0.013450837	0.08101542	-0.085767835	0.15357171	0.110786155	-0.096898146	-0.07283535	-0.09803763	-0.10595653	0.06990047	-0.10355176	-0.086700864	0.077387266	0.08026556	-0.062145814	-0.083247155	-0.107122086	-0.090480134	-0.08739165	-0.09222264	0.064867884	-0.06285228	-0.11030525	-0.10937549	-0.08747404	0.101631545	0.13258828	-0.06631602	0.08631031	0.07943141	-0.10643087	0.1416909	0.08703216	-0.122753724	0.13134956	0.117151834	-0.06643994	-0.13159688	0.07901219	0.13020197	0.12915094	-0.14034349	-0.04777796	0.05942295	0.15315485	-0.074298404	0.15307115	0.14271662	0.11242825	0.09182059	0.122237906	0.09729958	-0.101534046	-0.052962136	0.07845828	0.13292387	-0.12739399	0.114514135	-0.10912668	0.15116464	0.10400616	-0.007430892	0.06841911	-0.102648646
-0.5271433	-0.53133017	-0.54334533	0.49319783	-0.57463235	-0.47718483	0.5400718	0.5255511	0.58243585	0.5305719	-0.47661307	-0.5156577	-0.5157548	0.5476031	-0.5338385	-0.53937584	0.5416183	0.56544024	-0.5544601	-0.55243874	-0.5462884	-0.5071131	0.55271494	0.5577888	0.5421867	0.51808167	-0.5378854	-0.48650968	0.50037426	0.48668182	-0.5230155	0.51022094	-0.54277545	-0.4879782	0.4838037	-0.5013957	-0.5473945	0.57950026	-0.49688455	0.54625475	0.47705728	-0.559336	-0.5381375	-0.50443256	-0.5148007	0.4856549	-0.5243282	-0.550254	0.5503066	0.5582453	-0.5170072	-0.526307	-0.535859	-0.5713241	-0.5604761	-0.57325095	0.56226224	-0.4712601	-0.549883	-0.5405911	-0.5300227	0.55590093	0.5357203	-0.560077	0.5096766	0.5163619	-0.54240197	0.55592924	0.47871205	-0.49723572	0.49786326	0.5508964	-0.54029894	-0.49817693	0.48819107	0.53895724	0.54506296	-0.5555537	-0.53525645	0.5449462	0.5690375	-0.56050086	0.4949313	0.49341705	0.57334	0.49337438	0.5698151	0.56414014	-0.48576564	-0.4780369	0.53449446	0.49546736	-0.5371123	0.47900718	-0.5367914	0.53308105	0.56604075	-0.5114908	0.5518339	-0.55555683
-0.43503425	-0.50788635	-0.42963105	0.48923323	-0.49787536	-0.5186452	0.50155497	0.46340936	0.4575323	0.45573887	-0.53084314	-0.45322388	-0.5396117	0.48395166	-0.46375746	-0.55471843	0.45577285	0.45675474	-0.48741773	-0.44599026	-0.5053154	-0.5037944	0.5182427	0.4649549	0.536633	0.48903576	-0.46725503	-0.46661362	0.5442877	0.47139913	-0.42092842	0.47152814	-0.49161246	-0.44713753	0.52386725	-0.4782608	-0.4031144	0.4446848	-0.49719167	0.46267998	0.48977384	-0.4479961	-0.5484334	-0.48491678	-0.49523726	0.4899393	-0.40352157	-0.43182158	0.4975202	0.527017	-0.4457943	-0.49530658	-0.42399606	-0.45796466	-0.4602403	-0.54089767	0.49376523	-0.55538744	-0.55819935	-0.4826095	-0.46491092	0.48751158	0.46891537	-0.48839417	0.5160807	0.4626239	-0.46763217	0.45349875	0.5535262	-0.49985653	0.41638577	0.48906836	-0.5090611	-0.50222975	0.49135968	0.42108566	0.49366432	-0.50154996	-0.43604678	0.36801562	0.42931283	-0.41753888	0.4345131	0.49440113	0.35947272	0.49567536	0.4567065	0.49816066	-0.5027143	-0.48464745	0.4750709	0.47588098	-0.43655738	0.5018495	-0.43096936	0.4735402	0.5376689	-0.4163773	0.4883461	-0.4889528
-0.681295	-0.7164166	-0.7607245	0.70662564	-0.6618233	-0.66653234	0.6924483	0.67661756	0.75733525	0.7194561	-0.7346145	-0.70253456	-0.78176826	0.72603226	-0.7199341	-0.70339674	0.766536	0.6711196	-0.6841526	-0.7029989	-0.78762156	-0.77695423	0.7485748	0.7489074	0.7107366	0.70161617	-0.7175022	-0.6869999	0.7263165	0.76799923	-0.75472087	0.7579859	-0.7634547	-0.6159557	0.76027966	-0.69602466	-0.5553956	0.7356847	-0.6686269	0.7061218	0.69679314	-0.700242	-0.7020529	-0.7508856	-0.6550497	0.7397762	-0.6447689	-0.6827998	0.76829505	0.7165082	-0.6938666	-0.76900095	-0.63131666	-0.71277475	-0.73618937	-0.7604368	0.7515781	-0.7466889	-0.65583575	-0.73329026	-0.7274017	0.6554042	0.65274477	-0.75886583	0.68810654	0.7134613	-0.6727763	0.7163567	0.68976456	-0.67988425	0.70344096	0.69750845	-0.751863	-0.68260086	0.740733	0.629615	0.65661865	-0.75317794	-0.6166195	0.5217561	0.72809005	-0.61201215	0.7056681	0.74109	0.6930533	0.7792522	0.6808842	0.77399766	-0.67348295	-0.7173169	0.7075544	0.7186264	-0.72868544	0.7089635	-0.74812156	0.78144455	0.7387604	-0.5579756	0.75159544	-0.7632461
-0.27076033	-0.24449961	-0.2454159	0.26307252	-0.2764963	-0.19357508	0.26914915	0.19801	0.21011944	0.25278	-0.21835802	-0.2424808	-0.22891715	0.2114278	-0.27632248	-0.21893182	0.20160426	0.26966098	-0.2694465	-0.20027684	-0.2380812	-0.21828403	0.28010067	0.19304056	0.23083396	0.27546132	-0.24953488	-0.2575598	0.24948381	0.20840025	-0.2126411	0.22258484	-0.25516245	-0.18807429	0.19852187	-0.22039221	-0.183935	0.24764812	-0.19846542	0.24969995	0.2476311	-0.224396	-0.19359489	-0.26075718	-0.22664514	0.24942355	-0.21427836	-0.26892912	0.24805175	0.19105606	-0.18157041	-0.21551019	-0.2335657	-0.284741	-0.20797956	-0.24085814	0.25838742	-0.28291762	-0.23762034	-0.27996865	-0.21222162	0.21105833	0.24217083	-0.22660737	0.22881024	0.25845698	-0.2670788	0.25233155	0.1968744	-0.2783906	0.28104815	0.21934548	-0.22877221	-0.27600074	0.26170966	0.25185335	0.19823463	-0.29151896	-0.22101419	0.17638823	0.24065311	-0.23404333	0.25359705	0.26160648	0.24260454	0.2668609	0.23511457	0.21588086	-0.2685599	-0.23493682	0.2274085	0.19491069	-0.20345351	0.24841462	-0.26947674	0.20789546	0.19599277	-0.15411116	0.23987377	-0.20526078
-0.46034917	-0.48226503	-0.5099554	0.53426415	-0.510194	-0.4588222	0.49598184	0.45162478	0.5420728	0.43437618	-0.5013614	-0.49752745	-0.5273203	0.49612454	-0.46467373	-0.4745701	0.50693154	0.4871672	-0.4947428	-0.4506967	-0.52249235	-0.50688994	0.49489674	0.4498617	0.51173836	0.5188461	-0.4476973	-0.48777446	0.45984635	0.5002955	-0.44510627	0.44169647	-0.5291964	-0.44393894	0.5179501	-0.442048	-0.47733518	0.48360828	-0.42826056	0.47607008	0.540239	-0.4929843	-0.5025772	-0.47196722	-0.4443572	0.5122314	-0.40836412	-0.529754	0.43479708	0.5086075	-0.48508635	-0.5286831	-0.48115376	-0.45539275	-0.52978593	-0.4720294	0.49414268	-0.5359182	-0.4632064	-0.47908187	-0.46755874	0.46556422	0.4526192	-0.4778376	0.49317724	0.49179718	-0.4611626	0.51435333	0.48717555	-0.4380133	0.5031458	0.5145081	-0.5034791	-0.504954	0.51273715	0.460653	0.46534628	-0.51427096	-0.45184436	0.35639936	0.43309864	-0.49414763	0.5246807	0.4776288	0.4066323	0.50947267	0.46240124	0.5114574	-0.4674375	-0.44434	0.45561254	0.43548146	-0.46196213	0.5419538	-0.48803285	0.49944788	0.504996	-0.38778412	0.5155582	-0.45256644
-0.38643318	-0.42054826	-0.3241701	0.3940706	-0.34988832	-0.33659083	0.35873368	0.372911	0.35271364	0.4214328	-0.38681898	-0.36239454	-0.37406757	0.39268187	-0.40383673	-0.3460626	0.3787463	0.38560858	-0.37777218	-0.34830114	-0.38407794	-0.37016213	0.4227718	0.41685274	0.4162044	0.34417817	-0.3734897	-0.39758965	0.40184167	0.3700366	-0.3323094	0.36007842	-0.33470544	-0.37719142	0.38702366	-0.40814865	-0.31723037	0.41662583	-0.35059988	0.38720348	0.35710227	-0.35818493	-0.32883483	-0.32225212	-0.42008695	0.38973933	-0.31513363	-0.4033026	0.34632912	0.33440813	-0.3241965	-0.36290324	-0.352427	-0.37832075	-0.3973667	-0.3851837	0.3294945	-0.3970134	-0.34582797	-0.34094718	-0.38563305	0.3514784	0.35461372	-0.42135832	0.38904288	0.40010002	-0.38054568	0.36184466	0.33132035	-0.3425141	0.3851901	0.3455457	-0.32427123	-0.36043343	0.4084093	0.40240788	0.4147302	-0.36166418	-0.32916602	0.35222554	0.3679107	-0.35172734	0.3338102	0.40441203	0.31899956	0.34615102	0.40944514	0.39568776	-0.3805533	-0.36744165	0.38019553	0.419275	-0.38791853	0.33737496	-0.39788982	0.36423808	0.38498947	-0.38626596	0.35099757	-0.36349973
-0.017560167	-0.017290786	-0.008798486	0.017780144	0.037239294	-0.017607812	0.03471135	0.052485693	0.016584791	-0.011621758	0.03298586	0.01805512	-0.037999902	0.057507683	0.031742796	0.027507896	-0.019095987	0.04771419	0.034355983	0.020058447	0.016716572	-0.024559716	-0.005983229	-0.03980396	0.034486435	0.013180053	0.018304097	0.017010473	0.0057867626	-0.0062668333	-0.031248553	0.028641434	-0.03778671	-0.055766124	-0.033840586	0.022249924	-0.03243033	-0.023088086	-0.05088314	0.046797443	0.02317319	-0.04165575	0.031560898	0.029812414	-0.030340599	0.0035054774	-0.04256426	-0.05427701	-0.024314726	-0.008251677	-0.022290763	-0.045625325	-0.06072801	0.006659371	-0.0033063665	-0.0054431227	0.008815338	0.03559988	-0.04096959	-0.051580895	0.024604581	-0.007541537	0.012442363	-0.019157361	0.051777627	0.028198192	0.009356536	-0.0128284395	0.0064956755	0.029530147	0.042175967	0.019446708	-0.020939225	-0.029020632	0.036977135	-0.016046576	0.0110255955	-0.029356727	0.0049721273	0.0056083286	0.034804426	0.034429766	-4.755958e-05	0.049281176	0.042099185	0.022950351	0.040859006	-0.012363724	-0.050610546	0.036640592	0.010894063	0.023778023	-0.0318113	-0.002103887	0.03735176	0.01796405	-0.018206177	0.0359158	0.006304463	-0.0061433488
-0.24706596	-0.25817984	-0.25983673	0.25469714	-0.2218865	-0.28764874	0.24067433	0.20698313	0.24536188	0.2495531	-0.2936432	-0.25419894	-0.28598428	0.20620891	-0.2792431	-0.24108747	0.21086085	0.22451884	-0.2586119	-0.24359179	-0.20664892	-0.28096008	0.263522	0.27401152	0.21704535	0.26397806	-0.24183887	-0.25717643	0.2546572	0.25732943	-0.2551958	0.22320454	-0.20277472	-0.16493645	0.24996121	-0.25362572	-0.20956454	0.27234918	-0.2746089	0.2590913	0.28696755	-0.22640781	-0.2609623	-0.21806507	-0.2067256	0.2216311	-0.23797907	-0.18357828	0.23748668	0.24021418	-0.19745822	-0.253019	-0.24171068	-0.21609215	-0.23803183	-0.22402002	0.19155367	-0.2883356	-0.22924459	-0.23529069	-0.20564018	0.20217484	0.16939008	-0.28427708	0.19725673	0.28487265	-0.25634566	0.22412187	0.20100422	-0.21193564	0.25180295	0.20801161	-0.18600315	-0.25014928	0.2790377	0.2517796	0.26769674	-0.24965768	-0.25046664	0.12381287	0.20035286	-0.25539672	0.25732666	0.19870111	0.25866267	0.29162538	0.26517147	0.18525249	-0.2527014	-0.23137106	0.22054394	0.26128638	-0.2810821	0.2936297	-0.21384542	0.23540302	0.26537398	-0.18630326	0.19146103	-0.24636847
-0.3642847	-0.4512414	-0.36248282	0.41130805	-0.38837966	-0.4311039	0.41412896	0.37620747	0.44647092	0.40248144	-0.42433757	-0.4293141	-0.503461	0.39051682	-0.41168565	-0.41462338	0.39111716	0.38750488	-0.44764027	-0.4052329	-0.44353664	-0.3566825	0.35576954	0.4028536	0.36751634	0.39225662	-0.40301096	-0.36578465	0.45184144	0.37914813	-0.4535368	0.40178782	-0.4590882	-0.3714833	0.47849727	-0.43677634	-0.42145246	0.47173944	-0.3563781	0.42143252	0.46926004	-0.39988893	-0.44788432	-0.44965234	-0.344727	0.5049023	-0.39108402	-0.38307303	0.3769448	0.3492342	-0.32114103	-0.41865727	-0.40238294	-0.41049996	-0.42128915	-0.4304913	0.42455924	-0.46183473	-0.45402434	-0.37832275	-0.38789043	0.38239676	0.42327848	-0.41818607	0.3882936	0.36475462	-0.33456096	0.3210076	0.3953142	-0.34543276	0.40673807	0.4237451	-0.37521505	-0.36398068	0.40708542	0.35721207	0.34576318	-0.4578305	-0.34662855	0.34178004	0.37757424	-0.396081	0.39485967	0.381431	0.2838968	0.440505	0.3488595	0.45696795	-0.37904122	-0.3601791	0.4599476	0.41578344	-0.40024143	0.39292055	-0.4522178	0.34190825	0.48051518	-0.35100052	0.40308583	-0.3915514
-0.4627088	-0.46681544	-0.4784731	0.4794355	-0.5293409	-0.48318595	0.46486965	0.48260874	0.52055	0.4737965	-0.47466868	-0.53254676	-0.50106734	0.5061604	-0.5293954	-0.5260626	0.52577543	0.49813342	-0.47058606	-0.49700823	-0.5167018	-0.49360168	0.537102	0.47865644	0.49893174	0.45853773	-0.4696847	-0.4251529	0.4614408	0.5084047	-0.49815324	0.53723043	-0.49980518	-0.42071754	0.5171115	-0.49605557	-0.47315565	0.54462886	-0.47343603	0.43087053	0.49129292	-0.4950217	-0.50969934	-0.49006718	-0.43760973	0.5372547	-0.46773508	-0.4928371	0.49055392	0.51522017	-0.4192138	-0.49614587	-0.49506843	-0.4473264	-0.5011018	-0.48052776	0.4924761	-0.4599712	-0.46181926	-0.4977629	-0.53533804	0.47087944	0.4436091	-0.47271279	0.49476412	0.47154462	-0.4705759	0.44111958	0.46441856	-0.48913178	0.47283688	0.51058817	-0.47510707	-0.49867624	0.45526564	0.5165165	0.49556938	-0.53468674	-0.49994475	0.38052005	0.5140107	-0.46440616	0.53442997	0.52887416	0.39510295	0.4993113	0.44569838	0.45436162	-0.47726092	-0.48625624	0.5044158	0.51017535	-0.5561996	0.4554584	-0.46885154	0.52888376	0.50009084	-0.42929128	0.45348182	-0.5484789
-0.559704	-0.5460444	-0.51725864	0.5363734	-0.50120914	-0.45386365	0.5477021	0.5405874	0.5739149	0.48315755	-0.47229627	-0.5575486	-0.495706	0.4962486	-0.5456708	-0.5573384	0.544728	0.5697742	-0.47536105	-0.5052929	-0.5689607	-0.59168106	0.558346	0.5257647	0.52016234	0.4942373	-0.5267152	-0.56687754	0.52932185	0.5681126	-0.49190134	0.5318444	-0.4976912	-0.47560883	0.5691796	-0.51293755	-0.51631695	0.49028793	-0.52823246	0.49497354	0.48230916	-0.55283123	-0.54967576	-0.5571441	-0.5072626	0.5511351	-0.5071666	-0.51081717	0.46285442	0.48164523	-0.48799986	-0.5706976	-0.54378456	-0.54735905	-0.55484974	-0.48502854	0.5087981	-0.5343973	-0.5231233	-0.59419125	-0.51299906	0.526927	0.5043392	-0.5613689	0.5537955	0.57106423	-0.5100342	0.50850755	0.54402965	-0.53259695	0.5119134	0.52920276	-0.5488982	-0.50259644	0.55803007	0.5367728	0.5207429	-0.54754657	-0.54315853	0.42953172	0.5371826	-0.5086966	0.4954668	0.52687967	0.5270722	0.5734224	0.53465474	0.589	-0.5256332	-0.5202031	0.5340757	0.541521	-0.5150533	0.4345304	-0.54030675	0.5744182	0.509098	-0.5124862	0.4972892	-0.5206907
-0.20368887	-0.297578	-0.28236797	0.20952609	-0.1948558	-0.23132356	0.28165302	0.2679474	0.2119639	0.24566303	-0.20946296	-0.22128248	-0.25846457	0.23934335	-0.24247932	-0.27030787	0.28815153	0.23517732	-0.23901717	-0.24275222	-0.22174363	-0.20590301	0.211511	0.21028328	0.23373751	0.22280023	-0.23578162	-0.2637003	0.28930977	0.26568425	-0.24316838	0.23920378	-0.27098185	-0.24054798	0.28113386	-0.27249274	-0.22668031	0.21827982	-0.19318703	0.19504768	0.2670278	-0.28414708	-0.25440308	-0.23051089	-0.2884232	0.20392661	-0.21393012	-0.2689674	0.28163567	0.23622587	-0.25253442	-0.22063924	-0.2295953	-0.21408744	-0.2643576	-0.25428808	0.237944	-0.2756412	-0.27390793	-0.24888617	-0.29650408	0.23413885	0.19176361	-0.27767906	0.27848172	0.26525953	-0.26709524	0.25885224	0.2671516	-0.22843714	0.19214809	0.23968695	-0.23359118	-0.2357215	0.22526337	0.22469969	0.2906573	-0.28374028	-0.23687743	0.20883332	0.22854398	-0.17555238	0.24224356	0.19532475	0.23946783	0.28331387	0.29123312	0.2724279	-0.20877437	-0.24065138	0.23092772	0.2893443	-0.20468608	0.16343537	-0.23816432	0.2782765	0.22122751	-0.21099801	0.21931936	-0.24306598
-0.19865382	-0.1301476	-0.12639655	0.16476294	-0.15223779	-0.09982361	0.18045132	0.102075264	0.15843816	0.11785921	-0.17942764	-0.12404094	-0.17409669	0.130182	-0.15787078	-0.20646323	0.13150889	0.13017543	-0.098118074	-0.17145646	-0.19741032	-0.11284067	0.16939771	0.11698442	0.12757237	0.20006722	-0.21135883	-0.10166136	0.21367568	0.1511846	-0.1601441	0.19215377	-0.1639712	-0.09080923	0.12821984	-0.11477877	-0.13603221	0.1728136	-0.114926815	0.1792249	0.15605076	-0.10133555	-0.1358332	-0.16439216	-0.18323018	0.13572821	-0.098550946	-0.12674679	0.17213504	0.1747254	-0.15124027	-0.11150796	-0.13757049	-0.12256374	-0.13198674	-0.15582316	0.12378628	-0.11725685	-0.15337975	-0.2117668	-0.12044299	0.12994471	0.11227316	-0.16304103	0.17266701	0.15360613	-0.1228745	0.2004885	0.14182483	-0.17241985	0.13155104	0.1847702	-0.11997979	-0.09457189	0.14429879	0.11426605	0.14607319	-0.16470028	-0.1337237	0.14310333	0.20279731	-0.19171369	0.13171597	0.14346409	0.09855783	0.16689317	0.16539715	0.15700902	-0.1797237	-0.1036347	0.18746956	0.120177396	-0.14046437	0.20018703	-0.113996856	0.11830219	0.14638771	-0.093974754	0.1236299	-0.15114036
-0.37003776	-0.29708225	-0.2884033	0.3096164	-0.3684951	-0.28729367	0.34072247	0.28733203	0.29295805	0.3057261	-0.34313336	-0.34410384	-0.26152456	0.3194598	-0.34531462	-0.27720624	0.3193139	0.29873893	-0.2660003	-0.36347297	-0.26470745	-0.36724642	0.27774042	0.36904287	0.3009897	0.30689904	-0.27789888	-0.3719348	0.29239687	0.32106104	-0.32109037	0.34271014	-0.33765507	-0.35736412	0.33880553	-0.2671994	-0.34327108	0.30631208	-0.3594563	0.36501256	0.2808223	-0.31227314	-0.3434769	-0.32050997	-0.2956762	0.2647283	-0.3524376	-0.30440855	0.27721786	0.27453738	-0.322259	-0.27078485	-0.37958503	-0.33222255	-0.26921985	-0.25232378	0.31990778	-0.28019083	-0.25146994	-0.37304994	-0.2975562	0.30976063	0.33671728	-0.34246826	0.29101562	0.31805393	-0.28342545	0.3202004	0.33582956	-0.29225534	0.32632038	0.33128333	-0.2888213	-0.32893533	0.3354978	0.309001	0.29064062	-0.34210396	-0.30930862	0.31556115	0.36206886	-0.30753106	0.2760713	0.32000422	0.36305597	0.37289956	0.2946604	0.3253926	-0.36182773	-0.3439753	0.30765027	0.349685	-0.35302156	0.20404696	-0.30008167	0.36924437	0.33882195	-0.34238935	0.295554	-0.32551885
-0.76270473	-0.737733	-0.77528495	0.78222483	-0.72756904	-0.7474088	0.7393826	0.76315475	0.76816046	0.7309395	-0.73049796	-0.8109812	-0.7804367	0.72233814	-0.77373445	-0.76036626	0.74784476	0.72808975	-0.7842311	-0.7734101	-0.7888311	-0.74227536	0.7664776	0.7223568	0.781584	0.73569643	-0.74046826	-0.7148798	0.7468279	0.72631615	-0.7348984	0.7262444	-0.76563597	-0.6861166	0.74784136	-0.78003544	-0.67964804	0.80608344	-0.7090559	0.782778	0.7480593	-0.68042517	-0.7170447	-0.79686445	-0.7654283	0.7085151	-0.6538069	-0.7733902	0.7653896	0.7409434	-0.72088623	-0.7549396	-0.77666825	-0.7343245	-0.7118712	-0.82598186	0.7442065	-0.7272544	-0.7203433	-0.81087714	-0.8070009	0.74960214	0.74954426	-0.7213763	0.6542544	0.81335855	-0.7826046	0.72390556	0.76269674	-0.74990535	0.8008582	0.77021307	-0.7492461	-0.73678434	0.7107238	0.67182857	0.7123806	-0.78361857	-0.64836365	0.7022969	0.7652514	-0.67747396	0.75082123	0.8050001	0.70184433	0.7653814	0.7675285	0.8187568	-0.7235195	-0.74102724	0.7620613	0.7621489	-0.7376986	0.82954574	-0.7045572	0.72432405	0.8020889	-0.6340786	0.79630464	-0.69399935
-0.27984974	-0.37373954	-0.34781712	0.36211225	-0.29680085	-0.28879896	0.3540756	0.31986016	0.37136546	0.3638542	-0.3682465	-0.34357932	-0.32664487	0.3760618	-0.33134043	-0.3148096	0.37966183	0.31887013	-0.32378182	-0.38879582	-0.29576415	-0.3691249	0.35267857	0.3028188	0.33548647	0.3210097	-0.34449896	-0.3044381	0.35610598	0.32886124	-0.30761215	0.30068538	-0.36254787	-0.26865658	0.35682487	-0.37886038	-0.32118556	0.30526194	-0.34224734	0.36364496	0.31544068	-0.3312894	-0.29691583	-0.38834083	-0.317601	0.31401408	-0.296982	-0.3401618	0.3100403	0.385813	-0.36366624	-0.3696536	-0.3419161	-0.35805148	-0.35263574	-0.30071774	0.3567083	-0.36067095	-0.37483308	-0.37701017	-0.36665583	0.36143357	0.34680405	-0.34884575	0.37546065	0.3214276	-0.28950703	0.35114875	0.33983174	-0.34682384	0.30886066	0.3655451	-0.3493736	-0.3507691	0.29250783	0.32044357	0.3027565	-0.38810083	-0.33192012	0.28351995	0.28298134	-0.30491233	0.3240745	0.31154072	0.2772466	0.35881224	0.36070547	0.36141255	-0.32190445	-0.3903456	0.35584417	0.31354076	-0.33875263	0.2830129	-0.2958014	0.3635436	0.30019686	-0.27712116	0.33592892	-0.2994749
-0.50575954	-0.48037422	-0.4679634	0.49064174	-0.4371233	-0.48706958	0.48344055	0.45232582	0.5088198	0.51903635	-0.4622966	-0.48577186	-0.44805935	0.5199521	-0.45658085	-0.43234783	0.5076012	0.5264074	-0.49265775	-0.43697765	-0.5397608	-0.4795755	0.510967	0.45366278	0.4693137	0.53397024	-0.52000725	-0.49742293	0.41723317	0.47505876	-0.52237755	0.45898226	-0.44163415	-0.42285758	0.47620505	-0.48557466	-0.47685474	0.4564077	-0.45847446	0.51228094	0.46028107	-0.5140187	-0.4644617	-0.43362135	-0.52976716	0.46119702	-0.5110181	-0.4745238	0.49639753	0.524249	-0.49417832	-0.48773497	-0.45314702	-0.48662102	-0.52980167	-0.43491134	0.48033592	-0.43739328	-0.48570445	-0.48077786	-0.48836872	0.47486168	0.48032236	-0.51347286	0.5291172	0.45213953	-0.4576351	0.48602402	0.51781404	-0.52835965	0.45771477	0.46990198	-0.4569798	-0.48612624	0.4849195	0.47250217	0.4631062	-0.4428054	-0.43807912	0.47734606	0.51925355	-0.46663153	0.47744662	0.51236355	0.44634375	0.46313134	0.45879006	0.4788427	-0.48702887	-0.43745968	0.44712168	0.45727867	-0.5174446	0.42110822	-0.47010297	0.5038266	0.52518886	-0.44799614	0.51670134	-0.45694223
-0.06271799	-0.05337427	-0.10711355	0.044388298	-0.11629973	-0.114259906	0.13188434	0.041523743	0.049471993	0.0753744	-0.045221616	-0.13097723	-0.06720527	0.08377332	-0.048831556	-0.1031411	0.1324433	0.130777	-0.11418362	-0.080670774	-0.059188794	-0.10987971	0.051417366	0.107150264	0.09232309	0.13650392	-0.05091515	-0.054769285	0.0470225	0.09173201	-0.06604196	0.082455985	-0.047371626	-0.109614536	0.09332514	-0.072275385	-0.03815425	0.13330376	-0.04119615	0.07569265	0.119121164	-0.056375626	-0.06824501	-0.091261394	-0.0710084	0.053553887	-0.06296274	-0.11520875	0.048815314	0.12530603	-0.10947923	-0.058662985	-0.10692529	-0.11365939	-0.13694955	-0.110896036	0.06061818	-0.13347605	-0.07178061	-0.06890137	-0.051075567	0.08583042	0.107925385	-0.08970768	0.11425449	0.059471283	-0.12097249	0.08270085	0.11845592	-0.1298301	0.061532877	0.10810597	-0.038260296	-0.09028254	0.040325657	0.09888952	0.08573532	-0.11093638	-0.05529714	0.122439615	0.11559537	-0.0734724	0.114858866	0.114612445	0.098808676	0.096529596	0.05317044	0.05357543	-0.0640037	-0.08981266	0.06620094	0.045238	-0.07182267	0.096695766	-0.11784355	0.04891595	0.08085532	-0.107097626	0.0949997	-0.13590276
-0.1467153	-0.20428306	-0.21937266	0.2003666	-0.13478963	-0.09497654	0.12955882	0.16751188	0.18413197	0.21458712	-0.12631232	-0.19123809	-0.08945121	0.16448528	-0.15908816	-0.20248868	0.1661652	0.15713094	-0.15564431	-0.14402275	-0.1638614	-0.15528321	0.19895618	0.11989283	0.15095003	0.12967943	-0.19082555	-0.16483475	0.09726742	0.2057423	-0.17174986	0.18618335	-0.10017716	-0.20666723	0.16171964	-0.15898211	-0.19745691	0.20181112	-0.15529269	0.12948868	0.12873375	-0.11660441	-0.18687211	-0.17256944	-0.14067848	0.10960893	-0.13606113	-0.14998521	0.11097159	0.17848474	-0.1437835	-0.20339221	-0.21454142	-0.1439445	-0.15381873	-0.17681551	0.17661618	-0.10018632	-0.11851451	-0.21372984	-0.16710187	0.15003246	0.19506508	-0.117687754	0.14109081	0.18682691	-0.14044622	0.14081044	0.17633773	-0.1256492	0.2192092	0.1748607	-0.13684939	-0.11851079	0.15892231	0.2019043	0.17633119	-0.18368764	-0.16983958	0.13207781	0.18440185	-0.12812294	0.14435847	0.21457459	0.18108454	0.14230704	0.17518151	0.12949659	-0.14419444	-0.11702366	0.11783543	0.12919925	-0.14827907	0.07729049	-0.211684	0.16914892	0.1884119	-0.12960243	0.18526524	-0.19159897
-0.2026125	-0.2546183	-0.252695	0.21233135	-0.18976241	-0.2613345	0.24141835	0.19237472	0.28072935	0.27103364	-0.21298656	-0.27503672	-0.24212661	0.1838232	-0.18500225	-0.26597637	0.20747508	0.18511698	-0.20509881	-0.22856465	-0.26916677	-0.27123097	0.26120788	0.21553364	0.22760388	0.27466893	-0.27224532	-0.21709876	0.194507	0.21976776	-0.25636703	0.26407692	-0.2043585	-0.19227779	0.18485478	-0.26635882	-0.19375023	0.20321538	-0.24849272	0.21070452	0.2563151	-0.23066339	-0.26949698	-0.19702788	-0.18474287	0.22948146	-0.24944709	-0.20617816	0.23996764	0.22385854	-0.23507044	-0.2703455	-0.24707744	-0.23010692	-0.25738248	-0.2784676	0.26257756	-0.26637816	-0.2557629	-0.27110174	-0.18319629	0.27121428	0.21212746	-0.24239115	0.26417148	0.23601042	-0.26168448	0.2132642	0.25611717	-0.2615381	0.19006436	0.2799301	-0.1938363	-0.23411423	0.2711073	0.26535067	0.18258297	-0.27965713	-0.1908687	0.252845	0.18183953	-0.2668346	0.22750051	0.186405	0.2283069	0.19872734	0.27366394	0.25006244	-0.20558432	-0.1884477	0.23842707	0.2346291	-0.2639126	0.28094104	-0.23415574	0.27317342	0.22090158	-0.23076339	0.2766495	-0.18465161
-0.4219188	-0.4774606	-0.43163338	0.4797626	-0.4652884	-0.414241	0.4298385	0.4599012	0.4237157	0.39640194	-0.47774875	-0.43188086	-0.49513796	0.41937292	-0.4853376	-0.43266875	0.48150772	0.45132068	-0.4254151	-0.5012846	-0.48920226	-0.4578832	0.52073675	0.42211857	0.43315703	0.4573176	-0.4541814	-0.40945935	0.46728474	0.42858818	-0.4509472	0.4559913	-0.48313463	-0.384206	0.46585715	-0.46034792	-0.35074067	0.4137415	-0.37484112	0.3897315	0.5060841	-0.43960798	-0.45357606	-0.44031745	-0.43610448	0.47151166	-0.42989877	-0.44505244	0.40302452	0.3923446	-0.4104028	-0.48049194	-0.46420547	-0.5119847	-0.47376725	-0.54562885	0.45084116	-0.44337213	-0.46985316	-0.43442652	-0.42491037	0.44722518	0.41527608	-0.5227206	0.47816417	0.47192696	-0.40831134	0.40557915	0.4400047	-0.5274204	0.4194078	0.4421778	-0.41894177	-0.48385173	0.45706508	0.45450833	0.49853504	-0.45262915	-0.5049924	0.42416444	0.5152001	-0.35565332	0.46928573	0.49398357	0.39763752	0.4435893	0.48722163	0.40630072	-0.45579055	-0.41378298	0.43743753	0.4208755	-0.4730683	0.3911793	-0.4627214	0.40960804	0.45342967	-0.38486847	0.44770524	-0.41338435
-0.4055627	-0.391928	-0.42445406	0.3611536	-0.40750578	-0.3560683	0.36686745	0.390666	0.41430977	0.44615588	-0.34864786	-0.43410566	-0.35038668	0.3470729	-0.37773904	-0.33949476	0.37427637	0.35779533	-0.40612218	-0.40992042	-0.39813593	-0.36538053	0.40631667	0.43847	0.4083166	0.3797649	-0.392662	-0.39236447	0.35156757	0.37448198	-0.34766215	0.38466743	-0.327822	-0.41029483	0.36465454	-0.3617498	-0.3989244	0.43761435	-0.37176603	0.42201436	0.33469093	-0.3493871	-0.38700867	-0.38438103	-0.33116165	0.42899987	-0.43648934	-0.44211245	0.34566414	0.40318775	-0.39608872	-0.4053452	-0.3649084	-0.35911226	-0.38147053	-0.37835082	0.40607908	-0.40538907	-0.37355173	-0.39558792	-0.37713167	0.37138763	0.42786047	-0.34794647	0.3503763	0.4151602	-0.33901507	0.40578097	0.33391806	-0.40774	0.3493793	0.36341053	-0.34989086	-0.35744068	0.33597708	0.36880648	0.35154697	-0.43174544	-0.42110813	0.43311402	0.40237406	-0.3474068	0.3638766	0.42471388	0.43155104	0.41978103	0.41550493	0.36100808	-0.3732899	-0.41196597	0.4207564	0.40864822	-0.40427557	0.35510266	-0.36999023	0.37706608	0.338293	-0.38580155	0.38774782	-0.3197771
-0.5542668	-0.5239783	-0.6179286	0.5726276	-0.54777867	-0.4224218	0.60079086	0.5524694	0.6177994	0.5711995	-0.5632002	-0.52845216	-0.47415683	0.58462864	-0.51689184	-0.58184636	0.51167357	0.55864066	-0.5291526	-0.54512835	-0.5363979	-0.56585276	0.53703094	0.54798526	0.53676707	0.5761214	-0.59816426	-0.5765969	0.47821355	0.5429852	-0.57086456	0.53019035	-0.5513986	-0.55960923	0.57837313	-0.5674967	-0.61853373	0.64097375	-0.563574	0.5638758	0.46125978	-0.5244781	-0.58609676	-0.5473014	-0.56461424	0.55741584	-0.5287449	-0.6068307	0.53540814	0.51613015	-0.5884882	-0.55185574	-0.62778443	-0.5856204	-0.5669836	-0.581782	0.5796932	-0.48533863	-0.50408083	-0.5365442	-0.55497146	0.6225375	0.549181	-0.49575326	0.6190305	0.5901304	-0.56847554	0.54030293	0.502595	-0.5290215	0.57060504	0.5910204	-0.51306707	-0.5486674	0.5817767	0.5745278	0.59813946	-0.54469943	-0.50435287	0.529622	0.6305821	-0.54719794	0.6320933	0.5341442	0.5756456	0.60566175	0.5792532	0.59505194	-0.5714571	-0.60519135	0.5760081	0.61713743	-0.57235163	0.40867034	-0.5981249	0.58102053	0.5824607	-0.5635492	0.55499095	-0.5643635
-0.57115084	-0.5265116	-0.59209454	0.53879106	-0.56787366	-0.48726097	0.528493	0.5220467	0.55737096	0.5685376	-0.5711266	-0.5461098	-0.46328485	0.52984196	-0.49487966	-0.58603173	0.5507356	0.5591292	-0.5946278	-0.5816661	-0.6049829	-0.5330969	0.494427	0.5501025	0.5123352	0.61767703	-0.55549115	-0.5737206	0.47078913	0.5457053	-0.5821251	0.5340819	-0.57209677	-0.5519417	0.60724556	-0.5560942	-0.5191539	0.5145473	-0.51591873	0.5046816	0.49630713	-0.56412196	-0.56040895	-0.59808767	-0.57556605	0.5604615	-0.5108735	-0.5196801	0.5296256	0.5401577	-0.5327427	-0.5479535	-0.5271846	-0.60280824	-0.5652454	-0.5629467	0.55104655	-0.5112913	-0.49124497	-0.62685084	-0.56309056	0.5976028	0.47724065	-0.540432	0.6006238	0.5508508	-0.584901	0.5531918	0.58411235	-0.5628962	0.5861822	0.53200376	-0.5986165	-0.548199	0.52597594	0.4918994	0.55437785	-0.5715748	-0.45311308	0.525752	0.556468	-0.5587234	0.6182528	0.47798145	0.47303572	0.58933413	0.6196067	0.6029415	-0.52934295	-0.5539937	0.5035755	0.59658164	-0.566548	0.4797015	-0.527045	0.5942402	0.6011869	-0.4504707	0.55591655	-0.58783674
-0.6371747	-0.69911754	-0.65371954	0.6342135	-0.66734743	-0.59352255	0.60566056	0.6294232	0.63018394	0.6648484	-0.67203414	-0.70782703	-0.59184796	0.6102578	-0.5971078	-0.6394876	0.64796823	0.6094415	-0.63689923	-0.6440319	-0.65518034	-0.64702827	0.61472696	0.66121644	0.6850542	0.64679414	-0.67094475	-0.615433	0.59295124	0.6284463	-0.65097064	0.66597986	-0.6595999	-0.6282359	0.6546007	-0.6917521	-0.59000653	0.6394129	-0.64348954	0.6497886	0.6845574	-0.6707649	-0.6106173	-0.7023557	-0.64109826	0.66296124	-0.6273843	-0.6811122	0.63221294	0.6671803	-0.62989074	-0.71771467	-0.6675954	-0.6988994	-0.6587272	-0.62511766	0.7213636	-0.604503	-0.6638343	-0.62154007	-0.62991416	0.65476876	0.59881735	-0.665872	0.7017369	0.64303106	-0.6337849	0.6105672	0.6469157	-0.68095493	0.6534565	0.6697084	-0.69902587	-0.671281	0.66437584	0.64092034	0.69017786	-0.7019474	-0.649512	0.63515097	0.6161033	-0.58764726	0.6912785	0.6438701	0.6069622	0.71693474	0.70415753	0.72040826	-0.68205947	-0.62129587	0.7066481	0.6734211	-0.67997205	0.52608913	-0.7060727	0.6497149	0.7000813	-0.62887067	0.6836035	-0.6511755
-0.30564678	-0.3138646	-0.2659386	0.30606666	-0.294283	-0.31562194	0.2683054	0.36481342	0.27422383	0.2789197	-0.28966096	-0.25832215	-0.26743442	0.36114883	-0.31248534	-0.2806075	0.31602153	0.28069237	-0.34758118	-0.33439237	-0.32098004	-0.34146172	0.26442868	0.30874825	0.26740986	0.34792656	-0.27129444	-0.33671564	0.22542873	0.302897	-0.32467932	0.30696967	-0.24150005	-0.27530816	0.27873778	-0.29648793	-0.35280496	0.32133877	-0.3186404	0.34096035	0.24637713	-0.2592209	-0.25823176	-0.34016973	-0.31033593	0.30908588	-0.32459807	-0.29958293	0.2460705	0.2704072	-0.29002166	-0.31529987	-0.35852522	-0.33304775	-0.28967717	-0.24069598	0.29198608	-0.3069324	-0.28687233	-0.3215854	-0.26941407	0.2632419	0.29104033	-0.3283834	0.26828343	0.30643773	-0.2699413	0.33299553	0.32766634	-0.30054188	0.26421213	0.33003134	-0.33531553	-0.35168698	0.3071367	0.34864643	0.3512563	-0.25930583	-0.27037698	0.28725567	0.3480607	-0.29443988	0.28325078	0.30815944	0.3638848	0.32448572	0.3162901	0.3340948	-0.27626747	-0.3542716	0.34390637	0.32629374	-0.28467178	0.14837426	-0.28190863	0.31121466	0.28665745	-0.3030935	0.33134785	-0.24668556
0.0026827368	0.0443957	0.021291804	-0.011505338	-0.02642239	0.0022554107	-0.03367624	0.0012641342	-0.020027198	-0.034793913	0.021642422	0.003816215	-0.0460112	-0.019425439	-0.015587352	-0.012039451	-0.019541182	0.038986918	0.0537331	-0.034752827	-0.020057444	0.018801022	0.0131947575	-0.043826822	0.0124333855	0.0129747605	-0.009005403	0.052463632	0.0029495435	0.013288712	0.011822919	0.036698315	0.0018455868	-0.0071210694	0.021842727	0.046608265	0.00045238814	-0.05273132	-0.019379703	0.0301179	-0.009425467	0.022365067	0.052401476	0.0029930647	-0.026128268	-0.0488941	0.055545423	0.0590542	-0.031331275	-0.057823397	0.04946162	-0.039607484	0.048160758	0.04710923	0.009313731	-0.00943871	0.023302201	0.010242035	0.022805931	0.045963593	0.0066194073	0.030137476	-0.025407486	-0.0140254665	-0.029786184	-0.047264863	-0.033065684	-0.049606	0.014526973	0.037153393	-0.059205584	-0.05835755	0.025961593	0.031507477	-0.0031265898	0.013609731	-0.04835398	0.020617276	0.007460077	0.023198264	0.039420612	-0.0362909	0.011379558	-0.03517665	-0.045102254	0.039157275	-0.05367603	-0.040929392	-0.01266212	0.04246985	-0.047524102	-0.039961636	-0.0407937	-0.002741166	-0.037389733	-0.0052693444	-0.027768273	-0.02237892	-0.025335737	-0.022114702
-0.08151342	-0.10538996	-0.15802169	0.10402347	-0.14282194	-0.18456177	0.11555551	0.12747942	0.14622362	0.18933213	-0.10359724	-0.13554226	-0.16675216	0.17166406	-0.12637778	-0.12600411	0.19168487	0.16510203	-0.15909761	-0.19936815	-0.15734151	-0.1745839	0.095069796	0.14283307	0.1545384	0.16274284	-0.15674603	-0.15774612	0.10439789	0.16297564	-0.18345132	0.10799416	-0.16728693	-0.12853894	0.110753566	-0.17838915	-0.15015154	0.11206938	-0.13831824	0.11840888	0.18614276	-0.1743017	-0.13058536	-0.09645978	-0.17382632	0.1480895	-0.16663887	-0.13159275	0.20020685	0.19395281	-0.085574165	-0.17605017	-0.07386124	-0.16108404	-0.15772402	-0.11865285	0.12949874	-0.10425807	-0.12515882	-0.18671	-0.16126215	0.15618314	0.13741772	-0.14493227	0.17794336	0.10837541	-0.17624524	0.091783576	0.12890261	-0.17723924	0.17132375	0.11003049	-0.187953	-0.09485964	0.1564858	0.12349804	0.114911035	-0.14530757	-0.18191908	0.07718438	0.100882545	-0.14721628	0.19042504	0.14342993	0.1373341	0.10471976	0.14687395	0.13650744	-0.12272689	-0.19880651	0.121325865	0.09725979	-0.17484686	0.1286657	-0.08518525	0.11869619	0.18613611	-0.12973814	0.17864999	-0.17251037
-0.39091364	-0.29647025	-0.36851463	0.29979804	-0.32962903	-0.2670639	0.37032056	0.30944377	0.37427366	0.38391405	-0.33367068	-0.34631348	-0.24427149	0.37730628	-0.29062837	-0.35986793	0.317199	0.31911346	-0.28454006	-0.2828393	-0.31452143	-0.31844595	0.30940405	0.29658547	0.356149	0.293327	-0.38986242	-0.31486836	0.26579875	0.35843694	-0.342791	0.36987084	-0.35075572	-0.29289916	0.3919819	-0.3659386	-0.33125228	0.36000308	-0.34795144	0.30462176	0.28630877	-0.31293306	-0.3122592	-0.33434808	-0.32369393	0.35328162	-0.3140446	-0.3484718	0.31156275	0.30295354	-0.33140653	-0.30192387	-0.33230972	-0.3682108	-0.33590072	-0.27614287	0.35564983	-0.32925647	-0.2788547	-0.31963664	-0.28993222	0.3554546	0.3165853	-0.3434564	0.37108138	0.31245637	-0.39293373	0.36608544	0.30238095	-0.29759994	0.2932013	0.3578738	-0.3491943	-0.30051702	0.35582328	0.31654757	0.37311655	-0.3348856	-0.31172755	0.36185226	0.31200272	-0.30378473	0.29506022	0.28947863	0.3556744	0.31956694	0.37307736	0.36512467	-0.2927039	-0.29117647	0.29682946	0.30150905	-0.32780603	0.1699322	-0.3076241	0.3818531	0.36102533	-0.38144952	0.32205653	-0.33728868
-0.14842683	-0.20957541	-0.19287433	0.17120829	-0.13303544	-0.15671143	0.17265977	0.1586352	0.21634135	0.20223562	-0.21914242	-0.1842551	-0.139965	0.17751284	-0.13846807	-0.20291217	0.15617818	0.1322911	-0.19633378	-0.13562198	-0.14237429	-0.2061615	0.21869563	0.20112605	0.1607778	0.17789245	-0.20231032	-0.18968144	0.19322404	0.2016681	-0.21948452	0.18760933	-0.1583064	-0.164199	0.14416522	-0.15351698	-0.20218942	0.22967614	-0.14707965	0.15725346	0.18480802	-0.14855653	-0.22450419	-0.19142437	-0.16528027	0.21179755	-0.16083987	-0.16368742	0.22543801	0.21252958	-0.13565151	-0.14338024	-0.15266044	-0.1681076	-0.13509853	-0.1680062	0.19807233	-0.14704373	-0.16811517	-0.17193027	-0.14547536	0.20289521	0.14764057	-0.22501498	0.13112237	0.15933499	-0.21497577	0.20556256	0.20417844	-0.19356094	0.1322046	0.1464008	-0.13843279	-0.19444229	0.14675555	0.19557601	0.18215676	-0.15012427	-0.19684124	0.19686244	0.15553613	-0.15505138	0.2220659	0.1726426	0.18523915	0.18273523	0.13676222	0.15135734	-0.13016966	-0.1306221	0.20785585	0.13765842	-0.17226307	0.09228646	-0.21851905	0.2140239	0.21706773	-0.11761614	0.20661916	-0.1826799
-0.4503204	-0.44668406	-0.48463416	0.45618385	-0.4369037	-0.45301476	0.45551327	0.48421782	0.42921197	0.45026347	-0.44876823	-0.4263094	-0.4694124	0.43418902	-0.45207524	-0.4362781	0.45781657	0.44503108	-0.4557793	-0.4972106	-0.44265658	-0.5079698	0.4383594	0.512133	0.47365567	0.4938143	-0.5055592	-0.4184906	0.45217142	0.42520484	-0.45099652	0.46597475	-0.45610473	-0.41197807	0.4709215	-0.4397203	-0.42539823	0.4436753	-0.50142443	0.44880795	0.472615	-0.51590246	-0.4430554	-0.49578464	-0.48418093	0.4091137	-0.4945686	-0.509607	0.46361944	0.45339653	-0.4443081	-0.47211862	-0.47984633	-0.4467654	-0.4180366	-0.4928272	0.4514751	-0.42796752	-0.4187387	-0.46290714	-0.43077272	0.45254475	0.40370992	-0.45084393	0.4656009	0.48113427	-0.4449735	0.43574643	0.47780272	-0.50530463	0.4459538	0.49650395	-0.4522634	-0.47522047	0.46864685	0.41935924	0.4510874	-0.4806327	-0.455218	0.49366876	0.4363007	-0.48940232	0.46781355	0.4853044	0.44977596	0.41702926	0.48012456	0.4312244	-0.42105672	-0.50759935	0.5170597	0.5017243	-0.4525594	0.40196276	-0.47956404	0.428485	0.4514357	-0.4290417	0.4510366	-0.43359503
-0.5813146	-0.603061	-0.5970472	0.6204541	-0.6202336	-0.52605665	0.51146764	0.55452836	0.6581596	0.6093201	-0.6229401	-0.65196234	-0.64564365	0.52157736	-0.6466	-0.6148875	0.6021829	0.5446768	-0.565624	-0.6239309	-0.6374377	-0.65834194	0.5633094	0.6420017	0.5975574	0.5570841	-0.65268123	-0.6197899	0.6520272	0.5728952	-0.6003539	0.5833792	-0.6148074	-0.5010077	0.64145106	-0.64812535	-0.48470625	0.5864946	-0.56719434	0.5924895	0.58042693	-0.55205894	-0.59597284	-0.59865314	-0.54405475	0.5810155	-0.56954557	-0.54633915	0.59334105	0.54790217	-0.48122033	-0.6017788	-0.55137324	-0.6312779	-0.58527374	-0.62524414	0.5566732	-0.6057734	-0.5403895	-0.63645	-0.59049046	0.55347335	0.52320796	-0.5870648	0.59811646	0.6304867	-0.53860086	0.53548163	0.58777535	-0.631237	0.6333107	0.656012	-0.6384954	-0.5714559	0.5643385	0.5800473	0.533398	-0.6467625	-0.58351874	0.5112676	0.5606521	-0.534349	0.5527681	0.52515644	0.4879259	0.58487004	0.6032203	0.66243994	-0.5770927	-0.56912374	0.6401713	0.58541644	-0.5997537	0.5595724	-0.60840774	0.56209004	0.58377653	-0.43580696	0.64237136	-0.56043565
-0.22752012	-0.16220516	-0.16000204	0.17147453	-0.1502373	-0.17472938	0.12287528	0.20006002	0.2301835	0.17855011	-0.16452053	-0.17487976	-0.23028313	0.21656275	-0.1528436	-0.19578616	0.1982538	0.19886316	-0.22394142	-0.17161304	-0.17618124	-0.23274133	0.17286564	0.20442156	0.1868683	0.16026738	-0.19851798	-0.20386305	0.17348097	0.21174936	-0.17291689	0.14427763	-0.23004755	-0.14787918	0.1922781	-0.24277845	-0.15920708	0.14608681	-0.20620625	0.12741861	0.14128718	-0.1477649	-0.16975965	-0.14880998	-0.15274765	0.18551342	-0.18603615	-0.19910753	0.19762793	0.1700888	-0.17107028	-0.23206691	-0.20783852	-0.20464745	-0.21057364	-0.183807	0.19905862	-0.19466801	-0.15638463	-0.21835023	-0.22058842	0.12628351	0.16178405	-0.1974305	0.12730148	0.23667091	-0.21006927	0.1451516	0.18676203	-0.15579057	0.15880015	0.15916634	-0.18940346	-0.17138591	0.21832572	0.19623964	0.21763682	-0.17465791	-0.12396572	0.110363804	0.15228651	-0.12737553	0.17905593	0.15786257	0.118285134	0.18452005	0.18132469	0.18775234	-0.16204345	-0.14511348	0.19696936	0.18467925	-0.17375141	0.18334655	-0.1828536	0.20564409	0.24627696	-0.18036096	0.16363108	-0.14248879
-0.63475883	-0.6237223	-0.6070107	0.56661254	-0.58814174	-0.51099193	0.63616383	0.59669	0.6370322	0.6160536	-0.5832769	-0.64279145	-0.56662756	0.6379404	-0.64537627	-0.5562071	0.6280722	0.61418647	-0.62726414	-0.6346111	-0.5568736	-0.6537107	0.64526457	0.55742764	0.595563	0.6163855	-0.6377309	-0.6217179	0.62469393	0.6361632	-0.56527084	0.5753246	-0.56223106	-0.6290179	0.5853309	-0.60013855	-0.5361878	0.6360021	-0.6019271	0.5936673	0.5916962	-0.5327803	-0.6143187	-0.599821	-0.57928693	0.6146083	-0.5580388	-0.6222785	0.60273266	0.62356997	-0.5845751	-0.64137775	-0.6371648	-0.61917156	-0.55069345	-0.56375676	0.59323823	-0.58635247	-0.5891104	-0.61423737	-0.6404885	0.6496279	0.6325921	-0.5912208	0.5411109	0.5874006	-0.6143745	0.5801174	0.56202835	-0.6350026	0.63751554	0.5861828	-0.5666237	-0.5974031	0.60446507	0.5536915	0.5968432	-0.5884244	-0.58194965	0.5337282	0.61398	-0.63162786	0.6278276	0.603558	0.6474278	0.63029224	0.63725084	0.57122743	-0.5698033	-0.6152764	0.6418911	0.57383335	-0.6549629	0.5547166	-0.6029528	0.5792586	0.5773526	-0.62391657	0.5924664	-0.560375
-0.5731289	-0.59776145	-0.5502557	0.5726149	-0.5859918	-0.5144502	0.51874006	0.54404825	0.55396336	0.51910645	-0.5181568	-0.57837176	-0.5279045	0.5606388	-0.5803492	-0.50403523	0.5520812	0.5512569	-0.50183207	-0.5443811	-0.5283524	-0.50604993	0.57947075	0.49309254	0.51526856	0.56530535	-0.5978287	-0.5544217	0.5578763	0.55370706	-0.54892766	0.5424214	-0.5256282	-0.5302871	0.55226356	-0.4888858	-0.5126317	0.55604273	-0.50237495	0.5701494	0.48052984	-0.49274093	-0.52738786	-0.51395893	-0.49964383	0.48422444	-0.47949526	-0.5091682	0.49509436	0.46838284	-0.5893357	-0.5109279	-0.51993203	-0.5651526	-0.5683282	-0.5178258	0.4966121	-0.47065958	-0.52885777	-0.56533635	-0.55999565	0.57233655	0.582002	-0.507697	0.47991925	0.57497233	-0.4988793	0.56042635	0.5477555	-0.55471504	0.58592504	0.60099626	-0.57255876	-0.5569005	0.49235752	0.5152526	0.49535787	-0.5433217	-0.4496926	0.45289677	0.50382465	-0.53087866	0.5467205	0.59382033	0.5132637	0.57024163	0.5858085	0.5455524	-0.5413561	-0.47508308	0.55172366	0.56534576	-0.5817115	0.47607976	-0.5810184	0.5468505	0.58384854	-0.47453254	0.57968754	-0.5319826
-0.49944627	-0.5068499	-0.47922805	0.45486993	-0.4338174	-0.35869795	0.46007338	0.47323722	0.4424649	0.45043027	-0.51502305	-0.4588699	-0.4923598	0.46332738	-0.48835984	-0.49813402	0.5075654	0.5183197	-0.4661714	-0.4983189	-0.4290769	-0.48124704	0.4605804	0.4352002	0.46820715	0.5345535	-0.46228406	-0.5147979	0.48491308	0.508622	-0.45243207	0.50577766	-0.46962756	-0.498769	0.47071162	-0.47485447	-0.43050513	0.5037528	-0.5052622	0.46714246	0.44944328	-0.44718498	-0.46182454	-0.4889438	-0.49250552	0.4803611	-0.4718814	-0.44602796	0.5064863	0.4531739	-0.49048975	-0.45849434	-0.47305182	-0.4836234	-0.44368392	-0.4396584	0.4602619	-0.47039002	-0.4717259	-0.4695578	-0.51634544	0.5159723	0.43632	-0.47043914	0.46571985	0.4941498	-0.44029495	0.48436558	0.50397146	-0.47962117	0.52045286	0.50431514	-0.4810583	-0.49382943	0.46496087	0.5152399	0.49574286	-0.46393156	-0.44476396	0.4451834	0.5235987	-0.52107733	0.4409246	0.4846788	0.47564244	0.5234751	0.52113867	0.5177929	-0.42345074	-0.4794621	0.47406194	0.501555	-0.4549649	0.44147915	-0.47446853	0.45389912	0.5272245	-0.41114357	0.46137717	-0.5041981
-0.6724712	-0.68363327	-0.59729093	0.61170423	-0.6095299	-0.6012752	0.6129164	0.64481246	0.62440646	0.66982424	-0.6705511	-0.69155127	-0.658904	0.589142	-0.6151394	-0.6540803	0.67829007	0.60019267	-0.66696596	-0.6444646	-0.6483209	-0.6637492	0.6602353	0.639732	0.607734	0.66838706	-0.6361034	-0.58799773	0.7262592	0.6935418	-0.63420486	0.6518767	-0.63486594	-0.52694684	0.6411219	-0.66940814	-0.5738586	0.6986615	-0.6603556	0.62752247	0.67558706	-0.61430424	-0.6302592	-0.6801634	-0.59025484	0.674347	-0.5530682	-0.62824595	0.634102	0.6279607	-0.57123435	-0.6493235	-0.6764151	-0.6186048	-0.67615515	-0.70943177	0.6984644	-0.6943867	-0.63393676	-0.6170053	-0.63770926	0.686821	0.58795416	-0.7089896	0.62383145	0.6254758	-0.5992604	0.59159017	0.6533373	-0.6947987	0.6584642	0.6244591	-0.6295082	-0.6240407	0.6313915	0.6014275	0.6084844	-0.619613	-0.6347565	0.57280284	0.6076375	-0.5530933	0.65945876	0.6056839	0.6024674	0.7036108	0.6693141	0.7009937	-0.6422212	-0.60289717	0.671612	0.67927074	-0.6062276	0.727385	-0.6590644	0.64818203	0.70175165	-0.5617981	0.64814824	-0.6385459
-0.28015903	-0.34837863	-0.2731259	0.30754197	-0.31087482	-0.24395607	0.25753158	0.31608936	0.3462814	0.33338094	-0.29648983	-0.2945501	-0.35896757	0.2948689	-0.30185294	-0.29679796	0.29803076	0.2974443	-0.2893116	-0.24545325	-0.33473718	-0.3219873	0.27132657	0.2829324	0.30152455	0.33157745	-0.3099601	-0.31998286	0.32033694	0.33987224	-0.2733255	0.32481626	-0.31211644	-0.30715337	0.30476996	-0.33472344	-0.33602282	0.3494447	-0.26482737	0.31122315	0.26204225	-0.34085476	-0.30739468	-0.28687203	-0.21920122	0.30570543	-0.24721417	-0.28458998	0.3488641	0.3201742	-0.3237591	-0.34212965	-0.29866323	-0.25875744	-0.27917296	-0.33844846	0.28303942	-0.34208003	-0.32120633	-0.2527832	-0.2848464	0.2974655	0.22205292	-0.3474071	0.2801022	0.2781901	-0.32229686	0.26787502	0.29290578	-0.23115008	0.34756923	0.23745954	-0.31471252	-0.28584033	0.27888215	0.34571522	0.31220427	-0.2687037	-0.29263356	0.27572972	0.32563326	-0.2748606	0.28305575	0.2970553	0.24906005	0.29573125	0.25361538	0.3458567	-0.28954652	-0.30648407	0.32804668	0.25454658	-0.28794995	0.3296223	-0.27921274	0.3562517	0.33348122	-0.30328482	0.32942012	-0.315853
-0.26169643	-0.2768477	-0.31072232	0.33982816	-0.3005021	-0.28743726	0.26117256	0.2530772	0.33082083	0.3227988	-0.28568035	-0.33563894	-0.26403138	0.25787267	-0.26455244	-0.29350963	0.26235616	0.3368259	-0.25308698	-0.26585713	-0.26547265	-0.2953802	0.24670136	0.35185748	0.28946823	0.3298525	-0.33066612	-0.3251166	0.29422206	0.3051823	-0.32142332	0.32014877	-0.32921168	-0.309619	0.32686016	-0.3451898	-0.23604402	0.34403783	-0.2695888	0.27171007	0.27825764	-0.30885142	-0.32083848	-0.25768992	-0.28356615	0.25636613	-0.23848583	-0.32787046	0.27114412	0.30916956	-0.26269	-0.2509573	-0.28928697	-0.24823694	-0.3059048	-0.2646813	0.25689352	-0.3239306	-0.31804144	-0.32064593	-0.28845105	0.32613528	0.3117477	-0.25117454	0.33436474	0.325626	-0.28148267	0.2684907	0.27373463	-0.3273258	0.30914432	0.2732586	-0.33303043	-0.28139463	0.2835813	0.258816	0.3194016	-0.29881436	-0.29262	0.3073372	0.3018152	-0.34322566	0.26413488	0.29172513	0.29924926	0.3093416	0.31301132	0.320979	-0.29891822	-0.24069606	0.26472038	0.3282379	-0.3443083	0.34432197	-0.27343893	0.26654488	0.2518921	-0.32508123	0.2688737	-0.30543956
-0.29681528	-0.30955458	-0.24823143	0.22103381	-0.2133655	-0.33431488	0.2983501	0.25228953	0.25621828	0.25174132	-0.29314333	-0.27103752	-0.33619806	0.21217081	-0.25732994	-0.25908795	0.23859437	0.29680735	-0.32304117	-0.23885803	-0.2964993	-0.29076904	0.25958824	0.32515344	0.253041	0.2724972	-0.28691146	-0.23830265	0.3083943	0.22942305	-0.23958723	0.30630726	-0.2850554	-0.20766784	0.30450174	-0.32019454	-0.20182519	0.2564855	-0.2896732	0.24936749	0.3366408	-0.26236472	-0.2326722	-0.22738367	-0.22187778	0.27900594	-0.26153135	-0.28862974	0.2998821	0.23823093	-0.2161797	-0.2481316	-0.23934445	-0.26818502	-0.2436067	-0.26070356	0.22867832	-0.36092803	-0.28124154	-0.264418	-0.24365073	0.28925222	0.2692391	-0.31619564	0.25685203	0.25954893	-0.27510166	0.20181519	0.25859585	-0.31150058	0.260239	0.22775558	-0.2968942	-0.23032881	0.25546533	0.24978879	0.3144976	-0.3210488	-0.2606635	0.19885142	0.23644963	-0.2302966	0.27906144	0.25288957	0.1947124	0.3080122	0.22895816	0.2519492	-0.28614005	-0.31705767	0.31704563	0.32320046	-0.2361448	0.31458366	-0.26295164	0.22381222	0.24808124	-0.22754481	0.24396469	-0.2867715
-0.13970113	-0.12414056	-0.12467918	0.14703701	-0.0833204	-0.082723066	0.16040933	0.15200238	0.1317906	0.10462742	-0.14644103	-0.12407409	-0.12427336	0.09756436	-0.14409906	-0.15779157	0.0780177	0.11427316	-0.076944575	-0.15894681	-0.1295998	-0.12912339	0.16564691	0.122398704	0.16067107	0.13040143	-0.13788326	-0.1106263	0.16480768	0.1264603	-0.13212599	0.1143064	-0.09785216	-0.17019439	0.14591976	-0.07666417	-0.086712025	0.09445782	-0.12101225	0.08054842	0.15417291	-0.07680807	-0.13706288	-0.07437708	-0.10869366	0.08609558	-0.16108577	-0.1494358	0.10527084	0.12939146	-0.10432116	-0.13310742	-0.12251865	-0.12804139	-0.10522116	-0.16790545	0.16854902	-0.13916597	-0.1335313	-0.076760516	-0.100029305	0.1514357	0.12089257	-0.13947544	0.09640851	0.15980645	-0.09604918	0.14347956	0.11846058	-0.119476475	0.13491839	0.081524186	-0.10736368	-0.08962299	0.1258162	0.11126061	0.09661046	-0.16142206	-0.13199352	0.14561735	0.16531093	-0.15963106	0.13214546	0.16418444	0.11407884	0.13101706	0.07536841	0.11697137	-0.09609847	-0.13878068	0.1487019	0.104289904	-0.09512124	0.106011026	-0.12717296	0.10355918	0.10493819	-0.09117611	0.10976168	-0.152077
